Namespace(max_epochs=100, num_layers=3, num_nodes_per_hidden_layer=10, training_rate=0.5)

train_data group 0 length:  120
   0   1   2   3   4   5   6   7   8   9   10  11  12  13  14  15  16
0   1   0   0   0   0   1   0   0   1   0   0   0   1   0   0   0   0
1   1   0   0   0   0   1   0   0   1   0   0   0   1   0   0   0   0
2   1   0   0   0   0   0   1   0   1   0   0   0   1   0   0   0   0
3   1   0   0   0   0   1   0   0   1   0   0   0   1   0   0   0   0
4   1   0   0   0   0   0   1   0   1   0   0   0   1   0   0   0   0
Initial Neural Network:
[{'weights': array([[ 0.001,  0.003, -0.01 , -0.003, -0.009,  0.005, -0.01 , -0.005,
         0.009,  0.01 , -0.009, -0.009,  0.01 ,  0.   ,  0.003,  0.002],
       [-0.01 ,  0.003,  0.001,  0.01 ,  0.007,  0.006,  0.002, -0.006,
         0.006, -0.008, -0.007,  0.002, -0.01 ,  0.006, -0.001,  0.004],
       [-0.008,  0.006, -0.009,  0.002,  0.009, -0.004,  0.002,  0.004,
         0.009,  0.003, -0.009,  0.009, -0.001, -0.009,  0.001, -0.001],
       [ 0.001, -0.007,  0.006,  0.01 , -0.003, -0.01 , -0.002, -0.007,
        -0.004, -0.008, -0.007,  0.002, -0.003, -0.007, -0.001, -0.004],
       [ 0.01 ,  0.005,  0.001, -0.004,  0.001, -0.005,  0.009, -0.009,
        -0.001, -0.001, -0.001,  0.005,  0.005,  0.001, -0.007,  0.007],
       [-0.007, -0.004,  0.01 ,  0.003,  0.009,  0.008,  0.006,  0.009,
         0.006,  0.007, -0.003, -0.009,  0.003, -0.001, -0.008, -0.001],
       [-0.006,  0.006,  0.002, -0.002, -0.008, -0.006, -0.006,  0.007,
        -0.008,  0.005, -0.001,  0.005,  0.009, -0.006, -0.009, -0.001],
       [-0.01 , -0.008, -0.006,  0.009,  0.002,  0.005, -0.006, -0.003,
        -0.002,  0.   ,  0.004,  0.002,  0.006, -0.006,  0.002, -0.005],
       [-0.01 , -0.009, -0.009, -0.005,  0.007, -0.002, -0.004, -0.005,
         0.002,  0.004, -0.009, -0.005,  0.003,  0.003,  0.003,  0.009],
       [-0.01 , -0.009, -0.003,  0.   ,  0.009, -0.003,  0.002, -0.003,
        -0.007,  0.   , -0.009,  0.001, -0.001,  0.003,  0.006,  0.007]]), 'deltas': array([[0.],
       [0.],
       [0.],
       [0.],
       [0.],
       [0.],
       [0.],
       [0.],
       [0.],
       [0.]]), 'outputs': array([[0.],
       [0.],
       [0.],
       [0.],
       [0.],
       [0.],
       [0.],
       [0.],
       [0.],
       [0.]]), 'errors': array([[0.],
       [0.],
       [0.],
       [0.],
       [0.],
       [0.],
       [0.],
       [0.],
       [0.],
       [0.]])}, {'weights': array([[ 0.007,  0.01 , -0.001, -0.01 ,  0.007,  0.006, -0.009,  0.007,
         0.006, -0.009],
       [-0.003,  0.006,  0.   , -0.009, -0.01 , -0.004, -0.006, -0.009,
         0.009, -0.002],
       [ 0.009, -0.005,  0.004, -0.01 ,  0.006,  0.005, -0.008, -0.001,
         0.008,  0.009],
       [-0.009,  0.007, -0.004,  0.005, -0.008,  0.003,  0.   ,  0.006,
         0.002, -0.003],
       [ 0.006, -0.007,  0.   , -0.004, -0.009,  0.008,  0.01 ,  0.007,
        -0.006, -0.01 ],
       [ 0.   ,  0.006,  0.   , -0.006, -0.004,  0.004,  0.01 ,  0.001,
        -0.003, -0.009],
       [ 0.003, -0.007, -0.01 ,  0.01 , -0.002, -0.001, -0.001,  0.007,
        -0.01 ,  0.005],
       [-0.005, -0.008,  0.008,  0.009, -0.002,  0.009,  0.002,  0.001,
        -0.005,  0.001],
       [ 0.002,  0.004, -0.004, -0.005,  0.   , -0.001, -0.005, -0.005,
        -0.001,  0.005],
       [ 0.001, -0.009,  0.004,  0.003, -0.006,  0.008, -0.005,  0.001,
        -0.001, -0.01 ]]), 'deltas': array([[0.],
       [0.],
       [0.],
       [0.],
       [0.],
       [0.],
       [0.],
       [0.],
       [0.],
       [0.]]), 'outputs': array([[0.],
       [0.],
       [0.],
       [0.],
       [0.],
       [0.],
       [0.],
       [0.],
       [0.],
       [0.]]), 'errors': array([[0.],
       [0.],
       [0.],
       [0.],
       [0.],
       [0.],
       [0.],
       [0.],
       [0.],
       [0.]])}, {'weights': array([[ 0.01 ,  0.003,  0.009, -0.001, -0.004,  0.005, -0.002,  0.006,
         0.004,  0.002],
       [ 0.005,  0.007, -0.009, -0.01 , -0.002,  0.004, -0.009,  0.003,
        -0.009, -0.002],
       [-0.01 ,  0.01 ,  0.001,  0.001, -0.006,  0.01 ,  0.01 ,  0.004,
        -0.003, -0.001]]), 'deltas': array([[0.],
       [0.],
       [0.]]), 'outputs': array([[0.],
       [0.],
       [0.]]), 'errors': array([[0.],
       [0.],
       [0.]])}]
Training complete!
Training done. epoch: 100 , total error: 0.011835888652685419
[{'weights': array([[  1.49283681,   1.02344441,  -1.8572019 ,  -1.53731985,
         -2.16504803,  -1.81008391,   2.93724866,   0.14964276,
          2.70703343,   1.983389  ,  -1.9903258 ,  -3.56833715,
          2.70803343,   3.63505763,  -2.0959623 ,  -5.10136928],
       [  0.12031453,  -1.1237595 ,  -1.25138589,  -1.45197311,
         -2.92091161,  -1.80362152,   0.85839707,   0.1643321 ,
          2.94547179,  -0.57164272,  -2.44189762,  -3.64973541,
          2.92947179,  -0.78962636,  -1.46015835,  -4.39149104],
       [  0.10980602,  -1.08566032,  -1.28859937,  -1.45977446,
         -2.9257331 ,  -1.83106192,   0.88078128,   0.1717856 ,
          2.94364545,  -0.62231253,  -2.41077091,  -3.61379015,
          2.93364545,  -0.77374631,  -1.49179524,  -4.39333203],
       [ -5.37768018,   3.6394499 ,   3.05232874,  -1.91568292,
         -1.14103834,  -0.08215308,   0.40452562,   0.18508135,
          4.06095606,   5.5430055 ,   0.13448169, -10.36702771,
          4.06195606,   3.24554963,   1.92831393,  -9.86240408],
       [  0.20522597,  -1.20955644,  -1.20168799,  -1.45981071,
         -2.95192995,  -1.72616323,   0.83386294,   0.16240107,
          2.92549308,  -0.37793013,  -2.51316817,  -3.71022395,
          2.93149308,  -0.85407907,  -1.35802476,  -4.39121842],
       [  0.14998915,  -1.18198988,  -1.21859748,  -1.44826346,
         -2.92157533,  -1.76014592,   0.83460989,   0.17824969,
          2.9346832 ,  -0.48166206,  -2.47400417,  -3.67887864,
          2.9316832 ,  -0.81343051,  -1.42919398,  -4.39692038],
       [  0.16109986,  -1.16725457,  -1.22241321,  -1.45583838,
         -2.93852186,  -1.76951601,   0.83498667,   0.1756449 ,
          2.92666073,  -0.46228693,  -2.47339313,  -3.67438697,
          2.94366073,  -0.83262166,  -1.41168122,  -4.39076414],
       [  0.18841853,  -0.80945676,   0.21951387,  -2.02117904,
         -0.86811716,  -1.59383672,  -0.10814922,   0.1603997 ,
          2.68260644,   1.03270182,   2.34013664,  -8.4591483 ,
          2.69060644,   0.53195043,   2.98639361,  -8.61965389],
       [  0.11209223,  -1.1073252 ,  -1.28868502,  -1.46191751,
         -2.92197006,  -1.81761977,   0.85820222,   0.16455211,
          2.93707343,  -0.61678256,  -2.42161538,  -3.619511  ,
          2.93807343,  -0.76520201,  -1.49140703,  -4.3762999 ],
       [  0.31781197,  -1.34895469,  -1.14529062,  -1.45813605,
         -2.97230143,  -1.59542082,   0.78958148,   0.17057139,
          2.91691238,  -0.15469444,  -2.59846943,  -3.7913179 ,
          2.92291238,  -0.88497724,  -1.24349126,  -4.39201327]]), 'deltas': array([[-0.00093135],
       [-0.00014164],
       [-0.00014741],
       [-0.00516338],
       [-0.00013083],
       [-0.00013442],
       [-0.00013606],
       [-0.00041636],
       [-0.00014711],
       [-0.000119  ]]), 'outputs': array([[3.79425846e-04],
       [5.76832283e-05],
       [6.00345461e-05],
       [2.10717268e-03],
       [5.32827519e-05],
       [5.47438102e-05],
       [5.54121797e-05],
       [1.69586471e-04],
       [5.99124670e-05],
       [4.84650002e-05]]), 'errors': -2.455559150914638}, {'weights': array([[-0.46406201, -1.09674199, -1.10434441, -2.43677396, -1.10469707,
        -1.10072593, -1.11937734, -0.3876908 , -1.09830942, -1.12135712],
       [-0.47668945, -1.09606261, -1.09866787, -2.42565973, -1.11697618,
        -1.10603267, -1.11167426, -0.40493096, -1.09063524, -1.10964508],
       [-0.46348912, -1.11277012, -1.10037931, -2.43083128, -1.10671396,
        -1.10275545, -1.11939758, -0.3948206 , -1.09734251, -1.10437617],
       [-0.48597543, -1.09495897, -1.10259315, -2.42782946, -1.11482309,
        -1.09891117, -1.10554623, -0.40434506, -1.09756   , -1.11039936],
       [-0.459197  , -1.11120843, -1.10080624, -2.43237626, -1.11815158,
        -1.09618088, -1.09784035, -0.39091797, -1.10777447, -1.1197952 ],
       [-0.47401667, -1.09833055, -1.10094422, -2.43059776, -1.11324722,
        -1.10030275, -1.09794435, -0.39800035, -1.10490988, -1.11888959],
       [-0.46025361, -1.10954961, -1.10916708, -2.42296501, -1.10943875,
        -1.10350171, -1.10715468, -0.40173568, -1.11013627, -1.103015  ],
       [-0.48135628, -1.11155451, -1.09218876, -2.42096947, -1.11042805,
        -1.09451166, -1.10514648, -0.41109589, -1.1061542 , -1.10800659],
       [-0.469491  , -1.09995255, -1.10456587, -2.42516391, -1.10886055,
        -1.10492187, -1.11256184, -0.40309519, -1.10253191, -1.10450392],
       [-0.46577215, -1.11143136, -1.09503276, -2.42383082, -1.11335689,
        -1.09439646, -1.11105424, -0.40288033, -1.1010019 , -1.11798726]]), 'deltas': array([[0.02224856],
       [0.02224856],
       [0.02224856],
       [0.02224856],
       [0.02224856],
       [0.02224856],
       [0.02224856],
       [0.02224856],
       [0.02224856],
       [0.02224856]]), 'outputs': array([[0.49854814],
       [0.49855229],
       [0.49855102],
       [0.49855035],
       [0.49855069],
       [0.49855016],
       [0.49855504],
       [0.49855406],
       [0.49855317],
       [0.49855417]]), 'errors': 0.08899497624002073}, {'weights': array([[-4.14746773, -4.14576305, -4.14045712, -4.14926708, -4.18065604,
        -4.14511051, -4.18778728, -4.14099585, -4.15108383, -4.17092662],
       [-0.4051916 , -0.47026688, -0.4392527 , -0.48103764, -0.36319647,
        -0.44847675, -0.34468261, -0.45859619, -0.44752301, -0.38706212],
       [ 0.39202625,  0.50094086,  0.42142966,  0.47211371,  0.35698332,
         0.46223418,  0.34822659,  0.45982035,  0.43991307,  0.39057457]]), 'deltas': array([[-1.00740745e-18],
       [-1.05436243e-02],
       [ 1.05528322e-02]]), 'outputs': array([[1.00369689e-09],
       [1.08767582e-01],
       [8.91181847e-01]]), 'errors': array([[-1.00369689e-09],
       [-1.08767582e-01],
       [ 1.08818153e-01]])}]
target: 0 prediction: 2
target: 0 prediction: 2
target: 0 prediction: 2
target: 0 prediction: 2
target: 0 prediction: 2
target: 0 prediction: 2
target: 0 prediction: 2
target: 0 prediction: 2
target: 0 prediction: 2
target: 0 prediction: 2
target: 1 prediction: 2
target: 1 prediction: 2
target: 1 prediction: 2
target: 1 prediction: 2
target: 1 prediction: 2
target: 1 prediction: 2
target: 1 prediction: 2
target: 1 prediction: 2
target: 1 prediction: 2
target: 1 prediction: 2
target: 2 prediction: 2
target: 2 prediction: 2
target: 2 prediction: 2
target: 2 prediction: 2
target: 2 prediction: 2
target: 2 prediction: 2
target: 2 prediction: 2
target: 2 prediction: 2
target: 2 prediction: 2
target: 2 prediction: 2
Accuracy: 33.33333333333333 %

train_data group 1 length:  120
   0   1   2   3   4   5   6   7   8   9   10  11  12  13  14  15  16
0   1   0   0   0   0   0   1   0   1   0   0   0   1   0   0   0   0
1   0   1   0   0   0   0   0   1   1   0   0   0   1   0   0   0   0
2   1   0   0   0   0   1   0   0   1   0   0   0   1   0   0   0   0
3   1   0   0   0   0   0   1   0   1   0   0   0   1   0   0   0   0
4   1   0   0   0   0   0   1   0   1   0   0   0   1   0   0   0   0
Initial Neural Network:
[{'weights': array([[-0.006, -0.009, -0.005,  0.003,  0.01 , -0.002, -0.004,  0.006,
        -0.01 ,  0.005, -0.001,  0.005,  0.009,  0.01 ,  0.007,  0.002],
       [-0.005, -0.009, -0.01 , -0.003,  0.004, -0.004,  0.01 ,  0.008,
         0.009, -0.003,  0.008, -0.008, -0.002,  0.007,  0.003, -0.01 ],
       [-0.001,  0.007,  0.008, -0.005, -0.003,  0.009, -0.006,  0.01 ,
        -0.002, -0.003, -0.002, -0.008,  0.004,  0.008,  0.009,  0.009],
       [ 0.001, -0.008,  0.007, -0.001, -0.008, -0.003, -0.005, -0.004,
         0.009,  0.003, -0.006, -0.007, -0.001, -0.007,  0.01 ,  0.002],
       [ 0.005,  0.003, -0.005,  0.002, -0.009,  0.003, -0.005,  0.002,
        -0.008,  0.01 ,  0.008, -0.009, -0.003,  0.004, -0.01 ,  0.007],
       [ 0.002, -0.002,  0.01 ,  0.008,  0.008,  0.001, -0.009, -0.004,
        -0.009, -0.002,  0.01 ,  0.005,  0.001,  0.004,  0.004,  0.   ],
       [ 0.005,  0.002,  0.002,  0.007,  0.004,  0.001, -0.001, -0.009,
         0.003,  0.004, -0.004,  0.   ,  0.006,  0.001,  0.   ,  0.008],
       [ 0.003, -0.005, -0.009,  0.008, -0.004,  0.008, -0.007, -0.003,
         0.01 , -0.002,  0.001, -0.005,  0.003,  0.008,  0.006, -0.009],
       [ 0.005, -0.005, -0.008,  0.006,  0.002, -0.006,  0.006, -0.005,
        -0.004, -0.002,  0.01 ,  0.01 , -0.01 , -0.01 ,  0.004, -0.006],
       [ 0.   , -0.004, -0.001, -0.006,  0.01 ,  0.006,  0.   ,  0.003,
         0.007, -0.007,  0.002,  0.007, -0.006,  0.01 , -0.004, -0.008]]), 'deltas': array([[0.],
       [0.],
       [0.],
       [0.],
       [0.],
       [0.],
       [0.],
       [0.],
       [0.],
       [0.]]), 'outputs': array([[0.],
       [0.],
       [0.],
       [0.],
       [0.],
       [0.],
       [0.],
       [0.],
       [0.],
       [0.]]), 'errors': array([[0.],
       [0.],
       [0.],
       [0.],
       [0.],
       [0.],
       [0.],
       [0.],
       [0.],
       [0.]])}, {'weights': array([[-0.003, -0.001, -0.01 ,  0.002, -0.009,  0.004,  0.001, -0.009,
         0.003,  0.001],
       [-0.008, -0.007, -0.001, -0.004, -0.002,  0.009,  0.009,  0.008,
        -0.004, -0.004],
       [-0.007, -0.004, -0.003, -0.003, -0.007, -0.001, -0.001, -0.004,
         0.008,  0.005],
       [ 0.   , -0.003,  0.009, -0.001, -0.003, -0.003, -0.006, -0.006,
        -0.001,  0.005],
       [ 0.006, -0.005,  0.009,  0.   ,  0.   ,  0.002, -0.008,  0.004,
        -0.006, -0.002],
       [-0.004,  0.006,  0.005, -0.007, -0.009, -0.007, -0.007,  0.002,
         0.   ,  0.004],
       [ 0.009, -0.01 , -0.008,  0.01 ,  0.007, -0.004, -0.005, -0.004,
        -0.002,  0.005],
       [-0.002,  0.001,  0.005,  0.009,  0.003,  0.009, -0.009,  0.006,
         0.007,  0.006],
       [ 0.009,  0.   , -0.002, -0.006,  0.007, -0.003, -0.002, -0.005,
        -0.001, -0.004],
       [ 0.008,  0.007, -0.001, -0.002, -0.006, -0.006,  0.   , -0.006,
         0.001, -0.01 ]]), 'deltas': array([[0.],
       [0.],
       [0.],
       [0.],
       [0.],
       [0.],
       [0.],
       [0.],
       [0.],
       [0.]]), 'outputs': array([[0.],
       [0.],
       [0.],
       [0.],
       [0.],
       [0.],
       [0.],
       [0.],
       [0.],
       [0.]]), 'errors': array([[0.],
       [0.],
       [0.],
       [0.],
       [0.],
       [0.],
       [0.],
       [0.],
       [0.],
       [0.]])}, {'weights': array([[ 0.009, -0.01 , -0.004,  0.01 ,  0.006,  0.01 , -0.002, -0.007,
         0.002, -0.003],
       [ 0.002, -0.006, -0.007,  0.009, -0.007,  0.005,  0.01 , -0.007,
         0.   ,  0.006],
       [-0.002, -0.009, -0.007, -0.001, -0.002, -0.01 , -0.003,  0.01 ,
        -0.008, -0.008]]), 'deltas': array([[0.],
       [0.],
       [0.]]), 'outputs': array([[0.],
       [0.],
       [0.]]), 'errors': array([[0.],
       [0.],
       [0.]])}]
Training complete!
Training done. epoch: 100 , total error: 0.011978660886944575
[{'weights': array([[ 2.52840648e-02, -1.63990122e+00, -4.62216192e-01,
        -1.37024748e+00, -2.25426539e+00, -1.69256301e+00,
         1.38213122e-01,  3.88534441e-01,  2.84883956e+00,
        -5.37780156e-01, -1.86448738e+00, -3.87765285e+00,
         2.86783956e+00,  1.44414270e-01, -1.79188934e+00,
        -4.62244532e+00],
       [-5.41700784e+00,  2.32113441e+00,  3.06377611e+00,
        -1.69488266e+00, -1.58798693e+00, -7.10822104e-01,
         2.30999512e-01,  3.85829533e-01,  4.26248162e+00,
         3.12388693e+00,  9.20585148e-01, -1.00009337e+01,
         4.25148162e+00,  2.47523400e+00,  1.73076197e+00,
        -1.01594576e+01],
       [ 5.93799612e-02, -1.82498447e+00, -2.22812250e-01,
        -1.38815405e+00, -2.34102127e+00, -1.45588385e+00,
         2.65305647e-02,  3.94803747e-01,  2.85025194e+00,
        -3.91002057e-01, -1.86224432e+00, -3.99757637e+00,
         2.85625194e+00, -4.69707241e-02, -1.54273770e+00,
        -4.62211432e+00],
       [ 1.62667887e+00, -3.32565306e+00,  3.51363077e-01,
        -1.57511062e+00, -2.47798413e+00, -7.83284348e-01,
        -1.42840552e-01,  4.62387290e-01,  2.91979169e+00,
         2.65721415e+00, -3.26161592e+00, -5.23811166e+00,
         2.90979169e+00, -8.43451068e-01, -4.25336991e-01,
        -4.55872537e+00],
       [-6.34694894e-02, -8.96738981e-01, -1.00352535e+00,
        -1.33029174e+00, -1.92511954e+00, -2.25899980e+00,
         5.01999804e-01,  3.74093979e-01,  2.87087320e+00,
        -9.32822461e-01, -1.56023140e+00, -3.67584490e+00,
         2.87587320e+00,  9.05200856e-01, -2.37022642e+00,
        -4.71187320e+00],
       [ 2.25813485e-01, -2.34729170e+00,  1.39479835e-01,
        -1.44290815e+00, -2.54919478e+00, -1.04732186e+00,
        -2.59177109e-01,  4.08787216e-01,  2.85584227e+00,
         7.55563152e-02, -1.97688208e+00, -4.39342304e+00,
         2.86584227e+00, -4.91532013e-01, -1.13534427e+00,
        -4.67287252e+00],
       [-9.56262313e-02,  4.74144321e-01, -2.11499017e+00,
        -1.35653972e+00, -2.61772761e+00, -2.99077314e+00,
         2.14419686e+00,  3.50292087e-01,  3.02067615e+00,
        -1.59470552e+00, -8.60236307e-01, -3.67174613e+00,
         3.02367615e+00,  1.59701479e+00, -2.44041521e+00,
        -5.27428754e+00],
       [ 3.65248429e-01, -2.53131889e+00,  1.57985132e-01,
        -1.45327252e+00, -2.65400692e+00, -9.67157012e-01,
        -2.65611602e-01,  4.22417689e-01,  2.87334099e+00,
         2.32361789e-01, -2.06608461e+00, -4.49397601e+00,
         2.86634099e+00, -5.57700006e-01, -1.08522057e+00,
        -4.67377826e+00],
       [-4.81420941e+00,  2.52094685e+00,  3.20151359e+00,
        -1.68783180e+00, -1.23735106e+00, -2.72046585e-01,
         3.57159957e-01,  3.71656910e-01,  3.90050991e+00,
         5.48737399e+00,  2.84729473e-01, -1.04361941e+01,
         3.89450991e+00,  3.67889215e+00,  1.71966027e+00,
        -1.00926431e+01],
       [ 2.77153258e-03, -1.43497393e+00, -6.55801270e-01,
        -1.35951670e+00, -2.16221725e+00, -1.89308099e+00,
         2.55466501e-01,  3.82311373e-01,  2.86580784e+00,
        -6.56172376e-01, -1.84004968e+00, -3.79710615e+00,
         2.85280784e+00,  3.26626853e-01, -1.98749219e+00,
        -4.63646287e+00]]), 'deltas': array([[-1.37355508e-04],
       [-1.22994954e-03],
       [-1.45002605e-04],
       [-1.66522434e-05],
       [-2.03203023e-04],
       [-1.09680090e-04],
       [-4.41944643e-04],
       [-9.03394178e-05],
       [-1.31867438e-03],
       [-1.39407939e-04]]), 'outputs': array([[5.43983564e-05],
       [4.87320925e-04],
       [5.74270912e-05],
       [6.59464904e-06],
       [8.04787441e-05],
       [4.34372913e-05],
       [1.75049138e-04],
       [3.57774100e-05],
       [5.22493170e-04],
       [5.52112474e-05]]), 'errors': -2.525131080101641}, {'weights': array([[-1.05707092, -1.38217104, -1.06910224, -1.07422701, -1.05174116,
        -1.05633851, -1.01795748, -1.05774205, -1.46499434, -1.04993097],
       [-1.06512281, -1.3828645 , -1.06316339, -1.08336518, -1.04779565,
        -1.05452457, -1.01287203, -1.04404184, -1.46608785, -1.05798294],
       [-1.06132608, -1.38615718, -1.06236611, -1.07963067, -1.04998927,
        -1.06166644, -1.02024516, -1.05311293, -1.46096634, -1.04618188],
       [-1.05583667, -1.38204105, -1.05188785, -1.0793271 , -1.04750699,
        -1.06532189, -1.02683626, -1.0568621 , -1.46646328, -1.04768991],
       [-1.05149951, -1.38124716, -1.05353337, -1.07985905, -1.04622122,
        -1.06190736, -1.03060279, -1.04844362, -1.46849961, -1.05636812],
       [-1.05815094, -1.37741302, -1.05417823, -1.08282804, -1.05185144,
        -1.06746388, -1.02621576, -1.04693544, -1.46940461, -1.04701686],
       [-1.04833903, -1.38539299, -1.07039859, -1.07031588, -1.03898957,
        -1.06781731, -1.02728515, -1.05630841, -1.4644682 , -1.04918771],
       [-1.06210054, -1.38379694, -1.06010689, -1.07317187, -1.04586224,
        -1.05720994, -1.03437302, -1.04859813, -1.46470359, -1.05099287],
       [-1.04680175, -1.38039968, -1.06287135, -1.08417504, -1.03742153,
        -1.06539564, -1.02265529, -1.05598329, -1.46744809, -1.05664205],
       [-1.04623218, -1.3770718 , -1.06027183, -1.07808368, -1.04888716,
        -1.06657436, -1.01912371, -1.05502744, -1.46933308, -1.06108849]]), 'deltas': array([[0.02238567],
       [0.02238567],
       [0.02238567],
       [0.02238567],
       [0.02238567],
       [0.02238567],
       [0.02238567],
       [0.02238567],
       [0.02238567],
       [0.02238567]]), 'outputs': array([[0.49950762],
       [0.49950768],
       [0.49950766],
       [0.49950733],
       [0.49950705],
       [0.49950746],
       [0.49950715],
       [0.49950698],
       [0.49950763],
       [0.49950771]]), 'errors': 0.08954276748950388}, {'weights': array([[-4.14490095, -4.14279982, -4.15693397, -4.12954362, -4.12155939,
        -4.14272909, -4.13199784, -4.13540357, -4.13984392, -4.15856059],
       [-0.39252027, -0.45435646, -0.40209453, -0.42343347, -0.47056351,
        -0.39173559, -0.44632502, -0.43975913, -0.4238235 , -0.37938981],
       [ 0.40390743,  0.44180189,  0.39742636,  0.43657621,  0.46198684,
         0.39605509,  0.4547164 ,  0.42505413,  0.41993652,  0.38569899]]), 'deltas': array([[-1.08659408e-18],
       [-1.06637987e-02],
       [ 1.06714642e-02]]), 'outputs': array([[1.04239824e-09],
       [1.09426118e-01],
       [8.90531984e-01]]), 'errors': array([[-1.04239824e-09],
       [-1.09426118e-01],
       [ 1.09468016e-01]])}]
Accuracy: 33.33333333333333 %

train_data group 2 length:  120
   0   1   2   3   4   5   6   7   8   9   10  11  12  13  14  15  16
0   1   0   0   0   0   0   1   0   1   0   0   0   1   0   0   0   0
1   0   1   0   0   0   0   0   1   1   0   0   0   1   0   0   0   0
2   1   0   0   0   0   1   0   0   1   0   0   0   1   0   0   0   0
3   1   0   0   0   0   0   1   0   1   0   0   0   1   0   0   0   0
4   1   0   0   0   0   0   1   0   1   0   0   0   1   0   0   0   0
Initial Neural Network:
[{'weights': array([[ 0.004, -0.001,  0.003, -0.009, -0.004, -0.007, -0.001, -0.01 ,
         0.005, -0.007, -0.01 , -0.01 , -0.009, -0.004, -0.01 ,  0.01 ],
       [-0.008, -0.001,  0.003, -0.008, -0.006, -0.001,  0.001,  0.005,
        -0.008,  0.006, -0.006, -0.008, -0.002, -0.005, -0.003,  0.006],
       [-0.003, -0.008, -0.003, -0.006, -0.007,  0.002,  0.01 , -0.008,
         0.01 ,  0.   ,  0.005, -0.001, -0.001,  0.007, -0.008, -0.008],
       [-0.01 , -0.007,  0.005, -0.006,  0.006,  0.008,  0.002, -0.003,
        -0.008,  0.002,  0.005,  0.   ,  0.   ,  0.008,  0.008, -0.007],
       [ 0.007,  0.008, -0.007, -0.009, -0.002,  0.003, -0.01 ,  0.008,
         0.008,  0.002,  0.004,  0.002,  0.01 ,  0.008, -0.001, -0.006],
       [-0.009, -0.005, -0.008,  0.004, -0.01 , -0.004, -0.004,  0.01 ,
         0.009,  0.01 ,  0.004, -0.005, -0.009,  0.009,  0.005,  0.004],
       [ 0.004, -0.007,  0.001, -0.006, -0.006, -0.009,  0.003, -0.002,
         0.002, -0.007,  0.007,  0.006, -0.003,  0.002,  0.005,  0.009],
       [ 0.007,  0.01 , -0.005,  0.006, -0.002,  0.003,  0.003,  0.001,
         0.01 , -0.002,  0.008,  0.002, -0.006, -0.002, -0.005,  0.006],
       [ 0.004, -0.007,  0.001, -0.002, -0.004,  0.006,  0.004,  0.002,
        -0.007,  0.004,  0.01 , -0.003,  0.002,  0.003,  0.008,  0.   ],
       [-0.004,  0.006, -0.002,  0.007,  0.005,  0.   ,  0.006, -0.002,
        -0.002,  0.01 , -0.006,  0.009, -0.005,  0.001,  0.002, -0.005]]), 'deltas': array([[0.],
       [0.],
       [0.],
       [0.],
       [0.],
       [0.],
       [0.],
       [0.],
       [0.],
       [0.]]), 'outputs': array([[0.],
       [0.],
       [0.],
       [0.],
       [0.],
       [0.],
       [0.],
       [0.],
       [0.],
       [0.]]), 'errors': array([[0.],
       [0.],
       [0.],
       [0.],
       [0.],
       [0.],
       [0.],
       [0.],
       [0.],
       [0.]])}, {'weights': array([[-0.002, -0.003,  0.   ,  0.006,  0.002,  0.003, -0.009,  0.003,
        -0.006, -0.009],
       [ 0.009, -0.007, -0.001,  0.   , -0.003,  0.007,  0.01 ,  0.01 ,
         0.002,  0.004],
       [ 0.003, -0.004, -0.007,  0.009,  0.005,  0.004,  0.008, -0.001,
         0.004,  0.004],
       [ 0.002, -0.007,  0.01 ,  0.002, -0.006,  0.004,  0.006,  0.   ,
         0.002, -0.001],
       [-0.004,  0.003, -0.007, -0.002, -0.008,  0.   , -0.009,  0.002,
        -0.009,  0.008],
       [-0.003,  0.   ,  0.   ,  0.009,  0.01 ,  0.004,  0.003,  0.   ,
         0.009,  0.005],
       [ 0.01 ,  0.008,  0.002,  0.001,  0.009,  0.001,  0.004,  0.01 ,
         0.006, -0.01 ],
       [-0.009, -0.002,  0.001,  0.001, -0.002, -0.01 , -0.001, -0.01 ,
        -0.007, -0.01 ],
       [ 0.004,  0.006,  0.006,  0.01 ,  0.001,  0.001,  0.003,  0.004,
        -0.002,  0.002],
       [-0.002,  0.009,  0.006, -0.005,  0.001,  0.006, -0.004,  0.   ,
        -0.003,  0.01 ]]), 'deltas': array([[0.],
       [0.],
       [0.],
       [0.],
       [0.],
       [0.],
       [0.],
       [0.],
       [0.],
       [0.]]), 'outputs': array([[0.],
       [0.],
       [0.],
       [0.],
       [0.],
       [0.],
       [0.],
       [0.],
       [0.],
       [0.]]), 'errors': array([[0.],
       [0.],
       [0.],
       [0.],
       [0.],
       [0.],
       [0.],
       [0.],
       [0.],
       [0.]])}, {'weights': array([[ 0.006,  0.008, -0.009, -0.008,  0.004,  0.009, -0.008, -0.006,
         0.01 ,  0.009],
       [-0.008, -0.009,  0.007, -0.01 , -0.004,  0.009,  0.01 , -0.004,
         0.004,  0.002],
       [-0.007, -0.003, -0.007,  0.003,  0.002, -0.008,  0.004, -0.009,
        -0.009,  0.005]]), 'deltas': array([[0.],
       [0.],
       [0.]]), 'outputs': array([[0.],
       [0.],
       [0.]]), 'errors': array([[0.],
       [0.],
       [0.]])}]
Training complete!
Training done. epoch: 100 , total error: 0.012571666566431647
[{'weights': array([[  0.01306571,  -1.09987168,  -0.98317102,  -1.20683643,
         -2.76014416,  -1.6384319 ,   0.7195924 ,   0.38317024,
          2.80961763,  -0.23662662,  -1.75032431,  -4.11848011,
          2.79561763,  -0.18459642,  -1.84110006,  -4.05673456],
       [ -0.15880638,  -0.99758848,  -0.94002191,  -1.18816637,
         -2.60194776,  -1.78733093,   0.72351158,   0.39418399,
          2.84503187,  -0.4748138 ,  -1.57204623,  -4.08475497,
          2.85103187,  -0.07646946,  -1.97051236,  -4.07863317],
       [ -0.42969586,  -0.52992879,  -0.96460556,  -1.1748995 ,
         -2.1215668 ,  -2.20882053,   0.86979007,   0.37846755,
          2.94704581,  -1.01787829,  -1.00214855,  -3.99214867,
          2.93604581,   0.42907813,  -2.33482951,  -4.11942413],
       [ -0.50605783,  -0.36902854,  -0.92164215,  -1.16579917,
         -1.87565437,  -2.29476061,   0.85528381,   0.38360347,
          2.94283452,  -1.25155305,  -0.63538599,  -4.00142317,
          2.95083452,   0.88962038,  -2.5730736 ,  -4.202909  ],
       [  2.05114547,  -1.71359752,  -1.63423476,  -1.38700674,
         -3.93391738,   0.29336788,   0.54721343,   0.40964251,
          2.62984202,   1.85900974,  -2.58185556,  -4.57368977,
          2.63184202,   0.99125636,  -1.84576213,  -4.44902981],
       [ -0.33554491,  -0.75848313,  -0.94857507,  -1.17325446,
         -2.35614043,  -2.03360559,   0.78954399,   0.39434445,
          2.91989473,  -0.78500421,  -1.29000507,  -4.02474302,
          2.90189473,   0.14080917,  -2.1473897 ,  -4.08417178],
       [ -0.34558647,  -0.58891303,  -1.07836675,  -1.19391794,
         -2.33878941,  -2.21571163,   0.95941212,   0.38230474,
          2.94361174,  -0.8743295 ,  -1.29093441,  -3.96913201,
          2.93861174,   0.01888985,  -2.12469005,  -4.01859573],
       [ -0.2064325 ,  -0.87831543,  -0.98181922,  -1.18465108,
         -2.54098319,  -1.91565157,   0.80485932,   0.38755721,
          2.87397349,  -0.59388031,  -1.48710141,  -4.04421   ,
          2.85797349,  -0.05748959,  -2.01854265,  -4.05815948],
       [ -0.3982681 ,  -0.5836299 ,  -1.01231104,  -1.18126119,
         -2.24145807,  -2.19975679,   0.89052406,   0.38722057,
          2.94365885,  -0.9318555 ,  -1.20092137,  -3.97835221,
          2.95265885,   0.14738332,  -2.20094634,  -4.05756606],
       [ -5.11633078,   3.01350054,   2.81167537,  -1.32532577,
         -1.88473171,  -0.48324576,   1.35497544,   0.39852139,
          3.85333095,   4.89470386,   0.78161967, -10.14213511,
          3.85033095,   3.39651341,   1.9154374 ,  -9.7927624 ]]), 'deltas': array([[-0.00051914],
       [-0.00057941],
       [-0.00103055],
       [-0.00147534],
       [-0.00057048],
       [-0.00075867],
       [-0.00079929],
       [-0.00063807],
       [-0.00085927],
       [-0.0041098 ]]), 'outputs': array([[0.00019461],
       [0.00021721],
       [0.0003864 ],
       [0.00055326],
       [0.00021386],
       [0.00028443],
       [0.00029966],
       [0.0002392 ],
       [0.00032215],
       [0.00154271]]), 'errors': -2.6681207042458066}, {'weights': array([[-0.95341462, -0.9645867 , -0.9744056 , -0.97059381, -0.84162617,
        -0.96829854, -0.97336494, -0.95795321, -0.98191985, -2.92400307],
       [-0.94632257, -0.97249705, -0.97926563, -0.98046653, -0.85093582,
        -0.96817795, -0.95808743, -0.95483358, -0.9777035 , -2.92264021],
       [-0.95175919, -0.9689481 , -0.98475881, -0.97095428, -0.84160978,
        -0.97065885, -0.95959584, -0.96529729, -0.97521588, -2.9223412 ],
       [-0.95166391, -0.9708134 , -0.96652737, -0.97674248, -0.85263169,
        -0.96945672, -0.9603669 , -0.96314078, -0.97595845, -2.92329081],
       [-0.95285653, -0.95608189, -0.97893471, -0.9761556 , -0.84876442,
        -0.9688332 , -0.97076033, -0.95643201, -0.98241374, -2.92082177],
       [-0.95901456, -0.96620146, -0.97902949, -0.97221425, -0.83757582,
        -0.97192047, -0.96587828, -0.96555971, -0.9714916 , -2.92229481],
       [-0.94753512, -0.9596853 , -0.9785003 , -0.98165322, -0.84098093,
        -0.97638247, -0.96647419, -0.95706019, -0.97600458, -2.92514708],
       [-0.95685702, -0.96003328, -0.96979634, -0.97201882, -0.84206043,
        -0.97771937, -0.96170496, -0.96737321, -0.97928674, -2.92357718],
       [-0.95191868, -0.96008931, -0.97289996, -0.9710835 , -0.84732781,
        -0.97479179, -0.96577707, -0.96144862, -0.98236624, -2.92303168],
       [-0.95549441, -0.95470739, -0.97057389, -0.98376774, -0.84417627,
        -0.96745866, -0.97040601, -0.9630693 , -0.98104665, -2.92114538]]), 'deltas': array([[0.02317908],
       [0.02317908],
       [0.02317908],
       [0.02317908],
       [0.02317908],
       [0.02317908],
       [0.02317908],
       [0.02317908],
       [0.02317908],
       [0.02317908]]), 'outputs': array([[0.498222  ],
       [0.49822178],
       [0.4982224 ],
       [0.4982224 ],
       [0.49822233],
       [0.49822253],
       [0.49822069],
       [0.49822232],
       [0.49822232],
       [0.49822199]]), 'errors': 0.09271750211200383}, {'weights': array([[-4.12293202, -4.10851885, -4.13280774, -4.12691407, -4.14080969,
        -4.1126266 , -4.11327046, -4.14749399, -4.10505973, -4.12163975],
       [-0.43503446, -0.4370976 , -0.40135017, -0.44673294, -0.3845262 ,
        -0.39595738, -0.4494486 , -0.41710816, -0.42567988, -0.38845719],
       [ 0.43666497,  0.41777605,  0.39721084,  0.44241297,  0.40493622,
         0.38649131,  0.45072267,  0.43828653,  0.41126235,  0.39492151]]), 'deltas': array([[-1.43486942e-18],
       [-1.11587397e-02],
       [ 1.11654363e-02]]), 'outputs': array([[1.19786035e-09],
       [1.12105492e-01],
       [8.87858608e-01]]), 'errors': array([[-1.19786035e-09],
       [-1.12105492e-01],
       [ 1.12141392e-01]])}]
Accuracy: 33.33333333333333 %

train_data group 3 length:  120
   0   1   2   3   4   5   6   7   8   9   10  11  12  13  14  15  16
0   1   0   0   0   0   0   1   0   1   0   0   0   1   0   0   0   0
1   0   1   0   0   0   0   0   1   1   0   0   0   1   0   0   0   0
2   1   0   0   0   0   1   0   0   1   0   0   0   1   0   0   0   0
3   1   0   0   0   0   0   1   0   1   0   0   0   1   0   0   0   0
4   1   0   0   0   0   0   1   0   1   0   0   0   1   0   0   0   0
Initial Neural Network:
[{'weights': array([[-0.001, -0.006,  0.005,  0.008,  0.004, -0.001,  0.01 ,  0.007,
         0.004,  0.002,  0.006, -0.007,  0.01 ,  0.   , -0.008,  0.001],
       [-0.003, -0.007,  0.002,  0.004,  0.   ,  0.   , -0.006, -0.01 ,
         0.009,  0.001, -0.007, -0.007,  0.007, -0.008,  0.001, -0.007],
       [ 0.   ,  0.01 ,  0.01 , -0.005, -0.007, -0.005,  0.005, -0.002,
         0.009,  0.008,  0.007,  0.   ,  0.008, -0.002,  0.003,  0.002],
       [-0.002, -0.006, -0.005, -0.006, -0.001,  0.004, -0.007, -0.004,
        -0.007, -0.004, -0.006,  0.004,  0.003,  0.001, -0.009,  0.008],
       [ 0.005,  0.01 ,  0.006, -0.01 , -0.01 , -0.005,  0.01 , -0.003,
         0.001, -0.008,  0.006, -0.004,  0.001,  0.003,  0.001,  0.004],
       [ 0.009,  0.001, -0.001,  0.009,  0.005, -0.001,  0.005,  0.   ,
         0.002, -0.008,  0.01 ,  0.01 ,  0.005, -0.003, -0.005,  0.01 ],
       [-0.009,  0.007,  0.004, -0.01 ,  0.008, -0.009,  0.008,  0.009,
        -0.01 , -0.009, -0.008,  0.001, -0.005, -0.007,  0.002, -0.004],
       [ 0.009, -0.004,  0.001, -0.004, -0.003, -0.004,  0.008, -0.008,
         0.004, -0.006, -0.006,  0.005, -0.009, -0.008, -0.001,  0.   ],
       [ 0.006,  0.   , -0.009, -0.004, -0.003,  0.001,  0.002,  0.008,
        -0.005, -0.008, -0.001, -0.006, -0.007, -0.009, -0.01 , -0.003],
       [ 0.009,  0.007, -0.007,  0.006,  0.006, -0.004,  0.   ,  0.01 ,
        -0.005, -0.002, -0.005, -0.007,  0.002,  0.004, -0.004, -0.001]]), 'deltas': array([[0.],
       [0.],
       [0.],
       [0.],
       [0.],
       [0.],
       [0.],
       [0.],
       [0.],
       [0.]]), 'outputs': array([[0.],
       [0.],
       [0.],
       [0.],
       [0.],
       [0.],
       [0.],
       [0.],
       [0.],
       [0.]]), 'errors': array([[0.],
       [0.],
       [0.],
       [0.],
       [0.],
       [0.],
       [0.],
       [0.],
       [0.],
       [0.]])}, {'weights': array([[ 0.   , -0.001,  0.009, -0.003, -0.002, -0.003, -0.002,  0.005,
         0.009,  0.003],
       [ 0.002,  0.002, -0.001,  0.009, -0.007, -0.009,  0.008,  0.009,
         0.002, -0.002],
       [-0.003, -0.004, -0.007, -0.004, -0.009,  0.001,  0.007, -0.01 ,
         0.005, -0.001],
       [ 0.007, -0.004, -0.004, -0.004,  0.007, -0.004, -0.006,  0.008,
        -0.004, -0.01 ],
       [ 0.007,  0.01 , -0.006, -0.003,  0.007,  0.007,  0.008, -0.007,
        -0.006, -0.003],
       [-0.008,  0.005,  0.008, -0.004, -0.009,  0.01 ,  0.001, -0.008,
         0.006,  0.006],
       [-0.003, -0.01 ,  0.005,  0.003, -0.009,  0.01 ,  0.004,  0.008,
        -0.003,  0.   ],
       [ 0.003,  0.006, -0.005,  0.006, -0.01 ,  0.002,  0.005, -0.008,
        -0.007, -0.009],
       [-0.002,  0.009,  0.006,  0.001, -0.009,  0.008, -0.003, -0.002,
         0.01 , -0.008],
       [ 0.   , -0.005, -0.007, -0.004,  0.006, -0.009, -0.002,  0.009,
         0.001, -0.001]]), 'deltas': array([[0.],
       [0.],
       [0.],
       [0.],
       [0.],
       [0.],
       [0.],
       [0.],
       [0.],
       [0.]]), 'outputs': array([[0.],
       [0.],
       [0.],
       [0.],
       [0.],
       [0.],
       [0.],
       [0.],
       [0.],
       [0.]]), 'errors': array([[0.],
       [0.],
       [0.],
       [0.],
       [0.],
       [0.],
       [0.],
       [0.],
       [0.],
       [0.]])}, {'weights': array([[-0.006,  0.009,  0.005,  0.01 , -0.006,  0.003,  0.004,  0.009,
        -0.003,  0.007],
       [ 0.002,  0.002, -0.002,  0.008, -0.001, -0.01 , -0.004, -0.001,
        -0.002,  0.006],
       [ 0.   , -0.006, -0.01 , -0.001, -0.007, -0.002, -0.002, -0.002,
         0.002, -0.003]]), 'deltas': array([[0.],
       [0.],
       [0.]]), 'outputs': array([[0.],
       [0.],
       [0.]]), 'errors': array([[0.],
       [0.],
       [0.]])}]
Training complete!
Training done. epoch: 100 , total error: 0.011599392551238104
[{'weights': array([[ 6.30554557e-02, -7.01660223e-01, -1.37575356e+00,
        -1.46689475e+00, -2.71094528e+00, -1.64806966e+00,
         5.08450050e-01,  3.83311809e-01,  2.92813375e+00,
        -5.27081577e-01, -2.05162442e+00, -3.83168084e+00,
         2.93413375e+00, -4.74976436e-01, -1.57139047e+00,
        -4.37201993e+00],
       [-4.72037985e+00,  2.79099503e+00,  1.79937265e+00,
        -1.67964729e+00, -2.49742905e+00, -1.36194412e-01,
         4.61977188e-01,  3.49986802e-01,  4.25149607e+00,
         3.17743442e+00,  3.57739100e-01, -9.59632907e+00,
         4.24949607e+00,  1.05807361e+00,  2.40841192e+00,
        -9.52864107e+00],
       [-5.07971151e+00,  2.82358872e+00,  1.98513758e+00,
        -1.64587819e+00, -2.35405956e+00, -3.71954819e-01,
         4.30364730e-01,  3.54786253e-01,  4.26618637e+00,
         2.61498705e+00,  6.14567611e-01, -9.40360443e+00,
         4.26518637e+00,  1.23218786e+00,  2.09618671e+00,
        -9.51442433e+00],
       [-2.36215806e+00, -2.55521373e+00,  4.07955869e+00,
        -1.26081103e+00,  2.30689689e+00, -2.99447569e+00,
        -1.76899435e+00,  3.68949021e-01,  4.05185304e+00,
        -1.28001050e+00, -5.83286618e-01, -4.28118004e+00,
         4.06185304e+00,  5.13742785e+00, -4.17503428e+00,
        -7.10087074e+00],
       [-5.09875865e-02, -5.86329275e-03, -1.65341676e+00,
        -1.51199506e+00, -3.04887444e+00, -2.20016895e+00,
         1.64428774e+00,  3.63492948e-01,  2.98908923e+00,
        -4.17886047e-01, -1.91362445e+00, -3.89584143e+00,
         2.98908923e+00, -4.71790036e-01, -1.17753071e+00,
        -4.56403118e+00],
       [ 1.16884566e-01, -1.02108736e+00, -1.23489160e+00,
        -1.43676869e+00, -2.51559940e+00, -1.63804040e+00,
         1.83364782e-01,  3.85411933e-01,  2.93332074e+00,
        -5.70796627e-01, -2.16770976e+00, -3.77467743e+00,
         2.93632074e+00, -4.88206309e-01, -1.78208539e+00,
        -4.25289213e+00],
       [-5.19249031e+00,  2.32727859e+00,  1.33984219e+00,
        -1.69225963e+00, -3.06545276e+00, -8.01186394e-01,
         3.07603179e-01,  3.65406827e-01,  4.43747314e+00,
        -1.78261047e-01,  1.40208814e+00, -8.89692939e+00,
         4.44247314e+00, -5.10309319e-01,  2.35616477e+00,
        -9.51195775e+00],
       [ 8.31006590e-02, -7.40268582e-01, -1.37469146e+00,
        -1.46804543e+00, -2.65601632e+00, -1.63048861e+00,
         4.04327715e-01,  3.73272399e-01,  2.92834447e+00,
        -5.68398394e-01, -2.07136824e+00, -3.79348264e+00,
         2.91534447e+00, -4.96308250e-01, -1.65036903e+00,
        -4.28857199e+00],
       [ 2.39475828e+00, -2.79541275e+00, -8.57316019e-01,
        -1.47487167e+00, -2.08901655e+00, -1.06780107e+00,
        -6.94454243e-02,  5.08420878e-01,  2.95206174e+00,
         2.09924274e+00, -3.81913733e+00, -3.97800932e+00,
         2.95006174e+00,  1.13503757e-02, -1.53083965e+00,
        -4.18541464e+00],
       [ 2.43440751e+00, -3.30176923e+00, -4.50323308e-01,
        -1.43475713e+00, -2.10707063e+00, -1.12217754e+00,
        -1.16811364e-01,  5.90617372e-01,  3.09865974e+00,
         2.36047444e+00, -4.07464780e+00, -4.17092854e+00,
         3.10565974e+00, -5.42281730e-02, -1.53632784e+00,
        -4.28154589e+00]]), 'deltas': array([[-3.72258108e-04],
       [-3.57095979e-03],
       [-3.82288821e-03],
       [-4.30030183e-06],
       [-4.07204129e-04],
       [-2.73997038e-04],
       [-3.33637612e-03],
       [-3.88496131e-04],
       [-1.68572505e-05],
       [-6.76927786e-06]]), 'outputs': array([[1.54891666e-04],
       [1.48781250e-03],
       [1.59294422e-03],
       [1.78902467e-06],
       [1.69434707e-04],
       [1.14001875e-04],
       [1.38993880e-03],
       [1.61649185e-04],
       [7.01304134e-06],
       [2.81617849e-06]]), 'errors': -2.403717291317878}, {'weights': array([[-1.20788215, -0.88268765, -0.97958211, -0.85727506, -1.22715416,
        -1.23456406, -0.93799442, -1.22760584, -1.18137945, -1.22110966],
       [-1.20644965, -0.87932382, -0.98915347, -0.8388598 , -1.23277514,
        -1.24113706, -0.92672637, -1.22419301, -1.1891965 , -1.22678657],
       [-1.2070017 , -0.88164168, -0.99153228, -0.85187216, -1.2302962 ,
        -1.22668395, -0.92532334, -1.23873492, -1.18174863, -1.22142594],
       [-1.19860614, -0.88001354, -0.98642708, -0.8583322 , -1.21577511,
        -1.23327037, -0.93547138, -1.22227529, -1.19304331, -1.23259928],
       [-1.20006611, -0.87352471, -0.99651085, -0.8553335 , -1.21734707,
        -1.22385832, -0.92959176, -1.23887039, -1.1965979 , -1.22687858],
       [-1.21443635, -0.87864838, -0.98281829, -0.85437699, -1.23277227,
        -1.2201547 , -0.93711419, -1.23921044, -1.18276698, -1.21639712],
       [-1.21062234, -0.88882566, -0.98079304, -0.84849949, -1.23385974,
        -1.22123972, -0.9288017 , -1.22428834, -1.19359281, -1.22425404],
       [-1.20195035, -0.87417578, -0.99214465, -0.83735894, -1.23230153,
        -1.2267054 , -0.92823319, -1.23775242, -1.19494108, -1.23028694],
       [-1.20927661, -0.87412473, -0.98399478, -0.84910912, -1.23357876,
        -1.22298423, -0.93957504, -1.23402784, -1.17968347, -1.23117251],
       [-1.20598957, -0.88079176, -0.98907886, -0.85829847, -1.21717766,
        -1.2386082 , -0.93171662, -1.22163141, -1.18811158, -1.22390142]]), 'deltas': array([[0.02193869],
       [0.02193869],
       [0.02193869],
       [0.02193869],
       [0.02193869],
       [0.02193869],
       [0.02193869],
       [0.02193869],
       [0.02193869],
       [0.02193869]]), 'outputs': array([[0.49876876],
       [0.49876987],
       [0.49876847],
       [0.49876897],
       [0.49876888],
       [0.49876873],
       [0.49876929],
       [0.49877012],
       [0.49876938],
       [0.49876847]]), 'errors': 0.08775530191532847}, {'weights': array([[-4.18794476, -4.19235865, -4.1951306 , -4.16116748, -4.18940418,
        -4.19671016, -4.18011509, -4.20801392, -4.20143662, -4.16635389],
       [-0.44102364, -0.37595212, -0.41893103, -0.4937502 , -0.44787448,
        -0.40504884, -0.44567847, -0.35657587, -0.39607027, -0.48476755],
       [ 0.43806913,  0.36800564,  0.42314648,  0.51111097,  0.43550995,
         0.392387  ,  0.44004573,  0.36550232,  0.39375393,  0.49708483]]), 'deltas': array([[-7.19638404e-19],
       [-1.03454586e-02],
       [ 1.03548061e-02]]), 'outputs': array([[8.48315039e-10],
       [1.07674594e-01],
       [8.92273648e-01]]), 'errors': array([[-8.48315039e-10],
       [-1.07674594e-01],
       [ 1.07726352e-01]])}]
Accuracy: 33.33333333333333 %

train_data group 4 length:  120
   0   1   2   3   4   5   6   7   8   9   10  11  12  13  14  15  16
0   1   0   0   0   0   0   1   0   1   0   0   0   1   0   0   0   0
1   0   1   0   0   0   0   0   1   1   0   0   0   1   0   0   0   0
2   1   0   0   0   0   1   0   0   1   0   0   0   1   0   0   0   0
3   1   0   0   0   0   0   1   0   1   0   0   0   1   0   0   0   0
4   1   0   0   0   0   0   1   0   1   0   0   0   1   0   0   0   0
Initial Neural Network:
[{'weights': array([[-0.01 ,  0.005,  0.009,  0.007,  0.008, -0.003,  0.01 , -0.005,
        -0.004,  0.   ,  0.008,  0.005, -0.008,  0.005,  0.009,  0.004],
       [ 0.005,  0.009, -0.004, -0.001, -0.01 ,  0.005,  0.003, -0.004,
        -0.008,  0.   ,  0.005,  0.004,  0.007, -0.008,  0.007,  0.01 ],
       [ 0.004,  0.008,  0.007, -0.009, -0.001,  0.01 , -0.005, -0.002,
        -0.004,  0.001,  0.006, -0.006,  0.003,  0.006, -0.003,  0.007],
       [ 0.004,  0.009,  0.   ,  0.003, -0.008,  0.005, -0.004,  0.005,
         0.005, -0.005,  0.009, -0.009,  0.004,  0.   ,  0.006,  0.005],
       [-0.001,  0.003, -0.01 ,  0.   ,  0.004,  0.004,  0.   , -0.008,
        -0.006,  0.009,  0.001, -0.003,  0.   , -0.007, -0.009, -0.005],
       [-0.002, -0.001,  0.004,  0.002,  0.01 , -0.009,  0.01 , -0.001,
        -0.003,  0.   ,  0.01 ,  0.01 ,  0.006,  0.005,  0.   ,  0.005],
       [-0.008,  0.   , -0.009,  0.009, -0.006, -0.002,  0.003, -0.01 ,
         0.008, -0.003, -0.003, -0.006, -0.01 , -0.003,  0.005,  0.004],
       [-0.002,  0.006,  0.007, -0.005, -0.008, -0.001, -0.009,  0.002,
         0.009, -0.006,  0.009,  0.008, -0.008,  0.007,  0.001,  0.002],
       [ 0.01 ,  0.003,  0.   ,  0.   , -0.007,  0.006,  0.01 ,  0.004,
        -0.001, -0.009, -0.003, -0.009, -0.01 ,  0.   , -0.002,  0.006],
       [ 0.004, -0.005, -0.001,  0.007,  0.008,  0.   ,  0.005,  0.008,
        -0.004, -0.001,  0.009,  0.01 ,  0.003,  0.001,  0.006,  0.004]]), 'deltas': array([[0.],
       [0.],
       [0.],
       [0.],
       [0.],
       [0.],
       [0.],
       [0.],
       [0.],
       [0.]]), 'outputs': array([[0.],
       [0.],
       [0.],
       [0.],
       [0.],
       [0.],
       [0.],
       [0.],
       [0.],
       [0.]]), 'errors': array([[0.],
       [0.],
       [0.],
       [0.],
       [0.],
       [0.],
       [0.],
       [0.],
       [0.],
       [0.]])}, {'weights': array([[ 0.004, -0.002, -0.008,  0.005, -0.007,  0.002, -0.003, -0.002,
         0.003,  0.007],
       [ 0.005,  0.003, -0.009,  0.004, -0.006, -0.007,  0.01 ,  0.007,
        -0.001,  0.008],
       [ 0.003, -0.004,  0.001,  0.009,  0.01 , -0.008, -0.007, -0.004,
         0.004, -0.001],
       [ 0.01 ,  0.005, -0.009, -0.001,  0.006, -0.005,  0.003,  0.01 ,
         0.004, -0.003],
       [ 0.007, -0.002, -0.007, -0.009, -0.002,  0.009, -0.002, -0.008,
         0.006, -0.007],
       [ 0.005,  0.008, -0.001, -0.005, -0.009, -0.01 ,  0.009,  0.006,
        -0.005, -0.003],
       [-0.01 ,  0.002,  0.009, -0.005, -0.008,  0.002, -0.004,  0.006,
         0.002, -0.001],
       [ 0.009, -0.001,  0.001,  0.006,  0.001,  0.01 , -0.007, -0.008,
         0.004,  0.01 ],
       [ 0.009,  0.005, -0.004,  0.   ,  0.002, -0.006, -0.001, -0.003,
        -0.002,  0.   ],
       [-0.004, -0.01 , -0.005, -0.009, -0.001,  0.006,  0.01 , -0.006,
         0.003,  0.007]]), 'deltas': array([[0.],
       [0.],
       [0.],
       [0.],
       [0.],
       [0.],
       [0.],
       [0.],
       [0.],
       [0.]]), 'outputs': array([[0.],
       [0.],
       [0.],
       [0.],
       [0.],
       [0.],
       [0.],
       [0.],
       [0.],
       [0.]]), 'errors': array([[0.],
       [0.],
       [0.],
       [0.],
       [0.],
       [0.],
       [0.],
       [0.],
       [0.],
       [0.]])}, {'weights': array([[-0.004,  0.008,  0.007, -0.004,  0.005, -0.006,  0.01 , -0.008,
        -0.009,  0.009],
       [ 0.004,  0.003, -0.005, -0.004,  0.001, -0.001, -0.006, -0.009,
         0.002,  0.   ],
       [ 0.01 , -0.004, -0.009,  0.003, -0.005,  0.005, -0.01 ,  0.008,
        -0.006, -0.004]]), 'deltas': array([[0.],
       [0.],
       [0.]]), 'outputs': array([[0.],
       [0.],
       [0.]]), 'errors': array([[0.],
       [0.],
       [0.]])}]
Training complete!
Training done. epoch: 100 , total error: 0.21958373819094185
[{'weights': array([[ 0.12477732,  0.1055664 , -1.80125385, -1.57695356, -1.84060455,
        -1.98645494,  0.3869536 ,  0.29124219,  2.75984172, -0.7713318 ,
        -1.16169875, -3.97667487,  2.75584172, -0.10372408, -1.47387644,
        -4.3271049 ],
       [ 0.20020016, -0.04211398, -1.8596244 , -1.63491993, -2.42686243,
        -1.83939436,  0.62146542,  0.29333321,  2.74023978, -0.89371502,
        -1.16398353, -4.02699939,  2.75523978, -0.70010384, -1.06958785,
        -4.31500625],
       [ 0.12084801,  0.13812148, -1.79543311, -1.57792239, -1.74449491,
        -2.03046353,  0.35921646,  0.29335598,  2.75321032, -0.73147588,
        -1.17724285, -3.97187759,  2.76021032, -0.01522718, -1.53320465,
        -4.3231645 ],
       [ 0.39138766,  0.71135017,  0.08206911, -2.68125551, -1.60552247,
        -0.15183309, -0.0488956 ,  0.2918026 ,  2.3960446 ,  1.70310229,
         2.43769536, -8.04929082,  2.3950446 ,  2.99950591,  2.4293231 ,
        -9.32132217],
       [ 0.12080517,  0.12445609, -1.80212629, -1.5780609 , -1.77649707,
        -2.00581686,  0.36682064,  0.28856735,  2.75242012, -0.73778979,
        -1.17123718, -3.96931909,  2.75842012, -0.06355184, -1.51665892,
        -4.3261353 ],
       [ 0.15722592,  0.01582221, -1.85709311, -1.60392186, -2.17913104,
        -1.84647844,  0.44958858,  0.29505406,  2.74767201, -0.89140393,
        -1.14530865, -3.98492626,  2.75667201, -0.46083632, -1.26066297,
        -4.31013955],
       [ 0.18169021, -0.03102652, -1.85778897, -1.61927694, -2.36628085,
        -1.83566297,  0.58082886,  0.28771275,  2.7611322 , -0.89615735,
        -1.161336  , -4.02604106,  2.7431322 , -0.63993457, -1.11188522,
        -4.31371462],
       [ 0.17654429, -0.01016795, -1.8588111 , -1.61607803, -2.30296584,
        -1.83847372,  0.51378071,  0.29714607,  2.76097793, -0.90467233,
        -1.14982204, -4.00099634,  2.74397793, -0.57207255, -1.17205132,
        -4.31236685],
       [ 0.20433054, -0.04136442, -1.85010213, -1.634607  , -2.42893772,
        -1.84354826,  0.64893338,  0.30180959,  2.74810172, -0.9109621 ,
        -1.16215506, -4.03172756,  2.73910172, -0.68788526, -1.06761801,
        -4.32434145],
       [ 0.19894306, -0.03165151, -1.88398292, -1.65730873, -2.43348044,
        -1.81483169,  0.58533484,  0.30497719,  2.73962417, -0.92253938,
        -1.18099629, -4.00108859,  2.74662417, -0.73263427, -1.07598947,
        -4.30300052]]), 'deltas': array([[-0.10467959],
       [-0.17741774],
       [-0.09430459],
       [-0.03261536],
       [-0.09818036],
       [-0.14975967],
       [-0.17121862],
       [-0.16399195],
       [-0.17751867],
       [-0.18042729]]), 'outputs': array([[0.01329341],
       [0.02274851],
       [0.01195971],
       [0.99589635],
       [0.01245751],
       [0.01913138],
       [0.02193541],
       [0.02098927],
       [0.02276176],
       [0.02314376]]), 'errors': -7.980639443287295}, {'weights': array([[-0.94254551, -0.93803591, -0.95665118, -2.96210099, -0.955832  ,
        -0.94578821, -0.94434896, -0.94853311, -0.92180246, -0.90279984],
       [-0.94325269, -0.93470142, -0.95936774, -2.96260773, -0.95655125,
        -0.95647996, -0.93301312, -0.94120501, -0.92747847, -0.90349849],
       [-0.94358098, -0.94023759, -0.94768043, -2.96137714, -0.93885648,
        -0.95586949, -0.94852015, -0.95066431, -0.921027  , -0.91103358],
       [-0.93917329, -0.93380353, -0.96028723, -2.96370055, -0.94546884,
        -0.95542572, -0.94105554, -0.93919288, -0.92364832, -0.91575039],
       [-0.93898851, -0.93767654, -0.95508801, -2.96457131, -0.95026833,
        -0.93823842, -0.9429072 , -0.95402444, -0.91854374, -0.91667898],
       [-0.94182172, -0.9283931 , -0.94992914, -2.96400173, -0.95811229,
        -0.95805036, -0.93265194, -0.94080151, -0.93023524, -0.91334678],
       [-0.95659802, -0.93419079, -0.93970282, -2.96395133, -0.95688464,
        -0.94583538, -0.94545086, -0.94059644, -0.92302621, -0.9111224 ],
       [-0.94018672, -0.93981997, -0.95029687, -2.96239612, -0.95047487,
        -0.94046838, -0.95110345, -0.95725189, -0.92361334, -0.90262037],
       [-0.93795072, -0.93158369, -0.95305428, -2.96309564, -0.94723369,
        -0.95421153, -0.9428482 , -0.94998923, -0.92740701, -0.91047309],
       [-0.95069785, -0.94627422, -0.95380262, -2.96468993, -0.94998485,
        -0.94192969, -0.93153732, -0.95268669, -0.92210683, -0.90319863]]), 'deltas': array([[0.06972253],
       [0.06969606],
       [0.0697519 ],
       [0.06962193],
       [0.06956755],
       [0.0696071 ],
       [0.0696091 ],
       [0.06969608],
       [0.0696546 ],
       [0.06956676]]), 'outputs': array([[0.04138986],
       [0.04137344],
       [0.04140808],
       [0.04132745],
       [0.04129372],
       [0.04131825],
       [0.04131949],
       [0.04137345],
       [0.04134771],
       [0.04129323]]), 'errors': 1.7572646430005474}, {'weights': array([[-4.21145093, -4.19204102, -4.20299022, -4.19725034, -4.19560841,
        -4.20581225, -4.1907128 , -4.20603847, -4.21174642, -4.18893496],
       [-0.40055224, -0.41388018, -0.39713776, -0.43858625, -0.43841613,
        -0.43466627, -0.43814893, -0.42333835, -0.41750531, -0.443447  ],
       [ 0.41901902,  0.40950645,  0.38553275,  0.43110469,  0.44617757,
         0.4452418 ,  0.42967867,  0.41323104,  0.41748907,  0.44798878]]), 'deltas': array([[-0.01907135],
       [-0.11325257],
       [ 0.11325473]]), 'outputs': array([[0.14976911],
       [0.45647007],
       [0.54352244]]), 'errors': array([[-0.14976911],
       [-0.45647007],
       [ 0.45647756]])}]
Accuracy: 33.33333333333333 %

Feedforward Neural Network AVG Accuracy (%): 33.33333333333333 %
