Namespace(max_epochs=100, num_layers=3, num_nodes_per_hidden_layer=3, training_rate=0.5)

train_data group 0 length:  120
   0   1   2   3   4   5   6   7   8   9   10  11  12  13  14  15  16
0   1   0   0   0   0   1   0   0   1   0   0   0   1   0   0   0   0
1   1   0   0   0   0   1   0   0   1   0   0   0   1   0   0   0   0
2   1   0   0   0   0   0   1   0   1   0   0   0   1   0   0   0   0
3   1   0   0   0   0   1   0   0   1   0   0   0   1   0   0   0   0
4   1   0   0   0   0   0   1   0   1   0   0   0   1   0   0   0   0
Initial Neural Network:
[{'weights': array([[-0.005, -0.008, -0.009,  0.004, -0.009,  0.007,  0.007, -0.006,
        -0.01 , -0.006,  0.009,  0.004,  0.004,  0.002,  0.007,  0.005],
       [-0.01 ,  0.003,  0.003, -0.002, -0.002, -0.003, -0.008,  0.005,
        -0.009,  0.008,  0.008, -0.001,  0.006,  0.006,  0.01 , -0.001],
       [ 0.005, -0.009, -0.008,  0.006,  0.001,  0.005,  0.009, -0.007,
         0.   , -0.007,  0.009, -0.007, -0.003,  0.008, -0.006, -0.007]]), 'deltas': array([[0.],
       [0.],
       [0.]]), 'outputs': array([[0.],
       [0.],
       [0.]]), 'errors': array([[0.],
       [0.],
       [0.]])}, {'weights': array([[-0.007, -0.005,  0.003],
       [ 0.007, -0.006,  0.001],
       [-0.001, -0.005,  0.001]]), 'deltas': array([[0.],
       [0.],
       [0.]]), 'outputs': array([[0.],
       [0.],
       [0.]]), 'errors': array([[0.],
       [0.],
       [0.]])}, {'weights': array([[ 0.002, -0.002, -0.007],
       [-0.006, -0.002,  0.01 ],
       [-0.009, -0.01 ,  0.01 ]]), 'deltas': array([[0.],
       [0.],
       [0.]]), 'outputs': array([[0.],
       [0.],
       [0.]]), 'errors': array([[0.],
       [0.],
       [0.]])}]
Training complete!
Training done. epoch: 100 , total error: 0.021226805103425388
[{'weights': array([[ 0.85981253, -1.29084433, -0.89400647, -1.36425425, -2.15061931,
        -1.04111784,  0.3653406 ,  0.15410404,  2.47727592,  0.12692743,
        -1.8365279 , -3.44196797,  2.49127592, -0.13105772, -0.95290291,
        -4.06060781],
       [-3.28057186,  2.22766694,  1.7965087 , -1.60616621, -0.86934428,
        -0.27240033,  0.11011447,  0.16706771,  2.96536767,  2.95626441,
         0.23862262, -7.01081713,  2.98036767,  1.88148062,  1.3497058 ,
        -7.04711653],
       [ 0.06140125, -0.59602542, -0.75025663, -1.33270461, -1.54133947,
        -1.6321436 ,  0.41880567,  0.15109198,  2.53308175, -0.97355433,
        -0.78490998, -3.39120284,  2.53008175,  0.6730701 , -1.66324338,
        -4.15949388]]), 'deltas': array([[-0.00023192],
       [-0.00676902],
       [-0.00066699]]), 'outputs': array([[0.00026683],
       [0.00784744],
       [0.00076778]]), 'errors': -0.8693985530947621}, {'weights': array([[-3.24363394, -2.47898518, -3.21006088],
       [-3.2329355 , -2.48510125, -3.2153    ],
       [-3.23887015, -2.4807439 , -3.21326993]]), 'deltas': array([[0.03244106],
       [0.03244104],
       [0.03244105]]), 'outputs': array([[0.49430404],
       [0.49429175],
       [0.49430029]]), 'errors': 0.12978108202054287}, {'weights': array([[-7.40548645, -7.3852087 , -7.40683687],
       [-1.18381838, -1.22874071, -1.1827041 ],
       [ 1.17669986,  1.20729643,  1.20436395]]), 'deltas': array([[-2.94873683e-10],
       [-1.80853132e-02],
       [ 1.81830311e-02]]), 'outputs': array([[1.71720339e-05],
       [1.45479491e-01],
       [8.54091372e-01]]), 'errors': array([[-1.71720339e-05],
       [-1.45479491e-01],
       [ 1.45908628e-01]])}]
target: 0 prediction: 2
target: 0 prediction: 2
target: 0 prediction: 2
target: 0 prediction: 2
target: 0 prediction: 2
target: 0 prediction: 2
target: 0 prediction: 2
target: 0 prediction: 2
target: 0 prediction: 2
target: 0 prediction: 2
target: 1 prediction: 2
target: 1 prediction: 2
target: 1 prediction: 2
target: 1 prediction: 2
target: 1 prediction: 2
target: 1 prediction: 2
target: 1 prediction: 2
target: 1 prediction: 2
target: 1 prediction: 2
target: 1 prediction: 2
target: 2 prediction: 2
target: 2 prediction: 2
target: 2 prediction: 2
target: 2 prediction: 2
target: 2 prediction: 2
target: 2 prediction: 2
target: 2 prediction: 2
target: 2 prediction: 2
target: 2 prediction: 2
target: 2 prediction: 2
Accuracy: 33.33333333333333 %

train_data group 1 length:  120
   0   1   2   3   4   5   6   7   8   9   10  11  12  13  14  15  16
0   1   0   0   0   0   0   1   0   1   0   0   0   1   0   0   0   0
1   0   1   0   0   0   0   0   1   1   0   0   0   1   0   0   0   0
2   1   0   0   0   0   1   0   0   1   0   0   0   1   0   0   0   0
3   1   0   0   0   0   0   1   0   1   0   0   0   1   0   0   0   0
4   1   0   0   0   0   0   1   0   1   0   0   0   1   0   0   0   0
Initial Neural Network:
[{'weights': array([[ 0.004, -0.007,  0.003,  0.007, -0.005,  0.006,  0.004, -0.004,
        -0.005, -0.004, -0.004, -0.007, -0.002, -0.009, -0.01 ,  0.002],
       [-0.005, -0.005, -0.005,  0.003, -0.003, -0.004,  0.001,  0.   ,
         0.002, -0.006, -0.005, -0.004, -0.003, -0.002,  0.006,  0.002],
       [ 0.01 ,  0.   ,  0.   ,  0.006,  0.01 , -0.003, -0.005, -0.01 ,
         0.003, -0.001,  0.007, -0.007,  0.008, -0.005, -0.009,  0.006]]), 'deltas': array([[0.],
       [0.],
       [0.]]), 'outputs': array([[0.],
       [0.],
       [0.]]), 'errors': array([[0.],
       [0.],
       [0.]])}, {'weights': array([[-0.007,  0.006,  0.009],
       [ 0.004, -0.006,  0.009],
       [ 0.006,  0.   ,  0.009]]), 'deltas': array([[0.],
       [0.],
       [0.]]), 'outputs': array([[0.],
       [0.],
       [0.]]), 'errors': array([[0.],
       [0.],
       [0.]])}, {'weights': array([[ 0.007, -0.004, -0.007],
       [-0.003, -0.002, -0.008],
       [ 0.009, -0.005,  0.008]]), 'deltas': array([[0.],
       [0.],
       [0.]]), 'outputs': array([[0.],
       [0.],
       [0.]]), 'errors': array([[0.],
       [0.],
       [0.]])}]
Training complete!
Training done. epoch: 100 , total error: 0.31169788205933735
[{'weights': array([[ 1.81646276, -0.81511316, -2.45581328, -1.19043109, -0.28222362,
        -1.34552862, -1.35353206,  0.33038954,  2.33864211, -3.62553964,
        -0.61176163, -0.77323559,  2.34164211, -3.50222528, -0.97376261,
        -0.53654898],
       [ 1.40734753, -0.23514215, -1.8373728 , -1.21493523, -0.58416245,
        -0.39490841, -1.22888237,  0.3338506 ,  2.35660755, -5.14605141,
        -2.42196624,  3.33030746,  2.35160755, -2.60577226,  0.92307001,
        -2.53400795],
       [ 1.13845252, -0.86678486, -0.85911449, -1.26333111, -1.0588565 ,
        -0.70470018, -0.43244732,  0.32122605,  2.24566588, -2.77180009,
        -0.34162982, -0.99701392,  2.25066588, -3.90758999, -3.44866435,
         3.23881052]]), 'deltas': array([[-0.00822917],
       [-0.00088817],
       [-0.03777203]]), 'outputs': array([[0.03582959],
       [0.00374251],
       [0.80238054]]), 'errors': -0.2382101362393017}, {'weights': array([[-2.94192906, -2.93005909, -3.10624552],
       [-2.93066639, -2.9425484 , -3.10617597],
       [-2.93141576, -2.93913173, -3.10853357]]), 'deltas': array([[0.00884241],
       [0.00884555],
       [0.00883104]]), 'outputs': array([[0.0683945 ],
       [0.06842073],
       [0.06829966]]), 'errors': 0.13877690244137103}, {'weights': array([[-6.14283541, -6.14660338, -6.14233968],
       [ 0.68335643,  0.7107499 ,  0.69974527],
       [-0.67464818, -0.71357516, -0.70852032]]), 'deltas': array([[-0.03804226],
       [-0.13329726],
       [ 0.13330756]]), 'outputs': array([[0.2209835 ],
       [0.53596152],
       [0.46398945]]), 'errors': array([[-0.2209835 ],
       [-0.53596152],
       [ 0.53601055]])}]
Accuracy: 33.33333333333333 %

train_data group 2 length:  120
   0   1   2   3   4   5   6   7   8   9   10  11  12  13  14  15  16
0   1   0   0   0   0   0   1   0   1   0   0   0   1   0   0   0   0
1   0   1   0   0   0   0   0   1   1   0   0   0   1   0   0   0   0
2   1   0   0   0   0   1   0   0   1   0   0   0   1   0   0   0   0
3   1   0   0   0   0   0   1   0   1   0   0   0   1   0   0   0   0
4   1   0   0   0   0   0   1   0   1   0   0   0   1   0   0   0   0
Initial Neural Network:
[{'weights': array([[ 0.01 ,  0.006,  0.009, -0.004,  0.001,  0.009,  0.003,  0.002,
        -0.002,  0.005, -0.005,  0.002, -0.001,  0.007,  0.005,  0.006],
       [-0.01 ,  0.004,  0.002, -0.004, -0.004,  0.006, -0.008,  0.008,
         0.002, -0.008, -0.001, -0.01 ,  0.008, -0.004,  0.003,  0.   ],
       [-0.007, -0.002,  0.001, -0.008, -0.009, -0.006,  0.   ,  0.01 ,
        -0.01 ,  0.006, -0.003,  0.002,  0.001, -0.01 , -0.008,  0.01 ]]), 'deltas': array([[0.],
       [0.],
       [0.]]), 'outputs': array([[0.],
       [0.],
       [0.]]), 'errors': array([[0.],
       [0.],
       [0.]])}, {'weights': array([[-0.004,  0.   , -0.01 ],
       [-0.004,  0.002,  0.   ],
       [-0.002,  0.001, -0.001]]), 'deltas': array([[0.],
       [0.],
       [0.]]), 'outputs': array([[0.],
       [0.],
       [0.]]), 'errors': array([[0.],
       [0.],
       [0.]])}, {'weights': array([[ 0.006,  0.007,  0.006],
       [ 0.003, -0.002, -0.01 ],
       [-0.006, -0.01 , -0.008]]), 'deltas': array([[0.],
       [0.],
       [0.]]), 'outputs': array([[0.],
       [0.],
       [0.]]), 'errors': array([[0.],
       [0.],
       [0.]])}]
Training complete!
Training done. epoch: 100 , total error: 0.02269331516842129
[{'weights': array([[ 0.86981296, -1.14139837, -0.80062239, -1.18666338, -2.19063337,
        -0.96415925,  0.53383995,  0.3560815 ,  2.3836247 ,  0.28914495,
        -1.36164053, -3.59100029,  2.3846247 ,  0.44707482, -1.42543995,
        -3.66913074],
       [-3.45387592,  2.0666624 ,  1.61607451, -1.46426185, -1.49708036,
        -0.71070886,  0.63654322,  0.34584514,  2.96632997,  1.51998887,
         1.01777477, -6.74849448,  2.97232997,  1.69608891,  1.19191837,
        -7.08073812],
       [ 1.1537637 , -1.36972226, -0.87649721, -1.20599399, -2.37000162,
        -0.77085998,  0.48873904,  0.36467279,  2.36916432,  0.62999344,
        -1.69435827, -3.59224925,  2.38016432,  0.20601291, -1.24672467,
        -3.62890233]]), 'deltas': array([[-0.00072426],
       [-0.008207  ],
       [-0.000522  ]]), 'outputs': array([[0.00079619],
       [0.00909769],
       [0.00057372]]), 'errors': -0.9103798712940464}, {'weights': array([[-3.23019094, -2.48675519, -3.26387424],
       [-3.23407694, -2.48923045, -3.2577701 ],
       [-3.23201202, -2.49045182, -3.25870536]]), 'deltas': array([[0.03378836],
       [0.03378835],
       [0.03378835]]), 'outputs': array([[0.49323304],
       [0.49322751],
       [0.49322501]]), 'errors': 0.1351782178081678}, {'weights': array([[-7.34062253, -7.32306336, -7.32097439],
       [-1.14846153, -1.17970075, -1.19590119],
       [ 1.16711486,  1.17017039,  1.18042737]]), 'deltas': array([[-3.81472806e-10],
       [-1.92274708e-02],
       [ 1.93219622e-02]]), 'outputs': array([[1.95315196e-05],
       [1.50440277e-01],
       [8.49154539e-01]]), 'errors': array([[-1.95315196e-05],
       [-1.50440277e-01],
       [ 1.50845461e-01]])}]
Accuracy: 33.33333333333333 %

train_data group 3 length:  120
   0   1   2   3   4   5   6   7   8   9   10  11  12  13  14  15  16
0   1   0   0   0   0   0   1   0   1   0   0   0   1   0   0   0   0
1   0   1   0   0   0   0   0   1   1   0   0   0   1   0   0   0   0
2   1   0   0   0   0   1   0   0   1   0   0   0   1   0   0   0   0
3   1   0   0   0   0   0   1   0   1   0   0   0   1   0   0   0   0
4   1   0   0   0   0   0   1   0   1   0   0   0   1   0   0   0   0
Initial Neural Network:
[{'weights': array([[ 0.002, -0.001, -0.006, -0.005,  0.01 ,  0.006,  0.009,  0.008,
         0.003, -0.003, -0.001, -0.001, -0.003,  0.009,  0.009, -0.009],
       [ 0.006, -0.009,  0.003,  0.002,  0.01 , -0.005,  0.005, -0.006,
        -0.006,  0.006, -0.002, -0.001,  0.01 ,  0.004,  0.   ,  0.007],
       [-0.001,  0.009,  0.004,  0.001, -0.001, -0.007,  0.009,  0.005,
         0.001,  0.004, -0.001,  0.002,  0.006, -0.008,  0.004,  0.01 ]]), 'deltas': array([[0.],
       [0.],
       [0.]]), 'outputs': array([[0.],
       [0.],
       [0.]]), 'errors': array([[0.],
       [0.],
       [0.]])}, {'weights': array([[-0.007, -0.001,  0.003],
       [ 0.01 ,  0.002, -0.003],
       [-0.002, -0.002,  0.006]]), 'deltas': array([[0.],
       [0.],
       [0.]]), 'outputs': array([[0.],
       [0.],
       [0.]]), 'errors': array([[0.],
       [0.],
       [0.]])}, {'weights': array([[ 0.003, -0.007, -0.004],
       [ 0.005, -0.006, -0.004],
       [-0.001,  0.005, -0.004]]), 'deltas': array([[0.],
       [0.],
       [0.]]), 'outputs': array([[0.],
       [0.],
       [0.]]), 'errors': array([[0.],
       [0.],
       [0.]])}]
Training complete!
Training done. epoch: 100 , total error: 0.02016984385703731
[{'weights': array([[-1.17724996, -1.80696081,  1.46323234, -1.35860784,  0.22553767,
        -2.43882624, -0.96528243,  0.34198472,  2.99504105, -1.27812942,
        -0.93381405, -3.65468386,  2.98904105,  0.2816689 , -1.7008389 ,
        -4.43345732],
       [ 1.12544388, -1.39920855, -0.96603767, -1.43760146, -2.24876831,
        -0.66501503, -0.09204751,  0.33042705,  2.44938571,  0.07138481,
        -1.62073762, -3.5824367 ,  2.46538571,  0.20084442, -1.29827016,
        -4.02636378],
       [-2.63444655,  2.05806118,  1.25216696, -1.70455   , -1.48320292,
        -0.02922198,  0.16556923,  0.31108726,  2.87159569,  2.17629494,
         0.29170701, -6.37536605,  2.87659569,  2.21591496,  0.96835333,
        -7.09063239]]), 'deltas': array([[-5.68363102e-05],
       [-3.80617209e-04],
       [-7.18978017e-03]]), 'outputs': array([[6.68531854e-05],
       [4.47868135e-04],
       [8.52909262e-03]]), 'errors': -0.8502229155134955}, {'weights': array([[-3.22481603, -3.21961608, -2.55469982],
       [-3.21134046, -3.22035274, -2.56868327],
       [-3.2222036 , -3.22289914, -2.55392861]]), 'deltas': array([[0.03149096],
       [0.03149091],
       [0.03149096]]), 'outputs': array([[0.49413828],
       [0.49410861],
       [0.4941396 ]]), 'errors': 0.12598114076837824}, {'weights': array([[-7.51234108, -7.47678864, -7.51510502],
       [-1.17950877, -1.28737979, -1.18918329],
       [ 1.19429039,  1.27462929,  1.18059396]]), 'deltas': array([[-2.19421167e-10],
       [-1.72607292e-02],
       [ 1.73498757e-02]]), 'outputs': array([[1.48129814e-05],
       [1.41821030e-01],
       [8.57780160e-01]]), 'errors': array([[-1.48129814e-05],
       [-1.41821030e-01],
       [ 1.42219840e-01]])}]
Accuracy: 33.33333333333333 %

train_data group 4 length:  120
   0   1   2   3   4   5   6   7   8   9   10  11  12  13  14  15  16
0   1   0   0   0   0   0   1   0   1   0   0   0   1   0   0   0   0
1   0   1   0   0   0   0   0   1   1   0   0   0   1   0   0   0   0
2   1   0   0   0   0   1   0   0   1   0   0   0   1   0   0   0   0
3   1   0   0   0   0   0   1   0   1   0   0   0   1   0   0   0   0
4   1   0   0   0   0   0   1   0   1   0   0   0   1   0   0   0   0
Initial Neural Network:
[{'weights': array([[-0.007,  0.009,  0.006,  0.004,  0.008,  0.008,  0.004, -0.006,
        -0.008, -0.008,  0.002,  0.009,  0.01 ,  0.005,  0.009, -0.009],
       [-0.008,  0.007,  0.004, -0.009, -0.002, -0.01 , -0.008,  0.001,
         0.005, -0.005,  0.009, -0.005, -0.003, -0.009, -0.001,  0.002],
       [ 0.008, -0.005, -0.006, -0.01 ,  0.002,  0.003,  0.003,  0.002,
         0.004, -0.004,  0.003,  0.01 , -0.001,  0.005, -0.007,  0.004]]), 'deltas': array([[0.],
       [0.],
       [0.]]), 'outputs': array([[0.],
       [0.],
       [0.]]), 'errors': array([[0.],
       [0.],
       [0.]])}, {'weights': array([[-0.001, -0.001, -0.005],
       [-0.004, -0.007, -0.009],
       [-0.004, -0.001,  0.007]]), 'deltas': array([[0.],
       [0.],
       [0.]]), 'outputs': array([[0.],
       [0.],
       [0.]]), 'errors': array([[0.],
       [0.],
       [0.]])}, {'weights': array([[-0.004, -0.001, -0.01 ],
       [-0.009,  0.007,  0.001],
       [ 0.002, -0.002,  0.001]]), 'deltas': array([[0.],
       [0.],
       [0.]]), 'outputs': array([[0.],
       [0.],
       [0.]]), 'errors': array([[0.],
       [0.],
       [0.]])}]
Training complete!
Training done. epoch: 100 , total error: 0.21389280419089268
[{'weights': array([[ 0.0894002 ,  0.59723332, -0.15751802, -2.13727302, -1.35761246,
        -0.5026245 ,  0.04061258,  0.21346686,  2.25648762,  0.12580615,
         1.72953363, -5.73698492,  2.27448762,  1.1336395 ,  1.78312623,
        -6.79641087],
       [ 0.29814632, -0.00746715, -1.23131137, -1.51951776, -1.29741109,
        -1.57041826,  0.16833447,  0.22634493,  2.44168528, -0.3168453 ,
        -1.32146876, -3.25352117,  2.43368528,  0.04029121, -1.26736239,
        -3.67176405],
       [ 0.29161397, -0.01388376, -1.22855392, -1.5175433 , -1.21293793,
        -1.61470566,  0.15299516,  0.22928142,  2.44117163, -0.28445373,
        -1.36249775, -3.23658716,  2.43617163,  0.10141647, -1.3362044 ,
        -3.6557507 ]]), 'deltas': array([[-0.05463068],
       [-0.03815207],
       [-0.03228102]]), 'outputs': array([[0.97625913],
       [0.01645697],
       [0.01388821]]), 'errors': -2.357083100082497}, {'weights': array([[-2.6204994 , -3.20713278, -3.22661328],
       [-2.61896535, -3.20888453, -3.22635982],
       [-2.62746169, -3.20974505, -3.21720974]]), 'deltas': array([[0.08648826],
       [0.08659571],
       [0.08600002]]), 'outputs': array([[0.06314391],
       [0.06322803],
       [0.06276186]]), 'errors': 1.4620183616469764}, {'weights': array([[-7.73179781, -7.7442517 , -7.706942  ],
       [-1.21189379, -1.17409696, -1.26526773],
       [ 1.20106134,  1.19582242,  1.24866703]]), 'deltas': array([[-0.02876773],
       [-0.10927232],
       [ 0.10929817]]), 'outputs': array([[0.18825326],
       [0.44287092],
       [0.55704214]]), 'errors': array([[-0.18825326],
       [-0.44287092],
       [ 0.44295786]])}]
Accuracy: 33.33333333333333 %

Feedforward Neural Network AVG Accuracy (%): 33.33333333333333 %
