Namespace(error_threshold=0.001, max_epochs=1000, num_layers=2, num_nodes_per_hidden_layer=5, training_rate=1.3)

train_data group 0 length:  349
   0   1   2   3   4   5   6   7   8  ...  40  41  42  43  44  45  46  47  48
0   1   0   0   0   1   0   1   0   0 ...   1   0   1   0   0   0   1   0   0
1   1   0   0   0   0   1   1   0   0 ...   1   0   1   0   0   0   1   0   0
2   1   0   0   0   1   0   1   0   0 ...   1   0   1   0   0   0   1   0   0
3   1   0   0   0   1   0   1   0   0 ...   1   0   1   0   0   1   0   0   0
4   1   0   0   1   0   0   1   0   0 ...   1   0   1   0   0   1   0   0   0

[5 rows x 49 columns]
Initial Neural Network:
[{'weights': array([[-0.001, -0.008, -0.009,  0.008,  0.   , -0.005,  0.002,  0.01 ,
         0.008, -0.006,  0.002, -0.009,  0.007, -0.002, -0.007,  0.006,
        -0.009, -0.007, -0.007, -0.004,  0.001,  0.004,  0.006,  0.01 ,
        -0.003,  0.001,  0.007, -0.01 ,  0.003,  0.   ,  0.001,  0.003,
         0.006, -0.005, -0.003, -0.01 ,  0.007, -0.01 ,  0.003, -0.003,
        -0.003, -0.008,  0.006,  0.009,  0.01 , -0.008,  0.002,  0.007,
         0.   ],
       [-0.008, -0.001, -0.003, -0.004,  0.003,  0.006,  0.008,  0.008,
        -0.003,  0.001, -0.005,  0.002, -0.003, -0.003,  0.002, -0.003,
         0.   ,  0.009,  0.006,  0.004, -0.008, -0.007,  0.005,  0.01 ,
         0.01 , -0.005, -0.006,  0.007,  0.006, -0.01 ,  0.006,  0.001,
        -0.009, -0.005, -0.01 , -0.01 , -0.009,  0.008,  0.007, -0.005,
         0.005,  0.007,  0.003,  0.001,  0.009,  0.009, -0.001, -0.004,
        -0.006],
       [ 0.004,  0.004, -0.003,  0.001, -0.003,  0.009, -0.008, -0.004,
        -0.01 , -0.005,  0.001,  0.003, -0.002, -0.002,  0.001,  0.002,
         0.003,  0.002, -0.009,  0.001,  0.003,  0.002,  0.003, -0.008,
         0.   , -0.001, -0.005, -0.008, -0.001,  0.005, -0.005, -0.005,
         0.   ,  0.008,  0.01 ,  0.008, -0.01 , -0.004, -0.002, -0.003,
        -0.005, -0.002, -0.006,  0.003, -0.007, -0.004,  0.007, -0.006,
         0.002],
       [-0.005, -0.01 , -0.003,  0.006, -0.008, -0.009,  0.009, -0.002,
         0.001, -0.002, -0.003,  0.009,  0.006,  0.005,  0.003, -0.009,
        -0.004, -0.003, -0.009,  0.006, -0.005, -0.01 ,  0.006, -0.002,
        -0.001,  0.   ,  0.009,  0.001,  0.005,  0.006, -0.005,  0.01 ,
        -0.002, -0.004,  0.002,  0.007,  0.007, -0.007, -0.002, -0.005,
         0.   , -0.009,  0.001,  0.01 , -0.01 , -0.002, -0.01 ,  0.003,
         0.006],
       [ 0.002, -0.001, -0.005,  0.006,  0.004,  0.007, -0.001,  0.003,
         0.001,  0.01 , -0.009,  0.001,  0.002,  0.008,  0.004,  0.005,
         0.004,  0.009, -0.01 ,  0.004, -0.008,  0.009, -0.002,  0.001,
         0.005, -0.004, -0.005, -0.01 , -0.003, -0.002,  0.007,  0.009,
         0.003, -0.002, -0.003,  0.001, -0.002, -0.003,  0.01 ,  0.007,
         0.01 ,  0.001,  0.008,  0.005,  0.005,  0.008,  0.007, -0.008,
         0.003],
       [-0.008,  0.009, -0.003,  0.007, -0.003, -0.01 , -0.007,  0.003,
        -0.007, -0.002, -0.002,  0.008, -0.001, -0.006,  0.008,  0.009,
        -0.001, -0.005,  0.001, -0.001,  0.002, -0.003,  0.01 ,  0.009,
         0.003,  0.006,  0.007,  0.01 , -0.008, -0.004, -0.002,  0.002,
        -0.009, -0.006, -0.007,  0.004,  0.002, -0.004, -0.001,  0.008,
         0.005, -0.006, -0.001, -0.01 , -0.005,  0.007, -0.005,  0.005,
         0.002]]), 'deltas': array([[0.],
       [0.],
       [0.],
       [0.],
       [0.],
       [0.]]), 'outputs': array([[0.],
       [0.],
       [0.],
       [0.],
       [0.],
       [0.]]), 'errors': array([[0.],
       [0.],
       [0.],
       [0.],
       [0.],
       [0.]])}, {'weights': array([[-0.002,  0.01 ,  0.006, -0.01 ,  0.01 , -0.01 ],
       [ 0.001,  0.   ,  0.   ,  0.009, -0.005,  0.007]]), 'deltas': array([[0.],
       [0.],
       [0.]]), 'outputs': array([[0.],
       [0.],
       [0.]]), 'errors': array([[0.],
       [0.],
       [0.]])}]
Training complete!
Training done. epoch: 2 , total error: 0.0006199054058135113
[{'weights': array([[-3.05868285e-01, -2.02265733e-01,  3.89824422e-01,
        -2.40806666e-02,  1.65328068e-01, -2.38556996e-01,
        -3.75155740e-01,  1.20220505e-01,  1.74625640e-01,
         2.84443169e+00, -3.22117417e+00,  2.63432889e-01,
         5.51009787e-01, -4.69720109e-01, -1.83599273e-01,
        -3.58902021e-01,  4.17513968e-01, -1.68921542e-01,
        -2.61331216e-01,  2.36903392e-01, -8.58817712e-02,
         2.02296042e-01,  3.10267557e-01, -5.92873194e-01,
        -5.70442639e-01,  2.80446338e-01,  1.94686706e-01,
         6.77332334e-01, -4.35385750e-01, -3.49256180e-01,
        -9.32395985e-01,  8.25245515e-01,  1.68408740e-02,
         3.44055979e-01,  1.03395041e-01, -5.65760615e-01,
        -1.52496313e-01,  6.69269106e-01, -6.17082388e-01,
         6.97221832e-01, -4.99775764e-01, -3.11755663e-01,
        -1.96580744e-01,  1.83295347e-01, -6.20241979e-02,
        -3.04280385e-01, -2.48123908e-01,  4.53094698e-01,
        -1.00309595e-01],
       [-3.10236487e-01, -1.85755976e-01,  3.85661318e-01,
        -4.52028038e-02,  1.90711710e-01, -2.38840051e-01,
        -3.60272978e-01,  1.17502502e-01,  1.57439331e-01,
         2.88150310e+00, -3.24256733e+00,  2.60733090e-01,
         5.40593136e-01, -4.66412447e-01, -1.76511834e-01,
        -3.63872922e-01,  4.26118175e-01, -1.54576398e-01,
        -2.86346737e-01,  2.86421848e-01, -9.64062557e-02,
         1.89972322e-01,  3.02807293e-01, -5.83110760e-01,
        -5.54214505e-01,  2.70909874e-01,  1.83973487e-01,
         7.03613934e-01, -4.35450636e-01, -3.63494443e-01,
        -9.28551542e-01,  8.36419914e-01, -8.19951706e-03,
         3.48181803e-01,  9.99147657e-02, -5.71427713e-01,
        -1.64727584e-01,  6.74778571e-01, -6.02382132e-01,
         6.97402291e-01, -5.04514190e-01, -2.84219246e-01,
        -1.91718685e-01,  1.80413472e-01, -7.40259314e-02,
        -2.86803685e-01, -2.45932558e-01,  4.38405098e-01,
        -1.04331145e-01],
       [-3.06053795e-01, -1.77962333e-01,  3.92621267e-01,
        -4.06817331e-02,  1.82818707e-01, -2.31531835e-01,
        -3.77891861e-01,  1.04751303e-01,  1.54745698e-01,
         2.85938329e+00, -3.22721385e+00,  2.70435694e-01,
         5.44208369e-01, -4.68837475e-01, -1.74765756e-01,
        -3.60797557e-01,  4.32724710e-01, -1.61322014e-01,
        -2.82885106e-01,  2.64801616e-01, -8.33113709e-02,
         1.97423661e-01,  3.04718279e-01, -6.01536801e-01,
        -5.61655004e-01,  2.78124153e-01,  1.81135989e-01,
         6.84919386e-01, -4.39767893e-01, -3.45546355e-01,
        -9.34476400e-01,  8.21616859e-01,  6.46467931e-03,
         3.60723825e-01,  1.19281951e-01, -5.50400638e-01,
        -1.69941847e-01,  6.71897849e-01, -6.14350864e-01,
         7.01180066e-01, -5.10837146e-01, -2.96737781e-01,
        -2.02301545e-01,  1.79066391e-01, -8.31597073e-02,
        -2.91732059e-01, -2.51392051e-01,  4.43729249e-01,
        -9.43948611e-02],
       [-3.09012638e-01, -2.02651442e-01,  3.97046038e-01,
        -3.18037390e-02,  1.67080331e-01, -2.42894634e-01,
        -3.68909193e-01,  1.10241664e-01,  1.70049486e-01,
         2.86051533e+00, -3.23243793e+00,  2.79304556e-01,
         5.47703262e-01, -4.58590859e-01, -1.71730445e-01,
        -3.72880988e-01,  4.23734043e-01, -1.63471098e-01,
        -2.79052843e-01,  2.63698052e-01, -8.92632512e-02,
         1.90792028e-01,  3.03905142e-01, -5.97315212e-01,
        -5.69081574e-01,  2.83642795e-01,  1.96820737e-01,
         6.92578102e-01, -4.34436168e-01, -3.42759976e-01,
        -9.33074969e-01,  8.32630603e-01,  6.82632413e-03,
         3.47226248e-01,  1.09686352e-01, -5.48530642e-01,
        -1.56194607e-01,  6.71777301e-01, -6.14200736e-01,
         6.98742608e-01, -5.05194565e-01, -3.04166085e-01,
        -1.91777530e-01,  1.79141098e-01, -8.29816107e-02,
        -3.00805837e-01, -2.58374851e-01,  4.53562646e-01,
        -9.06180423e-02],
       [-2.83542944e-01, -2.03247859e-01,  3.88560008e-01,
        -2.94016702e-02,  1.81720555e-01, -2.29549681e-01,
        -3.81325979e-01,  1.20977263e-01,  1.69117921e-01,
         2.89788423e+00, -3.25448003e+00,  2.64365006e-01,
         5.37958115e-01, -4.48670732e-01, -1.69518179e-01,
        -3.65374940e-01,  4.37324295e-01, -1.48180150e-01,
        -3.00605881e-01,  2.83648109e-01, -9.12730240e-02,
         2.10720792e-01,  2.89952055e-01, -5.86903643e-01,
        -5.58654370e-01,  2.72520763e-01,  1.87902812e-01,
         6.90853886e-01, -4.49094424e-01, -3.50990257e-01,
        -9.30479638e-01,  8.48223459e-01,  7.02538303e-03,
         3.43069526e-01,  1.11820304e-01, -5.53120625e-01,
        -1.61492998e-01,  6.67041228e-01, -5.94779026e-01,
         7.08623635e-01, -4.99576435e-01, -2.85277995e-01,
        -1.75946487e-01,  1.71406753e-01, -7.16910618e-02,
        -3.01417319e-01, -2.30250133e-01,  4.44436656e-01,
        -9.12307955e-02],
       [-8.00000000e-03,  9.00000000e-03, -3.00000000e-03,
         7.00000000e-03, -3.00000000e-03, -1.00000000e-02,
        -7.00000000e-03,  3.00000000e-03, -7.00000000e-03,
        -2.00000000e-03, -2.00000000e-03,  8.00000000e-03,
        -1.00000000e-03, -6.00000000e-03,  8.00000000e-03,
         9.00000000e-03, -1.00000000e-03, -5.00000000e-03,
         1.00000000e-03, -1.00000000e-03,  2.00000000e-03,
        -3.00000000e-03,  1.00000000e-02,  9.00000000e-03,
         3.00000000e-03,  6.00000000e-03,  7.00000000e-03,
         1.00000000e-02, -8.00000000e-03, -4.00000000e-03,
        -2.00000000e-03,  2.00000000e-03, -9.00000000e-03,
        -6.00000000e-03, -7.00000000e-03,  4.00000000e-03,
         2.00000000e-03, -4.00000000e-03, -1.00000000e-03,
         8.00000000e-03,  5.00000000e-03, -6.00000000e-03,
        -1.00000000e-03, -1.00000000e-02, -5.00000000e-03,
         7.00000000e-03, -5.00000000e-03,  5.00000000e-03,
         2.00000000e-03]]), 'deltas': array([[0.00019663],
       [0.00018345],
       [0.00018816],
       [0.00019083],
       [0.00017821],
       [0.        ]]), 'outputs': array([[0.95680902],
       [0.95983146],
       [0.95875466],
       [0.9581427 ],
       [0.96102723],
       [1.        ]]), 'errors': 0.004758155981413076}, {'weights': array([[-1.29881843, -1.29564975, -1.2896151 , -1.32156431, -1.32287641,
         2.58822693],
       [ 1.29404354,  1.30188173,  1.29186021,  1.31679698,  1.32407205,
        -2.5882421 ]]), 'deltas': array([[-0.00060455],
       [ 0.00060439]]), 'outputs': array([[0.02489951],
       [0.97510371]]), 'errors': array([[-0.02489951],
       [ 0.02489629]])}]
neural_net output [0.92895377 0.07104524]
target: 0 prediction: 0
neural_net output [0.92694639 0.07305281]
target: 0 prediction: 0
neural_net output [0.92908922 0.07090983]
target: 0 prediction: 0
neural_net output [0.92710352 0.0728957 ]
target: 0 prediction: 0
neural_net output [0.09315604 0.90685682]
target: 0 prediction: 1
neural_net output [0.92880789 0.07119126]
target: 0 prediction: 0
neural_net output [0.92845932 0.07153961]
target: 0 prediction: 0
neural_net output [0.9242514  0.07574764]
target: 0 prediction: 0
neural_net output [0.92897311 0.07102597]
target: 0 prediction: 0
neural_net output [0.92457922 0.07542052]
target: 0 prediction: 0
neural_net output [0.92731087 0.07268842]
target: 0 prediction: 0
neural_net output [0.92868132 0.07131774]
target: 0 prediction: 0
neural_net output [0.90077191 0.09922988]
target: 0 prediction: 0
neural_net output [0.92755453 0.0724445 ]
target: 0 prediction: 0
neural_net output [0.92906541 0.07093363]
target: 0 prediction: 0
neural_net output [0.92755453 0.0724445 ]
target: 0 prediction: 0
neural_net output [0.92866588 0.07133323]
target: 0 prediction: 0
neural_net output [0.91519717 0.08480133]
target: 0 prediction: 0
neural_net output [0.92755453 0.0724445 ]
target: 0 prediction: 0
neural_net output [0.92768125 0.0723178 ]
target: 0 prediction: 0
neural_net output [0.9289734  0.07102559]
target: 0 prediction: 0
neural_net output [0.92694639 0.07305281]
target: 0 prediction: 0
neural_net output [0.92927831 0.0707207 ]
target: 0 prediction: 0
neural_net output [0.92124264 0.0787564 ]
target: 0 prediction: 0
neural_net output [0.92908922 0.07090983]
target: 0 prediction: 0
neural_net output [0.92393307 0.0760669 ]
target: 0 prediction: 0
neural_net output [0.92974873 0.07025028]
target: 0 prediction: 0
neural_net output [0.92768125 0.0723178 ]
target: 0 prediction: 0
neural_net output [0.92371051 0.0762887 ]
target: 0 prediction: 0
neural_net output [0.92794852 0.07205066]
target: 0 prediction: 0
neural_net output [0.92694639 0.07305281]
target: 0 prediction: 0
neural_net output [0.92812737 0.07187173]
target: 0 prediction: 0
neural_net output [0.92946563 0.0705334 ]
target: 0 prediction: 0
neural_net output [0.03221004 0.9677941 ]
target: 1 prediction: 1
neural_net output [0.01947062 0.98053161]
target: 1 prediction: 1
neural_net output [0.0278223  0.97218123]
target: 1 prediction: 1
neural_net output [0.01923937 0.98076282]
target: 1 prediction: 1
neural_net output [0.01919102 0.98081116]
target: 1 prediction: 1
neural_net output [0.021433   0.97856981]
target: 1 prediction: 1
neural_net output [0.01931108 0.98069113]
target: 1 prediction: 1
neural_net output [0.03526598 0.96473866]
target: 1 prediction: 1
neural_net output [0.01924474 0.98075746]
target: 1 prediction: 1
neural_net output [0.01994392 0.98005836]
target: 1 prediction: 1
neural_net output [0.02167225 0.97833035]
target: 1 prediction: 1
neural_net output [0.02058293 0.97941945]
target: 1 prediction: 1
neural_net output [0.02063926 0.97936314]
target: 1 prediction: 1
neural_net output [0.05885853 0.94114778]
target: 1 prediction: 1
neural_net output [0.0196754  0.98032685]
target: 1 prediction: 1
neural_net output [0.02266588 0.97733679]
target: 1 prediction: 1
neural_net output [0.01940636 0.98059589]
target: 1 prediction: 1
neural_net output [0.02489122 0.97511176]
target: 1 prediction: 1
neural_net output [0.02898329 0.97102009]
target: 1 prediction: 1
neural_net output [0.02014955 0.97985285]
target: 1 prediction: 1
neural_net output [0.92200635 0.0779933 ]
target: 1 prediction: 0
neural_net output [0.02560478 0.97439929]
target: 1 prediction: 1
neural_net output [0.02004831 0.97995405]
target: 1 prediction: 1
neural_net output [0.0203336  0.97966873]
target: 1 prediction: 1
neural_net output [0.02088655 0.97911595]
target: 1 prediction: 1
neural_net output [0.86783307 0.13217082]
target: 1 prediction: 0
neural_net output [0.01987635 0.98012591]
target: 1 prediction: 1
neural_net output [0.02489122 0.97511176]
target: 1 prediction: 1
neural_net output [0.02421909 0.9757837 ]
target: 1 prediction: 1
neural_net output [0.01916247 0.9808397 ]
target: 1 prediction: 1
neural_net output [0.01948644 0.98051577]
target: 1 prediction: 1
neural_net output [0.03815369 0.9618507 ]
target: 1 prediction: 1
neural_net output [0.02137415 0.97862839]
target: 1 prediction: 1
neural_net output [0.0191527  0.98084947]
target: 1 prediction: 1
neural_net output [0.02275852 0.97724378]
target: 1 prediction: 1
neural_net output [0.02427725 0.97572582]
target: 1 prediction: 1
neural_net output [0.01992037 0.98008184]
target: 1 prediction: 1
neural_net output [0.03538666 0.96461746]
target: 1 prediction: 1
neural_net output [0.04261068 0.95739585]
target: 1 prediction: 1
neural_net output [0.01948722 0.980515  ]
target: 1 prediction: 1
neural_net output [0.02049791 0.97950456]
target: 1 prediction: 1
neural_net output [0.02974469 0.97025885]
target: 1 prediction: 1
neural_net output [0.0629249  0.93708201]
target: 1 prediction: 1
neural_net output [0.0195352  0.98046702]
target: 1 prediction: 1
neural_net output [0.03794867 0.96205596]
target: 1 prediction: 1
neural_net output [0.02562494 0.97437798]
target: 1 prediction: 1
neural_net output [0.02863608 0.9713678 ]
target: 1 prediction: 1
neural_net output [0.90296753 0.09703141]
target: 1 prediction: 0
neural_net output [0.91796612 0.08203351]
target: 1 prediction: 0
neural_net output [0.01994392 0.98005836]
target: 1 prediction: 1
neural_net output [0.88452622 0.1154741 ]
target: 1 prediction: 0
neural_net output [0.04258201 0.95742328]
target: 1 prediction: 1
neural_net output [0.02154099 0.97846149]
target: 1 prediction: 1
Accuracy: 93.02325581395348 %

train_data group 1 length:  348
   0   1   2   3   4   5   6   7   8  ...  40  41  42  43  44  45  46  47  48
0   1   0   0   1   0   0   1   0   0 ...   1   0   1   0   0   0   1   0   0
1   1   0   0   0   1   0   1   0   0 ...   1   0   1   0   0   0   1   0   0
2   1   0   0   0   1   0   1   0   0 ...   1   0   1   0   0   0   1   0   0
3   1   0   0   0   1   0   1   0   0 ...   1   0   1   0   0   1   0   0   0
4   0   1   0   1   0   0   1   0   0 ...   1   0   1   0   0   0   1   0   0

[5 rows x 49 columns]
Initial Neural Network:
[{'weights': array([[ 0.008, -0.01 ,  0.004, -0.01 ,  0.009, -0.002,  0.01 ,  0.004,
         0.   , -0.01 , -0.009, -0.01 , -0.007, -0.004, -0.008, -0.004,
         0.001, -0.001,  0.   ,  0.001, -0.008,  0.003, -0.005,  0.009,
         0.001,  0.004, -0.004,  0.003,  0.004, -0.006, -0.009,  0.002,
         0.003, -0.01 ,  0.006, -0.001,  0.009,  0.005,  0.01 ,  0.008,
        -0.005, -0.002,  0.01 ,  0.003,  0.01 , -0.004, -0.009, -0.004,
         0.004],
       [-0.004,  0.   ,  0.006,  0.004,  0.004, -0.003,  0.   ,  0.001,
         0.005,  0.007, -0.001, -0.009,  0.001,  0.007, -0.007, -0.007,
        -0.007,  0.006,  0.009,  0.007,  0.004, -0.006,  0.004,  0.   ,
         0.007, -0.001, -0.008,  0.004, -0.004, -0.006,  0.004,  0.002,
         0.007, -0.008,  0.007, -0.002,  0.007,  0.004, -0.004, -0.001,
        -0.002, -0.005,  0.01 , -0.001,  0.003,  0.   ,  0.004,  0.006,
        -0.004],
       [-0.009, -0.008,  0.   , -0.005, -0.004, -0.003,  0.006,  0.007,
         0.   ,  0.009, -0.007, -0.004,  0.003, -0.006,  0.009, -0.001,
        -0.007,  0.005, -0.002,  0.009, -0.009, -0.003,  0.   ,  0.   ,
        -0.002,  0.003, -0.007,  0.008,  0.   ,  0.001, -0.003,  0.01 ,
        -0.006, -0.007, -0.009,  0.002, -0.003, -0.009,  0.005, -0.002,
         0.003,  0.007,  0.   ,  0.008,  0.006,  0.   ,  0.002,  0.007,
        -0.006],
       [-0.01 , -0.01 ,  0.004, -0.009,  0.01 ,  0.004, -0.008, -0.01 ,
         0.005,  0.007,  0.002, -0.005,  0.004,  0.   ,  0.   ,  0.002,
         0.008,  0.005,  0.001,  0.008, -0.002, -0.008,  0.009, -0.004,
        -0.001, -0.01 ,  0.006, -0.01 ,  0.001,  0.006,  0.001,  0.005,
         0.006,  0.001, -0.001, -0.001, -0.008,  0.005, -0.001,  0.001,
        -0.003, -0.002, -0.003,  0.008, -0.005,  0.002,  0.001,  0.007,
        -0.01 ],
       [-0.004, -0.005, -0.004,  0.003,  0.002,  0.   , -0.007,  0.001,
        -0.006, -0.005,  0.01 , -0.008, -0.005,  0.008,  0.001, -0.001,
         0.005, -0.003,  0.006, -0.004, -0.003,  0.002,  0.005,  0.002,
         0.004, -0.01 , -0.004,  0.006,  0.01 , -0.009, -0.008, -0.001,
        -0.008,  0.007,  0.002, -0.007,  0.003,  0.008, -0.002, -0.002,
        -0.009, -0.007, -0.002,  0.004, -0.003,  0.003,  0.007,  0.006,
        -0.005],
       [ 0.002, -0.009, -0.006, -0.006,  0.   ,  0.003,  0.001,  0.001,
        -0.007,  0.007, -0.002, -0.004,  0.01 ,  0.001,  0.007, -0.007,
        -0.002,  0.   , -0.006,  0.   , -0.003, -0.007,  0.002,  0.   ,
        -0.001,  0.007,  0.006, -0.001, -0.007, -0.005,  0.009, -0.005,
        -0.003,  0.005, -0.001,  0.004,  0.006, -0.007,  0.003,  0.   ,
        -0.007, -0.006,  0.009,  0.008, -0.01 , -0.01 , -0.002,  0.009,
        -0.003]]), 'deltas': array([[0.],
       [0.],
       [0.],
       [0.],
       [0.],
       [0.]]), 'outputs': array([[0.],
       [0.],
       [0.],
       [0.],
       [0.],
       [0.]]), 'errors': array([[0.],
       [0.],
       [0.],
       [0.],
       [0.],
       [0.]])}, {'weights': array([[-0.004, -0.006,  0.01 ,  0.001, -0.002,  0.004],
       [-0.002, -0.009,  0.001,  0.007, -0.001,  0.01 ]]), 'deltas': array([[0.],
       [0.],
       [0.]]), 'outputs': array([[0.],
       [0.],
       [0.]]), 'errors': array([[0.],
       [0.],
       [0.]])}]
Training complete!
Training done. epoch: 4 , total error: 0.00040150005792627196
[{'weights': array([[ 5.33935032e-02, -7.67780017e-02,  5.08014101e-02,
        -3.79805509e-01,  2.43889235e-02,  3.77833497e-01,
        -2.06918435e+00,  1.74171974e+00,  3.66881522e-01,
         3.93856289e+00, -3.87261203e+00, -6.95339480e-02,
         8.07010697e-01, -8.13195500e-01,  1.26017146e-02,
        -7.67981684e-01,  9.39328325e-01, -1.49929730e-01,
         1.84443636e+00, -1.45287670e+00, -3.73142754e-01,
         4.28733285e-01,  8.78112728e-01, -1.27442910e+00,
        -1.39024160e+00,  9.82662444e-01,  4.33996066e-01,
         1.24213842e+00, -8.43634141e-01, -3.72087369e-01,
        -2.26668333e+00,  1.82324164e+00,  4.64858601e-01,
         8.97078239e-01,  1.81238962e-01, -1.05790029e+00,
        -1.78321618e-01, -8.31392564e-02,  3.10877786e-01,
         4.47895235e-01,  4.43346892e-01, -8.64825215e-01,
        -7.28000533e-01,  1.38148270e+00, -6.05065251e-01,
         6.55041165e-01, -8.94782989e-01,  2.48158735e-01,
         2.94169116e-02],
       [ 3.13689189e-02, -8.86367610e-02,  1.36149109e-01,
        -6.00155689e-01,  2.82220832e-01,  3.99816124e-01,
        -2.24254116e+00,  1.80696716e+00,  5.18455260e-01,
         3.95980237e+00, -3.89574919e+00,  9.82808316e-03,
         9.49939122e-01, -8.77111371e-01,  5.05351703e-03,
        -7.12044636e-01,  9.28983315e-01, -1.48057411e-01,
         1.70082166e+00, -1.23673300e+00, -3.67207391e-01,
         2.81612684e-01,  8.55573398e-01, -1.06230482e+00,
        -1.48101782e+00,  1.18976438e+00,  3.66134706e-01,
         1.38017767e+00, -9.32611833e-01, -3.76684572e-01,
        -2.27720600e+00,  1.94813328e+00,  4.18953994e-01,
         1.13650262e+00,  6.10880708e-02, -1.12370942e+00,
        -1.42492294e-01, -8.17999235e-02,  3.08173485e-01,
         4.06157321e-01,  4.09603744e-01, -7.46879798e-01,
        -8.05084780e-01,  1.51254431e+00, -6.18578259e-01,
         6.39956485e-01, -1.19958269e+00,  6.46507476e-01,
         7.28812674e-02],
       [ 2.17447159e-01, -1.76347324e-01, -6.82363231e-02,
        -3.01150116e-01,  1.12782641e-02,  2.67735364e-01,
        -2.15639049e+00,  2.00604551e+00,  1.53208495e-01,
         3.86596534e+00, -3.70107123e+00, -1.77030599e-01,
         5.91744051e-01, -6.14713715e-01,  1.88331763e-02,
        -9.17257645e-01,  1.05838327e+00, -1.54262114e-01,
         1.87167977e+00, -1.48998097e+00, -3.93835288e-01,
         4.47733743e-01,  6.38697269e-01, -1.09956750e+00,
        -1.24329868e+00,  7.81200167e-01,  4.45962027e-01,
         1.07724101e+00, -7.03327850e-01, -3.75049643e-01,
        -2.08213440e+00,  1.73645932e+00,  3.36538590e-01,
         1.00245928e+00,  1.59892038e-01, -1.18648781e+00,
        -2.05736398e-01, -2.93867362e-01,  4.82467272e-01,
         5.85764347e-01,  7.31145632e-02, -6.61015399e-01,
        -8.44963550e-01,  1.47945267e+00, -6.30625612e-01,
         7.30043474e-01, -9.61278441e-01,  2.30098479e-01,
        -1.61364880e-02],
       [ 1.44222634e-01, -1.73592830e-01,  9.69953725e-02,
        -5.95335683e-01,  3.25145079e-01,  3.58815781e-01,
        -2.31015222e+00,  1.83282776e+00,  5.47949639e-01,
         3.98455118e+00, -3.86590075e+00, -3.10252519e-02,
         9.16903377e-01, -8.39716064e-01,  1.04378629e-02,
        -7.39150603e-01,  9.93574277e-01, -1.55798498e-01,
         1.75884744e+00, -1.26804607e+00, -4.00176196e-01,
         3.04978592e-01,  8.45285644e-01, -1.06963906e+00,
        -1.51144548e+00,  1.21600794e+00,  3.74062718e-01,
         1.64578710e+00, -1.19403731e+00, -3.71124615e-01,
        -2.30679618e+00,  2.06924779e+00,  3.33173560e-01,
         1.26287241e+00, -9.26829700e-02, -1.08756426e+00,
        -1.60321075e-01, -2.84877431e-01,  5.24823682e-01,
         3.78689669e-01,  4.86476832e-01, -7.85541326e-01,
        -1.07801195e+00,  1.84108356e+00, -6.79446443e-01,
         5.96071264e-01, -9.96125078e-01,  4.93678989e-01,
         7.36251760e-02],
       [ 2.24915069e-01, -1.54410783e-01, -1.06523744e-01,
        -3.82951684e-01,  1.32107012e-01,  2.32825214e-01,
        -2.33767004e+00,  2.20753516e+00,  9.51154210e-02,
         3.77442843e+00, -3.57424910e+00, -2.26198783e-01,
         5.60867587e-01, -5.98294261e-01,  1.84072156e-02,
        -8.99415225e-01,  1.03539115e+00, -1.57995381e-01,
         1.93331741e+00, -1.58552195e+00, -3.71814919e-01,
         4.72631435e-01,  6.15233115e-01, -1.10188401e+00,
        -1.26697375e+00,  7.76712064e-01,  4.57242225e-01,
         1.12037971e+00, -7.56592222e-01, -3.79806942e-01,
        -2.17791028e+00,  1.83798250e+00,  2.99908324e-01,
         1.01744756e+00,  1.51586777e-01, -1.19005379e+00,
        -1.22523653e-01, -3.75224594e-01,  4.83728789e-01,
         5.70527734e-01,  6.60115751e-02, -6.77558766e-01,
        -7.64660947e-01,  1.37409576e+00, -6.33454269e-01,
         6.49611670e-01, -8.89778478e-01,  2.33147350e-01,
        -2.80194577e-02],
       [ 2.00000000e-03, -9.00000000e-03, -6.00000000e-03,
        -6.00000000e-03,  0.00000000e+00,  3.00000000e-03,
         1.00000000e-03,  1.00000000e-03, -7.00000000e-03,
         7.00000000e-03, -2.00000000e-03, -4.00000000e-03,
         1.00000000e-02,  1.00000000e-03,  7.00000000e-03,
        -7.00000000e-03, -2.00000000e-03,  0.00000000e+00,
        -6.00000000e-03,  0.00000000e+00, -3.00000000e-03,
        -7.00000000e-03,  2.00000000e-03,  0.00000000e+00,
        -1.00000000e-03,  7.00000000e-03,  6.00000000e-03,
        -1.00000000e-03, -7.00000000e-03, -5.00000000e-03,
         9.00000000e-03, -5.00000000e-03, -3.00000000e-03,
         5.00000000e-03, -1.00000000e-03,  4.00000000e-03,
         6.00000000e-03, -7.00000000e-03,  3.00000000e-03,
         0.00000000e+00, -7.00000000e-03, -6.00000000e-03,
         9.00000000e-03,  8.00000000e-03, -1.00000000e-02,
        -1.00000000e-02, -2.00000000e-03,  9.00000000e-03,
        -3.00000000e-03]]), 'deltas': array([[2.92262493e-05],
       [1.15940314e-05],
       [3.68561802e-05],
       [8.99122558e-06],
       [3.66990122e-05],
       [0.00000000e+00]]), 'outputs': array([[0.99049725],
       [0.99625204],
       [0.98798596],
       [0.9970959 ],
       [0.98803782],
       [1.        ]]), 'errors': 0.0031050644719389266}, {'weights': array([[-1.37850725, -1.27504135, -1.44955093, -1.24819894, -1.42642728,
         2.82952433],
       [ 1.37348684,  1.26170791,  1.46148832,  1.25757513,  1.42436607,
        -2.8289363 ]]), 'deltas': array([[-0.00039401],
       [ 0.0003929 ]]), 'outputs': array([[0.02005167],
       [0.97997674]]), 'errors': array([[-0.02005167],
       [ 0.02002326]])}]
Accuracy: 97.70114942528735 %

train_data group 2 length:  348
   0   1   2   3   4   5   6   7   8  ...  40  41  42  43  44  45  46  47  48
0   1   0   0   1   0   0   1   0   0 ...   1   0   1   0   0   0   1   0   0
1   1   0   0   0   1   0   1   0   0 ...   1   0   1   0   0   0   1   0   0
2   1   0   0   0   1   0   1   0   0 ...   1   0   1   0   0   0   1   0   0
3   1   0   0   0   1   0   1   0   0 ...   1   0   1   0   0   1   0   0   0
4   0   1   0   1   0   0   1   0   0 ...   1   0   1   0   0   0   1   0   0

[5 rows x 49 columns]
Initial Neural Network:
[{'weights': array([[-0.006, -0.003, -0.001,  0.   , -0.007, -0.001,  0.001, -0.002,
         0.009, -0.002,  0.004,  0.004,  0.006, -0.001, -0.003, -0.009,
         0.009,  0.01 ,  0.   ,  0.006,  0.   , -0.006, -0.008,  0.005,
         0.006,  0.003,  0.003, -0.008,  0.002, -0.002, -0.01 , -0.003,
         0.003,  0.008,  0.004, -0.007, -0.008,  0.008,  0.01 ,  0.005,
         0.009, -0.009,  0.01 ,  0.002, -0.009,  0.   ,  0.007,  0.006,
         0.009],
       [-0.008, -0.004, -0.006, -0.007,  0.004, -0.007,  0.008,  0.002,
         0.004, -0.01 ,  0.009, -0.01 ,  0.005, -0.002,  0.003,  0.002,
         0.006,  0.008, -0.002,  0.009,  0.007, -0.009,  0.008,  0.007,
         0.008,  0.01 , -0.01 ,  0.003, -0.008,  0.003, -0.001, -0.01 ,
         0.01 , -0.003,  0.009, -0.01 , -0.01 ,  0.004, -0.002, -0.001,
         0.008, -0.008, -0.004, -0.004, -0.004,  0.006, -0.008,  0.006,
        -0.009],
       [-0.007,  0.001,  0.001,  0.   , -0.009, -0.007,  0.01 , -0.007,
        -0.009,  0.006,  0.006, -0.001,  0.001, -0.009,  0.002,  0.006,
        -0.009,  0.003, -0.008, -0.001,  0.003,  0.002, -0.008,  0.01 ,
        -0.007, -0.01 ,  0.01 ,  0.   , -0.002,  0.001, -0.008, -0.003,
         0.008,  0.008,  0.008, -0.01 ,  0.002,  0.006, -0.009, -0.008,
         0.008,  0.   ,  0.006,  0.007, -0.005,  0.009,  0.005,  0.002,
        -0.008],
       [-0.007, -0.009, -0.01 , -0.009, -0.003,  0.005,  0.006, -0.001,
         0.01 ,  0.01 , -0.006,  0.006,  0.008, -0.007,  0.009, -0.006,
         0.005,  0.003,  0.003, -0.003,  0.007,  0.009,  0.003, -0.007,
         0.003,  0.001,  0.003,  0.004, -0.005, -0.005, -0.007,  0.01 ,
         0.005,  0.009,  0.   ,  0.   ,  0.007,  0.003,  0.001,  0.001,
        -0.01 , -0.002,  0.004, -0.001,  0.01 , -0.009,  0.008,  0.009,
        -0.008],
       [ 0.004, -0.002,  0.007, -0.001,  0.005,  0.007, -0.007, -0.01 ,
        -0.006, -0.006, -0.003,  0.009, -0.001,  0.005, -0.007,  0.01 ,
         0.002, -0.01 , -0.008,  0.008,  0.004,  0.   ,  0.007, -0.007,
         0.009,  0.01 ,  0.004,  0.005, -0.006,  0.009, -0.007, -0.001,
        -0.007, -0.006,  0.003, -0.002,  0.01 , -0.01 , -0.001,  0.002,
        -0.003,  0.007, -0.01 , -0.001, -0.001,  0.002, -0.004, -0.002,
        -0.009],
       [-0.007,  0.004, -0.001, -0.009, -0.009,  0.004,  0.001,  0.009,
         0.007, -0.01 , -0.004,  0.006, -0.01 , -0.009,  0.002, -0.002,
         0.01 , -0.004, -0.001, -0.009, -0.003,  0.007, -0.008, -0.007,
        -0.003, -0.006,  0.004, -0.005,  0.003,  0.01 ,  0.005, -0.001,
         0.003, -0.01 ,  0.007,  0.002,  0.006,  0.005, -0.002, -0.004,
        -0.007,  0.006,  0.   ,  0.007,  0.004, -0.008, -0.008, -0.01 ,
         0.001]]), 'deltas': array([[0.],
       [0.],
       [0.],
       [0.],
       [0.],
       [0.]]), 'outputs': array([[0.],
       [0.],
       [0.],
       [0.],
       [0.],
       [0.]]), 'errors': array([[0.],
       [0.],
       [0.],
       [0.],
       [0.],
       [0.]])}, {'weights': array([[-0.005,  0.01 , -0.008,  0.002,  0.01 , -0.004],
       [-0.005,  0.008,  0.002,  0.   , -0.008, -0.004]]), 'deltas': array([[0.],
       [0.],
       [0.]]), 'outputs': array([[0.],
       [0.],
       [0.]]), 'errors': array([[0.],
       [0.],
       [0.]])}]
Training complete!
Training done. epoch: 2 , total error: 0.00041910750733833996
[{'weights': array([[-2.96757048e-01,  1.35963821e-01,  2.93160691e-01,
        -8.71092125e-01,  8.17704251e-01,  1.87755339e-01,
        -1.87166711e+00,  1.46188449e+00,  5.60150082e-01,
         3.01831744e+00, -2.97799115e+00,  1.08041176e-01,
         1.01779288e+00, -1.04605655e+00,  1.72631138e-01,
         4.00789940e-02, -1.14707996e-02,  1.23759270e-01,
         1.10788629e+00, -1.01697391e+00,  5.74550901e-02,
        -4.15557474e-02,  3.89163349e-01, -2.14240138e-01,
        -1.18261080e+00,  1.70746943e+00, -3.70491164e-01,
         6.39043605e-01, -5.63427473e-01,  5.87513320e-02,
        -1.35397635e+00,  1.45635347e+00,  2.99903437e-02,
         6.59756275e-01, -4.30929396e-01, -8.14594140e-02,
        -1.13675274e-02, -8.35785413e-02,  2.47313533e-01,
         4.60948005e-01, -3.22556832e-01,  8.97629040e-03,
         2.19649352e-01,  1.52004144e-01, -2.26286032e-01,
         6.44530930e-01, -9.56990974e-01,  4.67827508e-01,
         1.51367464e-01],
       [-2.88921312e-01,  1.38915778e-01,  2.81996227e-01,
        -8.74058843e-01,  8.26165464e-01,  1.87884072e-01,
        -1.84753970e+00,  1.46174255e+00,  5.49787841e-01,
         2.99485992e+00, -2.95620301e+00,  1.00333785e-01,
         1.01598737e+00, -1.04542365e+00,  1.85426975e-01,
         6.37454044e-02, -2.65041913e-02,  1.28749479e-01,
         1.10048913e+00, -1.00694664e+00,  7.04481992e-02,
        -3.37725423e-02,  3.92920207e-01, -2.03156972e-01,
        -1.17646939e+00,  1.71279528e+00, -3.78335206e-01,
         6.74937307e-01, -5.96667908e-01,  6.97212939e-02,
        -1.35023973e+00,  1.45816917e+00,  4.10612539e-02,
         6.54958738e-01, -4.36879811e-01, -7.20882344e-02,
        -5.95351146e-03, -1.07630980e-01,  2.55575184e-01,
         4.58723518e-01, -3.24179601e-01,  1.44467760e-02,
         1.98323355e-01,  1.55459306e-01, -2.15791968e-01,
         6.51461637e-01, -9.60860021e-01,  4.63389077e-01,
         1.40990692e-01],
       [-2.83466099e-01,  1.39535692e-01,  2.85792880e-01,
        -8.64060272e-01,  8.15638010e-01,  1.79284736e-01,
        -1.84419651e+00,  1.45667408e+00,  5.28384903e-01,
         3.01664013e+00, -2.96286777e+00,  1.04090111e-01,
         1.01775578e+00, -1.05384662e+00,  1.76953305e-01,
         6.19478255e-02, -3.30184571e-02,  1.17933105e-01,
         1.09109738e+00, -1.01084828e+00,  6.06133686e-02,
        -3.20746249e-02,  3.88856566e-01, -2.05919468e-01,
        -1.18813367e+00,  1.68717196e+00, -3.59175811e-01,
         6.71451905e-01, -5.88293106e-01,  6.27036738e-02,
        -1.34416274e+00,  1.45250813e+00,  3.55170853e-02,
         6.62823171e-01, -4.26531549e-01, -8.34291491e-02,
         3.14773320e-03, -9.68665011e-02,  2.39581241e-01,
         4.49124205e-01, -3.22309556e-01,  2.00478245e-02,
         2.10270155e-01,  1.65319007e-01, -2.20726688e-01,
         6.53208930e-01, -9.50268499e-01,  4.59922042e-01,
         1.38862473e-01],
       [-3.00547454e-01,  1.34752801e-01,  2.83952232e-01,
        -8.73103743e-01,  8.23464724e-01,  1.86796598e-01,
        -1.86219178e+00,  1.46084205e+00,  5.60507305e-01,
         3.03558047e+00, -2.98976514e+00,  1.08342247e-01,
         1.01784474e+00, -1.04599193e+00,  1.82304768e-01,
         4.06024001e-02, -1.06174091e-02,  1.16172588e-01,
         1.10968969e+00, -1.02040480e+00,  6.18726815e-02,
        -3.44412725e-02,  4.06737957e-01, -2.23139105e-01,
        -1.18799624e+00,  1.70634655e+00, -3.67192739e-01,
         6.33271621e-01, -5.52450500e-01,  5.73364584e-02,
        -1.34402382e+00,  1.46811560e+00,  2.80657952e-02,
         6.62285081e-01, -4.25511546e-01, -8.36159559e-02,
         1.48888901e-03, -8.07283848e-02,  2.34397075e-01,
         4.56583899e-01, -3.31148669e-01,  7.72234913e-03,
         2.29813956e-01,  1.44484845e-01, -2.17141222e-01,
         6.34708463e-01, -9.55314550e-01,  4.72763667e-01,
         1.36157579e-01],
       [-2.80421287e-01,  1.44542936e-01,  2.93740090e-01,
        -8.68642279e-01,  8.31499265e-01,  1.97004753e-01,
        -1.86348539e+00,  1.45071759e+00,  5.38629539e-01,
         2.99922619e+00, -2.96696610e+00,  1.16601648e-01,
         1.00814926e+00, -1.03675810e+00,  1.74470582e-01,
         6.71396975e-02, -2.54842906e-02,  1.09206332e-01,
         1.09359834e+00, -1.00856242e+00,  6.78258221e-02,
        -3.40590893e-02,  3.96771957e-01, -2.13851129e-01,
        -1.17881815e+00,  1.71414544e+00, -3.63465552e-01,
         6.69889634e-01, -5.88537830e-01,  7.55099348e-02,
        -1.35392881e+00,  1.46427376e+00,  2.35167901e-02,
         6.51671500e-01, -4.37754189e-01, -7.00555718e-02,
         8.26908422e-03, -1.11520375e-01,  2.51113029e-01,
         4.60391856e-01, -3.28752065e-01,  2.32219478e-02,
         2.02847633e-01,  1.49534406e-01, -2.15520301e-01,
         6.51185302e-01, -9.61742883e-01,  4.55419319e-01,
         1.39861739e-01],
       [-7.00000000e-03,  4.00000000e-03, -1.00000000e-03,
        -9.00000000e-03, -9.00000000e-03,  4.00000000e-03,
         1.00000000e-03,  9.00000000e-03,  7.00000000e-03,
        -1.00000000e-02, -4.00000000e-03,  6.00000000e-03,
        -1.00000000e-02, -9.00000000e-03,  2.00000000e-03,
        -2.00000000e-03,  1.00000000e-02, -4.00000000e-03,
        -1.00000000e-03, -9.00000000e-03, -3.00000000e-03,
         7.00000000e-03, -8.00000000e-03, -7.00000000e-03,
        -3.00000000e-03, -6.00000000e-03,  4.00000000e-03,
        -5.00000000e-03,  3.00000000e-03,  1.00000000e-02,
         5.00000000e-03, -1.00000000e-03,  3.00000000e-03,
        -1.00000000e-02,  7.00000000e-03,  2.00000000e-03,
         6.00000000e-03,  5.00000000e-03, -2.00000000e-03,
        -4.00000000e-03, -7.00000000e-03,  6.00000000e-03,
         0.00000000e+00,  7.00000000e-03,  4.00000000e-03,
        -8.00000000e-03, -8.00000000e-03, -1.00000000e-02,
         1.00000000e-03]]), 'deltas': array([[3.54152305e-06],
       [3.61862058e-06],
       [3.52260388e-06],
       [3.41409436e-06],
       [3.52840508e-06],
       [0.00000000e+00]]), 'outputs': array([[0.99888574],
       [0.99886145],
       [0.9988917 ],
       [0.99892587],
       [0.99888987],
       [1.        ]]), 'errors': 0.003181904636226737}, {'weights': array([[-1.33800589, -1.3101338 , -1.33418121, -1.35383487, -1.32041999,
         2.7780836 ],
       [ 1.3268771 ,  1.32697765,  1.32701934,  1.35469164,  1.3212537 ,
        -2.77814209]]), 'deltas': array([[-0.0004106 ],
       [ 0.00041045]]), 'outputs': array([[0.02047398],
       [0.97952975]]), 'errors': array([[-0.02047398],
       [ 0.02047025]])}]
Accuracy: 93.10344827586206 %

train_data group 3 length:  348
   0   1   2   3   4   5   6   7   8  ...  40  41  42  43  44  45  46  47  48
0   1   0   0   1   0   0   1   0   0 ...   1   0   1   0   0   0   1   0   0
1   1   0   0   0   1   0   1   0   0 ...   1   0   1   0   0   0   1   0   0
2   1   0   0   0   1   0   1   0   0 ...   1   0   1   0   0   0   1   0   0
3   1   0   0   0   1   0   1   0   0 ...   1   0   1   0   0   1   0   0   0
4   0   1   0   1   0   0   1   0   0 ...   1   0   1   0   0   0   1   0   0

[5 rows x 49 columns]
Initial Neural Network:
[{'weights': array([[ 0.009, -0.007, -0.002, -0.004, -0.003, -0.001, -0.003,  0.006,
        -0.006, -0.008, -0.009, -0.009,  0.009,  0.   , -0.01 , -0.004,
        -0.003, -0.001,  0.005,  0.004,  0.01 ,  0.008, -0.005,  0.005,
        -0.004, -0.002, -0.001,  0.006,  0.004,  0.006, -0.01 ,  0.   ,
         0.002,  0.006,  0.009,  0.004,  0.009,  0.001, -0.002, -0.002,
         0.006, -0.01 , -0.007,  0.005,  0.008, -0.009,  0.004,  0.01 ,
        -0.002],
       [ 0.   ,  0.005,  0.007, -0.009,  0.002,  0.005, -0.005, -0.01 ,
        -0.004,  0.01 ,  0.004,  0.004, -0.001, -0.006,  0.   ,  0.01 ,
         0.007, -0.008, -0.006,  0.005, -0.006, -0.008,  0.01 ,  0.001,
         0.009,  0.01 ,  0.001, -0.01 , -0.009, -0.005, -0.002, -0.007,
         0.005,  0.008, -0.008,  0.009,  0.006, -0.008, -0.006,  0.009,
        -0.009, -0.01 ,  0.007, -0.004,  0.001, -0.005, -0.003,  0.002,
         0.002],
       [ 0.002, -0.008,  0.006,  0.008,  0.006,  0.003,  0.009, -0.005,
         0.008,  0.007,  0.01 , -0.006,  0.001, -0.007,  0.008,  0.   ,
        -0.003,  0.006,  0.005, -0.01 , -0.005, -0.007, -0.005,  0.009,
         0.006,  0.004, -0.007, -0.003,  0.004, -0.004, -0.003,  0.009,
        -0.009, -0.004,  0.   ,  0.009,  0.007,  0.01 ,  0.002,  0.008,
        -0.003,  0.006,  0.009,  0.007,  0.007, -0.006,  0.01 , -0.008,
        -0.002],
       [-0.005, -0.01 , -0.002,  0.006,  0.01 ,  0.004, -0.01 , -0.01 ,
         0.006,  0.005,  0.002,  0.001, -0.002,  0.01 ,  0.002,  0.007,
        -0.008,  0.001, -0.004,  0.008,  0.01 , -0.008, -0.006,  0.007,
         0.001,  0.   , -0.002, -0.005, -0.007,  0.01 , -0.004, -0.005,
        -0.003, -0.004, -0.008,  0.006, -0.001,  0.001, -0.002, -0.01 ,
         0.009, -0.008,  0.002,  0.001, -0.01 ,  0.005,  0.004,  0.001,
        -0.002],
       [ 0.001,  0.008, -0.002, -0.005, -0.007, -0.007, -0.003,  0.004,
         0.001, -0.002,  0.007, -0.003, -0.001, -0.008,  0.004,  0.003,
        -0.003, -0.001,  0.009, -0.002,  0.01 ,  0.008, -0.002,  0.007,
        -0.009, -0.006, -0.004,  0.001, -0.004, -0.007, -0.01 , -0.003,
        -0.001, -0.005,  0.01 ,  0.01 , -0.008,  0.001,  0.009,  0.004,
         0.002,  0.001, -0.008,  0.001, -0.003,  0.009,  0.001,  0.006,
        -0.002],
       [-0.008, -0.006, -0.006,  0.007, -0.005, -0.008,  0.004,  0.005,
        -0.003, -0.002, -0.001,  0.006, -0.009,  0.003,  0.   ,  0.   ,
        -0.005,  0.004, -0.001,  0.005,  0.006, -0.01 , -0.008, -0.005,
         0.   , -0.007,  0.002, -0.003, -0.003, -0.009,  0.008, -0.003,
        -0.004, -0.008,  0.01 ,  0.   ,  0.008, -0.003,  0.008, -0.005,
        -0.006, -0.008,  0.006, -0.007, -0.009, -0.01 , -0.002,  0.001,
         0.007]]), 'deltas': array([[0.],
       [0.],
       [0.],
       [0.],
       [0.],
       [0.]]), 'outputs': array([[0.],
       [0.],
       [0.],
       [0.],
       [0.],
       [0.]]), 'errors': array([[0.],
       [0.],
       [0.],
       [0.],
       [0.],
       [0.]])}, {'weights': array([[ 0.002,  0.003, -0.001,  0.009,  0.001,  0.006],
       [ 0.   ,  0.007,  0.001,  0.   ,  0.005,  0.01 ]]), 'deltas': array([[0.],
       [0.],
       [0.]]), 'outputs': array([[0.],
       [0.],
       [0.]]), 'errors': array([[0.],
       [0.],
       [0.]])}]
Training complete!
Training done. epoch: 4 , total error: 5.5908832073420873e-05
[{'weights': array([[ 3.94169032e-01, -1.20231635e-01,  2.47805603e-01,
         3.53331211e-01,  2.20331007e-01, -5.99192178e-02,
        -1.97662478e+00,  2.00527892e+00,  4.90088861e-01,
         4.56444177e+00, -4.51190276e+00,  4.43203991e-01,
         7.21803594e-01, -1.55054300e-01, -4.60062938e-02,
        -6.58966862e-01,  9.33459188e-01,  2.39250674e-01,
         1.98986596e-01,  2.89951079e-01,  5.18053243e-02,
         7.23406680e-01,  3.83174443e-01, -5.76838123e-01,
        -1.04343870e+00,  1.14300623e+00,  4.15175474e-01,
         6.49817090e-01, -1.59996449e-01,  4.79223589e-02,
        -1.53583337e+00,  2.03348122e+00,  1.60951546e-02,
         6.17399342e-01,  3.85638745e-01, -4.62295087e-01,
        -5.77037674e-01,  4.22445779e-01,  6.84334895e-01,
         4.33362337e-01,  1.58650158e-01, -7.62694940e-02,
         9.51757606e-02,  3.38134074e-01,  9.44331658e-02,
         1.63670161e-01, -5.17283163e-01,  8.80356003e-01,
         5.19743000e-01],
       [ 4.35086997e-01, -1.00950397e-01,  2.52959696e-01,
         4.15818315e-01,  2.21552444e-01, -6.42744626e-02,
        -1.86739391e+00,  1.93143339e+00,  4.92056812e-01,
         4.64281680e+00, -4.50185752e+00,  4.52137016e-01,
         7.19547254e-01, -1.15175059e-01, -3.62758994e-02,
        -6.19387322e-01,  9.75124289e-01,  2.28359329e-01,
         1.63337410e-01,  3.64167827e-01,  4.05910588e-02,
         7.68665188e-01,  3.84228513e-01, -5.74797405e-01,
        -1.00215411e+00,  1.18055759e+00,  4.16692820e-01,
         6.70408146e-01, -1.55752310e-01,  3.64404598e-02,
        -1.45542827e+00,  2.00935705e+00,  1.71675209e-02,
         5.92550815e-01,  4.36889794e-01, -4.45344314e-01,
        -5.80668441e-01,  4.98012506e-01,  6.49752231e-01,
         4.40350346e-01,  1.92675934e-01, -6.79299842e-02,
         1.72901347e-01,  3.32469726e-01,  7.37252226e-02,
         1.55186888e-01, -4.27996911e-01,  8.41906319e-01,
         5.77096296e-01],
       [ 4.22701314e-01, -1.04247455e-01,  2.53973501e-01,
         4.25570748e-01,  2.26061816e-01, -6.22052039e-02,
        -1.86788009e+00,  1.94916679e+00,  5.03140651e-01,
         4.65426162e+00, -4.51479676e+00,  4.43962491e-01,
         7.23830233e-01, -1.20544927e-01, -2.88579456e-02,
        -6.35044129e-01,  9.63214873e-01,  2.47256615e-01,
         1.80066669e-01,  3.42670717e-01,  3.96899739e-02,
         7.54987987e-01,  3.87090569e-01, -5.72651196e-01,
        -1.00959624e+00,  1.17494140e+00,  4.10082192e-01,
         6.81291559e-01, -1.50297732e-01,  3.84335330e-02,
        -1.46061225e+00,  2.02606117e+00,  3.97843823e-03,
         5.85078913e-01,  4.42655749e-01, -4.50307303e-01,
        -5.80474914e-01,  5.03335004e-01,  6.68567270e-01,
         4.39409020e-01,  2.00735484e-01, -5.67171433e-02,
         1.70674618e-01,  3.37955543e-01,  8.67971990e-02,
         1.56238719e-01, -4.23226874e-01,  8.35415515e-01,
         5.70427360e-01],
       [ 4.40618668e-01, -1.23226725e-01,  2.47612122e-01,
         4.34682843e-01,  2.29581540e-01, -6.22603174e-02,
        -1.87291564e+00,  1.93852777e+00,  5.02391934e-01,
         4.66466572e+00, -4.52776884e+00,  4.53107192e-01,
         7.16567332e-01, -9.06152879e-02, -3.39479788e-02,
        -6.33478556e-01,  9.75754542e-01,  2.39728079e-01,
         1.77119371e-01,  3.64108366e-01,  5.47763275e-02,
         7.73704938e-01,  3.74441839e-01, -5.73142712e-01,
        -9.96591514e-01,  1.16356757e+00,  4.14028009e-01,
         6.82750861e-01, -1.55163139e-01,  5.24163435e-02,
        -1.44791201e+00,  2.00588962e+00,  1.20264508e-02,
         5.74400308e-01,  4.47864216e-01, -4.46260458e-01,
        -5.94494311e-01,  5.09255179e-01,  6.65243197e-01,
         4.32693562e-01,  2.08797759e-01, -6.84872561e-02,
         1.57244700e-01,  3.58035012e-01,  5.97243538e-02,
         1.57891072e-01, -4.14348237e-01,  8.48461231e-01,
         5.80004065e-01],
       [ 3.75103566e-01, -1.23051077e-01,  2.50995136e-01,
         3.37792203e-01,  2.06065793e-01, -6.68103711e-02,
        -1.97627864e+00,  1.98014335e+00,  4.94182915e-01,
         4.53437680e+00, -4.48325862e+00,  4.46929449e-01,
         7.08350383e-01, -1.85053575e-01, -3.22491830e-02,
        -6.51912933e-01,  9.10335055e-01,  2.36625503e-01,
         1.90065270e-01,  2.67709824e-01,  5.52725316e-02,
         7.15410327e-01,  3.68791460e-01, -5.75154161e-01,
        -1.07060549e+00,  1.13333754e+00,  4.14315576e-01,
         6.18407342e-01, -1.67823020e-01,  3.54633028e-02,
        -1.54794472e+00,  2.01853174e+00,  1.14606014e-02,
         5.95753180e-01,  3.74524181e-01, -4.59229735e-01,
        -6.03259786e-01,  4.18708598e-01,  6.82598814e-01,
         4.42149327e-01,  1.24512010e-01, -6.36137116e-02,
         9.06162601e-02,  3.24000495e-01,  7.14308702e-02,
         1.76387610e-01, -5.36553355e-01,  8.72213371e-01,
         4.94047625e-01],
       [-8.00000000e-03, -6.00000000e-03, -6.00000000e-03,
         7.00000000e-03, -5.00000000e-03, -8.00000000e-03,
         4.00000000e-03,  5.00000000e-03, -3.00000000e-03,
        -2.00000000e-03, -1.00000000e-03,  6.00000000e-03,
        -9.00000000e-03,  3.00000000e-03,  0.00000000e+00,
         0.00000000e+00, -5.00000000e-03,  4.00000000e-03,
        -1.00000000e-03,  5.00000000e-03,  6.00000000e-03,
        -1.00000000e-02, -8.00000000e-03, -5.00000000e-03,
         0.00000000e+00, -7.00000000e-03,  2.00000000e-03,
        -3.00000000e-03, -3.00000000e-03, -9.00000000e-03,
         8.00000000e-03, -3.00000000e-03, -4.00000000e-03,
        -8.00000000e-03,  1.00000000e-02,  0.00000000e+00,
         8.00000000e-03, -3.00000000e-03,  8.00000000e-03,
        -5.00000000e-03, -6.00000000e-03, -8.00000000e-03,
         6.00000000e-03, -7.00000000e-03, -9.00000000e-03,
        -1.00000000e-02, -2.00000000e-03,  1.00000000e-03,
         7.00000000e-03]]), 'deltas': array([[3.69462884e-08],
       [2.84216571e-08],
       [2.89340289e-08],
       [2.89949516e-08],
       [4.73517781e-08],
       [0.00000000e+00]]), 'outputs': array([[0.9999319 ],
       [0.99994761],
       [0.99994667],
       [0.99994656],
       [0.99991272],
       [1.        ]]), 'errors': 0.0005425739649202854}, {'weights': array([[-1.5299971 , -1.5329934 , -1.520246  , -1.50496172, -1.4932799 ,
         2.69219568],
       [ 1.52659472,  1.53754872,  1.51480867,  1.50861538,  1.49395282,
        -2.69220699]]), 'deltas': array([[-5.54924865e-05],
       [ 5.54890923e-05]]), 'outputs': array([[0.00747734],
       [0.99252289]]), 'errors': array([[-0.00747734],
       [ 0.00747711]])}]
Accuracy: 91.95402298850574 %

train_data group 4 length:  347
   0   1   2   3   4   5   6   7   8  ...  40  41  42  43  44  45  46  47  48
0   1   0   0   1   0   0   1   0   0 ...   1   0   1   0   0   0   1   0   0
1   1   0   0   0   1   0   1   0   0 ...   1   0   1   0   0   0   1   0   0
2   1   0   0   0   1   0   1   0   0 ...   1   0   1   0   0   0   1   0   0
3   1   0   0   0   1   0   1   0   0 ...   1   0   1   0   0   1   0   0   0
4   0   1   0   1   0   0   1   0   0 ...   1   0   1   0   0   0   1   0   0

[5 rows x 49 columns]
Initial Neural Network:
[{'weights': array([[-0.006, -0.002, -0.005,  0.002,  0.002, -0.009, -0.007, -0.004,
         0.   ,  0.002,  0.01 ,  0.007, -0.004, -0.001, -0.001, -0.004,
        -0.002, -0.001, -0.01 , -0.008, -0.006,  0.007,  0.005, -0.006,
         0.006,  0.007, -0.007,  0.002,  0.004,  0.005, -0.01 , -0.009,
        -0.007, -0.003, -0.005,  0.006,  0.008,  0.01 ,  0.009,  0.006,
         0.002, -0.001,  0.007,  0.007,  0.008, -0.001, -0.003, -0.01 ,
         0.01 ],
       [-0.001, -0.005, -0.006, -0.006,  0.003, -0.006,  0.   , -0.007,
        -0.007,  0.001,  0.007, -0.005, -0.002, -0.003,  0.001, -0.01 ,
        -0.002,  0.001, -0.005, -0.004,  0.006,  0.01 ,  0.001,  0.006,
         0.006, -0.003, -0.009, -0.004, -0.008,  0.005, -0.008,  0.003,
         0.008,  0.001, -0.006, -0.007,  0.009, -0.001,  0.008,  0.006,
         0.   , -0.004, -0.004, -0.008, -0.007,  0.004, -0.001,  0.008,
        -0.009],
       [ 0.002, -0.001,  0.002, -0.008, -0.01 ,  0.   ,  0.001, -0.006,
         0.004, -0.003,  0.008,  0.003, -0.006,  0.003,  0.01 , -0.005,
         0.008,  0.01 , -0.006, -0.006,  0.001, -0.004,  0.005,  0.009,
        -0.003, -0.005, -0.009,  0.004, -0.003,  0.   , -0.006,  0.   ,
         0.01 ,  0.01 ,  0.   , -0.007, -0.003,  0.   ,  0.008,  0.003,
         0.01 ,  0.004, -0.005, -0.009,  0.006, -0.01 ,  0.   ,  0.01 ,
        -0.002],
       [ 0.002,  0.009, -0.006,  0.007,  0.005,  0.008,  0.003,  0.009,
        -0.01 , -0.003,  0.005,  0.002, -0.008,  0.004, -0.008,  0.009,
        -0.007, -0.007,  0.008,  0.   , -0.004, -0.005,  0.003,  0.001,
         0.001, -0.007,  0.003, -0.008,  0.001,  0.002,  0.004,  0.001,
         0.008,  0.003, -0.001,  0.002,  0.007, -0.008,  0.008, -0.005,
        -0.004,  0.003, -0.003,  0.002,  0.008, -0.003, -0.005, -0.003,
         0.006],
       [-0.002,  0.01 ,  0.006,  0.001,  0.005,  0.002, -0.003,  0.006,
         0.002, -0.008,  0.01 , -0.006, -0.009, -0.001,  0.004,  0.002,
        -0.01 , -0.002,  0.01 , -0.009,  0.005,  0.007,  0.003,  0.002,
        -0.005,  0.   , -0.007, -0.007,  0.008, -0.006, -0.008, -0.003,
        -0.005, -0.008,  0.006,  0.005,  0.008, -0.002, -0.01 , -0.008,
         0.009, -0.006, -0.007,  0.008,  0.004, -0.002, -0.005,  0.001,
         0.003],
       [ 0.01 ,  0.001, -0.004,  0.003, -0.008,  0.01 , -0.002, -0.004,
        -0.003,  0.006, -0.007, -0.007,  0.004, -0.007, -0.007, -0.006,
        -0.004, -0.001,  0.007,  0.004,  0.008,  0.001, -0.003, -0.001,
        -0.006,  0.004,  0.003, -0.002, -0.003, -0.006,  0.002,  0.006,
        -0.002, -0.009, -0.005,  0.008,  0.01 ,  0.003, -0.002, -0.008,
         0.01 ,  0.009,  0.002,  0.004, -0.008, -0.009, -0.005, -0.002,
        -0.008]]), 'deltas': array([[0.],
       [0.],
       [0.],
       [0.],
       [0.],
       [0.]]), 'outputs': array([[0.],
       [0.],
       [0.],
       [0.],
       [0.],
       [0.]]), 'errors': array([[0.],
       [0.],
       [0.],
       [0.],
       [0.],
       [0.]])}, {'weights': array([[ 0.008, -0.004, -0.002,  0.005,  0.009, -0.01 ],
       [-0.006,  0.002, -0.007, -0.007, -0.001,  0.004]]), 'deltas': array([[0.],
       [0.],
       [0.]]), 'outputs': array([[0.],
       [0.],
       [0.]]), 'errors': array([[0.],
       [0.],
       [0.]])}]
Training complete!
Training done. epoch: 2 , total error: 0.0005913855310071414
[{'weights': array([[ 1.64946257e-01,  9.56595301e-02, -1.51872693e-01,
        -7.54487645e-02,  8.00293942e-01, -6.08112083e-01,
        -9.50160045e-01,  1.39360921e+00, -3.32716073e-01,
         3.39097987e+00, -2.97520201e+00, -2.75044763e-01,
         4.87943493e-01, -3.05408503e-01, -6.68018962e-02,
         1.39636245e-01, -7.62714117e-02,  5.13682611e-02,
         4.26081318e-01, -4.69754640e-01,  1.41406416e-01,
         5.26804661e-01,  2.64483552e-01, -6.63555119e-01,
        -1.02180566e+00,  1.14772298e+00,  1.81577451e-03,
         6.23228913e-01, -2.55457030e-01, -2.35038788e-01,
        -1.49734564e+00,  1.76114668e+00, -1.68067954e-01,
         7.89941075e-01, -4.58802262e-01, -2.11405720e-01,
         5.33399609e-01,  4.77509550e-02, -4.32417470e-01,
         5.10288278e-01, -2.47249829e-01, -1.34305355e-01,
        -5.91724744e-01,  5.30699390e-01,  2.04758447e-01,
        -2.25570277e-02, -3.94410681e-01,  5.24700802e-01,
         1.31733094e-01],
       [ 1.74977241e-01,  8.95314321e-02, -1.50356365e-01,
        -8.45471022e-02,  8.01842802e-01, -6.00143392e-01,
        -9.47230606e-01,  1.39922628e+00, -3.39843370e-01,
         3.39743471e+00, -2.98112752e+00, -2.87154882e-01,
         4.86863530e-01, -3.03642157e-01, -6.10690643e-02,
         1.33011036e-01, -7.34360460e-02,  5.55773185e-02,
         4.35695906e-01, -4.69819014e-01,  1.57275416e-01,
         5.38112219e-01,  2.57237258e-01, -6.52197169e-01,
        -1.01165336e+00,  1.13243083e+00, -6.25164318e-04,
         6.18508369e-01, -2.65506444e-01, -2.33849617e-01,
        -1.48789658e+00,  1.77113646e+00, -1.54087575e-01,
         7.90646901e-01, -4.51944505e-01, -2.24550088e-01,
         5.35160508e-01,  3.65793294e-02, -4.29587529e-01,
         5.14133274e-01, -2.49155123e-01, -1.36825843e-01,
        -5.95172352e-01,  5.11901025e-01,  1.90423635e-01,
        -6.09353708e-03, -4.01600239e-01,  5.44846085e-01,
         1.17152308e-01],
       [ 1.72842418e-01,  1.01015977e-01, -1.24950538e-01,
        -7.29449561e-02,  7.79118723e-01, -5.78265910e-01,
        -9.51616779e-01,  1.40580553e+00, -3.09280897e-01,
         3.39927297e+00, -2.98741615e+00, -2.57948958e-01,
         4.92554390e-01, -3.07566946e-01, -3.20795859e-02,
         1.47766702e-01, -7.39711231e-02,  8.51122787e-02,
         4.29325083e-01, -4.67623255e-01,  1.73206030e-01,
         5.14086888e-01,  2.66141691e-01, -6.24320722e-01,
        -1.05528644e+00,  1.17187438e+00,  1.23199145e-02,
         6.19145501e-01, -2.54877623e-01, -2.17360020e-01,
        -1.49727518e+00,  1.77669984e+00, -1.29516797e-01,
         8.21293245e-01, -4.67196429e-01, -2.05188958e-01,
         5.28020675e-01,  3.47550515e-02, -4.11867869e-01,
         5.14636685e-01, -2.45084538e-01, -1.06644289e-01,
        -6.23310618e-01,  5.35621530e-01,  2.25596945e-01,
        -4.58522271e-02, -3.79548113e-01,  5.71308198e-01,
         1.43907857e-01],
       [ 1.67723612e-01,  1.09278226e-01, -1.61344805e-01,
        -7.00745170e-02,  8.06468795e-01, -6.05737245e-01,
        -9.36494582e-01,  1.40569351e+00, -3.56541899e-01,
         3.38314218e+00, -2.97855338e+00, -2.89931770e-01,
         4.91037396e-01, -3.02570311e-01, -8.98100517e-02,
         1.55777983e-01, -7.74609694e-02,  2.73400196e-02,
         4.50923021e-01, -4.63953122e-01,  1.27687134e-01,
         5.07558287e-01,  2.75726778e-01, -6.73628032e-01,
        -1.03822918e+00,  1.13716478e+00,  8.72144264e-03,
         6.19869721e-01, -2.62484973e-01, -2.51727715e-01,
        -1.48454614e+00,  1.77295744e+00, -1.64754258e-01,
         8.06436705e-01, -4.58184140e-01, -2.33595531e-01,
         5.36136114e-01,  3.91646476e-02, -4.57643728e-01,
         5.06519216e-01, -2.60976640e-01, -1.40885543e-01,
        -5.98207716e-01,  5.24612276e-01,  1.91252474e-01,
        -3.67684391e-02, -3.72405880e-01,  5.08831352e-01,
         1.16657034e-01],
       [ 1.65557537e-01,  1.16920504e-01, -1.36803388e-01,
        -6.44493601e-02,  7.97188648e-01, -5.93064634e-01,
        -9.54551519e-01,  1.41781795e+00, -3.26591780e-01,
         3.38988758e+00, -2.97793386e+00, -2.84279068e-01,
         5.00194432e-01, -3.15972283e-01, -5.85474953e-02,
         1.56457218e-01, -8.82972975e-02,  5.35147334e-02,
         4.41875972e-01, -4.62579050e-01,  1.58377732e-01,
         5.11164493e-01,  2.80726691e-01, -6.48216530e-01,
        -1.06998198e+00,  1.17910756e+00,  1.05490692e-02,
         6.14768129e-01, -2.46820692e-01, -2.41272783e-01,
        -1.50416677e+00,  1.78201121e+00, -1.62169789e-01,
         8.06882539e-01, -4.62351840e-01, -2.09856046e-01,
         5.41733125e-01,  3.78841556e-02, -4.51942627e-01,
         4.99267427e-01, -2.38149028e-01, -1.34443745e-01,
        -6.22884487e-01,  5.53710894e-01,  2.05848247e-01,
        -5.87457727e-02, -3.66870870e-01,  5.51291296e-01,
         1.34674654e-01],
       [ 1.00000000e-02,  1.00000000e-03, -4.00000000e-03,
         3.00000000e-03, -8.00000000e-03,  1.00000000e-02,
        -2.00000000e-03, -4.00000000e-03, -3.00000000e-03,
         6.00000000e-03, -7.00000000e-03, -7.00000000e-03,
         4.00000000e-03, -7.00000000e-03, -7.00000000e-03,
        -6.00000000e-03, -4.00000000e-03, -1.00000000e-03,
         7.00000000e-03,  4.00000000e-03,  8.00000000e-03,
         1.00000000e-03, -3.00000000e-03, -1.00000000e-03,
        -6.00000000e-03,  4.00000000e-03,  3.00000000e-03,
        -2.00000000e-03, -3.00000000e-03, -6.00000000e-03,
         2.00000000e-03,  6.00000000e-03, -2.00000000e-03,
        -9.00000000e-03, -5.00000000e-03,  8.00000000e-03,
         1.00000000e-02,  3.00000000e-03, -2.00000000e-03,
        -8.00000000e-03,  1.00000000e-02,  9.00000000e-03,
         2.00000000e-03,  4.00000000e-03, -8.00000000e-03,
        -9.00000000e-03, -5.00000000e-03, -2.00000000e-03,
        -8.00000000e-03]]), 'deltas': array([[6.41499306e-07],
       [6.40756306e-07],
       [5.66651008e-07],
       [6.31655514e-07],
       [5.60317967e-07],
       [0.00000000e+00]]), 'outputs': array([[0.99984944],
       [0.99984962],
       [0.99986701],
       [0.99985175],
       [0.9998685 ],
       [1.        ]]), 'errors': 0.004261520293307833}, {'weights': array([[-1.25674856, -1.26892485, -1.25703664, -1.25394308, -1.25505287,
         2.59439379],
       [ 1.25936415,  1.26751494,  1.24862803,  1.25256513,  1.26365374,
        -2.5944384 ]]), 'deltas': array([[-0.00057699],
       [ 0.00057702]]), 'outputs': array([[0.02431812],
       [0.97568129]]), 'errors': array([[-0.02431812],
       [ 0.02431871]])}]
Accuracy: 96.5909090909091 %

Feedforward Neural Network AVG Accuracy (%): 94.47455711890355 %
