Namespace(error_threshold=0.001, max_epochs=1000, num_layers=2, num_nodes_per_hidden_layer=5, training_rate=0.7)

train_data group 0 length:  349
   0   1   2   3   4   5   6   7   8  ...  40  41  42  43  44  45  46  47  48
0   1   0   0   0   1   0   1   0   0 ...   1   0   1   0   0   0   1   0   0
1   1   0   0   0   0   1   1   0   0 ...   1   0   1   0   0   0   1   0   0
2   1   0   0   0   1   0   1   0   0 ...   1   0   1   0   0   0   1   0   0
3   1   0   0   0   1   0   1   0   0 ...   1   0   1   0   0   1   0   0   0
4   1   0   0   1   0   0   1   0   0 ...   1   0   1   0   0   1   0   0   0

[5 rows x 49 columns]
Initial Neural Network:
[{'weights': array([[-0.001,  0.   ,  0.009,  0.01 , -0.001,  0.001, -0.009,  0.006,
         0.005, -0.007, -0.009, -0.005,  0.009, -0.002,  0.01 ,  0.002,
         0.009,  0.002, -0.001, -0.01 , -0.01 , -0.008, -0.008,  0.   ,
         0.01 ,  0.005, -0.006, -0.01 ,  0.008, -0.004, -0.009, -0.004,
        -0.008,  0.001,  0.01 , -0.003,  0.003, -0.002, -0.002,  0.004,
         0.009,  0.008, -0.01 , -0.004, -0.006,  0.01 , -0.01 ,  0.   ,
        -0.003],
       [ 0.007, -0.004,  0.006,  0.01 , -0.002, -0.008,  0.   ,  0.003,
        -0.008,  0.001,  0.001, -0.01 ,  0.007,  0.004, -0.008, -0.004,
         0.008,  0.003, -0.003, -0.006,  0.003,  0.01 ,  0.007,  0.008,
         0.005, -0.007,  0.003, -0.01 , -0.001,  0.004,  0.01 ,  0.009,
         0.004,  0.007,  0.007, -0.009,  0.002,  0.004, -0.005,  0.006,
         0.01 ,  0.01 , -0.002, -0.003, -0.002, -0.007, -0.01 , -0.001,
        -0.01 ],
       [ 0.009,  0.   , -0.003,  0.01 , -0.005,  0.01 , -0.006, -0.01 ,
        -0.005,  0.003,  0.007,  0.   ,  0.007,  0.002,  0.004,  0.004,
         0.003,  0.004, -0.007,  0.01 , -0.001, -0.002,  0.003, -0.001,
        -0.006,  0.001,  0.   , -0.004,  0.002,  0.004, -0.003, -0.005,
         0.004,  0.001, -0.001, -0.007,  0.   ,  0.006, -0.005, -0.01 ,
         0.008,  0.   , -0.003,  0.01 ,  0.   , -0.003,  0.004,  0.01 ,
        -0.009],
       [-0.005,  0.004,  0.001, -0.004,  0.004, -0.01 ,  0.006, -0.008,
         0.003,  0.002,  0.008, -0.005,  0.001, -0.007,  0.01 ,  0.002,
        -0.001,  0.002,  0.009,  0.002,  0.002,  0.005, -0.009, -0.007,
         0.006, -0.003, -0.01 , -0.01 , -0.006, -0.003,  0.009,  0.006,
         0.009, -0.004,  0.005, -0.005,  0.002, -0.003, -0.007, -0.001,
         0.004,  0.01 , -0.008,  0.   ,  0.002,  0.008, -0.003,  0.002,
        -0.005],
       [ 0.   ,  0.009, -0.005,  0.008, -0.007,  0.   , -0.009, -0.004,
         0.006, -0.004,  0.002, -0.004, -0.003,  0.01 ,  0.005, -0.005,
         0.006, -0.008, -0.009,  0.   ,  0.   , -0.006, -0.008,  0.008,
         0.   , -0.01 ,  0.009,  0.009, -0.009,  0.004,  0.009, -0.008,
         0.004,  0.01 ,  0.005, -0.003, -0.001,  0.003,  0.003, -0.007,
        -0.01 ,  0.003, -0.001, -0.008, -0.008, -0.005,  0.006,  0.   ,
        -0.01 ],
       [-0.001,  0.003,  0.007,  0.   , -0.008, -0.001, -0.004,  0.006,
        -0.01 , -0.007, -0.005,  0.009, -0.006,  0.006,  0.008, -0.003,
         0.007, -0.006, -0.006, -0.005, -0.007,  0.008, -0.001,  0.006,
         0.   , -0.006,  0.003,  0.009,  0.01 ,  0.   , -0.006, -0.007,
        -0.003, -0.008, -0.01 ,  0.008,  0.008, -0.002,  0.005,  0.007,
         0.002, -0.01 , -0.002, -0.007,  0.001,  0.009, -0.002, -0.008,
         0.   ]]), 'deltas': array([[0.],
       [0.],
       [0.],
       [0.],
       [0.],
       [0.]]), 'outputs': array([[0.],
       [0.],
       [0.],
       [0.],
       [0.],
       [0.]]), 'errors': array([[0.],
       [0.],
       [0.],
       [0.],
       [0.],
       [0.]])}, {'weights': array([[-0.008,  0.01 , -0.007,  0.   ,  0.006, -0.005],
       [-0.003,  0.002,  0.006,  0.008, -0.005, -0.01 ]]), 'deltas': array([[0.],
       [0.],
       [0.]]), 'outputs': array([[0.],
       [0.],
       [0.]]), 'errors': array([[0.],
       [0.],
       [0.]])}]
Training complete!
Training done. epoch: 1 , total error: 0.0009078429450884773
[{'weights': array([[-2.26268190e-01,  1.48540053e-01,  1.72481736e-01,
        -5.36577247e-02,  2.73346234e-01, -1.22934911e-01,
        -4.97886389e-01,  5.83666066e-01,  2.97392167e-03,
         1.60299533e+00, -1.65281448e+00,  1.15572743e-01,
         5.96401882e-01, -4.40482208e-01, -5.21660761e-02,
         1.41455404e-02,  1.65715840e-01, -8.01077821e-02,
         2.27579218e-01, -1.43339361e-01, -1.84862584e-02,
         2.03777225e-02,  3.58138216e-01, -3.07762340e-01,
        -5.14888753e-01,  5.29514604e-01,  8.11277475e-02,
         4.24000384e-01, -2.16865937e-01, -1.26380849e-01,
        -5.55059837e-01,  7.06589617e-01, -8.57761816e-02,
         6.74707889e-01, -2.59375185e-01, -3.20579106e-01,
         1.27870183e-01,  2.45562764e-01, -2.87679348e-01,
         4.92352457e-01, -2.24164257e-01, -1.60434601e-01,
        -8.21911084e-02,  7.51673796e-02,  7.37773271e-02,
         7.30967722e-02, -2.08979250e-01,  2.22636076e-01,
         8.37535984e-02],
       [-2.21142103e-01,  1.43866146e-01,  1.68309572e-01,
        -5.60318114e-02,  2.70293136e-01, -1.32227709e-01,
        -4.90686981e-01,  5.78184138e-01, -1.04635413e-02,
         1.61440075e+00, -1.64937910e+00,  1.09011966e-01,
         5.93023852e-01, -4.38082627e-01, -6.99076093e-02,
         6.15705698e-03,  1.62464458e-01, -7.95878996e-02,
         2.21516737e-01, -1.39664612e-01, -5.81850875e-03,
         3.55173432e-02,  3.71823189e-01, -3.00306917e-01,
        -5.24545773e-01,  5.16126270e-01,  9.14531183e-02,
         4.21668097e-01, -2.27689629e-01, -1.18944853e-01,
        -5.38171872e-01,  7.17218284e-01, -7.40127957e-02,
         6.77691890e-01, -2.63814370e-01, -3.26843905e-01,
         1.24446724e-01,  2.49350822e-01, -2.90763931e-01,
         4.94536231e-01, -2.26566171e-01, -1.59936444e-01,
        -7.63160926e-02,  7.42092371e-02,  7.71404711e-02,
         5.70007108e-02, -2.12287844e-01,  2.19320749e-01,
         7.20336156e-02],
       [-2.16964953e-01,  1.48072386e-01,  1.58635351e-01,
        -5.73376401e-02,  2.69974718e-01, -1.13894294e-01,
        -4.95820036e-01,  5.65938484e-01, -7.37566357e-03,
         1.61156941e+00, -1.63648765e+00,  1.18661016e-01,
         5.92884265e-01, -4.38621540e-01, -5.75199412e-02,
         1.17198030e-02,  1.61164664e-01, -7.81416833e-02,
         2.22884967e-01, -1.27976369e-01, -9.16581332e-03,
         2.62313236e-02,  3.65990036e-01, -3.08478576e-01,
        -5.30838312e-01,  5.22157417e-01,  8.74236796e-02,
         4.25377179e-01, -2.21540224e-01, -1.18094171e-01,
        -5.47831596e-01,  7.01587131e-01, -7.40127503e-02,
         6.72024942e-01, -2.71196737e-01, -3.24085421e-01,
         1.23331815e-01,  2.51510223e-01, -2.90099253e-01,
         4.79222226e-01, -2.28573425e-01, -1.68906018e-01,
        -7.44914272e-02,  8.55337856e-02,  7.97004256e-02,
         6.20371049e-02, -1.99847795e-01,  2.32553474e-01,
         7.47427841e-02],
       [-2.29789684e-01,  1.52319966e-01,  1.62699006e-01,
        -6.73404472e-02,  2.74068283e-01, -1.31498548e-01,
        -4.84876484e-01,  5.71287110e-01, -1.81337706e-04,
         1.61463401e+00, -1.63707180e+00,  1.12667075e-01,
         5.89911995e-01, -4.48554276e-01, -5.21284308e-02,
         1.17745208e-02,  1.56546041e-01, -8.00912737e-02,
         2.32544526e-01, -1.27929134e-01, -6.38610336e-03,
         2.91725357e-02,  3.59677049e-01, -3.14620296e-01,
        -5.22243104e-01,  5.22753291e-01,  7.77191016e-02,
         4.20742102e-01, -2.28937230e-01, -1.25575584e-01,
        -5.33035263e-01,  7.11741944e-01, -6.94773926e-02,
         6.68462106e-01, -2.64917018e-01, -3.22315800e-01,
         1.29604044e-01,  2.39864130e-01, -2.92238885e-01,
         4.90272899e-01, -2.32753530e-01, -1.59290081e-01,
        -7.97016154e-02,  7.82757661e-02,  8.06551378e-02,
         7.04544384e-02, -2.01331547e-01,  2.23106397e-01,
         8.02292884e-02],
       [-2.20681690e-01,  1.54589274e-01,  1.56478373e-01,
        -5.68341783e-02,  2.67909560e-01, -1.23689425e-01,
        -4.92718798e-01,  5.68196819e-01,  3.90793621e-03,
         1.61133383e+00, -1.64423743e+00,  1.13289556e-01,
         5.85047498e-01, -4.30487282e-01, -5.61742588e-02,
         5.31758890e-03,  1.63708654e-01, -8.96402855e-02,
         2.17385126e-01, -1.31864071e-01, -8.13509863e-03,
         2.37406789e-02,  3.57035468e-01, -3.00390190e-01,
        -5.27482703e-01,  5.14843224e-01,  9.80254365e-02,
         4.37682306e-01, -2.28846469e-01, -1.18449880e-01,
        -5.35169528e-01,  7.01062373e-01, -7.45068881e-02,
         6.79476156e-01, -2.61487541e-01, -3.19602658e-01,
         1.24094351e-01,  2.49662522e-01, -2.82370916e-01,
         4.85017430e-01, -2.45980715e-01, -1.66650758e-01,
        -7.30651656e-02,  7.02760693e-02,  7.21750533e-02,
         6.13581035e-02, -1.95488891e-01,  2.21516744e-01,
         7.63859570e-02],
       [-1.00000000e-03,  3.00000000e-03,  7.00000000e-03,
         0.00000000e+00, -8.00000000e-03, -1.00000000e-03,
        -4.00000000e-03,  6.00000000e-03, -1.00000000e-02,
        -7.00000000e-03, -5.00000000e-03,  9.00000000e-03,
        -6.00000000e-03,  6.00000000e-03,  8.00000000e-03,
        -3.00000000e-03,  7.00000000e-03, -6.00000000e-03,
        -6.00000000e-03, -5.00000000e-03, -7.00000000e-03,
         8.00000000e-03, -1.00000000e-03,  6.00000000e-03,
         0.00000000e+00, -6.00000000e-03,  3.00000000e-03,
         9.00000000e-03,  1.00000000e-02,  0.00000000e+00,
        -6.00000000e-03, -7.00000000e-03, -3.00000000e-03,
        -8.00000000e-03, -1.00000000e-02,  8.00000000e-03,
         8.00000000e-03, -2.00000000e-03,  5.00000000e-03,
         7.00000000e-03,  2.00000000e-03, -1.00000000e-02,
        -2.00000000e-03, -7.00000000e-03,  1.00000000e-03,
         9.00000000e-03, -2.00000000e-03, -8.00000000e-03,
         0.00000000e+00]]), 'deltas': array([[3.80375711e-05],
       [3.83729581e-05],
       [3.82009453e-05],
       [3.71279000e-05],
       [3.81330864e-05],
       [0.00000000e+00]]), 'outputs': array([[0.99379866],
       [0.99374363],
       [0.99377185],
       [0.99394787],
       [0.99378299],
       [1.        ]]), 'errors': 0.0061720382333782355}, {'weights': array([[-1.09147459, -1.067149  , -1.09068361, -1.06634663, -1.0596948 ,
         1.86723216],
       [ 1.07898057,  1.07769756,  1.0882081 ,  1.07287704,  1.05920657,
        -1.86794485]]), 'deltas': array([[-0.00088125],
       [ 0.00087973]]), 'outputs': array([[0.03014366],
       [0.9698828 ]]), 'errors': array([[-0.03014366],
       [ 0.0301172 ]])}]
neural_net output [0.85017214 0.14974249]
target: 0 prediction: 0
neural_net output [0.83995997 0.15995376]
target: 0 prediction: 0
neural_net output [0.85270341 0.14721157]
target: 0 prediction: 0
neural_net output [0.83156184 0.16835037]
target: 0 prediction: 0
neural_net output [0.04964316 0.95039206]
target: 0 prediction: 1
neural_net output [0.85702385 0.14289167]
target: 0 prediction: 0
neural_net output [0.85128956 0.14862487]
target: 0 prediction: 0
neural_net output [0.68083371 0.31908436]
target: 0 prediction: 0
neural_net output [0.84647854 0.15343541]
target: 0 prediction: 0
neural_net output [0.84803213 0.1518828 ]
target: 0 prediction: 0
neural_net output [0.83998642 0.15992621]
target: 0 prediction: 0
neural_net output [0.80039989 0.19950778]
target: 0 prediction: 0
neural_net output [0.39892174 0.60107104]
target: 0 prediction: 1
neural_net output [0.8474832  0.15243107]
target: 0 prediction: 0
neural_net output [0.84085931 0.15905282]
target: 0 prediction: 0
neural_net output [0.8474832  0.15243107]
target: 0 prediction: 0
neural_net output [0.81401948 0.18589166]
target: 0 prediction: 0
neural_net output [0.55055058 0.44938213]
target: 0 prediction: 0
neural_net output [0.8474832  0.15243107]
target: 0 prediction: 0
neural_net output [0.84155615 0.1583568 ]
target: 0 prediction: 0
neural_net output [0.85136686 0.14854717]
target: 0 prediction: 0
neural_net output [0.83995997 0.15995376]
target: 0 prediction: 0
neural_net output [0.82762509 0.17228678]
target: 0 prediction: 0
neural_net output [0.76749687 0.23240658]
target: 0 prediction: 0
neural_net output [0.85270341 0.14721157]
target: 0 prediction: 0
neural_net output [0.83957968 0.16033432]
target: 0 prediction: 0
neural_net output [0.85531967 0.14459531]
target: 0 prediction: 0
neural_net output [0.84155615 0.1583568 ]
target: 0 prediction: 0
neural_net output [0.82532267 0.17458962]
target: 0 prediction: 0
neural_net output [0.84101517 0.15889873]
target: 0 prediction: 0
neural_net output [0.83995997 0.15995376]
target: 0 prediction: 0
neural_net output [0.84318606 0.15672679]
target: 0 prediction: 0
neural_net output [0.85433802 0.1455766 ]
target: 0 prediction: 0
neural_net output [0.03645102 0.96357803]
target: 1 prediction: 1
neural_net output [0.02972561 0.97030036]
target: 1 prediction: 1
neural_net output [0.0421955  0.95783622]
target: 1 prediction: 1
neural_net output [0.03043243 0.96959399]
target: 1 prediction: 1
neural_net output [0.02925917 0.97076657]
target: 1 prediction: 1
neural_net output [0.05362786 0.94640871]
target: 1 prediction: 1
neural_net output [0.02935382 0.97067197]
target: 1 prediction: 1
neural_net output [0.04364302 0.95638962]
target: 1 prediction: 1
neural_net output [0.02928866 0.97073709]
target: 1 prediction: 1
neural_net output [0.02994633 0.97007978]
target: 1 prediction: 1
neural_net output [0.03063816 0.96938835]
target: 1 prediction: 1
neural_net output [0.03061272 0.9694137 ]
target: 1 prediction: 1
neural_net output [0.03066811 0.96935835]
target: 1 prediction: 1
neural_net output [0.04323431 0.95679765]
target: 1 prediction: 1
neural_net output [0.02981052 0.9702155 ]
target: 1 prediction: 1
neural_net output [0.03643595 0.96359335]
target: 1 prediction: 1
neural_net output [0.03152369 0.9685033 ]
target: 1 prediction: 1
neural_net output [0.03166412 0.96836285]
target: 1 prediction: 1
neural_net output [0.03352721 0.96650076]
target: 1 prediction: 1
neural_net output [0.03145487 0.96857201]
target: 1 prediction: 1
neural_net output [0.64160963 0.3583037 ]
target: 1 prediction: 0
neural_net output [0.03190195 0.96812522]
target: 1 prediction: 1
neural_net output [0.03084251 0.96918403]
target: 1 prediction: 1
neural_net output [0.02979931 0.97022671]
target: 1 prediction: 1
neural_net output [0.03103954 0.96898711]
target: 1 prediction: 1
neural_net output [0.37084947 0.62915684]
target: 1 prediction: 1
neural_net output [0.03012706 0.9698991 ]
target: 1 prediction: 1
neural_net output [0.03166412 0.96836285]
target: 1 prediction: 1
neural_net output [0.03451861 0.96550983]
target: 1 prediction: 1
neural_net output [0.02929159 0.97073417]
target: 1 prediction: 1
neural_net output [0.02965997 0.97036597]
target: 1 prediction: 1
neural_net output [0.08081691 0.91922368]
target: 1 prediction: 1
neural_net output [0.03041336 0.96961303]
target: 1 prediction: 1
neural_net output [0.0294575  0.97056834]
target: 1 prediction: 1
neural_net output [0.03040711 0.96961929]
target: 1 prediction: 1
neural_net output [0.03178078 0.96824632]
target: 1 prediction: 1
neural_net output [0.03007094 0.96995524]
target: 1 prediction: 1
neural_net output [0.03637597 0.96365317]
target: 1 prediction: 1
neural_net output [0.04635017 0.95368277]
target: 1 prediction: 1
neural_net output [0.02927183 0.97075392]
target: 1 prediction: 1
neural_net output [0.03003631 0.96998987]
target: 1 prediction: 1
neural_net output [0.04375048 0.95628161]
target: 1 prediction: 1
neural_net output [0.03860629 0.9614239 ]
target: 1 prediction: 1
neural_net output [0.02999006 0.97003605]
target: 1 prediction: 1
neural_net output [0.03744058 0.96258903]
target: 1 prediction: 1
neural_net output [0.03287096 0.96715664]
target: 1 prediction: 1
neural_net output [0.03303976 0.96698787]
target: 1 prediction: 1
neural_net output [0.3531685  0.64681939]
target: 1 prediction: 1
neural_net output [0.40720657 0.59276675]
target: 1 prediction: 1
neural_net output [0.02994633 0.97007978]
target: 1 prediction: 1
neural_net output [0.26183945 0.73817264]
target: 1 prediction: 1
neural_net output [0.03452388 0.96550439]
target: 1 prediction: 1
neural_net output [0.0322382 0.9677891]
target: 1 prediction: 1
Accuracy: 96.51162790697676 %

train_data group 1 length:  348
   0   1   2   3   4   5   6   7   8  ...  40  41  42  43  44  45  46  47  48
0   1   0   0   1   0   0   1   0   0 ...   1   0   1   0   0   0   1   0   0
1   1   0   0   0   1   0   1   0   0 ...   1   0   1   0   0   0   1   0   0
2   1   0   0   0   1   0   1   0   0 ...   1   0   1   0   0   0   1   0   0
3   1   0   0   0   1   0   1   0   0 ...   1   0   1   0   0   1   0   0   0
4   0   1   0   1   0   0   1   0   0 ...   1   0   1   0   0   0   1   0   0

[5 rows x 49 columns]
Initial Neural Network:
[{'weights': array([[ 0.008,  0.   , -0.005, -0.009, -0.003,  0.003,  0.01 ,  0.005,
        -0.006, -0.009,  0.003, -0.001,  0.006,  0.004,  0.003,  0.005,
         0.001, -0.003, -0.008, -0.007, -0.01 ,  0.008, -0.003, -0.01 ,
         0.001,  0.004, -0.002, -0.004, -0.009, -0.003,  0.009, -0.003,
         0.001, -0.007, -0.01 , -0.004,  0.005, -0.001,  0.006,  0.006,
        -0.006,  0.005,  0.001,  0.006,  0.003, -0.009,  0.001,  0.004,
         0.003],
       [-0.01 , -0.007,  0.006,  0.005, -0.007,  0.009, -0.009, -0.001,
        -0.004, -0.003,  0.01 ,  0.004,  0.001,  0.002, -0.009,  0.009,
         0.002, -0.006, -0.001, -0.01 , -0.008, -0.004,  0.008, -0.003,
        -0.01 ,  0.005,  0.005, -0.005,  0.002,  0.002, -0.001,  0.01 ,
         0.006, -0.006, -0.006, -0.006,  0.004,  0.001, -0.004, -0.009,
         0.008, -0.006,  0.003, -0.002,  0.003,  0.004,  0.008,  0.009,
        -0.005],
       [-0.008,  0.002,  0.004,  0.002,  0.007, -0.009, -0.005,  0.005,
        -0.007,  0.008,  0.006,  0.01 ,  0.006, -0.008,  0.009, -0.005,
         0.008,  0.005, -0.009, -0.007, -0.002,  0.   , -0.01 , -0.009,
        -0.008,  0.   ,  0.003,  0.008, -0.003, -0.009,  0.006, -0.004,
        -0.009,  0.004,  0.005, -0.001,  0.006, -0.005,  0.005, -0.002,
         0.006,  0.001,  0.005,  0.002, -0.004,  0.008,  0.006,  0.003,
        -0.003],
       [-0.01 , -0.009,  0.001,  0.003, -0.005,  0.006, -0.005, -0.006,
         0.   ,  0.005, -0.004, -0.005,  0.005, -0.01 ,  0.003,  0.002,
        -0.008, -0.001, -0.007,  0.008,  0.007, -0.01 , -0.001, -0.008,
         0.009,  0.   ,  0.003,  0.009,  0.008,  0.007,  0.   ,  0.008,
         0.007, -0.001,  0.002,  0.004,  0.008,  0.004,  0.008, -0.005,
         0.009, -0.009,  0.009, -0.006, -0.009,  0.01 , -0.01 , -0.008,
        -0.007],
       [ 0.006,  0.001, -0.007, -0.008, -0.005, -0.007, -0.007, -0.009,
         0.008, -0.008, -0.003,  0.01 , -0.004,  0.009,  0.   , -0.004,
         0.006,  0.001,  0.004,  0.   , -0.009,  0.01 , -0.007, -0.002,
        -0.002,  0.007,  0.008,  0.002,  0.003,  0.003,  0.005, -0.005,
         0.005,  0.009, -0.006, -0.01 , -0.001, -0.005,  0.007, -0.004,
         0.002, -0.004, -0.009, -0.001, -0.001, -0.01 ,  0.005, -0.003,
         0.008],
       [-0.007,  0.009,  0.008,  0.002,  0.007,  0.002, -0.008, -0.01 ,
        -0.003,  0.   , -0.01 , -0.007,  0.008,  0.003, -0.007,  0.   ,
        -0.008, -0.003,  0.009, -0.002,  0.009,  0.009,  0.001, -0.009,
         0.01 , -0.004,  0.008, -0.004, -0.01 ,  0.01 , -0.007, -0.005,
        -0.009,  0.001, -0.002,  0.002,  0.009, -0.007,  0.004, -0.001,
        -0.01 ,  0.006,  0.007, -0.007,  0.009,  0.006,  0.001,  0.003,
        -0.008]]), 'deltas': array([[0.],
       [0.],
       [0.],
       [0.],
       [0.],
       [0.]]), 'outputs': array([[0.],
       [0.],
       [0.],
       [0.],
       [0.],
       [0.]]), 'errors': array([[0.],
       [0.],
       [0.],
       [0.],
       [0.],
       [0.]])}, {'weights': array([[-0.005,  0.   , -0.008,  0.009, -0.004, -0.008],
       [ 0.009,  0.004,  0.008, -0.01 , -0.01 , -0.008]]), 'deltas': array([[0.],
       [0.],
       [0.]]), 'outputs': array([[0.],
       [0.],
       [0.]]), 'errors': array([[0.],
       [0.],
       [0.]])}]
Training complete!
Training done. epoch: 2 , total error: 0.0009059752916235941
[{'weights': array([[ 1.96113436e-02,  2.80674033e-01, -2.07238677e-01,
        -2.95505527e-01,  6.57453360e-01, -2.80901133e-01,
        -8.60762531e-01,  1.18183828e+00, -2.22029049e-01,
         2.17208881e+00, -2.01917631e+00, -6.98657937e-02,
         7.01239889e-01, -4.92322465e-01, -1.05870724e-01,
         1.49600199e-01,  1.51227200e-01, -2.07780698e-01,
         6.11664625e-01, -5.24952772e-01, -2.16651524e-02,
         1.50585767e-01,  3.05938667e-01, -3.71477733e-01,
        -6.67370966e-01,  8.15846453e-01, -5.54287861e-02,
         5.74437202e-01, -2.59085203e-01, -2.41305298e-01,
        -1.17088790e+00,  1.28143379e+00, -1.34991898e-02,
         8.77996478e-01, -1.81215338e-02, -7.90828244e-01,
         1.14598063e-01,  1.95583156e-01, -2.10134519e-01,
         2.08605641e-01,  1.21007156e-01, -2.34566097e-01,
        -2.56147650e-01,  6.31529721e-01, -2.75335372e-01,
        -1.02720043e-02, -2.30568752e-01,  3.26887456e-01,
         9.30467003e-02],
       [ 1.06057811e-03,  2.74271833e-01, -1.93033207e-01,
        -2.88476166e-01,  6.61970716e-01, -2.73195346e-01,
        -8.80503071e-01,  1.17603742e+00, -2.16235146e-01,
         2.18127616e+00, -2.01683049e+00, -6.01464630e-02,
         6.99677360e-01, -4.95440196e-01, -1.16937961e-01,
         1.58286436e-01,  1.50114557e-01, -2.10101789e-01,
         6.21732001e-01, -5.28451643e-01, -1.89811536e-02,
         1.40196404e-01,  3.15914862e-01, -3.61812063e-01,
        -6.76309619e-01,  8.20020923e-01, -5.04121002e-02,
         5.75602091e-01, -2.47625743e-01, -2.35677144e-01,
        -1.18870290e+00,  1.30175972e+00, -4.75761845e-03,
         8.88380581e-01, -1.86588586e-02, -7.94422518e-01,
         1.15770398e-01,  1.97202721e-01, -2.18673915e-01,
         1.96915236e-01,  1.28141642e-01, -2.38757674e-01,
        -2.53125293e-01,  6.25933143e-01, -2.75508647e-01,
         4.24138731e-03, -2.29597751e-01,  3.39655567e-01,
         8.82992039e-02],
       [ 8.01956267e-03,  2.77667481e-01, -1.96216733e-01,
        -2.88981371e-01,  6.72308388e-01, -2.91856707e-01,
        -8.78598280e-01,  1.18632778e+00, -2.23259188e-01,
         2.19433388e+00, -2.01889717e+00, -5.99664010e-02,
         6.97912218e-01, -4.99472568e-01, -9.99693402e-02,
         1.40668829e-01,  1.60208312e-01, -2.01406830e-01,
         6.18846818e-01, -5.32442296e-01, -1.29342112e-02,
         1.49368606e-01,  2.97896585e-01, -3.74794881e-01,
        -6.72873282e-01,  8.11134577e-01, -5.17909850e-02,
         5.90175072e-01, -2.53930933e-01, -2.48773828e-01,
        -1.19447550e+00,  1.30311889e+00, -2.41730721e-02,
         9.01025694e-01, -1.19880809e-02, -7.89567303e-01,
         1.23119483e-01,  1.89321483e-01, -2.14970656e-01,
         2.02146728e-01,  1.32840272e-01, -2.38516690e-01,
        -2.55481828e-01,  6.30117350e-01, -2.80165212e-01,
         9.68161391e-03, -2.40468125e-01,  3.39256821e-01,
         8.84703104e-02],
       [-4.48498133e-05,  2.72159497e-01, -1.94782139e-01,
        -2.87314665e-01,  6.63897520e-01, -2.77250348e-01,
        -8.75441639e-01,  1.17266004e+00, -2.12885890e-01,
         2.19335465e+00, -2.03105191e+00, -7.09702371e-02,
         7.04007584e-01, -5.05855630e-01, -1.04819447e-01,
         1.55595546e-01,  1.38882558e-01, -2.06145597e-01,
         6.17436318e-01, -5.10979087e-01, -3.12472414e-03,
         1.36783539e-01,  3.09107950e-01, -3.69558982e-01,
        -6.59267064e-01,  8.20786774e-01, -5.41872021e-02,
         5.88660548e-01, -2.37745283e-01, -2.31582758e-01,
        -1.19571901e+00,  1.31154776e+00, -5.49624263e-03,
         8.99412971e-01, -1.16279277e-02, -7.87452536e-01,
         1.26399223e-01,  1.99258753e-01, -2.10325469e-01,
         1.97181928e-01,  1.34160517e-01, -2.41009938e-01,
        -2.47938444e-01,  6.22726807e-01, -2.85455856e-01,
         9.25244413e-03, -2.46707842e-01,  3.24787905e-01,
         8.83325073e-02],
       [ 1.35920682e-02,  2.81812868e-01, -2.03607072e-01,
        -2.93558268e-01,  6.57191766e-01, -2.91835633e-01,
        -8.79889792e-01,  1.17106134e+00, -2.07373681e-01,
         2.17858038e+00, -2.03169355e+00, -5.60889623e-02,
         6.96495228e-01, -4.89400851e-01, -1.10296514e-01,
         1.43961587e-01,  1.55082431e-01, -2.04246153e-01,
         6.27553529e-01, -5.19471978e-01, -2.12836876e-02,
         1.51824219e-01,  3.05764104e-01, -3.64790459e-01,
        -6.72190120e-01,  8.24524610e-01, -4.75366253e-02,
         5.82598181e-01, -2.47211038e-01, -2.35589279e-01,
        -1.18304530e+00,  1.28601903e+00, -6.17586576e-03,
         8.98293926e-01, -1.62218824e-02, -7.97274180e-01,
         1.09981876e-01,  1.92438343e-01, -2.09622355e-01,
         2.01643312e-01,  1.24409375e-01, -2.40254823e-01,
        -2.64915506e-01,  6.25840885e-01, -2.80127514e-01,
        -9.13520424e-03, -2.33385128e-01,  3.26318196e-01,
         9.97978641e-02],
       [-7.00000000e-03,  9.00000000e-03,  8.00000000e-03,
         2.00000000e-03,  7.00000000e-03,  2.00000000e-03,
        -8.00000000e-03, -1.00000000e-02, -3.00000000e-03,
         0.00000000e+00, -1.00000000e-02, -7.00000000e-03,
         8.00000000e-03,  3.00000000e-03, -7.00000000e-03,
         0.00000000e+00, -8.00000000e-03, -3.00000000e-03,
         9.00000000e-03, -2.00000000e-03,  9.00000000e-03,
         9.00000000e-03,  1.00000000e-03, -9.00000000e-03,
         1.00000000e-02, -4.00000000e-03,  8.00000000e-03,
        -4.00000000e-03, -1.00000000e-02,  1.00000000e-02,
        -7.00000000e-03, -5.00000000e-03, -9.00000000e-03,
         1.00000000e-03, -2.00000000e-03,  2.00000000e-03,
         9.00000000e-03, -7.00000000e-03,  4.00000000e-03,
        -1.00000000e-03, -1.00000000e-02,  6.00000000e-03,
         7.00000000e-03, -7.00000000e-03,  9.00000000e-03,
         6.00000000e-03,  1.00000000e-03,  3.00000000e-03,
        -8.00000000e-03]]), 'deltas': array([[0.00020553],
       [0.00020708],
       [0.00021202],
       [0.000203  ],
       [0.00020895],
       [0.        ]]), 'outputs': array([[0.96709692],
       [0.96683914],
       [0.96601981],
       [0.96751581],
       [0.96652899],
       [1.        ]]), 'errors': 0.006458918124289496}, {'weights': array([[-1.21676419, -1.21737608, -1.23584602, -1.21305416, -1.22027728,
         2.4246588 ],
       [ 1.22228847,  1.2228718 ,  1.23739561,  1.21355676,  1.20780119,
        -2.42490709]]), 'deltas': array([[-0.00087899],
       [ 0.00087843]]), 'outputs': array([[0.03010431],
       [0.96990546]]), 'errors': array([[-0.03010431],
       [ 0.03009454]])}]
Accuracy: 96.55172413793103 %

train_data group 2 length:  348
   0   1   2   3   4   5   6   7   8  ...  40  41  42  43  44  45  46  47  48
0   1   0   0   1   0   0   1   0   0 ...   1   0   1   0   0   0   1   0   0
1   1   0   0   0   1   0   1   0   0 ...   1   0   1   0   0   0   1   0   0
2   1   0   0   0   1   0   1   0   0 ...   1   0   1   0   0   0   1   0   0
3   1   0   0   0   1   0   1   0   0 ...   1   0   1   0   0   1   0   0   0
4   0   1   0   1   0   0   1   0   0 ...   1   0   1   0   0   0   1   0   0

[5 rows x 49 columns]
Initial Neural Network:
[{'weights': array([[-0.001,  0.01 ,  0.004,  0.01 , -0.01 ,  0.007, -0.007, -0.009,
        -0.008, -0.005,  0.002,  0.005,  0.   ,  0.01 , -0.002, -0.003,
         0.003,  0.001, -0.007,  0.001, -0.009,  0.009,  0.   , -0.003,
         0.006,  0.005, -0.001,  0.008, -0.002, -0.008,  0.005,  0.   ,
        -0.009, -0.01 , -0.005,  0.   ,  0.008,  0.008, -0.006, -0.002,
         0.001, -0.01 , -0.006, -0.01 , -0.009, -0.006, -0.007,  0.01 ,
        -0.001],
       [ 0.005,  0.002,  0.007,  0.006, -0.007, -0.006,  0.003,  0.   ,
         0.006, -0.006, -0.006, -0.01 ,  0.006, -0.01 ,  0.006,  0.004,
        -0.007,  0.007,  0.01 , -0.007,  0.001,  0.002,  0.006, -0.004,
         0.009,  0.002, -0.007, -0.01 ,  0.002, -0.01 , -0.003,  0.003,
        -0.01 ,  0.002,  0.002,  0.005, -0.002, -0.007, -0.005,  0.009,
        -0.003,  0.001,  0.006,  0.003,  0.004,  0.01 ,  0.001, -0.008,
         0.009],
       [-0.008,  0.007,  0.01 , -0.001,  0.002, -0.001, -0.006, -0.006,
        -0.008,  0.   , -0.004, -0.01 , -0.01 ,  0.008, -0.005, -0.01 ,
        -0.008,  0.006,  0.007,  0.   , -0.005,  0.005,  0.005, -0.006,
         0.008,  0.002,  0.008,  0.   ,  0.005,  0.01 , -0.005,  0.006,
        -0.009, -0.008,  0.   , -0.003, -0.008,  0.003,  0.   , -0.008,
        -0.004,  0.01 , -0.01 ,  0.006,  0.002, -0.005,  0.01 ,  0.004,
        -0.009],
       [-0.004, -0.01 ,  0.003,  0.005,  0.003,  0.006,  0.003,  0.003,
         0.003, -0.005,  0.007,  0.   , -0.004, -0.005, -0.006, -0.007,
         0.009,  0.008,  0.01 ,  0.005,  0.004,  0.009, -0.002, -0.004,
         0.   , -0.004,  0.01 ,  0.003,  0.008, -0.005,  0.007,  0.01 ,
         0.006, -0.01 ,  0.   , -0.003, -0.002,  0.007,  0.007,  0.009,
         0.01 ,  0.008, -0.006,  0.008, -0.01 ,  0.006, -0.002,  0.007,
         0.009],
       [-0.001,  0.   ,  0.001, -0.003, -0.005, -0.004, -0.007,  0.007,
         0.005, -0.002, -0.003,  0.007,  0.005, -0.006,  0.002,  0.007,
        -0.007,  0.006,  0.001, -0.009,  0.01 , -0.008,  0.003,  0.006,
        -0.002, -0.001,  0.004,  0.008, -0.002, -0.004, -0.01 ,  0.002,
         0.006,  0.009, -0.005, -0.004,  0.004, -0.005, -0.01 ,  0.004,
         0.007, -0.002, -0.001,  0.007,  0.002,  0.004,  0.003,  0.008,
        -0.009],
       [ 0.007, -0.003,  0.004, -0.003, -0.002,  0.009,  0.006,  0.004,
         0.003, -0.001, -0.001, -0.009,  0.009,  0.008, -0.009, -0.006,
        -0.007,  0.004,  0.004,  0.001,  0.006,  0.   , -0.009,  0.001,
         0.005, -0.006,  0.003, -0.007, -0.005, -0.001, -0.003, -0.009,
         0.006,  0.007, -0.009, -0.008,  0.009,  0.01 ,  0.008, -0.006,
        -0.008, -0.008, -0.008,  0.009, -0.002,  0.009,  0.007,  0.008,
         0.004]]), 'deltas': array([[0.],
       [0.],
       [0.],
       [0.],
       [0.],
       [0.]]), 'outputs': array([[0.],
       [0.],
       [0.],
       [0.],
       [0.],
       [0.]]), 'errors': array([[0.],
       [0.],
       [0.],
       [0.],
       [0.],
       [0.]])}, {'weights': array([[ 0.01 , -0.006, -0.002,  0.002, -0.004, -0.008],
       [-0.007,  0.002, -0.01 , -0.004,  0.007, -0.009]]), 'deltas': array([[0.],
       [0.],
       [0.]]), 'outputs': array([[0.],
       [0.],
       [0.]]), 'errors': array([[0.],
       [0.],
       [0.]])}]
Training complete!
Training done. epoch: 6 , total error: 0.0006031053476124317
[{'weights': array([[ 1.53019669e-01, -2.73265036e-01, -1.83562752e-01,
         6.12673296e-01, -8.20665706e-01, -1.01815708e-01,
         1.22186655e+00, -1.13321971e+00, -4.29454953e-01,
        -2.82509248e+00,  2.68748780e+00, -1.77203447e-01,
        -7.67060281e-01,  7.82164412e-01, -3.23912251e-01,
         2.17445427e-01, -3.72609067e-01, -1.60644479e-01,
        -6.09179672e-01,  3.79339944e-01, -1.01968391e-01,
        -5.53797959e-01, -2.86533233e-01,  5.29523074e-01,
         7.34423571e-01, -1.62879788e+00,  5.87566193e-01,
        -7.28643454e-01,  5.70898798e-01, -1.61063463e-01,
         1.38022946e+00, -1.68349696e+00, -1.75406147e-02,
        -1.05226632e+00, -1.54903882e-01,  8.75362081e-01,
         2.20898141e-01, -2.79709339e-01, -2.47996921e-01,
        -6.38515663e-01,  2.49687308e-01,  6.10202366e-02,
        -9.74211501e-03, -5.50361969e-01,  2.18295965e-01,
         1.64526950e-01,  2.20474201e-01, -7.04809270e-01,
        -3.17808119e-01],
       [ 1.45352191e-01, -2.67772717e-01, -1.70215506e-01,
         6.11433189e-01, -8.23306788e-01, -1.01762434e-01,
         1.22948332e+00, -1.12196718e+00, -4.05152169e-01,
        -2.83316125e+00,  2.68672706e+00, -1.82201833e-01,
        -7.53247430e-01,  7.55513649e-01, -3.06902251e-01,
         2.34492232e-01, -3.91489013e-01, -1.45639252e-01,
        -5.83998979e-01,  3.63230939e-01, -8.18679920e-02,
        -5.64159642e-01, -2.74997601e-01,  5.36521211e-01,
         7.30372054e-01, -1.62271466e+00,  5.89706571e-01,
        -7.50085437e-01,  5.78965678e-01, -1.53516272e-01,
         1.38000574e+00, -1.68749733e+00, -9.14444925e-03,
        -1.03545599e+00, -1.48728734e-01,  8.86548693e-01,
         2.14072367e-01, -2.92913989e-01, -2.41794410e-01,
        -6.32382814e-01,  2.53354064e-01,  7.93927175e-02,
         9.25374002e-03, -5.43907515e-01,  2.41017743e-01,
         1.78972148e-01,  2.27394143e-01, -7.10002324e-01,
        -2.97636032e-01],
       [ 1.44601165e-01, -2.81170190e-01, -1.39076232e-01,
         5.96570666e-01, -8.11327781e-01, -6.98881410e-02,
         1.22745672e+00, -1.13910590e+00, -3.92996075e-01,
        -2.81835584e+00,  2.67516753e+00, -1.55456942e-01,
        -7.79849341e-01,  7.77902511e-01, -2.89698427e-01,
         2.00163101e-01, -3.76830530e-01, -1.19977827e-01,
        -6.05525217e-01,  3.83140862e-01, -6.02609006e-02,
        -5.57508476e-01, -2.86830471e-01,  5.63693691e-01,
         7.39272382e-01, -1.62824570e+00,  6.22328058e-01,
        -7.26448898e-01,  5.63307089e-01, -1.06503448e-01,
         1.37023594e+00, -1.68166462e+00,  1.87834290e-02,
        -1.05802462e+00, -1.45113069e-01,  9.07492428e-01,
         1.99317862e-01, -2.84169259e-01, -2.04793858e-01,
        -6.38121839e-01,  2.37370923e-01,  1.14105659e-01,
        -9.39387717e-03, -5.43125292e-01,  2.65873913e-01,
         1.70708635e-01,  2.30843486e-01, -6.77197377e-01,
        -2.93645256e-01],
       [ 1.26770312e-01, -3.00181489e-01,  9.43841947e-03,
         6.01819483e-01, -8.30404853e-01,  8.96126131e-02,
         1.22023812e+00, -1.14022792e+00, -2.23982959e-01,
        -2.84664288e+00,  2.67922948e+00,  1.64406420e-02,
        -7.73309861e-01,  7.41593366e-01, -1.36256262e-01,
         2.15392819e-01, -3.97066680e-01,  3.87011037e-02,
        -5.89558657e-01,  3.51571539e-01,  1.04014361e-01,
        -5.68717394e-01, -3.01143764e-01,  7.19888401e-01,
         7.16535531e-01, -1.53680898e+00,  6.73300697e-01,
        -7.29802188e-01,  5.47031880e-01,  3.57975513e-02,
         1.38514259e+00, -1.69631607e+00,  1.81200724e-01,
        -1.05750200e+00, -1.60550900e-01,  1.05208014e+00,
         2.05940460e-01, -3.07820760e-01, -3.90924569e-02,
        -6.25968311e-01,  2.39809017e-01,  2.60186538e-01,
        -3.98327241e-02, -5.30096699e-01,  4.08956666e-01,
         1.72434207e-01,  2.22755125e-01, -5.37162089e-01,
        -1.43972757e-01],
       [ 1.15856643e-01, -2.38423021e-01, -5.75413289e-03,
         6.40558137e-01, -8.48486974e-01,  6.76083257e-02,
         1.23577198e+00, -1.12603297e+00, -2.33059527e-01,
        -2.84793668e+00,  2.70777510e+00,  1.38410642e-02,
        -7.14820607e-01,  7.25753059e-01, -1.38252963e-01,
         2.86706235e-01, -4.37404251e-01,  2.83775048e-02,
        -5.50530022e-01,  3.23379128e-01,  1.00830383e-01,
        -5.84367881e-01, -2.60362650e-01,  7.17410020e-01,
         7.09103308e-01, -1.49950172e+00,  6.63077899e-01,
        -7.35517486e-01,  5.80269450e-01,  2.89275248e-02,
         1.41864838e+00, -1.71914342e+00,  1.70174523e-01,
        -9.84670862e-01, -1.80703559e-01,  1.03705391e+00,
         2.69842417e-01, -3.51463003e-01, -5.76999248e-02,
        -6.45661426e-01,  2.85625467e-01,  2.40715448e-01,
        -4.82003807e-02, -4.83315960e-01,  4.11195829e-01,
         1.71172966e-01,  2.69624225e-01, -5.54117701e-01,
        -1.37320511e-01],
       [ 7.00000000e-03, -3.00000000e-03,  4.00000000e-03,
        -3.00000000e-03, -2.00000000e-03,  9.00000000e-03,
         6.00000000e-03,  4.00000000e-03,  3.00000000e-03,
        -1.00000000e-03, -1.00000000e-03, -9.00000000e-03,
         9.00000000e-03,  8.00000000e-03, -9.00000000e-03,
        -6.00000000e-03, -7.00000000e-03,  4.00000000e-03,
         4.00000000e-03,  1.00000000e-03,  6.00000000e-03,
         0.00000000e+00, -9.00000000e-03,  1.00000000e-03,
         5.00000000e-03, -6.00000000e-03,  3.00000000e-03,
        -7.00000000e-03, -5.00000000e-03, -1.00000000e-03,
        -3.00000000e-03, -9.00000000e-03,  6.00000000e-03,
         7.00000000e-03, -9.00000000e-03, -8.00000000e-03,
         9.00000000e-03,  1.00000000e-02,  8.00000000e-03,
        -6.00000000e-03, -8.00000000e-03, -8.00000000e-03,
        -8.00000000e-03,  9.00000000e-03, -2.00000000e-03,
         9.00000000e-03,  7.00000000e-03,  8.00000000e-03,
         4.00000000e-03]]), 'deltas': array([[7.23087769e-05],
       [7.42847578e-05],
       [7.21412332e-05],
       [6.27412561e-05],
       [6.13646020e-05],
       [0.00000000e+00]]), 'outputs': array([[0.98352807],
       [0.98307006],
       [0.98356689],
       [0.98573962],
       [0.98605701],
       [1.        ]]), 'errors': 0.0044633390313006845}, {'weights': array([[ 1.45251323,  1.41983263,  1.42215001,  1.44629231,  1.41142448,
        -3.35639238],
       [-1.44711136, -1.42142743, -1.4317978 , -1.44579869, -1.40611435,
         3.35627544]]), 'deltas': array([[ 0.00058837],
       [-0.00058822]]), 'outputs': array([[0.97544013],
       [0.02455654]]), 'errors': array([[ 0.02455987],
       [-0.02455654]])}]
Accuracy: 95.40229885057471 %

train_data group 3 length:  348
   0   1   2   3   4   5   6   7   8  ...  40  41  42  43  44  45  46  47  48
0   1   0   0   1   0   0   1   0   0 ...   1   0   1   0   0   0   1   0   0
1   1   0   0   0   1   0   1   0   0 ...   1   0   1   0   0   0   1   0   0
2   1   0   0   0   1   0   1   0   0 ...   1   0   1   0   0   0   1   0   0
3   1   0   0   0   1   0   1   0   0 ...   1   0   1   0   0   1   0   0   0
4   0   1   0   1   0   0   1   0   0 ...   1   0   1   0   0   0   1   0   0

[5 rows x 49 columns]
Initial Neural Network:
[{'weights': array([[ 0.005, -0.005,  0.005,  0.005,  0.01 ,  0.002, -0.005, -0.009,
        -0.006,  0.007,  0.004, -0.009,  0.   ,  0.003, -0.003, -0.005,
         0.009, -0.005, -0.008, -0.01 ,  0.008,  0.005,  0.   , -0.008,
         0.004,  0.009,  0.001, -0.004,  0.008,  0.003, -0.006,  0.01 ,
         0.007, -0.005,  0.006, -0.009, -0.01 , -0.001,  0.005, -0.002,
         0.001, -0.006, -0.009, -0.009, -0.008, -0.004,  0.   , -0.007,
        -0.007],
       [ 0.   , -0.005,  0.001,  0.006,  0.008, -0.01 , -0.007, -0.004,
         0.   ,  0.009,  0.009, -0.006,  0.   , -0.005, -0.009,  0.005,
        -0.01 ,  0.008, -0.008,  0.005, -0.01 ,  0.01 , -0.001,  0.006,
        -0.004, -0.006,  0.009, -0.003,  0.001,  0.007,  0.009, -0.01 ,
        -0.003, -0.003,  0.003, -0.005, -0.002, -0.002, -0.005,  0.003,
         0.009,  0.001,  0.002, -0.008, -0.009,  0.005,  0.004,  0.008,
        -0.01 ],
       [ 0.007, -0.003, -0.003,  0.003,  0.003,  0.009, -0.009,  0.006,
         0.003,  0.003,  0.   ,  0.005, -0.003,  0.009, -0.01 ,  0.008,
         0.004, -0.007, -0.009,  0.007, -0.008,  0.005,  0.008,  0.   ,
        -0.001, -0.009, -0.005, -0.003,  0.007, -0.007, -0.009,  0.004,
         0.01 ,  0.009, -0.004, -0.01 , -0.008, -0.001,  0.01 ,  0.007,
         0.003, -0.006,  0.007,  0.009,  0.003, -0.006, -0.001,  0.008,
         0.   ],
       [ 0.008, -0.008, -0.009, -0.001, -0.009,  0.007, -0.006, -0.007,
        -0.005,  0.   , -0.01 , -0.002, -0.004,  0.007,  0.   , -0.005,
        -0.004, -0.008,  0.005, -0.007, -0.003,  0.007, -0.008,  0.008,
         0.009,  0.009, -0.007,  0.004,  0.01 , -0.008, -0.004, -0.006,
         0.008,  0.005, -0.008, -0.01 , -0.003,  0.   , -0.006,  0.005,
         0.009,  0.009,  0.002, -0.01 ,  0.002,  0.007, -0.008,  0.001,
        -0.005],
       [ 0.002, -0.008,  0.003,  0.003,  0.003, -0.007, -0.003,  0.002,
         0.008,  0.009,  0.002,  0.006, -0.007, -0.007, -0.008,  0.01 ,
        -0.001, -0.004, -0.009,  0.005, -0.002,  0.003,  0.001,  0.009,
        -0.01 ,  0.001, -0.005, -0.007, -0.01 , -0.004, -0.005,  0.001,
         0.004,  0.006, -0.008,  0.004, -0.009,  0.003,  0.001,  0.008,
        -0.002, -0.002, -0.003,  0.   , -0.006,  0.01 , -0.002,  0.002,
         0.009],
       [-0.004,  0.001, -0.01 ,  0.005,  0.003, -0.009,  0.006, -0.009,
         0.002, -0.01 , -0.01 ,  0.009,  0.01 , -0.005, -0.005,  0.001,
         0.002, -0.002,  0.006,  0.   ,  0.01 , -0.009, -0.008,  0.   ,
        -0.004, -0.004,  0.006,  0.005, -0.007, -0.009,  0.003, -0.003,
        -0.003,  0.001, -0.001,  0.005,  0.002, -0.01 , -0.007, -0.01 ,
        -0.007,  0.001,  0.01 , -0.006, -0.009,  0.006, -0.004, -0.002,
         0.009]]), 'deltas': array([[0.],
       [0.],
       [0.],
       [0.],
       [0.],
       [0.]]), 'outputs': array([[0.],
       [0.],
       [0.],
       [0.],
       [0.],
       [0.]]), 'errors': array([[0.],
       [0.],
       [0.],
       [0.],
       [0.],
       [0.]])}, {'weights': array([[ 0.001, -0.006,  0.002,  0.   , -0.001,  0.007],
       [ 0.009,  0.01 ,  0.004, -0.003,  0.009, -0.01 ]]), 'deltas': array([[0.],
       [0.],
       [0.]]), 'outputs': array([[0.],
       [0.],
       [0.]]), 'errors': array([[0.],
       [0.],
       [0.]])}]
Training complete!
Training done. epoch: 5 , total error: 0.00010545949454408051
[{'weights': array([[ 1.51423353e-01, -2.63917002e-02,  8.17152992e-02,
        -1.17631237e-01,  6.12304291e-01, -2.75926102e-01,
        -1.82118552e+00,  1.53451724e+00,  4.68415230e-01,
         2.80616692e+00, -2.90891228e+00,  3.06492315e-01,
         6.04079555e-01, -4.01352410e-01, -9.80193201e-04,
        -7.27678186e-01,  8.87260789e-01,  4.11643490e-02,
         8.21238894e-01, -7.13780369e-01,  8.42884261e-02,
         2.43462995e-01,  2.93741170e-01, -3.38457212e-01,
        -8.26082294e-01,  5.89252760e-01,  4.52576486e-01,
         6.19381373e-01, -4.03409394e-01, -7.22502658e-03,
        -1.10802424e+00,  1.14369045e+00,  1.77080748e-01,
         8.13061285e-01,  9.54750662e-02, -7.14789399e-01,
        -4.83350347e-01,  2.44943204e-01,  4.34154094e-01,
         1.27849591e-01,  1.09156385e-01, -4.22590246e-02,
        -7.58512565e-02,  5.08591518e-01, -2.56993310e-01,
         8.16665502e-02, -6.37132413e-01,  7.46212814e-01,
         1.94746952e-01],
       [ 1.48097708e-01, -2.84591602e-02,  7.64828976e-02,
        -1.18771997e-01,  6.07610369e-01, -2.84716926e-01,
        -1.79905952e+00,  1.51802649e+00,  4.70154477e-01,
         2.81338823e+00, -2.90797612e+00,  3.06709339e-01,
         6.07848551e-01, -4.15059037e-01, -6.66806750e-03,
        -7.21695594e-01,  8.70850029e-01,  5.39670109e-02,
         8.14151273e-01, -6.94018883e-01,  6.69890550e-02,
         2.47176103e-01,  2.90619448e-01, -3.22674106e-01,
        -8.29530082e-01,  5.66773726e-01,  4.61877803e-01,
         6.13818490e-01, -4.05348995e-01, -3.34804943e-03,
        -1.09713777e+00,  1.12615063e+00,  1.67108588e-01,
         8.08202801e-01,  1.03571097e-01, -7.16652452e-01,
        -4.85845574e-01,  2.56286220e-01,  4.20680800e-01,
         1.36041792e-01,  1.11214927e-01, -3.41352731e-02,
        -7.41149566e-02,  5.15846290e-01, -2.56609888e-01,
         8.76509415e-02, -6.27484113e-01,  7.56954617e-01,
         1.90121446e-01],
       [ 1.55541405e-01, -3.14846001e-02,  7.48864731e-02,
        -1.21303954e-01,  6.06791766e-01, -2.72544534e-01,
        -1.82106663e+00,  1.54416612e+00,  4.74843788e-01,
         2.79832503e+00, -2.91417839e+00,  3.21796635e-01,
         5.96712597e-01, -3.95482502e-01, -7.28681669e-03,
        -7.21393995e-01,  8.85118327e-01,  3.92189462e-02,
         8.19012575e-01, -7.00776206e-01,  6.97069101e-02,
         2.48039782e-01,  2.93574214e-01, -3.30670718e-01,
        -8.25876731e-01,  5.63426933e-01,  4.45393076e-01,
         6.22885904e-01, -4.10937545e-01, -1.70050807e-02,
        -1.10804725e+00,  1.13154766e+00,  1.79442868e-01,
         8.27293841e-01,  8.44334204e-02, -7.18783983e-01,
        -4.82680125e-01,  2.39981243e-01,  4.41642160e-01,
         1.30987333e-01,  1.13508149e-01, -4.25522038e-02,
        -6.39271114e-02,  5.26609573e-01, -2.45739184e-01,
         8.02848875e-02, -6.37827398e-01,  7.56485789e-01,
         1.97943278e-01],
       [ 1.53398268e-01, -2.96198588e-02,  6.88354479e-02,
        -1.26267903e-01,  5.99070201e-01, -2.74188441e-01,
        -1.81378083e+00,  1.53144865e+00,  4.65946037e-01,
         2.79921593e+00, -2.92386642e+00,  3.14264345e-01,
         6.01917476e-01, -3.99244477e-01,  1.94085764e-03,
        -7.31395651e-01,  8.78149650e-01,  3.78598579e-02,
         8.20816112e-01, -6.97816607e-01,  7.36143521e-02,
         2.42266000e-01,  2.89437287e-01, -3.23089429e-01,
        -8.15573398e-01,  5.83979037e-01,  4.44208218e-01,
         6.25777502e-01, -4.00355337e-01, -1.78083077e-02,
        -1.10617755e+00,  1.12751350e+00,  1.78277906e-01,
         8.21598914e-01,  8.59673903e-02, -7.18952447e-01,
        -4.77673128e-01,  2.46925425e-01,  4.23361560e-01,
         1.35370249e-01,  1.16445407e-01, -2.72017991e-02,
        -7.26887626e-02,  5.14897537e-01, -2.46594917e-01,
         8.65019802e-02, -6.35267141e-01,  7.50379018e-01,
         1.96613857e-01],
       [ 1.50311901e-01, -3.33642299e-02,  8.07442155e-02,
        -1.20077642e-01,  6.03868197e-01, -2.84098669e-01,
        -1.81197891e+00,  1.53634610e+00,  4.83324696e-01,
         2.80209364e+00, -2.90647020e+00,  3.22068445e-01,
         5.93976428e-01, -4.09491834e-01, -5.79270805e-03,
        -7.19776206e-01,  8.83465363e-01,  4.20027300e-02,
         8.17365116e-01, -6.97167366e-01,  7.44941361e-02,
         2.45581720e-01,  2.91077898e-01, -3.22967732e-01,
        -8.32424268e-01,  5.74275589e-01,  4.44840565e-01,
         6.14970505e-01, -4.21025211e-01, -1.42534072e-02,
        -1.10593141e+00,  1.13329308e+00,  1.73330215e-01,
         8.19308904e-01,  8.69485248e-02, -7.03565542e-01,
        -4.85151111e-01,  2.49037110e-01,  4.31805888e-01,
         1.32588454e-01,  1.10500091e-01, -3.83966585e-02,
        -7.09892425e-02,  5.17962163e-01, -2.55281034e-01,
         9.55049211e-02, -6.35512246e-01,  7.50699212e-01,
         2.09691887e-01],
       [-4.00000000e-03,  1.00000000e-03, -1.00000000e-02,
         5.00000000e-03,  3.00000000e-03, -9.00000000e-03,
         6.00000000e-03, -9.00000000e-03,  2.00000000e-03,
        -1.00000000e-02, -1.00000000e-02,  9.00000000e-03,
         1.00000000e-02, -5.00000000e-03, -5.00000000e-03,
         1.00000000e-03,  2.00000000e-03, -2.00000000e-03,
         6.00000000e-03,  0.00000000e+00,  1.00000000e-02,
        -9.00000000e-03, -8.00000000e-03,  0.00000000e+00,
        -4.00000000e-03, -4.00000000e-03,  6.00000000e-03,
         5.00000000e-03, -7.00000000e-03, -9.00000000e-03,
         3.00000000e-03, -3.00000000e-03, -3.00000000e-03,
         1.00000000e-03, -1.00000000e-03,  5.00000000e-03,
         2.00000000e-03, -1.00000000e-02, -7.00000000e-03,
        -1.00000000e-02, -7.00000000e-03,  1.00000000e-03,
         1.00000000e-02, -6.00000000e-03, -9.00000000e-03,
         6.00000000e-03, -4.00000000e-03, -2.00000000e-03,
         9.00000000e-03]]), 'deltas': array([[1.92914745e-07],
       [1.90849271e-07],
       [1.85972834e-07],
       [1.93837924e-07],
       [1.91083994e-07],
       [0.00000000e+00]]), 'outputs': array([[0.99979773],
       [0.9997999 ],
       [0.99980501],
       [0.99979676],
       [0.99979965],
       [1.        ]]), 'errors': 0.0009539529879403492}, {'weights': array([[-1.49707286, -1.49340497, -1.5039184 , -1.49485981, -1.50364649,
         2.92273402],
       [ 1.50212001,  1.49243316,  1.50491253,  1.48691414,  1.5066619 ,
        -2.92279512]]), 'deltas': array([[-0.00010438],
       [ 0.00010437]]), 'outputs': array([[0.01026974],
       [0.98973105]]), 'errors': array([[-0.01026974],
       [ 0.01026895]])}]
Accuracy: 94.25287356321839 %

train_data group 4 length:  347
   0   1   2   3   4   5   6   7   8  ...  40  41  42  43  44  45  46  47  48
0   1   0   0   1   0   0   1   0   0 ...   1   0   1   0   0   0   1   0   0
1   1   0   0   0   1   0   1   0   0 ...   1   0   1   0   0   0   1   0   0
2   1   0   0   0   1   0   1   0   0 ...   1   0   1   0   0   0   1   0   0
3   1   0   0   0   1   0   1   0   0 ...   1   0   1   0   0   1   0   0   0
4   0   1   0   1   0   0   1   0   0 ...   1   0   1   0   0   0   1   0   0

[5 rows x 49 columns]
Initial Neural Network:
[{'weights': array([[-0.008, -0.004,  0.007,  0.004, -0.009,  0.002,  0.008,  0.005,
         0.007,  0.009,  0.003,  0.003,  0.003, -0.009,  0.009,  0.007,
         0.   ,  0.006, -0.003, -0.003, -0.008,  0.007,  0.005, -0.005,
        -0.009,  0.005, -0.004, -0.006, -0.001,  0.005,  0.008,  0.01 ,
         0.003, -0.002,  0.005, -0.003,  0.005, -0.004,  0.004,  0.006,
        -0.002,  0.01 , -0.004,  0.005, -0.007,  0.   ,  0.008,  0.01 ,
        -0.005],
       [-0.005,  0.001, -0.009, -0.008, -0.004,  0.004, -0.01 , -0.004,
        -0.009,  0.008, -0.003,  0.005, -0.009, -0.009,  0.004,  0.008,
         0.009,  0.003, -0.01 ,  0.008,  0.   , -0.009, -0.004, -0.01 ,
        -0.006,  0.01 , -0.002, -0.004, -0.002,  0.005, -0.008, -0.004,
        -0.008, -0.01 ,  0.007, -0.004,  0.004,  0.005,  0.   , -0.008,
         0.01 , -0.01 , -0.002, -0.008,  0.009, -0.004,  0.005, -0.004,
         0.006],
       [ 0.005, -0.008, -0.007,  0.005, -0.001, -0.009,  0.004,  0.008,
        -0.009, -0.005, -0.002, -0.01 , -0.007,  0.001, -0.004,  0.002,
        -0.009,  0.007,  0.002, -0.008,  0.008,  0.005,  0.006,  0.003,
        -0.006, -0.003,  0.009,  0.009, -0.009, -0.01 ,  0.002, -0.009,
        -0.009, -0.004,  0.009, -0.006, -0.008, -0.007,  0.01 ,  0.005,
         0.005,  0.001,  0.01 ,  0.003,  0.008,  0.002, -0.003, -0.007,
         0.003],
       [ 0.01 ,  0.006,  0.01 , -0.005, -0.008, -0.002, -0.008,  0.004,
         0.005, -0.003, -0.001,  0.   ,  0.01 ,  0.004,  0.003,  0.01 ,
        -0.01 ,  0.008,  0.006,  0.   , -0.003,  0.01 ,  0.003, -0.008,
        -0.008,  0.   ,  0.006,  0.004,  0.004,  0.   ,  0.007, -0.004,
        -0.008, -0.01 ,  0.   ,  0.003,  0.009, -0.001, -0.003,  0.003,
        -0.01 , -0.003, -0.001, -0.01 ,  0.001,  0.001,  0.001,  0.004,
        -0.003],
       [-0.003, -0.002,  0.005,  0.005, -0.003,  0.004, -0.003,  0.002,
         0.007, -0.009, -0.008,  0.009,  0.003,  0.009,  0.009,  0.002,
        -0.001,  0.006, -0.008,  0.004, -0.004,  0.007, -0.006,  0.009,
         0.002, -0.004,  0.001,  0.   , -0.006,  0.002, -0.01 , -0.003,
        -0.01 , -0.005, -0.006,  0.01 ,  0.001,  0.008, -0.008, -0.003,
         0.003, -0.007, -0.008,  0.008, -0.01 ,  0.005, -0.002,  0.01 ,
        -0.001],
       [ 0.003,  0.01 ,  0.01 ,  0.001,  0.   , -0.003,  0.008,  0.007,
         0.004,  0.009, -0.007, -0.008, -0.008,  0.009, -0.003,  0.008,
        -0.002, -0.007, -0.007,  0.008, -0.004, -0.01 ,  0.   , -0.008,
         0.01 ,  0.004,  0.   , -0.002, -0.01 , -0.004, -0.003,  0.007,
        -0.005, -0.006,  0.002,  0.009,  0.003,  0.004, -0.01 , -0.006,
        -0.003, -0.002,  0.001, -0.005,  0.009,  0.005,  0.001,  0.001,
         0.01 ]]), 'deltas': array([[0.],
       [0.],
       [0.],
       [0.],
       [0.],
       [0.]]), 'outputs': array([[0.],
       [0.],
       [0.],
       [0.],
       [0.],
       [0.]]), 'errors': array([[0.],
       [0.],
       [0.],
       [0.],
       [0.],
       [0.]])}, {'weights': array([[ 0.005, -0.004, -0.001,  0.01 ,  0.003, -0.009],
       [-0.003, -0.009, -0.009, -0.006, -0.004, -0.008]]), 'deltas': array([[0.],
       [0.],
       [0.]]), 'outputs': array([[0.],
       [0.],
       [0.]]), 'errors': array([[0.],
       [0.],
       [0.]])}]
Training complete!
Training done. epoch: 3 , total error: 0.0001604501039149938
[{'weights': array([[ 3.94841986e-01, -2.12682925e-01, -9.68926360e-02,
         2.39119629e-01,  2.61437315e-01, -4.13290519e-01,
        -1.04163725e+00,  1.28248509e+00, -1.30581422e-01,
         2.73338935e+00, -2.45627963e+00, -1.71843299e-01,
         2.05331079e-01, -1.24384683e-01,  1.23200289e-02,
        -8.69318791e-02,  2.24996634e-01, -3.47983302e-02,
         1.76142381e-01, -7.13401136e-02, -2.85358424e-02,
         6.96360022e-01, -5.08671399e-02, -5.48226457e-01,
        -5.66554230e-01,  7.23125893e-01, -7.43052378e-02,
         6.60371793e-01, -4.57843041e-01, -1.14262327e-01,
        -1.06277872e+00,  1.13207265e+00,  4.19724954e-02,
         7.48664209e-01, -7.71883535e-01,  1.13485750e-01,
         1.89635162e-01,  2.47141359e-02, -1.19082873e-01,
         1.77038947e-01, -5.22609075e-02, -2.05116153e-02,
        -1.21820762e-01,  1.38485855e-01,  6.76013317e-02,
         1.56099237e-01, -3.71772554e-01,  3.23939742e-01,
         8.52664247e-02],
       [ 4.04462074e-01, -2.11132058e-01, -1.13930654e-01,
         2.30857603e-01,  2.67463835e-01, -4.13922076e-01,
        -1.05790279e+00,  1.27657474e+00, -1.49272582e-01,
         2.73766927e+00, -2.46323554e+00, -1.72034376e-01,
         1.97322114e-01, -1.24496208e-01,  5.57345578e-03,
        -8.20657276e-02,  2.34654752e-01, -4.01896624e-02,
         1.75453120e-01, -6.22030443e-02, -2.28507137e-02,
         6.78219765e-01, -5.59643778e-02, -5.52856025e-01,
        -5.65199307e-01,  7.29469217e-01, -6.98705478e-02,
         6.64155981e-01, -4.55947115e-01, -1.16809504e-01,
        -1.07293680e+00,  1.11630524e+00,  2.90309183e-02,
         7.42885800e-01, -7.67627077e-01,  1.10140639e-01,
         1.91601319e-01,  3.21731056e-02, -1.22375062e-01,
         1.67075256e-01, -4.45008292e-02, -3.81750646e-02,
        -1.19912663e-01,  1.30756460e-01,  8.05555649e-02,
         1.52084535e-01, -3.72799053e-01,  3.10113880e-01,
         9.83993623e-02],
       [ 4.10498390e-01, -2.17855678e-01, -1.15059355e-01,
         2.37127500e-01,  2.71392958e-01, -4.25937101e-01,
        -1.05475280e+00,  1.29771607e+00, -1.52379913e-01,
         2.72536951e+00, -2.46496592e+00, -1.89820239e-01,
         2.01181338e-01, -1.20982560e-01, -2.61542150e-03,
        -9.04400845e-02,  2.15979702e-01, -3.79562605e-02,
         1.80764398e-01, -7.51335850e-02, -1.60474561e-02,
         6.88803967e-01, -4.10700073e-02, -5.46150603e-01,
        -5.74194672e-01,  7.18339724e-01, -5.65616952e-02,
         6.68257289e-01, -4.57115937e-01, -1.33557995e-01,
        -1.07072123e+00,  1.11910369e+00,  2.32008968e-02,
         7.46353546e-01, -7.63257243e-01,  1.03487053e-01,
         1.78845263e-01,  2.09488131e-02, -1.17210719e-01,
         1.78608174e-01, -4.39757184e-02, -3.60490993e-02,
        -1.07109058e-01,  1.39151412e-01,  7.65410032e-02,
         1.56136978e-01, -3.79921791e-01,  3.03368170e-01,
         9.05833567e-02],
       [ 4.16358516e-01, -2.04580847e-01, -9.62671634e-02,
         2.28455572e-01,  2.65620494e-01, -4.19565560e-01,
        -1.06367133e+00,  1.28908993e+00, -1.34908094e-01,
         2.72147931e+00, -2.45782380e+00, -1.78145002e-01,
         2.13260120e-01, -1.12135048e-01,  5.38543347e-03,
        -8.56569601e-02,  2.18898571e-01, -3.57311053e-02,
         1.87149986e-01, -6.90860865e-02, -2.55533934e-02,
         6.95726759e-01, -4.79378367e-02, -5.53278417e-01,
        -5.69849380e-01,  7.20502708e-01, -6.31428230e-02,
         6.67275062e-01, -4.47380738e-01, -1.22383818e-01,
        -1.06762637e+00,  1.12541101e+00,  2.67258698e-02,
         7.41827252e-01, -7.73543143e-01,  1.14226397e-01,
         1.93297968e-01,  2.76793300e-02, -1.26466792e-01,
         1.73996910e-01, -5.90427049e-02, -3.54436999e-02,
        -1.19092016e-01,  1.27321046e-01,  7.12814751e-02,
         1.57360964e-01, -3.79229391e-01,  3.17378932e-01,
         8.65105056e-02],
       [ 4.00063683e-01, -2.09390576e-01, -9.85319107e-02,
         2.46620283e-01,  2.65387407e-01, -4.13866493e-01,
        -1.05630830e+00,  1.28483982e+00, -1.30390324e-01,
         2.72023003e+00, -2.46876477e+00, -1.67324064e-01,
         2.11569103e-01, -1.09193148e-01,  1.07652416e-02,
        -8.90670579e-02,  2.25966549e-01, -3.77582946e-02,
         1.77541962e-01, -6.57799963e-02, -2.76207690e-02,
         6.97076155e-01, -5.50823052e-02, -5.39852653e-01,
        -5.62263989e-01,  7.24627896e-01, -7.12227097e-02,
         6.65606103e-01, -4.57179526e-01, -1.20285380e-01,
        -1.08122763e+00,  1.12624713e+00,  2.41216938e-02,
         7.52642263e-01, -7.81054596e-01,  1.19553529e-01,
         1.94741152e-01,  3.28952229e-02, -1.34495178e-01,
         1.73448888e-01, -4.89011098e-02, -3.94065812e-02,
        -1.22190874e-01,  1.41186993e-01,  6.31450780e-02,
         1.63897107e-01, -3.80914995e-01,  3.22159085e-01,
         9.11411967e-02],
       [ 3.00000000e-03,  1.00000000e-02,  1.00000000e-02,
         1.00000000e-03,  0.00000000e+00, -3.00000000e-03,
         8.00000000e-03,  7.00000000e-03,  4.00000000e-03,
         9.00000000e-03, -7.00000000e-03, -8.00000000e-03,
        -8.00000000e-03,  9.00000000e-03, -3.00000000e-03,
         8.00000000e-03, -2.00000000e-03, -7.00000000e-03,
        -7.00000000e-03,  8.00000000e-03, -4.00000000e-03,
        -1.00000000e-02,  0.00000000e+00, -8.00000000e-03,
         1.00000000e-02,  4.00000000e-03,  0.00000000e+00,
        -2.00000000e-03, -1.00000000e-02, -4.00000000e-03,
        -3.00000000e-03,  7.00000000e-03, -5.00000000e-03,
        -6.00000000e-03,  2.00000000e-03,  9.00000000e-03,
         3.00000000e-03,  4.00000000e-03, -1.00000000e-02,
        -6.00000000e-03, -3.00000000e-03, -2.00000000e-03,
         1.00000000e-03, -5.00000000e-03,  9.00000000e-03,
         5.00000000e-03,  1.00000000e-03,  1.00000000e-03,
         1.00000000e-02]]), 'deltas': array([[2.68243544e-07],
       [2.68154309e-07],
       [2.63583311e-07],
       [2.65711062e-07],
       [2.65131756e-07],
       [0.00000000e+00]]), 'outputs': array([[0.99980566],
       [0.99980573],
       [0.99980904],
       [0.9998075 ],
       [0.99980792],
       [1.        ]]), 'errors': 0.0013805670615373}, {'weights': array([[-1.40314066, -1.40576303, -1.39366155, -1.39149744, -1.39524402,
         2.63135232],
       [ 1.408838  ,  1.39637716,  1.38730259,  1.3991504 ,  1.39785889,
        -2.63142355]]), 'deltas': array([[-0.00015844],
       [ 0.00015839]]), 'outputs': array([[0.01266782],
       [0.98733404]]), 'errors': array([[-0.01266782],
       [ 0.01266596]])}]
Accuracy: 96.5909090909091 %

Feedforward Neural Network AVG Accuracy (%): 95.86188670992199 %
