Namespace(error_threshold=0.001, max_epochs=1000, num_layers=2, num_nodes_per_hidden_layer=5, training_rate=0.1)

train_data group 0 length:  349
   0   1   2   3   4   5   6   7   8  ...  40  41  42  43  44  45  46  47  48
0   1   0   0   0   1   0   1   0   0 ...   1   0   1   0   0   0   1   0   0
1   1   0   0   0   0   1   1   0   0 ...   1   0   1   0   0   0   1   0   0
2   1   0   0   0   1   0   1   0   0 ...   1   0   1   0   0   0   1   0   0
3   1   0   0   0   1   0   1   0   0 ...   1   0   1   0   0   1   0   0   0
4   1   0   0   1   0   0   1   0   0 ...   1   0   1   0   0   1   0   0   0

[5 rows x 49 columns]
Initial Neural Network:
[{'weights': array([[ 0.005, -0.004,  0.006, -0.008,  0.001, -0.009,  0.002,  0.007,
         0.008,  0.002,  0.001,  0.003,  0.005,  0.01 , -0.006,  0.004,
        -0.006, -0.007,  0.01 ,  0.003,  0.004, -0.006,  0.003,  0.006,
         0.009,  0.002,  0.003, -0.001, -0.001,  0.003, -0.003, -0.005,
         0.008,  0.006,  0.009,  0.   ,  0.   , -0.005,  0.006,  0.003,
         0.007,  0.006,  0.004,  0.004, -0.007, -0.009, -0.008, -0.008,
        -0.007],
       [-0.008,  0.   ,  0.001, -0.002,  0.006, -0.005, -0.007,  0.002,
        -0.005,  0.003,  0.005,  0.01 ,  0.001, -0.002, -0.005, -0.006,
         0.007, -0.004,  0.003, -0.004, -0.002,  0.006,  0.003, -0.003,
         0.009,  0.006, -0.007,  0.   ,  0.006,  0.008,  0.005,  0.004,
        -0.004, -0.005,  0.007,  0.007, -0.005, -0.006,  0.007,  0.006,
         0.002,  0.007, -0.008, -0.001,  0.002, -0.001, -0.004, -0.005,
        -0.009],
       [-0.004,  0.   , -0.005, -0.008,  0.002, -0.009, -0.005,  0.   ,
        -0.009,  0.003,  0.009,  0.004,  0.006,  0.003,  0.006,  0.003,
        -0.006,  0.008, -0.007, -0.005,  0.   ,  0.   ,  0.007,  0.005,
         0.004, -0.008,  0.   , -0.01 , -0.002,  0.002, -0.01 , -0.002,
         0.009,  0.007, -0.003,  0.   ,  0.004, -0.007,  0.   ,  0.006,
         0.   , -0.005, -0.008,  0.008, -0.007, -0.008,  0.005,  0.01 ,
        -0.007],
       [-0.009,  0.   , -0.004,  0.01 , -0.005,  0.003, -0.005, -0.006,
         0.001,  0.007, -0.008,  0.009,  0.005,  0.004, -0.003, -0.007,
         0.007, -0.005,  0.003,  0.009, -0.006,  0.009, -0.008, -0.006,
        -0.003, -0.01 ,  0.008,  0.003, -0.005, -0.005, -0.001, -0.008,
        -0.009,  0.   ,  0.006,  0.   , -0.008,  0.009,  0.01 ,  0.01 ,
        -0.002, -0.003, -0.001, -0.007, -0.004, -0.001,  0.01 , -0.006,
        -0.008],
       [ 0.01 , -0.005,  0.004,  0.002,  0.   ,  0.009, -0.009, -0.006,
        -0.004,  0.005,  0.006,  0.003,  0.001, -0.007, -0.004,  0.01 ,
         0.01 , -0.007, -0.009,  0.009,  0.002, -0.01 , -0.007,  0.005,
        -0.001, -0.005, -0.002,  0.001,  0.01 , -0.003,  0.008, -0.01 ,
         0.003, -0.004,  0.008,  0.002, -0.007,  0.002,  0.001,  0.007,
        -0.002, -0.009,  0.   ,  0.007,  0.006,  0.01 , -0.004, -0.009,
         0.007],
       [ 0.002,  0.001, -0.005, -0.001,  0.002,  0.01 ,  0.005,  0.007,
        -0.007,  0.009, -0.01 , -0.001, -0.01 , -0.004, -0.009,  0.006,
         0.001, -0.005,  0.01 ,  0.006, -0.01 ,  0.008,  0.003,  0.002,
        -0.002,  0.   ,  0.009,  0.001,  0.008,  0.008, -0.002,  0.   ,
        -0.001,  0.004,  0.005, -0.01 ,  0.   , -0.002,  0.003, -0.003,
        -0.003, -0.001,  0.003,  0.003,  0.004, -0.004, -0.003, -0.003,
         0.002]]), 'deltas': array([[0.],
       [0.],
       [0.],
       [0.],
       [0.],
       [0.]]), 'outputs': array([[0.],
       [0.],
       [0.],
       [0.],
       [0.],
       [0.]]), 'errors': array([[0.],
       [0.],
       [0.],
       [0.],
       [0.],
       [0.]])}, {'weights': array([[-0.001, -0.003,  0.   ,  0.009, -0.009, -0.008],
       [-0.005, -0.003, -0.005,  0.001,  0.008, -0.007]]), 'deltas': array([[0.],
       [0.],
       [0.]]), 'outputs': array([[0.],
       [0.],
       [0.]]), 'errors': array([[0.],
       [0.],
       [0.]])}]
Training complete!
Training done. epoch: 13 , total error: 0.0006913733723263691
[{'weights': array([[ 1.32466275e-02, -6.71909857e-03, -6.63179562e-03,
        -9.02218684e-02,  3.10318151e-01, -2.43200549e-01,
        -4.34600073e-01,  5.81598458e-01, -1.37102652e-01,
         1.75694467e+00, -1.73850362e+00, -1.95453169e-02,
         2.62753284e-01, -3.04030750e-01,  4.31731988e-02,
        -1.53041751e-01,  1.63226132e-01, -2.62886478e-02,
         2.04562251e-01, -1.86520731e-01, -8.14578718e-03,
         2.73123852e-01,  5.51566618e-03, -2.82743785e-01,
        -3.24000942e-01,  3.73328612e-01, -4.24319372e-02,
         3.60830957e-01, -2.95937026e-01, -7.09981976e-02,
        -7.18039587e-01,  6.86459577e-01,  2.44757438e-02,
         5.07321012e-01, -4.09354628e-02, -4.58489816e-01,
        -3.77731754e-02,  1.47962393e-01, -1.16293485e-01,
         2.51947315e-01, -1.82384343e-01, -6.06672388e-02,
        -2.26840506e-01,  2.82738001e-01, -6.20017616e-02,
        -7.48276293e-02, -2.39467959e-01,  2.82191322e-01,
        -1.41042667e-02],
       [ 3.03802629e-03, -4.79366348e-03, -9.09320986e-03,
        -8.42667402e-02,  3.15317389e-01, -2.35899496e-01,
        -4.45235236e-01,  5.78726256e-01, -1.47339868e-01,
         1.75781490e+00, -1.73363164e+00, -1.00321088e-02,
         2.59893344e-01, -3.15366455e-01,  4.56242644e-02,
        -1.60049989e-01,  1.74598408e-01, -2.13972656e-02,
         1.98469087e-01, -1.93119282e-01, -1.21986514e-02,
         2.83889762e-01,  6.75084374e-03, -2.88489453e-01,
        -3.24083278e-01,  3.80292543e-01, -5.20581114e-02,
         3.64092297e-01, -2.89948450e-01, -6.39926944e-02,
        -7.08734299e-01,  6.94255979e-01,  1.56294728e-02,
         4.98538637e-01, -4.20420612e-02, -4.51345423e-01,
        -4.27244426e-02,  1.48548419e-01, -1.13672824e-01,
         2.55835319e-01, -1.86647501e-01, -5.80366652e-02,
        -2.37051351e-01,  2.79218809e-01, -5.30163053e-02,
        -6.76221458e-02, -2.35721966e-01,  2.89495265e-01,
        -1.28488470e-02],
       [ 9.50080366e-03, -3.73970254e-03, -2.04187226e-02,
        -8.95529686e-02,  3.13840132e-01, -2.44944785e-01,
        -4.37704772e-01,  5.75224612e-01, -1.57177461e-01,
         1.75644757e+00, -1.72447251e+00, -2.16326789e-02,
         2.63010072e-01, -3.07621457e-01,  5.39537636e-02,
        -1.53129823e-01,  1.64948365e-01, -1.24761641e-02,
         1.89578189e-01, -1.94398382e-01, -1.28374281e-02,
         2.80834725e-01,  8.31630981e-03, -2.82808656e-01,
        -3.27198650e-01,  3.62990310e-01, -4.54492816e-02,
         3.51536169e-01, -2.94259548e-01, -7.29342421e-02,
        -7.20771360e-01,  6.87169934e-01,  2.49438053e-02,
         5.07817346e-01, -4.97000559e-02, -4.59774911e-01,
        -3.59871005e-02,  1.49550877e-01, -1.22221398e-01,
         2.51684326e-01, -1.85076064e-01, -7.12658838e-02,
        -2.34787057e-01,  2.84893679e-01, -6.27642441e-02,
        -6.99802444e-02, -2.25797867e-01,  2.97120490e-01,
        -1.26576215e-02],
       [ 4.84153479e-03, -5.35652325e-03, -1.74386387e-02,
        -7.06724298e-02,  3.05108995e-01, -2.31390192e-01,
        -4.40559812e-01,  5.69646846e-01, -1.44040662e-01,
         1.76714374e+00, -1.75056422e+00, -1.35331427e-02,
         2.63783650e-01, -3.08196360e-01,  4.54590827e-02,
        -1.61455047e-01,  1.76440838e-01, -2.49394183e-02,
         1.95015532e-01, -1.76225438e-01, -1.77437205e-02,
         2.82456760e-01, -8.99738651e-04, -2.91510649e-01,
        -3.34161907e-01,  3.59202368e-01, -3.49940876e-02,
         3.65063735e-01, -2.97207849e-01, -7.98095127e-02,
        -7.11653564e-01,  6.79182931e-01,  9.51700544e-03,
         5.02457347e-01, -4.38560954e-02, -4.57554879e-01,
        -4.60448316e-02,  1.62842347e-01, -1.10751143e-01,
         2.59424175e-01, -1.91383997e-01, -6.79938053e-02,
        -2.32663319e-01,  2.74563363e-01, -5.88536711e-02,
        -6.75886936e-02, -2.20863359e-01,  2.86498425e-01,
        -1.29536272e-02],
       [ 1.34186174e-02, -3.80018263e-03, -9.72637838e-03,
        -8.10748845e-02,  3.08870715e-01, -2.25903774e-01,
        -4.41775678e-01,  5.64073715e-01, -1.50405981e-01,
         1.75907001e+00, -1.73363878e+00, -2.05391731e-02,
         2.56781971e-01, -3.20482078e-01,  4.45921642e-02,
        -1.46590775e-01,  1.77315724e-01, -2.68328927e-02,
         1.84237115e-01, -1.80507010e-01, -1.08380491e-02,
         2.65620925e-01, -3.51588832e-03, -2.83212980e-01,
        -3.31664143e-01,  3.61397080e-01, -4.68408805e-02,
         3.61384305e-01, -2.84915778e-01, -7.75764707e-02,
        -7.09971966e-01,  6.81864208e-01,  1.99998137e-02,
         4.99936158e-01, -4.74051882e-02, -4.55638914e-01,
        -4.48263531e-02,  1.54071196e-01, -1.22352787e-01,
         2.55492265e-01, -1.93820470e-01, -7.47797386e-02,
        -2.27974113e-01,  2.81327690e-01, -4.94615211e-02,
        -5.82536020e-02, -2.32059308e-01,  2.78204967e-01,
        -2.10794358e-03],
       [ 2.00000000e-03,  1.00000000e-03, -5.00000000e-03,
        -1.00000000e-03,  2.00000000e-03,  1.00000000e-02,
         5.00000000e-03,  7.00000000e-03, -7.00000000e-03,
         9.00000000e-03, -1.00000000e-02, -1.00000000e-03,
        -1.00000000e-02, -4.00000000e-03, -9.00000000e-03,
         6.00000000e-03,  1.00000000e-03, -5.00000000e-03,
         1.00000000e-02,  6.00000000e-03, -1.00000000e-02,
         8.00000000e-03,  3.00000000e-03,  2.00000000e-03,
        -2.00000000e-03,  0.00000000e+00,  9.00000000e-03,
         1.00000000e-03,  8.00000000e-03,  8.00000000e-03,
        -2.00000000e-03,  0.00000000e+00, -1.00000000e-03,
         4.00000000e-03,  5.00000000e-03, -1.00000000e-02,
         0.00000000e+00, -2.00000000e-03,  3.00000000e-03,
        -3.00000000e-03, -3.00000000e-03, -1.00000000e-03,
         3.00000000e-03,  3.00000000e-03,  4.00000000e-03,
        -4.00000000e-03, -3.00000000e-03, -3.00000000e-03,
         2.00000000e-03]]), 'deltas': array([[0.00011879],
       [0.00011983],
       [0.00011919],
       [0.00012003],
       [0.00011959],
       [0.        ]]), 'outputs': array([[0.97598069],
       [0.97576636],
       [0.97589814],
       [0.97572466],
       [0.97581547],
       [1.        ]]), 'errors': 0.005067416067172816}, {'weights': array([[-1.25738663, -1.25795778, -1.26461999, -1.24976847, -1.25843911,
         2.52425787],
       [ 1.25313564,  1.25368275,  1.26130068,  1.26148124,  1.25918354,
        -2.5244878 ]]), 'deltas': array([[-0.00067343],
       [ 0.00067296]]), 'outputs': array([[0.02629866],
       [0.9737107 ]]), 'errors': array([[-0.02629866],
       [ 0.0262893 ]])}]
neural_net output [0.91184122 0.08814205]
target: 0 prediction: 0
neural_net output [0.89566477 0.10431711]
target: 0 prediction: 0
neural_net output [0.91082293 0.0891597 ]
target: 0 prediction: 0
neural_net output [0.88975405 0.11022681]
target: 0 prediction: 0
neural_net output [0.2472987  0.75273192]
target: 0 prediction: 1
neural_net output [0.92015543 0.07982859]
target: 0 prediction: 0
neural_net output [0.90873481 0.09124792]
target: 0 prediction: 0
neural_net output [0.9018377  0.09814482]
target: 0 prediction: 0
neural_net output [0.91103709 0.08894565]
target: 0 prediction: 0
neural_net output [0.90581012 0.09417317]
target: 0 prediction: 0
neural_net output [0.91286456 0.08711863]
target: 0 prediction: 0
neural_net output [0.90478185 0.09520032]
target: 0 prediction: 0
neural_net output [0.6619193  0.33805924]
target: 0 prediction: 0
neural_net output [0.9060913  0.09389225]
target: 0 prediction: 0
neural_net output [0.89546303 0.10451573]
target: 0 prediction: 0
neural_net output [0.9060913  0.09389225]
target: 0 prediction: 0
neural_net output [0.89931384 0.10066784]
target: 0 prediction: 0
neural_net output [0.8806757  0.11930442]
target: 0 prediction: 0
neural_net output [0.9060913  0.09389225]
target: 0 prediction: 0
neural_net output [0.90233016 0.09765289]
target: 0 prediction: 0
neural_net output [0.90561317 0.09436931]
target: 0 prediction: 0
neural_net output [0.89566477 0.10431711]
target: 0 prediction: 0
neural_net output [0.91160351 0.08837925]
target: 0 prediction: 0
neural_net output [0.87202163 0.12795966]
target: 0 prediction: 0
neural_net output [0.91082293 0.0891597 ]
target: 0 prediction: 0
neural_net output [0.90609964 0.09388379]
target: 0 prediction: 0
neural_net output [0.91741759 0.08256572]
target: 0 prediction: 0
neural_net output [0.90233016 0.09765289]
target: 0 prediction: 0
neural_net output [0.87220305 0.12777594]
target: 0 prediction: 0
neural_net output [0.88045723 0.11952167]
target: 0 prediction: 0
neural_net output [0.89566477 0.10431711]
target: 0 prediction: 0
neural_net output [0.90587963 0.09410325]
target: 0 prediction: 0
neural_net output [0.91577199 0.0842113 ]
target: 0 prediction: 0
neural_net output [0.04593478 0.95407895]
target: 1 prediction: 1
neural_net output [0.02566662 0.97434273]
target: 1 prediction: 1
neural_net output [0.04483413 0.95518099]
target: 1 prediction: 1
neural_net output [0.02502371 0.97498545]
target: 1 prediction: 1
neural_net output [0.02340632 0.97660228]
target: 1 prediction: 1
neural_net output [0.03252895 0.9674824 ]
target: 1 prediction: 1
neural_net output [0.02391608 0.97609267]
target: 1 prediction: 1
neural_net output [0.09471961 0.90530435]
target: 1 prediction: 1
neural_net output [0.02390971 0.97609901]
target: 1 prediction: 1
neural_net output [0.02734413 0.97266556]
target: 1 prediction: 1
neural_net output [0.03721266 0.96280012]
target: 1 prediction: 1
neural_net output [0.03050881 0.96950164]
target: 1 prediction: 1
neural_net output [0.03035119 0.96965908]
target: 1 prediction: 1
neural_net output [0.04886933 0.95114672]
target: 1 prediction: 1
neural_net output [0.02713676 0.97287301]
target: 1 prediction: 1
neural_net output [0.04922969 0.95078521]
target: 1 prediction: 1
neural_net output [0.02531898 0.97469026]
target: 1 prediction: 1
neural_net output [0.03980125 0.9602116 ]
target: 1 prediction: 1
neural_net output [0.05408378 0.94593243]
target: 1 prediction: 1
neural_net output [0.02646026 0.97354897]
target: 1 prediction: 1
neural_net output [0.52008948 0.47988362]
target: 1 prediction: 0
neural_net output [0.03086703 0.9691434 ]
target: 1 prediction: 1
neural_net output [0.02673042 0.97327896]
target: 1 prediction: 1
neural_net output [0.0243699  0.97563885]
target: 1 prediction: 1
neural_net output [0.02868031 0.9713296 ]
target: 1 prediction: 1
neural_net output [0.46540598 0.53457979]
target: 1 prediction: 1
neural_net output [0.02495494 0.97505408]
target: 1 prediction: 1
neural_net output [0.03980125 0.9602116 ]
target: 1 prediction: 1
neural_net output [0.04701171 0.95300311]
target: 1 prediction: 1
neural_net output [0.02316243 0.97684616]
target: 1 prediction: 1
neural_net output [0.02521712 0.97479191]
target: 1 prediction: 1
neural_net output [0.04397639 0.95603784]
target: 1 prediction: 1
neural_net output [0.03457752 0.96543453]
target: 1 prediction: 1
neural_net output [0.02350087 0.97650779]
target: 1 prediction: 1
neural_net output [0.0288415  0.97116809]
target: 1 prediction: 1
neural_net output [0.03339808 0.9666126 ]
target: 1 prediction: 1
neural_net output [0.0284538  0.97155574]
target: 1 prediction: 1
neural_net output [0.07987485 0.9201455 ]
target: 1 prediction: 1
neural_net output [0.03740591 0.96260695]
target: 1 prediction: 1
neural_net output [0.0235162  0.97649243]
target: 1 prediction: 1
neural_net output [0.0280017  0.97200806]
target: 1 prediction: 1
neural_net output [0.03219486 0.96781628]
target: 1 prediction: 1
neural_net output [0.07848805 0.92153076]
target: 1 prediction: 1
neural_net output [0.02524551 0.97476366]
target: 1 prediction: 1
neural_net output [0.05319228 0.94682377]
target: 1 prediction: 1
neural_net output [0.03952788 0.9604848 ]
target: 1 prediction: 1
neural_net output [0.04140297 0.9586108 ]
target: 1 prediction: 1
neural_net output [0.5656262 0.4343395]
target: 1 prediction: 0
neural_net output [0.4577127  0.54226395]
target: 1 prediction: 1
neural_net output [0.02734413 0.97266556]
target: 1 prediction: 1
neural_net output [0.58543119 0.41454927]
target: 1 prediction: 0
neural_net output [0.05195276 0.94806179]
target: 1 prediction: 1
neural_net output [0.03328903 0.96672171]
target: 1 prediction: 1
Accuracy: 95.34883720930233 %

train_data group 1 length:  348
   0   1   2   3   4   5   6   7   8  ...  40  41  42  43  44  45  46  47  48
0   1   0   0   1   0   0   1   0   0 ...   1   0   1   0   0   0   1   0   0
1   1   0   0   0   1   0   1   0   0 ...   1   0   1   0   0   0   1   0   0
2   1   0   0   0   1   0   1   0   0 ...   1   0   1   0   0   0   1   0   0
3   1   0   0   0   1   0   1   0   0 ...   1   0   1   0   0   1   0   0   0
4   0   1   0   1   0   0   1   0   0 ...   1   0   1   0   0   0   1   0   0

[5 rows x 49 columns]
Initial Neural Network:
[{'weights': array([[ 0.002,  0.009, -0.002, -0.002,  0.009, -0.008,  0.006, -0.007,
        -0.01 , -0.008, -0.009,  0.006, -0.008, -0.006,  0.008,  0.005,
        -0.003, -0.008, -0.002,  0.006,  0.002, -0.01 , -0.006, -0.004,
        -0.008,  0.005,  0.002,  0.007,  0.007, -0.001, -0.007,  0.007,
         0.006, -0.003,  0.01 ,  0.009,  0.01 ,  0.005, -0.01 , -0.008,
         0.005,  0.002, -0.007,  0.008, -0.007, -0.007,  0.003,  0.   ,
         0.01 ],
       [-0.007,  0.   , -0.003, -0.004, -0.006, -0.007,  0.006,  0.006,
         0.002, -0.002,  0.005,  0.009,  0.01 ,  0.008,  0.005, -0.002,
         0.001,  0.002,  0.006,  0.01 , -0.008,  0.001,  0.006,  0.001,
        -0.005, -0.006, -0.004,  0.009, -0.007,  0.002, -0.001,  0.003,
        -0.008, -0.006,  0.005,  0.006,  0.002,  0.001,  0.003, -0.005,
         0.008,  0.001, -0.008,  0.008,  0.003, -0.005,  0.007, -0.001,
         0.005],
       [-0.002,  0.01 , -0.005, -0.006,  0.009, -0.01 ,  0.009,  0.006,
         0.006,  0.007,  0.004,  0.001, -0.008,  0.008,  0.003,  0.004,
        -0.009,  0.   , -0.008,  0.008,  0.003, -0.003, -0.005, -0.009,
         0.   ,  0.006,  0.01 , -0.003, -0.008, -0.004,  0.003,  0.004,
         0.009, -0.002, -0.005,  0.006,  0.005,  0.001, -0.004, -0.001,
        -0.004,  0.009,  0.004, -0.001, -0.004,  0.009,  0.004, -0.008,
         0.01 ],
       [-0.009, -0.005,  0.008,  0.01 , -0.008,  0.   ,  0.002, -0.002,
        -0.005,  0.005, -0.007, -0.01 , -0.001, -0.009,  0.009, -0.01 ,
         0.006,  0.001, -0.005, -0.003,  0.01 , -0.002, -0.001,  0.01 ,
        -0.007, -0.009,  0.   ,  0.   ,  0.007,  0.002, -0.005,  0.001,
         0.007, -0.009, -0.002, -0.006, -0.008, -0.006, -0.001, -0.003,
        -0.01 , -0.002, -0.004,  0.01 , -0.01 , -0.003,  0.003,  0.008,
         0.002],
       [-0.007, -0.007,  0.002,  0.008, -0.005, -0.003, -0.002,  0.001,
         0.001, -0.005, -0.003, -0.001,  0.01 ,  0.001,  0.002, -0.01 ,
         0.01 ,  0.004,  0.006,  0.01 , -0.001,  0.004,  0.008,  0.01 ,
        -0.005,  0.   , -0.002,  0.01 , -0.001, -0.008, -0.005, -0.01 ,
        -0.001,  0.008,  0.009,  0.002,  0.01 ,  0.   ,  0.008,  0.005,
        -0.009,  0.005, -0.006,  0.002, -0.004, -0.007,  0.   ,  0.003,
        -0.007],
       [-0.007, -0.001,  0.004, -0.005,  0.007, -0.005,  0.006, -0.005,
        -0.01 , -0.006,  0.004,  0.   ,  0.006,  0.009, -0.004, -0.002,
        -0.008, -0.005, -0.003,  0.004, -0.001, -0.001,  0.004,  0.002,
         0.007,  0.004, -0.003, -0.002,  0.007,  0.006, -0.009, -0.009,
        -0.006, -0.004,  0.001, -0.004, -0.006, -0.007,  0.001,  0.003,
        -0.009,  0.002, -0.003,  0.01 , -0.005,  0.   , -0.002, -0.003,
        -0.001]]), 'deltas': array([[0.],
       [0.],
       [0.],
       [0.],
       [0.],
       [0.]]), 'outputs': array([[0.],
       [0.],
       [0.],
       [0.],
       [0.],
       [0.]]), 'errors': array([[0.],
       [0.],
       [0.],
       [0.],
       [0.],
       [0.]])}, {'weights': array([[-0.008,  0.   , -0.007,  0.007,  0.004,  0.009],
       [ 0.007,  0.002,  0.003,  0.   ,  0.001, -0.004]]), 'deltas': array([[0.],
       [0.],
       [0.]]), 'outputs': array([[0.],
       [0.],
       [0.]]), 'errors': array([[0.],
       [0.],
       [0.]])}]
Training complete!
Training done. epoch: 9 , total error: 0.0009688827342576317
[{'weights': array([[-1.79989586e-02,  1.24115773e-01, -8.25978054e-02,
        -1.60838081e-01,  3.41771085e-01, -1.67413995e-01,
        -6.99698222e-01,  7.35048132e-01, -3.18309013e-02,
         1.43941676e+00, -1.36130512e+00, -7.45926288e-02,
         2.95546170e-01, -3.16166688e-01,  2.91395266e-02,
        -8.11579971e-02,  1.63425731e-01, -7.37487249e-02,
         3.65482846e-01, -3.48487810e-01,  3.52397265e-03,
         1.37770957e-01,  1.23666511e-01, -2.66918459e-01,
        -4.47233134e-01,  4.54710124e-01,  6.04201855e-03,
         3.75087286e-01, -2.50315796e-01, -9.72524821e-02,
        -8.82734750e-01,  9.02900257e-01,  3.53501641e-04,
         4.19743607e-01, -1.08674929e-01, -2.80549670e-01,
         9.87872121e-02, -4.27432103e-03, -7.49938824e-02,
         1.60706377e-01, -2.95212852e-02, -1.17666084e-01,
        -3.36230580e-01,  4.49983856e-01, -1.05234267e-01,
         2.14037073e-02, -1.81657326e-01,  1.70772627e-01,
         2.45190087e-02],
       [-2.72838445e-02,  1.13059194e-01, -8.31154353e-02,
        -1.65136902e-01,  3.28787839e-01, -1.67991023e-01,
        -7.00494225e-01,  7.46353387e-01, -1.91992470e-02,
         1.44514253e+00, -1.34963664e+00, -7.08459801e-02,
         3.13049574e-01, -3.04203132e-01,  2.68134725e-02,
        -8.82198576e-02,  1.65760558e-01, -6.38807858e-02,
         3.73891295e-01, -3.47575648e-01, -5.65573284e-03,
         1.49294351e-01,  1.33895823e-01, -2.62530260e-01,
        -4.47252968e-01,  4.45337620e-01, -4.24737824e-04,
         3.74449353e-01, -2.63443520e-01, -9.43459180e-02,
        -8.79764320e-01,  8.99448861e-01, -1.30246265e-02,
         4.16109796e-01, -1.14751855e-01, -2.83698026e-01,
         8.88854040e-02, -8.04673461e-03, -6.21787549e-02,
         1.65258996e-01, -2.91459983e-02, -1.19453083e-01,
        -3.37824023e-01,  4.50350308e-01, -9.68663699e-02,
         2.34623969e-02, -1.79478164e-01,  1.69675682e-01,
         1.76599145e-02],
       [-1.98708358e-02,  1.21082007e-01, -8.61056008e-02,
        -1.63089802e-01,  3.37942351e-01, -1.69746979e-01,
        -6.95242451e-01,  7.44726079e-01, -1.63780582e-02,
         1.45334632e+00, -1.34906125e+00, -8.01795057e-02,
         2.95707146e-01, -3.04950926e-01,  2.43493498e-02,
        -8.46288773e-02,  1.57740007e-01, -6.60055592e-02,
         3.57701706e-01, -3.47240140e-01,  4.64400497e-03,
         1.42836971e-01,  1.23917692e-01, -2.71649093e-01,
        -4.41712509e-01,  4.56124101e-01,  1.36939781e-02,
         3.62660200e-01, -2.65154214e-01, -1.00400416e-01,
        -8.75759508e-01,  9.00984437e-01,  2.88064147e-03,
         4.16814608e-01, -1.22033726e-01, -2.83675312e-01,
         9.43165917e-02, -1.03667292e-02, -6.98442922e-02,
         1.64634656e-01, -3.71121178e-02, -1.11416968e-01,
        -3.28752375e-01,  4.41505873e-01, -1.01647928e-01,
         3.58900303e-02, -1.79661522e-01,  1.60877062e-01,
         2.21055703e-02],
       [-2.55436279e-02,  1.10793103e-01, -7.25699350e-02,
        -1.48862785e-01,  3.29767176e-01, -1.60224850e-01,
        -6.98712772e-01,  7.39339698e-01, -2.69473864e-02,
         1.45362311e+00, -1.35697636e+00, -8.99672122e-02,
         3.01691886e-01, -3.14027156e-01,  3.00148099e-02,
        -9.21880116e-02,  1.72849157e-01, -6.49816057e-02,
         3.64572026e-01, -3.54742451e-01,  1.08499650e-02,
         1.49929981e-01,  1.30063185e-01, -2.54313625e-01,
        -4.43436929e-01,  4.43570282e-01,  2.54618759e-03,
         3.73927373e-01, -2.51599813e-01, -9.46480193e-02,
        -8.76318241e-01,  8.95711465e-01,  2.28631674e-03,
         4.13853609e-01, -1.17974450e-01, -2.94199618e-01,
         7.85580710e-02, -7.73946375e-03, -6.71390670e-02,
         1.66995429e-01, -4.08014747e-02, -1.22514414e-01,
        -3.31763969e-01,  4.53019836e-01, -1.06576327e-01,
         2.51691197e-02, -1.76750518e-01,  1.78260938e-01,
         2.06795402e-02],
       [-2.70414452e-02,  1.07414765e-01, -7.73644349e-02,
        -1.53077649e-01,  3.30011357e-01, -1.61924823e-01,
        -7.04517543e-01,  7.38528854e-01, -1.90024263e-02,
         1.44007944e+00, -1.35499290e+00, -7.90776485e-02,
         3.10773656e-01, -3.07328344e-01,  2.45635724e-02,
        -9.47971530e-02,  1.74946522e-01, -6.11404846e-02,
         3.75317926e-01, -3.46947151e-01,  1.63810942e-03,
         1.55141000e-01,  1.35792399e-01, -2.53924515e-01,
        -4.43976290e-01,  4.50220285e-01,  1.76488895e-03,
         3.78564383e-01, -2.59003891e-01, -1.03551607e-01,
        -8.81234801e-01,  8.85292031e-01, -5.04834578e-03,
         4.26629318e-01, -1.07574301e-01, -2.85046132e-01,
         9.35951116e-02, -2.87370297e-03, -5.77125238e-02,
         1.73787663e-01, -4.13857951e-02, -1.16392983e-01,
        -3.34808063e-01,  4.43363427e-01, -1.01546479e-01,
         2.16474760e-02, -1.83543951e-01,  1.72905360e-01,
         8.00888475e-03],
       [-7.00000000e-03, -1.00000000e-03,  4.00000000e-03,
        -5.00000000e-03,  7.00000000e-03, -5.00000000e-03,
         6.00000000e-03, -5.00000000e-03, -1.00000000e-02,
        -6.00000000e-03,  4.00000000e-03,  0.00000000e+00,
         6.00000000e-03,  9.00000000e-03, -4.00000000e-03,
        -2.00000000e-03, -8.00000000e-03, -5.00000000e-03,
        -3.00000000e-03,  4.00000000e-03, -1.00000000e-03,
        -1.00000000e-03,  4.00000000e-03,  2.00000000e-03,
         7.00000000e-03,  4.00000000e-03, -3.00000000e-03,
        -2.00000000e-03,  7.00000000e-03,  6.00000000e-03,
        -9.00000000e-03, -9.00000000e-03, -6.00000000e-03,
        -4.00000000e-03,  1.00000000e-03, -4.00000000e-03,
        -6.00000000e-03, -7.00000000e-03,  1.00000000e-03,
         3.00000000e-03, -9.00000000e-03,  2.00000000e-03,
        -3.00000000e-03,  1.00000000e-02, -5.00000000e-03,
         0.00000000e+00, -2.00000000e-03, -3.00000000e-03,
        -1.00000000e-03]]), 'deltas': array([[0.00015085],
       [0.00015272],
       [0.00014956],
       [0.0001523 ],
       [0.00014869],
       [0.        ]]), 'outputs': array([[0.97698107],
       [0.97668904],
       [0.9771823 ],
       [0.97675499],
       [0.97731924],
       [1.        ]]), 'errors': 0.006707723794464554}, {'weights': array([[-1.17889975, -1.16784306, -1.17609377, -1.16470453, -1.16690265,
         2.28106369],
       [ 1.17606978,  1.16799944,  1.17025319,  1.16990533,  1.17006908,
        -2.28099924]]), 'deltas': array([[-0.00093865],
       [ 0.0009388 ]]), 'outputs': array([[0.03112567],
       [0.9688719 ]]), 'errors': array([[-0.03112567],
       [ 0.0311281 ]])}]
Accuracy: 97.70114942528735 %

train_data group 2 length:  348
   0   1   2   3   4   5   6   7   8  ...  40  41  42  43  44  45  46  47  48
0   1   0   0   1   0   0   1   0   0 ...   1   0   1   0   0   0   1   0   0
1   1   0   0   0   1   0   1   0   0 ...   1   0   1   0   0   0   1   0   0
2   1   0   0   0   1   0   1   0   0 ...   1   0   1   0   0   0   1   0   0
3   1   0   0   0   1   0   1   0   0 ...   1   0   1   0   0   1   0   0   0
4   0   1   0   1   0   0   1   0   0 ...   1   0   1   0   0   0   1   0   0

[5 rows x 49 columns]
Initial Neural Network:
[{'weights': array([[ 0.009, -0.01 ,  0.   , -0.009, -0.008,  0.007,  0.008, -0.009,
         0.004, -0.004,  0.006, -0.01 , -0.002, -0.002,  0.003,  0.001,
         0.002,  0.004, -0.005,  0.006,  0.005, -0.001, -0.003,  0.001,
         0.009,  0.008,  0.006, -0.009,  0.001,  0.004,  0.007, -0.007,
         0.008, -0.007, -0.006, -0.005, -0.005,  0.009, -0.001, -0.009,
         0.005,  0.004, -0.01 ,  0.005,  0.007, -0.008,  0.006, -0.005,
        -0.006],
       [-0.006,  0.004, -0.007,  0.   , -0.01 ,  0.003, -0.001,  0.001,
         0.004,  0.   ,  0.003,  0.007, -0.003,  0.006, -0.003,  0.007,
         0.002, -0.002, -0.002, -0.004, -0.005, -0.006, -0.008,  0.001,
         0.007, -0.009, -0.009,  0.001, -0.01 , -0.002,  0.009, -0.003,
         0.008,  0.01 ,  0.002,  0.006,  0.007,  0.004,  0.007,  0.01 ,
        -0.01 ,  0.   , -0.007,  0.005,  0.002, -0.008,  0.005, -0.002,
         0.01 ],
       [ 0.008, -0.007,  0.006,  0.009, -0.001, -0.003, -0.004, -0.007,
        -0.007,  0.005, -0.006, -0.007, -0.009, -0.01 ,  0.002, -0.003,
         0.006,  0.005, -0.005,  0.005,  0.004, -0.006,  0.   , -0.005,
        -0.006,  0.003, -0.009,  0.001, -0.004, -0.001,  0.007,  0.008,
         0.01 , -0.004, -0.008,  0.005,  0.008, -0.009,  0.008, -0.01 ,
         0.004, -0.006, -0.009,  0.004,  0.01 ,  0.   , -0.01 , -0.002,
        -0.004],
       [ 0.008,  0.002,  0.002,  0.009, -0.002,  0.007,  0.002,  0.005,
        -0.006,  0.009, -0.001, -0.004, -0.003,  0.01 , -0.009,  0.006,
         0.001,  0.007,  0.004, -0.005, -0.003, -0.01 ,  0.   , -0.005,
        -0.01 , -0.004,  0.005,  0.005,  0.009,  0.006,  0.003, -0.003,
         0.004,  0.005, -0.004, -0.007, -0.009, -0.006,  0.   ,  0.004,
        -0.01 , -0.009, -0.003,  0.003, -0.005,  0.009,  0.   ,  0.003,
        -0.001],
       [ 0.005,  0.01 ,  0.007, -0.01 ,  0.004, -0.01 , -0.007, -0.009,
         0.002,  0.004,  0.007, -0.001,  0.004,  0.   , -0.002,  0.006,
         0.002, -0.003, -0.003,  0.008, -0.009, -0.01 ,  0.007, -0.005,
         0.   ,  0.003,  0.008, -0.005, -0.003,  0.008,  0.003,  0.01 ,
        -0.001, -0.007, -0.005, -0.002, -0.001,  0.   , -0.009, -0.006,
         0.005, -0.005, -0.008, -0.006,  0.009,  0.006,  0.001,  0.007,
         0.001],
       [ 0.004,  0.006,  0.001,  0.003, -0.005,  0.007,  0.007, -0.007,
         0.003,  0.002,  0.003,  0.009, -0.005, -0.007,  0.   , -0.007,
        -0.01 ,  0.007, -0.002, -0.002, -0.006, -0.01 , -0.005,  0.002,
         0.004, -0.002,  0.007,  0.008,  0.004, -0.001,  0.003,  0.001,
         0.003,  0.009,  0.001,  0.   ,  0.01 , -0.006,  0.007, -0.002,
        -0.01 , -0.002, -0.008, -0.002,  0.008,  0.008, -0.002,  0.007,
         0.003]]), 'deltas': array([[0.],
       [0.],
       [0.],
       [0.],
       [0.],
       [0.]]), 'outputs': array([[0.],
       [0.],
       [0.],
       [0.],
       [0.],
       [0.]]), 'errors': array([[0.],
       [0.],
       [0.],
       [0.],
       [0.],
       [0.]])}, {'weights': array([[-0.005, -0.008, -0.009,  0.   , -0.01 , -0.01 ],
       [-0.009, -0.005,  0.008, -0.009, -0.008,  0.   ]]), 'deltas': array([[0.],
       [0.],
       [0.]]), 'outputs': array([[0.],
       [0.],
       [0.]]), 'errors': array([[0.],
       [0.],
       [0.]])}]
Training complete!
Training done. epoch: 13 , total error: 0.00046609206429608916
[{'weights': array([[ 1.53778830e-02,  4.52666133e-02, -8.35835351e-02,
        -3.24182114e-01,  4.81428675e-01, -1.89185600e-01,
        -7.34865048e-01,  7.69484308e-01, -5.35582988e-02,
         1.69487803e+00, -1.52613309e+00, -1.98683982e-01,
         2.47275094e-01, -3.56550572e-01,  8.63364390e-02,
        -8.89697896e-02,  6.65484215e-02,  7.48232928e-03,
         1.68612773e-01, -1.64937393e-01, -1.96144182e-02,
         2.88524396e-01, -1.02148078e-02, -3.03248627e-01,
        -4.38026575e-01,  6.20586410e-01, -1.81498874e-01,
         3.34624777e-01, -3.13000229e-01, -4.75635871e-02,
        -9.93627733e-01,  1.02726237e+00, -4.75736796e-02,
         5.13155422e-01, -2.50748832e-01, -3.02345629e-01,
        -1.30487505e-01,  9.93365251e-02,  1.22119410e-02,
         8.15637368e-02, -4.44213612e-02, -5.90814144e-02,
        -2.08956029e-01,  3.72166194e-01, -1.83149204e-01,
        -5.44143074e-02, -1.95295120e-01,  2.20770389e-01,
        -2.79390388e-02],
       [ 8.31479211e-03,  4.69118604e-02, -8.80158563e-02,
        -3.19744523e-01,  4.79447679e-01, -1.90492360e-01,
        -7.44764124e-01,  7.75569306e-01, -5.05943864e-02,
         1.69288153e+00, -1.52721105e+00, -1.79459685e-01,
         2.44887178e-01, -3.50053171e-01,  8.13767892e-02,
        -8.74720104e-02,  6.83411943e-02,  2.34161233e-03,
         1.71444618e-01, -1.77551041e-01, -2.86827798e-02,
         2.85124436e-01, -1.66951337e-02, -3.05218506e-01,
        -4.45609575e-01,  6.07104250e-01, -1.96283878e-01,
         3.39839776e-01, -3.21768204e-01, -5.28607757e-02,
        -9.93342969e-01,  1.03044443e+00, -4.68906616e-02,
         5.25161869e-01, -2.39156033e-01, -2.91795040e-01,
        -1.22742880e-01,  9.63624298e-02,  2.05912468e-02,
         9.32016423e-02, -5.23676442e-02, -6.46232019e-02,
        -2.06501749e-01,  3.70192766e-01, -1.87480221e-01,
        -5.43064861e-02, -1.97582423e-01,  2.23099705e-01,
        -1.37892038e-02],
       [ 1.97835063e-02,  4.43248271e-02, -7.70599172e-02,
        -3.11921365e-01,  4.93598265e-01, -1.96628484e-01,
        -7.46128282e-01,  7.70689187e-01, -6.25124891e-02,
         1.69837227e+00, -1.53139790e+00, -1.94925956e-01,
         2.37482656e-01, -3.59939487e-01,  8.55052474e-02,
        -9.28844003e-02,  7.19764541e-02,  8.95636228e-03,
         1.74462809e-01, -1.70390580e-01, -2.00238128e-02,
         2.90970158e-01, -1.18121737e-02, -3.10109568e-01,
        -4.51345112e-01,  6.15262485e-01, -1.95868957e-01,
         3.43879150e-01, -3.15964988e-01, -5.18657463e-02,
        -9.92952793e-01,  1.04329198e+00, -4.52907679e-02,
         5.17013789e-01, -2.47760566e-01, -2.96204806e-01,
        -1.19836290e-01,  8.28753272e-02,  2.40093788e-02,
         7.79879447e-02, -4.08995800e-02, -6.90399486e-02,
        -2.04069754e-01,  3.70440320e-01, -1.81322151e-01,
        -4.42813007e-02, -2.07741469e-01,  2.20071186e-01,
        -2.39515839e-02],
       [ 2.15318677e-02,  4.80634237e-02, -8.14084985e-02,
        -3.11400876e-01,  4.89309251e-01, -1.87721582e-01,
        -7.41911718e-01,  7.80780191e-01, -6.16816802e-02,
         1.70091936e+00, -1.52894852e+00, -1.91784046e-01,
         2.42505812e-01, -3.43087923e-01,  7.47689045e-02,
        -8.80321711e-02,  6.77513044e-02,  1.04676596e-02,
         1.77244373e-01, -1.78101814e-01, -2.69557662e-02,
         2.83001694e-01, -1.09784237e-02, -3.10836478e-01,
        -4.57445057e-01,  6.05793846e-01, -1.81161996e-01,
         3.49578315e-01, -3.07771167e-01, -4.56203550e-02,
        -1.00030173e+00,  1.03137165e+00, -5.08831191e-02,
         5.20750562e-01, -2.46967490e-01, -3.03596280e-01,
        -1.35513934e-01,  8.21234456e-02,  1.45772814e-02,
         8.58603187e-02, -5.11721462e-02, -7.35013797e-02,
        -2.05621285e-01,  3.70810913e-01, -1.94002835e-01,
        -3.94939988e-02, -1.99729194e-01,  2.27409986e-01,
        -2.48132072e-02],
       [ 1.91015804e-02,  5.59927227e-02, -7.68216710e-02,
        -3.26773514e-01,  4.89949159e-01, -2.02903013e-01,
        -7.53624916e-01,  7.69203444e-01, -5.33058954e-02,
         1.69703728e+00, -1.52180551e+00, -1.88959138e-01,
         2.49542333e-01, -3.53041409e-01,  8.17717083e-02,
        -8.65200116e-02,  6.70142518e-02,  7.78391827e-04,
         1.73477080e-01, -1.68386369e-01, -3.28180794e-02,
         2.84123907e-01, -6.25134346e-03, -3.09599932e-01,
        -4.48238109e-01,  6.14132459e-01, -1.78621718e-01,
         3.36141514e-01, -3.16421059e-01, -4.34478234e-02,
        -9.97595302e-01,  1.04205285e+00, -5.61849161e-02,
         5.10547114e-01, -2.49255105e-01, -2.99019376e-01,
        -1.25164196e-01,  8.63473984e-02,  5.08942949e-03,
         8.00774032e-02, -4.23833223e-02, -6.74214488e-02,
        -2.07985697e-01,  3.61802207e-01, -1.82543879e-01,
        -3.99752136e-02, -2.00924914e-01,  2.31172760e-01,
        -2.27273679e-02],
       [ 4.00000000e-03,  6.00000000e-03,  1.00000000e-03,
         3.00000000e-03, -5.00000000e-03,  7.00000000e-03,
         7.00000000e-03, -7.00000000e-03,  3.00000000e-03,
         2.00000000e-03,  3.00000000e-03,  9.00000000e-03,
        -5.00000000e-03, -7.00000000e-03,  0.00000000e+00,
        -7.00000000e-03, -1.00000000e-02,  7.00000000e-03,
        -2.00000000e-03, -2.00000000e-03, -6.00000000e-03,
        -1.00000000e-02, -5.00000000e-03,  2.00000000e-03,
         4.00000000e-03, -2.00000000e-03,  7.00000000e-03,
         8.00000000e-03,  4.00000000e-03, -1.00000000e-03,
         3.00000000e-03,  1.00000000e-03,  3.00000000e-03,
         9.00000000e-03,  1.00000000e-03,  0.00000000e+00,
         1.00000000e-02, -6.00000000e-03,  7.00000000e-03,
        -2.00000000e-03, -1.00000000e-02, -2.00000000e-03,
        -8.00000000e-03, -2.00000000e-03,  8.00000000e-03,
         8.00000000e-03, -2.00000000e-03,  7.00000000e-03,
         3.00000000e-03]]), 'deltas': array([[6.57221005e-05],
       [6.41536022e-05],
       [6.52854226e-05],
       [6.33132242e-05],
       [6.41660810e-05],
       [0.00000000e+00]]), 'outputs': array([[0.9813309 ],
       [0.98178488],
       [0.98145734],
       [0.98202794],
       [0.98178127],
       [1.        ]]), 'errors': 0.003587341074958662}, {'weights': array([[-1.28255857, -1.30502724, -1.31508238, -1.30645941, -1.31317882,
         2.58860609],
       [ 1.27937164,  1.30296119,  1.32486491,  1.30838278,  1.3060673 ,
        -2.58834242]]), 'deltas': array([[-0.00045586],
       [ 0.0004562 ]]), 'outputs': array([[0.02158511],
       [0.97840678]]), 'errors': array([[-0.02158511],
       [ 0.02159322]])}]
Accuracy: 96.55172413793103 %

train_data group 3 length:  348
   0   1   2   3   4   5   6   7   8  ...  40  41  42  43  44  45  46  47  48
0   1   0   0   1   0   0   1   0   0 ...   1   0   1   0   0   0   1   0   0
1   1   0   0   0   1   0   1   0   0 ...   1   0   1   0   0   0   1   0   0
2   1   0   0   0   1   0   1   0   0 ...   1   0   1   0   0   0   1   0   0
3   1   0   0   0   1   0   1   0   0 ...   1   0   1   0   0   1   0   0   0
4   0   1   0   1   0   0   1   0   0 ...   1   0   1   0   0   0   1   0   0

[5 rows x 49 columns]
Initial Neural Network:
[{'weights': array([[-0.005, -0.006,  0.003,  0.009,  0.008,  0.002,  0.01 , -0.008,
         0.01 ,  0.007,  0.007,  0.006,  0.01 ,  0.   , -0.003,  0.002,
        -0.006,  0.008, -0.004,  0.008, -0.003,  0.001, -0.004, -0.008,
        -0.004,  0.003, -0.008, -0.007, -0.002, -0.005, -0.002, -0.009,
        -0.01 , -0.004, -0.007,  0.002,  0.009,  0.01 , -0.003, -0.007,
         0.01 , -0.009,  0.009,  0.009,  0.001,  0.   ,  0.002, -0.008,
         0.007],
       [ 0.01 ,  0.007, -0.008, -0.003,  0.009,  0.007,  0.01 , -0.002,
         0.008, -0.006,  0.002,  0.01 , -0.008,  0.003,  0.008,  0.008,
         0.009,  0.001, -0.009,  0.003,  0.004,  0.001,  0.005, -0.01 ,
        -0.007, -0.006,  0.005,  0.004,  0.005,  0.008,  0.003, -0.006,
        -0.008,  0.01 , -0.01 , -0.008,  0.004, -0.005, -0.008, -0.005,
         0.001, -0.003,  0.002, -0.007, -0.008,  0.001,  0.008,  0.009,
        -0.006],
       [-0.009, -0.009,  0.003,  0.001,  0.005,  0.003,  0.01 ,  0.005,
         0.002,  0.004,  0.007,  0.008,  0.003, -0.01 ,  0.004,  0.004,
        -0.004, -0.004,  0.006,  0.001, -0.01 ,  0.007, -0.005,  0.003,
         0.009, -0.005, -0.009,  0.007,  0.007, -0.01 ,  0.004, -0.01 ,
         0.001,  0.007,  0.004, -0.008,  0.008, -0.009,  0.002,  0.002,
        -0.007, -0.002,  0.001,  0.01 ,  0.001,  0.002,  0.003, -0.008,
         0.002],
       [-0.009,  0.005,  0.002, -0.009, -0.001,  0.005,  0.003, -0.002,
        -0.007, -0.001, -0.005, -0.007, -0.008,  0.006,  0.009, -0.003,
         0.001,  0.003,  0.009, -0.001,  0.01 ,  0.005,  0.006, -0.001,
        -0.009,  0.002,  0.   , -0.008,  0.   ,  0.001,  0.005, -0.001,
        -0.009,  0.002,  0.005, -0.006,  0.008,  0.002,  0.003, -0.007,
         0.006,  0.006,  0.007,  0.005, -0.002,  0.005, -0.006,  0.009,
         0.002],
       [ 0.007,  0.003, -0.01 ,  0.007, -0.009,  0.008,  0.009,  0.007,
         0.002,  0.003, -0.004,  0.001,  0.004, -0.006, -0.005,  0.006,
        -0.007, -0.009, -0.009,  0.002,  0.007, -0.005,  0.   , -0.001,
         0.008, -0.005,  0.007, -0.002, -0.003,  0.004,  0.   , -0.008,
         0.005, -0.003, -0.008, -0.01 , -0.002, -0.004,  0.004, -0.01 ,
         0.006, -0.007, -0.009, -0.006,  0.008, -0.002,  0.005, -0.001,
        -0.007],
       [ 0.005,  0.   , -0.008,  0.007,  0.006, -0.006, -0.01 ,  0.008,
         0.007,  0.01 , -0.006,  0.004, -0.005,  0.006, -0.002,  0.002,
         0.008, -0.009, -0.01 ,  0.005, -0.003, -0.003, -0.003,  0.   ,
         0.001, -0.001, -0.01 , -0.006, -0.004, -0.007,  0.   ,  0.006,
         0.003,  0.009, -0.008,  0.007,  0.005,  0.002, -0.007, -0.003,
        -0.008,  0.003,  0.002,  0.   , -0.006,  0.002, -0.004, -0.004,
         0.007]]), 'deltas': array([[0.],
       [0.],
       [0.],
       [0.],
       [0.],
       [0.]]), 'outputs': array([[0.],
       [0.],
       [0.],
       [0.],
       [0.],
       [0.]]), 'errors': array([[0.],
       [0.],
       [0.],
       [0.],
       [0.],
       [0.]])}, {'weights': array([[-0.008, -0.01 ,  0.008,  0.004, -0.004,  0.008],
       [-0.002, -0.007,  0.008, -0.007,  0.003,  0.01 ]]), 'deltas': array([[0.],
       [0.],
       [0.]]), 'outputs': array([[0.],
       [0.],
       [0.]]), 'errors': array([[0.],
       [0.],
       [0.]])}]
Training complete!
Training done. epoch: 10 , total error: 0.0007095493951422978
[{'weights': array([[ 7.43586688e-02,  2.43898855e-02,  2.06636169e-02,
        -1.51317201e-01,  3.38248373e-01, -4.05190003e-02,
        -7.68601179e-01,  7.66412061e-01,  1.41601289e-01,
         1.58223419e+00, -1.57726602e+00,  1.42443999e-01,
         3.46110196e-01, -2.46923574e-01,  3.52255486e-02,
        -1.76539368e-01,  2.52473780e-01,  5.54777595e-02,
         2.65475867e-01, -1.51977026e-01,  1.49133305e-02,
         1.71556996e-01,  1.37477132e-01, -1.92621957e-01,
        -3.79580709e-01,  3.16686565e-01,  1.81306315e-01,
         4.75497543e-01, -3.55550652e-01, -6.53471920e-03,
        -6.49689059e-01,  7.91939879e-01, -3.58386484e-02,
         4.61850229e-01, -9.65236485e-02, -2.46914409e-01,
        -1.04780607e-01,  1.84851767e-01,  6.33410105e-02,
         3.20902551e-01, -1.42116070e-01, -5.73743101e-02,
        -8.25237111e-02,  2.78559215e-01, -4.96233323e-02,
         2.00899092e-02, -3.00998621e-01,  4.02320883e-01,
         1.34412171e-01],
       [ 8.91746356e-02,  3.69154204e-02,  1.09951106e-02,
        -1.59522179e-01,  3.37828245e-01, -3.72208992e-02,
        -7.69095942e-01,  7.73502885e-01,  1.39678224e-01,
         1.56816585e+00, -1.58040168e+00,  1.46320993e-01,
         3.30678786e-01, -2.45399197e-01,  4.58055775e-02,
        -1.69842845e-01,  2.67433721e-01,  4.84942907e-02,
         2.62142085e-01, -1.56728885e-01,  2.06719666e-02,
         1.73180790e-01,  1.45659812e-01, -1.94755435e-01,
        -3.83785493e-01,  3.10072050e-01,  1.93798610e-01,
         4.87169166e-01, -3.48430426e-01,  6.34642618e-03,
        -6.43934584e-01,  7.95223811e-01, -3.42040608e-02,
         4.74387153e-01, -9.84790871e-02, -2.55822900e-01,
        -1.08474555e-01,  1.69603440e-01,  5.79562811e-02,
         3.22597138e-01, -1.48350246e-01, -5.31617248e-02,
        -8.99245385e-02,  2.64821777e-01, -5.98120717e-02,
         2.27575279e-02, -2.94618454e-01,  4.17946092e-01,
         1.22085167e-01],
       [ 7.21825448e-02,  1.92064834e-02,  2.12714553e-02,
        -1.57575668e-01,  3.35387184e-01, -4.11510327e-02,
        -7.69353345e-01,  7.80507700e-01,  1.33506128e-01,
         1.57768434e+00, -1.57564338e+00,  1.44619524e-01,
         3.38148652e-01, -2.55435953e-01,  4.19477842e-02,
        -1.76477889e-01,  2.56746058e-01,  4.33923146e-02,
         2.73201798e-01, -1.56718824e-01,  8.17750972e-03,
         1.78542944e-01,  1.36451670e-01, -1.82334131e-01,
        -3.68722253e-01,  3.11000118e-01,  1.80382618e-01,
         4.90357471e-01, -3.47480312e-01, -1.12166752e-02,
        -6.42314341e-01,  7.90260141e-01, -2.52853165e-02,
         4.72839381e-01, -8.65240409e-02, -2.55654857e-01,
        -1.08972383e-01,  1.68631831e-01,  6.90010350e-02,
         3.26575829e-01, -1.53559148e-01, -5.23561977e-02,
        -9.09293159e-02,  2.80239001e-01, -4.96492013e-02,
         2.13528113e-02, -2.99541871e-01,  4.02849543e-01,
         1.29660484e-01],
       [ 7.51585181e-02,  3.10926390e-02,  2.03334190e-02,
        -1.66307615e-01,  3.30393710e-01, -4.05015193e-02,
        -7.80526050e-01,  7.78043706e-01,  1.25066920e-01,
         1.57461214e+00, -1.58858349e+00,  1.29555928e-01,
         3.30714584e-01, -2.41598837e-01,  4.64688292e-02,
        -1.79457251e-01,  2.58628852e-01,  5.04129750e-02,
         2.78567911e-01, -1.58661044e-01,  2.66777093e-02,
         1.78281463e-01,  1.47488730e-01, -1.87185617e-01,
        -3.85873559e-01,  3.18552411e-01,  1.88905723e-01,
         4.77176661e-01, -3.54944608e-01, -6.47476547e-04,
        -6.43813413e-01,  8.02491473e-01, -3.50934839e-02,
         4.69465442e-01, -8.63049233e-02, -2.53575943e-01,
        -1.04251122e-01,  1.77547980e-01,  6.82877174e-02,
         3.20960641e-01, -1.42580821e-01, -4.47952440e-02,
        -8.56483257e-02,  2.77748981e-01, -5.35160790e-02,
         2.37168802e-02, -3.05570955e-01,  4.18438650e-01,
         1.30584576e-01],
       [ 8.95021206e-02,  3.33247412e-02,  8.86334424e-03,
        -1.51743537e-01,  3.25640522e-01, -3.62067790e-02,
        -7.63658954e-01,  7.79837583e-01,  1.33511577e-01,
         1.57965460e+00, -1.58545014e+00,  1.37485748e-01,
         3.41512982e-01, -2.50375665e-01,  3.35528897e-02,
        -1.72763381e-01,  2.55889430e-01,  3.85641568e-02,
         2.64035299e-01, -1.55628811e-01,  2.32837179e-02,
         1.72220380e-01,  1.40286408e-01, -1.86816582e-01,
        -3.65229329e-01,  3.11368948e-01,  1.95550587e-01,
         4.81783290e-01, -3.53362814e-01,  2.26972995e-03,
        -6.42760925e-01,  7.93473229e-01, -2.20220983e-02,
         4.63622353e-01, -9.32662968e-02, -2.59665851e-01,
        -1.16553221e-01,  1.77418380e-01,  6.88250467e-02,
         3.20659851e-01, -1.42935225e-01, -5.70344196e-02,
        -9.48266383e-02,  2.65378063e-01, -4.58612186e-02,
         2.11523351e-02, -2.94924745e-01,  4.07462616e-01,
         1.24690206e-01],
       [ 5.00000000e-03,  0.00000000e+00, -8.00000000e-03,
         7.00000000e-03,  6.00000000e-03, -6.00000000e-03,
        -1.00000000e-02,  8.00000000e-03,  7.00000000e-03,
         1.00000000e-02, -6.00000000e-03,  4.00000000e-03,
        -5.00000000e-03,  6.00000000e-03, -2.00000000e-03,
         2.00000000e-03,  8.00000000e-03, -9.00000000e-03,
        -1.00000000e-02,  5.00000000e-03, -3.00000000e-03,
        -3.00000000e-03, -3.00000000e-03,  0.00000000e+00,
         1.00000000e-03, -1.00000000e-03, -1.00000000e-02,
        -6.00000000e-03, -4.00000000e-03, -7.00000000e-03,
         0.00000000e+00,  6.00000000e-03,  3.00000000e-03,
         9.00000000e-03, -8.00000000e-03,  7.00000000e-03,
         5.00000000e-03,  2.00000000e-03, -7.00000000e-03,
        -3.00000000e-03, -8.00000000e-03,  3.00000000e-03,
         2.00000000e-03,  0.00000000e+00, -6.00000000e-03,
         2.00000000e-03, -4.00000000e-03, -4.00000000e-03,
         7.00000000e-03]]), 'deltas': array([[0.00015296],
       [0.00015188],
       [0.00015004],
       [0.00015321],
       [0.0001516 ],
       [0.        ]]), 'outputs': array([[0.96981431],
       [0.97003308],
       [0.97040809],
       [0.96976315],
       [0.97009014],
       [1.        ]]), 'errors': 0.0052249933666173145}, {'weights': array([[-1.2328203 , -1.23588579, -1.2193303 , -1.22635474, -1.23225508,
         2.363058  ],
       [ 1.22545835,  1.22152936,  1.23797512,  1.2259958 ,  1.23393762,
        -2.36233556]]), 'deltas': array([[-0.00069001],
       [ 0.00069129]]), 'outputs': array([[0.02662483],
       [0.9733501 ]]), 'errors': array([[-0.02662483],
       [ 0.0266499 ]])}]
Accuracy: 94.25287356321839 %

train_data group 4 length:  347
   0   1   2   3   4   5   6   7   8  ...  40  41  42  43  44  45  46  47  48
0   1   0   0   1   0   0   1   0   0 ...   1   0   1   0   0   0   1   0   0
1   1   0   0   0   1   0   1   0   0 ...   1   0   1   0   0   0   1   0   0
2   1   0   0   0   1   0   1   0   0 ...   1   0   1   0   0   0   1   0   0
3   1   0   0   0   1   0   1   0   0 ...   1   0   1   0   0   1   0   0   0
4   0   1   0   1   0   0   1   0   0 ...   1   0   1   0   0   0   1   0   0

[5 rows x 49 columns]
Initial Neural Network:
[{'weights': array([[-0.009,  0.005,  0.009,  0.008,  0.008, -0.008,  0.008,  0.009,
         0.003,  0.007,  0.007, -0.004,  0.002,  0.01 , -0.002,  0.007,
         0.002, -0.003, -0.003,  0.004, -0.008, -0.007,  0.001,  0.002,
        -0.005, -0.001,  0.004,  0.006, -0.01 ,  0.008, -0.007, -0.001,
        -0.006, -0.003, -0.005,  0.002, -0.002, -0.003,  0.007,  0.004,
         0.002, -0.004,  0.004,  0.005, -0.005,  0.009, -0.006,  0.006,
         0.005],
       [ 0.01 , -0.006,  0.002,  0.009,  0.01 ,  0.01 , -0.009,  0.01 ,
        -0.006,  0.003,  0.006, -0.002,  0.005,  0.   , -0.01 , -0.002,
        -0.006, -0.009,  0.004, -0.001,  0.01 ,  0.007, -0.003,  0.009,
        -0.005, -0.01 ,  0.001,  0.002, -0.003,  0.003,  0.006,  0.01 ,
         0.003,  0.   , -0.003,  0.004,  0.005,  0.   , -0.003,  0.003,
         0.008, -0.002, -0.005, -0.006, -0.005,  0.004, -0.002, -0.007,
        -0.005],
       [-0.009,  0.008, -0.002,  0.002, -0.001, -0.004,  0.005,  0.004,
         0.   ,  0.005,  0.001, -0.006,  0.007, -0.002, -0.001, -0.006,
        -0.01 , -0.007, -0.006, -0.005,  0.006, -0.001,  0.003,  0.01 ,
         0.001,  0.007,  0.01 , -0.009, -0.006,  0.   ,  0.   ,  0.005,
         0.01 , -0.003,  0.001, -0.007, -0.009, -0.002,  0.002, -0.007,
         0.006,  0.   , -0.004,  0.006, -0.002, -0.002, -0.007,  0.01 ,
         0.006],
       [ 0.01 ,  0.008, -0.009,  0.001, -0.002,  0.006, -0.008, -0.002,
        -0.01 , -0.002, -0.009, -0.006, -0.006, -0.009,  0.01 , -0.007,
         0.001,  0.001,  0.004,  0.005, -0.001, -0.008, -0.003,  0.004,
        -0.003,  0.007,  0.002,  0.   , -0.006, -0.002,  0.   ,  0.003,
         0.001, -0.008, -0.007, -0.009,  0.007,  0.005,  0.01 , -0.002,
        -0.009,  0.01 , -0.004,  0.007,  0.007,  0.008, -0.005,  0.009,
         0.005],
       [ 0.008,  0.01 ,  0.002,  0.001, -0.006,  0.01 ,  0.008,  0.01 ,
        -0.01 ,  0.007,  0.01 , -0.004,  0.001,  0.002, -0.004,  0.005,
        -0.001,  0.003,  0.   ,  0.002,  0.007, -0.01 ,  0.005,  0.003,
        -0.008, -0.003,  0.003,  0.008, -0.01 ,  0.01 , -0.008,  0.005,
         0.008,  0.002, -0.009,  0.003,  0.01 ,  0.01 ,  0.002,  0.008,
         0.01 , -0.01 ,  0.009, -0.006, -0.008, -0.006,  0.   ,  0.003,
         0.007],
       [ 0.008, -0.005, -0.006,  0.001, -0.003,  0.009, -0.008,  0.008,
        -0.009, -0.003,  0.005, -0.006, -0.001, -0.001,  0.001,  0.004,
         0.008, -0.004,  0.003, -0.005, -0.007, -0.001,  0.002,  0.006,
        -0.001,  0.009, -0.007, -0.002, -0.002,  0.01 ,  0.01 , -0.01 ,
        -0.01 , -0.002, -0.007,  0.002, -0.003, -0.006, -0.008,  0.005,
        -0.008, -0.01 ,  0.01 , -0.002,  0.002, -0.001,  0.006,  0.004,
         0.001]]), 'deltas': array([[0.],
       [0.],
       [0.],
       [0.],
       [0.],
       [0.]]), 'outputs': array([[0.],
       [0.],
       [0.],
       [0.],
       [0.],
       [0.]]), 'errors': array([[0.],
       [0.],
       [0.],
       [0.],
       [0.],
       [0.]])}, {'weights': array([[ 0.003, -0.004, -0.002,  0.   ,  0.01 ,  0.002],
       [ 0.   ,  0.008, -0.003,  0.006, -0.004,  0.006]]), 'deltas': array([[0.],
       [0.],
       [0.]]), 'outputs': array([[0.],
       [0.],
       [0.]]), 'errors': array([[0.],
       [0.],
       [0.]])}]
Training complete!
Training done. epoch: 9 , total error: 0.0007775464242506011
[{'weights': array([[ 1.86375769e-01, -9.87009205e-02, -1.08479962e-01,
        -4.21062802e-02,  2.89262459e-01, -2.64961293e-01,
        -6.42456696e-01,  7.60684053e-01, -1.24032470e-01,
         1.62524622e+00, -1.47602228e+00, -1.65029052e-01,
         3.98398066e-02, -5.70342236e-02,  1.38930315e-03,
        -1.99759322e-01,  2.43485095e-01, -6.35308875e-02,
         2.07831882e-01, -2.26047083e-01, -1.45899129e-02,
         3.15826969e-01, -4.27003338e-02, -3.02931749e-01,
        -4.06034766e-01,  3.64775008e-01,  1.34546448e-02,
         3.96375675e-01, -3.25491414e-01, -9.26893752e-02,
        -7.98010087e-01,  8.05791081e-01, -4.75861083e-02,
         3.42518507e-01, -3.51125805e-01, -2.31978155e-02,
         1.44581197e-01, -2.87845645e-02, -1.39601747e-01,
         2.02533047e-01, -1.45344823e-01, -8.09933380e-02,
        -2.01724440e-01,  1.86921152e-01, -7.00182607e-03,
         1.04430500e-01, -2.69810136e-01,  1.48574523e-01,
        -2.08051138e-02],
       [ 1.99279223e-01, -1.02336554e-01, -1.15370941e-01,
        -4.13671665e-02,  2.94261106e-01, -2.48322210e-01,
        -6.59156313e-01,  7.63550467e-01, -1.33822424e-01,
         1.62233671e+00, -1.47623470e+00, -1.63530277e-01,
         4.37377898e-02, -6.59250161e-02, -7.24104460e-03,
        -2.06875170e-01,  2.35815376e-01, -7.03684777e-02,
         2.13854330e-01, -2.27521858e-01,  2.23925717e-03,
         3.26396340e-01, -4.23362567e-02, -2.95488354e-01,
        -4.06298967e-01,  3.57293170e-01,  1.05775264e-02,
         3.97627731e-01, -3.21512206e-01, -9.85437964e-02,
        -7.86192782e-01,  8.19624829e-01, -3.88603176e-02,
         3.47002273e-01, -3.48426617e-01, -2.20039264e-02,
         1.52426133e-01, -2.64223863e-02, -1.48432018e-01,
         2.04017583e-01, -1.41037824e-01, -7.84080301e-02,
        -2.10002190e-01,  1.77675212e-01, -8.10129323e-03,
         1.00744083e-01, -2.69403012e-01,  1.39230658e-01,
        -2.94282710e-02],
       [ 1.85740437e-01, -9.30769510e-02, -1.18907275e-01,
        -4.73460790e-02,  2.83238539e-01, -2.62136250e-01,
        -6.42280259e-01,  7.56431865e-01, -1.28395396e-01,
         1.62379296e+00, -1.47939946e+00, -1.67637288e-01,
         4.54259790e-02, -6.58793310e-02,  1.20956252e-03,
        -2.10408558e-01,  2.32545181e-01, -6.83804122e-02,
         2.05247070e-01, -2.31652953e-01, -1.83790625e-03,
         3.22392812e-01, -3.89223062e-02, -2.94714295e-01,
        -3.95923920e-01,  3.72850478e-01,  1.78296527e-02,
         3.86673121e-01, -3.23383526e-01, -1.01533385e-01,
        -7.87984096e-01,  8.11357549e-01, -3.16172427e-02,
         3.45931813e-01, -3.46530307e-01, -3.16452960e-02,
         1.38392862e-01, -2.51063468e-02, -1.45530304e-01,
         1.94929153e-01, -1.42943084e-01, -7.62298588e-02,
        -2.06808213e-01,  1.88444368e-01, -4.87994477e-03,
         9.37135674e-02, -2.68489283e-01,  1.52531926e-01,
        -1.72437894e-02],
       [ 2.01847512e-01, -8.99623448e-02, -1.25340706e-01,
        -4.63021344e-02,  2.81949951e-01, -2.53103355e-01,
        -6.54281011e-01,  7.50170744e-01, -1.38345272e-01,
         1.61609693e+00, -1.48784696e+00, -1.67705511e-01,
         3.21950140e-02, -7.15082590e-02,  1.18577063e-02,
        -2.10590970e-01,  2.43514753e-01, -6.03793216e-02,
         2.15877463e-01, -2.21965301e-01, -8.36770105e-03,
         3.16881140e-01, -4.48353556e-02, -3.01501323e-01,
        -3.99647842e-01,  3.72982073e-01,  1.02102300e-02,
         3.94731723e-01, -3.21875341e-01, -1.03311921e-01,
        -7.88704131e-01,  8.10569500e-01, -4.03209073e-02,
         3.39040157e-01, -3.51836298e-01, -3.36593975e-02,
         1.54365574e-01, -1.68197340e-02, -1.38001379e-01,
         1.98176634e-01, -1.53737706e-01, -6.78944669e-02,
        -2.04772090e-01,  1.88772133e-01,  3.54441868e-03,
         1.04470044e-01, -2.65416979e-01,  1.50491396e-01,
        -1.74555387e-02],
       [ 1.98772423e-01, -9.21445540e-02, -1.15246460e-01,
        -5.06142333e-02,  2.77812606e-01, -2.50816964e-01,
        -6.42470263e-01,  7.60801214e-01, -1.38949543e-01,
         1.62324114e+00, -1.47246331e+00, -1.66396419e-01,
         3.70618681e-02, -6.44124651e-02, -2.26799422e-03,
        -2.02289467e-01,  2.39861539e-01, -5.91906630e-02,
         2.09574452e-01, -2.27895948e-01, -1.29709553e-03,
         3.11416373e-01, -4.03369792e-02, -3.01697985e-01,
        -4.08448435e-01,  3.60926992e-01,  1.09028513e-02,
         3.96321824e-01, -3.24667710e-01, -9.22727052e-02,
        -7.98466381e-01,  8.10262984e-01, -3.54151944e-02,
         3.46308118e-01, -3.54811666e-01, -2.41150437e-02,
         1.55022855e-01, -1.71324586e-02, -1.44508988e-01,
         2.05811462e-01, -1.41733946e-01, -8.46961077e-02,
        -2.00466518e-01,  1.78195800e-01, -1.13478740e-02,
         9.10042554e-02, -2.68058515e-01,  1.45435668e-01,
        -2.16185912e-02],
       [ 8.00000000e-03, -5.00000000e-03, -6.00000000e-03,
         1.00000000e-03, -3.00000000e-03,  9.00000000e-03,
        -8.00000000e-03,  8.00000000e-03, -9.00000000e-03,
        -3.00000000e-03,  5.00000000e-03, -6.00000000e-03,
        -1.00000000e-03, -1.00000000e-03,  1.00000000e-03,
         4.00000000e-03,  8.00000000e-03, -4.00000000e-03,
         3.00000000e-03, -5.00000000e-03, -7.00000000e-03,
        -1.00000000e-03,  2.00000000e-03,  6.00000000e-03,
        -1.00000000e-03,  9.00000000e-03, -7.00000000e-03,
        -2.00000000e-03, -2.00000000e-03,  1.00000000e-02,
         1.00000000e-02, -1.00000000e-02, -1.00000000e-02,
        -2.00000000e-03, -7.00000000e-03,  2.00000000e-03,
        -3.00000000e-03, -6.00000000e-03, -8.00000000e-03,
         5.00000000e-03, -8.00000000e-03, -1.00000000e-02,
         1.00000000e-02, -2.00000000e-03,  2.00000000e-03,
        -1.00000000e-03,  6.00000000e-03,  4.00000000e-03,
         1.00000000e-03]]), 'deltas': array([[7.24604520e-05],
       [7.23937193e-05],
       [7.33851774e-05],
       [7.33031708e-05],
       [7.25509605e-05],
       [0.00000000e+00]]), 'outputs': array([[0.98662077],
       [0.98663326],
       [0.98644765],
       [0.986463  ],
       [0.98660383],
       [1.        ]]), 'errors': 0.0054893334439050055}, {'weights': array([[-1.18530329, -1.18983693, -1.18776396, -1.19071927, -1.17838713,
         2.30033771],
       [ 1.18544442,  1.19099484,  1.1799452 ,  1.19390624,  1.1815003 ,
        -2.30024625]]), 'deltas': array([[-0.00075577],
       [ 0.00075596]]), 'outputs': array([[0.02788283],
       [0.97211379]]), 'errors': array([[-0.02788283],
       [ 0.02788621]])}]
Accuracy: 93.18181818181817 %

Feedforward Neural Network AVG Accuracy (%): 95.40728050351146 %
