Namespace(error_threshold=0.001, max_epochs=1000, num_layers=2, num_nodes_per_hidden_layer=5, training_rate=0.5)

train_data group 0 length:  349
   0   1   2   3   4   5   6   7   8  ...  40  41  42  43  44  45  46  47  48
0   1   0   0   0   1   0   1   0   0 ...   1   0   1   0   0   0   1   0   0
1   1   0   0   0   0   1   1   0   0 ...   1   0   1   0   0   0   1   0   0
2   1   0   0   0   1   0   1   0   0 ...   1   0   1   0   0   0   1   0   0
3   1   0   0   0   1   0   1   0   0 ...   1   0   1   0   0   1   0   0   0
4   1   0   0   1   0   0   1   0   0 ...   1   0   1   0   0   1   0   0   0

[5 rows x 49 columns]
Initial Neural Network:
[{'weights': array([[-0.008,  0.009,  0.   , -0.004,  0.001,  0.005,  0.006,  0.009,
        -0.003,  0.002, -0.005, -0.009,  0.005, -0.003, -0.009, -0.007,
         0.   ,  0.003,  0.008,  0.008,  0.   ,  0.001, -0.01 ,  0.009,
        -0.001,  0.007, -0.006, -0.005,  0.002,  0.003,  0.003,  0.006,
         0.005, -0.01 ,  0.004, -0.003, -0.007, -0.002,  0.007,  0.001,
        -0.004, -0.001,  0.001,  0.009,  0.002,  0.003, -0.004, -0.008,
         0.005],
       [-0.004,  0.008,  0.006, -0.006, -0.006, -0.001,  0.003, -0.01 ,
         0.003, -0.005, -0.002, -0.002, -0.006, -0.003, -0.008,  0.002,
        -0.007, -0.003,  0.007, -0.002, -0.002,  0.005,  0.01 , -0.005,
         0.001,  0.006, -0.007,  0.003,  0.008, -0.007, -0.01 , -0.01 ,
         0.001,  0.006,  0.008, -0.01 ,  0.006, -0.005,  0.001,  0.01 ,
         0.008,  0.009, -0.001,  0.007,  0.001, -0.004, -0.008, -0.004,
         0.002],
       [-0.005, -0.004,  0.006,  0.01 , -0.003, -0.004, -0.009, -0.003,
        -0.003, -0.007,  0.005, -0.002, -0.007, -0.006,  0.002, -0.003,
        -0.003, -0.007, -0.006,  0.   ,  0.008,  0.002,  0.   , -0.004,
         0.004,  0.005, -0.005,  0.   ,  0.006,  0.006, -0.008, -0.006,
         0.004,  0.005, -0.006, -0.009, -0.003,  0.003,  0.004,  0.008,
         0.005, -0.002,  0.008, -0.008, -0.003,  0.002,  0.002, -0.007,
         0.003],
       [ 0.01 ,  0.003, -0.006, -0.006,  0.008,  0.009,  0.001, -0.003,
        -0.009, -0.01 , -0.007,  0.008,  0.007, -0.002,  0.001,  0.003,
         0.003,  0.001,  0.004, -0.002, -0.006,  0.01 , -0.005,  0.004,
        -0.009,  0.009,  0.004, -0.007, -0.003,  0.004,  0.004, -0.006,
        -0.001, -0.006, -0.01 ,  0.009,  0.004,  0.   , -0.005,  0.008,
        -0.001, -0.002, -0.005, -0.002, -0.01 ,  0.009,  0.002,  0.001,
         0.009],
       [-0.002,  0.003,  0.003,  0.001, -0.01 , -0.008,  0.003, -0.003,
         0.01 , -0.009,  0.003, -0.002,  0.007,  0.001,  0.003,  0.003,
        -0.007,  0.004, -0.005,  0.006, -0.005,  0.002, -0.01 , -0.006,
         0.008,  0.006, -0.01 ,  0.004,  0.002, -0.008,  0.007,  0.01 ,
        -0.001,  0.002, -0.01 ,  0.004,  0.   , -0.01 , -0.009,  0.01 ,
        -0.004,  0.005, -0.009,  0.001,  0.002, -0.007,  0.01 , -0.001,
         0.001],
       [-0.009, -0.001,  0.005,  0.009,  0.005, -0.001,  0.008,  0.008,
        -0.008,  0.004, -0.009, -0.01 , -0.007,  0.007, -0.002, -0.009,
         0.001, -0.009,  0.   ,  0.003,  0.004,  0.01 , -0.004,  0.01 ,
        -0.007, -0.004, -0.01 ,  0.01 , -0.001, -0.002,  0.007,  0.007,
         0.005,  0.004, -0.003, -0.007, -0.005,  0.002,  0.   , -0.008,
         0.007,  0.007, -0.001, -0.005, -0.001,  0.01 , -0.003, -0.005,
         0.002]]), 'deltas': array([[0.],
       [0.],
       [0.],
       [0.],
       [0.],
       [0.]]), 'outputs': array([[0.],
       [0.],
       [0.],
       [0.],
       [0.],
       [0.]]), 'errors': array([[0.],
       [0.],
       [0.],
       [0.],
       [0.],
       [0.]])}, {'weights': array([[ 0.002, -0.001,  0.008,  0.   , -0.001, -0.003],
       [-0.007, -0.005, -0.004,  0.004,  0.009,  0.002]]), 'deltas': array([[0.],
       [0.],
       [0.]]), 'outputs': array([[0.],
       [0.],
       [0.]]), 'errors': array([[0.],
       [0.],
       [0.]])}]
Training complete!
Training done. epoch: 3 , total error: 0.00046238101812360027
[{'weights': array([[-7.72393755e-02, -1.42384644e-02,  1.54379048e-01,
        -1.22332840e-02,  2.38758367e-01, -1.62623874e-01,
        -4.67255529e-01,  5.24322455e-01,  1.68342817e-02,
         2.13648798e+00, -2.18153860e+00,  9.49518280e-02,
         5.26533591e-01, -4.37293431e-01, -3.43389518e-02,
        -9.60200892e-02,  2.71338506e-01, -1.17417208e-01,
         3.53381309e-01, -2.04468225e-01, -7.10118756e-02,
         3.37645312e-01,  5.87345261e-02, -3.34478630e-01,
        -4.73305446e-01,  6.49332611e-01, -1.14125956e-01,
         4.97532398e-01, -2.64329540e-01, -1.71301649e-01,
        -6.70208451e-01,  8.02315132e-01, -5.62054728e-02,
         4.90365524e-01, -2.49998451e-02, -4.12464471e-01,
         2.43911671e-02,  2.55440776e-01, -2.19930735e-01,
         4.14871673e-01, -2.07604451e-01, -1.49366013e-01,
        -1.98174721e-01,  3.63677525e-01, -9.16015958e-02,
         4.16261372e-02, -3.89759813e-01,  4.01034884e-01,
         6.69012083e-02],
       [-7.36554273e-02, -1.32538632e-02,  1.60095354e-01,
        -1.82361653e-02,  2.37293263e-01, -1.68871034e-01,
        -4.70418906e-01,  5.06369112e-01,  2.32358578e-02,
         2.12827113e+00, -2.17651020e+00,  1.02425135e-01,
         5.19558031e-01, -4.40087167e-01, -3.32848005e-02,
        -8.78914212e-02,  2.66971674e-01, -1.23894189e-01,
         3.50494934e-01, -2.11963480e-01, -7.23453906e-02,
         3.40192945e-01,  7.90932963e-02, -3.46100178e-01,
        -4.74595974e-01,  6.52620284e-01, -1.14838247e-01,
         5.07358803e-01, -2.58637937e-01, -1.81534803e-01,
        -6.85518073e-01,  7.90094268e-01, -6.03901317e-02,
         5.05255269e-01, -2.05719810e-02, -4.17497224e-01,
         3.74992844e-02,  2.52060606e-01, -2.24373827e-01,
         4.25461468e-01, -1.96228136e-01, -1.39047268e-01,
        -1.95758939e-01,  3.59727044e-01, -9.37820410e-02,
         3.70153754e-02, -3.94923291e-01,  4.05093979e-01,
         6.51860637e-02],
       [-7.66156429e-02, -2.32147779e-02,  1.62076123e-01,
        -1.91665637e-03,  2.39000940e-01, -1.68838582e-01,
        -4.79687404e-01,  5.11522320e-01,  1.84107858e-02,
         2.12614841e+00, -2.16851775e+00,  1.03615042e-01,
         5.19936510e-01, -4.43850698e-01, -2.18401100e-02,
        -9.10357784e-02,  2.69799517e-01, -1.26518036e-01,
         3.39814704e-01, -2.10672223e-01, -6.18967786e-02,
         3.35474755e-01,  7.11920845e-02, -3.43421137e-01,
        -4.69463166e-01,  6.51106080e-01, -1.12397211e-01,
         5.03289155e-01, -2.58235657e-01, -1.67807795e-01,
        -6.83327143e-01,  7.96021325e-01, -5.74484795e-02,
         5.03675250e-01, -3.15104027e-02, -4.16919145e-01,
         3.07277697e-02,  2.60512604e-01, -2.21994671e-01,
         4.24950653e-01, -2.02241184e-01, -1.46463767e-01,
        -1.87553576e-01,  3.44697550e-01, -9.48982720e-02,
         4.19900816e-02, -3.84801956e-01,  4.05057577e-01,
         6.82457025e-02],
       [-6.69385105e-02, -1.31933660e-02,  1.48365400e-01,
        -1.34403281e-02,  2.45582430e-01, -1.59908578e-01,
        -4.70692828e-01,  5.11769709e-01,  9.15664364e-03,
         2.12001313e+00, -2.17891326e+00,  1.11133653e-01,
         5.28810140e-01, -4.36004779e-01, -2.55718370e-02,
        -8.67470273e-02,  2.75455867e-01, -1.20475316e-01,
         3.46731930e-01, -2.11147778e-01, -7.83506278e-02,
         3.40825894e-01,  6.75467600e-02, -3.38139130e-01,
        -4.80886525e-01,  6.51643401e-01, -1.05523352e-01,
         4.95008114e-01, -2.68095346e-01, -1.71679243e-01,
        -6.72702137e-01,  7.94145588e-01, -6.32099271e-02,
         4.93014404e-01, -3.51967472e-02, -4.03584132e-01,
         3.57142997e-02,  2.55447218e-01, -2.30927994e-01,
         4.21887418e-01, -2.06671713e-01, -1.48982181e-01,
        -2.02672534e-01,  3.51762129e-01, -1.04856072e-01,
         4.77961165e-02, -3.84016500e-01,  4.09453908e-01,
         7.02335240e-02],
       [-7.42713641e-02, -1.50740085e-02,  1.56705526e-01,
        -1.33374721e-02,  2.34229187e-01, -1.74531561e-01,
        -4.67338867e-01,  5.10137786e-01,  3.05612345e-02,
         2.12361568e+00, -2.17088837e+00,  1.02632844e-01,
         5.32262541e-01, -4.36692121e-01, -2.12102665e-02,
        -8.77997505e-02,  2.67154904e-01, -1.15995000e-01,
         3.41028224e-01, -2.06637042e-01, -7.50310278e-02,
         3.33885037e-01,  6.19243437e-02, -3.46449227e-01,
        -4.68571890e-01,  6.52496379e-01, -1.16564336e-01,
         5.04833278e-01, -2.61625498e-01, -1.81847627e-01,
        -6.67938469e-01,  8.08455543e-01, -6.11569203e-02,
         4.99448416e-01, -3.49397941e-02, -4.05148469e-01,
         2.93111960e-02,  2.48311919e-01, -2.33262961e-01,
         4.23679414e-01, -2.06917712e-01, -1.42401548e-01,
        -1.99307329e-01,  3.49728240e-01, -9.30607574e-02,
         3.64662382e-02, -3.78290677e-01,  4.07184592e-01,
         6.43601536e-02],
       [-9.00000000e-03, -1.00000000e-03,  5.00000000e-03,
         9.00000000e-03,  5.00000000e-03, -1.00000000e-03,
         8.00000000e-03,  8.00000000e-03, -8.00000000e-03,
         4.00000000e-03, -9.00000000e-03, -1.00000000e-02,
        -7.00000000e-03,  7.00000000e-03, -2.00000000e-03,
        -9.00000000e-03,  1.00000000e-03, -9.00000000e-03,
         0.00000000e+00,  3.00000000e-03,  4.00000000e-03,
         1.00000000e-02, -4.00000000e-03,  1.00000000e-02,
        -7.00000000e-03, -4.00000000e-03, -1.00000000e-02,
         1.00000000e-02, -1.00000000e-03, -2.00000000e-03,
         7.00000000e-03,  7.00000000e-03,  5.00000000e-03,
         4.00000000e-03, -3.00000000e-03, -7.00000000e-03,
        -5.00000000e-03,  2.00000000e-03,  0.00000000e+00,
        -8.00000000e-03,  7.00000000e-03,  7.00000000e-03,
        -1.00000000e-03, -5.00000000e-03, -1.00000000e-03,
         1.00000000e-02, -3.00000000e-03, -5.00000000e-03,
         2.00000000e-03]]), 'deltas': array([[1.00519643e-05],
       [9.93787778e-06],
       [1.00407218e-05],
       [1.01095185e-05],
       [9.85043265e-06],
       [0.00000000e+00]]), 'outputs': array([[0.99709572],
       [0.99712878],
       [0.99709898],
       [0.99707904],
       [0.99715411],
       [1.        ]]), 'errors': 0.0034711650269050147}, {'weights': array([[-1.26832636, -1.26725153, -1.24639653, -1.26374419, -1.27001146,
         2.47835443],
       [ 1.26235321,  1.26027976,  1.24942673,  1.26676974,  1.2770354 ,
        -2.47840532]]), 'deltas': array([[-0.00045248],
       [ 0.0004524 ]]), 'outputs': array([[0.02150393],
       [0.97849784]]), 'errors': array([[-0.02150393],
       [ 0.02150216]])}]
neural_net output [0.91123826 0.08875801]
target: 0 prediction: 0
neural_net output [0.90099637 0.09899949]
target: 0 prediction: 0
neural_net output [0.91290391 0.08709221]
target: 0 prediction: 0
neural_net output [0.8883107  0.11168414]
target: 0 prediction: 0
neural_net output [0.06703869 0.9329661 ]
target: 0 prediction: 1
neural_net output [0.91875442 0.08124185]
target: 0 prediction: 0
neural_net output [0.90554291 0.09445293]
target: 0 prediction: 0
neural_net output [0.88869551 0.11130251]
target: 0 prediction: 0
neural_net output [0.91230428 0.08769171]
target: 0 prediction: 0
neural_net output [0.91056203 0.08943428]
target: 0 prediction: 0
neural_net output [0.91287106 0.0871247 ]
target: 0 prediction: 0
neural_net output [0.91050665 0.08949003]
target: 0 prediction: 0
neural_net output [0.61412714 0.38587238]
target: 0 prediction: 0
neural_net output [0.90604154 0.0939546 ]
target: 0 prediction: 0
neural_net output [0.9038512  0.09614459]
target: 0 prediction: 0
neural_net output [0.90604154 0.0939546 ]
target: 0 prediction: 0
neural_net output [0.90471938 0.09527682]
target: 0 prediction: 0
neural_net output [0.83667327 0.16332415]
target: 0 prediction: 0
neural_net output [0.90604154 0.0939546 ]
target: 0 prediction: 0
neural_net output [0.89649336 0.1035021 ]
target: 0 prediction: 0
neural_net output [0.90182227 0.0981728 ]
target: 0 prediction: 0
neural_net output [0.90099637 0.09899949]
target: 0 prediction: 0
neural_net output [0.90984898 0.09014783]
target: 0 prediction: 0
neural_net output [0.86956564 0.13042939]
target: 0 prediction: 0
neural_net output [0.91290391 0.08709221]
target: 0 prediction: 0
neural_net output [0.90981233 0.09018385]
target: 0 prediction: 0
neural_net output [0.91457624 0.08541987]
target: 0 prediction: 0
neural_net output [0.89649336 0.1035021 ]
target: 0 prediction: 0
neural_net output [0.87119055 0.12880393]
target: 0 prediction: 0
neural_net output [0.8903892  0.10960565]
target: 0 prediction: 0
neural_net output [0.90099637 0.09899949]
target: 0 prediction: 0
neural_net output [0.90049564 0.09949953]
target: 0 prediction: 0
neural_net output [0.91268615 0.08730966]
target: 0 prediction: 0
neural_net output [0.02732887 0.97267306]
target: 1 prediction: 1
neural_net output [0.02175096 0.97825081]
target: 1 prediction: 1
neural_net output [0.02744605 0.97255593]
target: 1 prediction: 1
neural_net output [0.02189627 0.97810549]
target: 1 prediction: 1
neural_net output [0.02122892 0.97877282]
target: 1 prediction: 1
neural_net output [0.02754149 0.97246047]
target: 1 prediction: 1
neural_net output [0.0213908  0.97861095]
target: 1 prediction: 1
neural_net output [0.03589314 0.96410916]
target: 1 prediction: 1
neural_net output [0.02132727 0.97867448]
target: 1 prediction: 1
neural_net output [0.02185153 0.97815024]
target: 1 prediction: 1
neural_net output [0.02408533 0.97591667]
target: 1 prediction: 1
neural_net output [0.02242903 0.97757273]
target: 1 prediction: 1
neural_net output [0.02311769 0.9768842 ]
target: 1 prediction: 1
neural_net output [0.029325 0.970677]
target: 1 prediction: 1
neural_net output [0.02209169 0.97791012]
target: 1 prediction: 1
neural_net output [0.02956828 0.97043364]
target: 1 prediction: 1
neural_net output [0.02253102 0.97747078]
target: 1 prediction: 1
neural_net output [0.0248334  0.97516856]
target: 1 prediction: 1
neural_net output [0.02827331 0.97172914]
target: 1 prediction: 1
neural_net output [0.02274655 0.97725523]
target: 1 prediction: 1
neural_net output [0.59578348 0.4042007 ]
target: 1 prediction: 0
neural_net output [0.02415972 0.9758421 ]
target: 1 prediction: 1
neural_net output [0.02248189 0.97751989]
target: 1 prediction: 1
neural_net output [0.02155231 0.97844942]
target: 1 prediction: 1
neural_net output [0.02269811 0.97730368]
target: 1 prediction: 1
neural_net output [0.43139114 0.56860925]
target: 1 prediction: 1
neural_net output [0.02160304 0.97839872]
target: 1 prediction: 1
neural_net output [0.0248334  0.97516856]
target: 1 prediction: 1
neural_net output [0.02573282 0.97426933]
target: 1 prediction: 1
neural_net output [0.02119545 0.97880629]
target: 1 prediction: 1
neural_net output [0.02157022 0.97843152]
target: 1 prediction: 1
neural_net output [0.03181628 0.96818567]
target: 1 prediction: 1
neural_net output [0.02378667 0.97621529]
target: 1 prediction: 1
neural_net output [0.02126502 0.97873672]
target: 1 prediction: 1
neural_net output [0.02240257 0.97759923]
target: 1 prediction: 1
neural_net output [0.02414915 0.97585277]
target: 1 prediction: 1
neural_net output [0.02234222 0.97765956]
target: 1 prediction: 1
neural_net output [0.03111518 0.96888732]
target: 1 prediction: 1
neural_net output [0.02920097 0.97080091]
target: 1 prediction: 1
neural_net output [0.02126464 0.9787371 ]
target: 1 prediction: 1
neural_net output [0.02240508 0.97759672]
target: 1 prediction: 1
neural_net output [0.02528718 0.9747146 ]
target: 1 prediction: 1
neural_net output [0.0356332  0.96436971]
target: 1 prediction: 1
neural_net output [0.02170054 0.97830124]
target: 1 prediction: 1
neural_net output [0.03231522 0.96768734]
target: 1 prediction: 1
neural_net output [0.02506902 0.974933  ]
target: 1 prediction: 1
neural_net output [0.02600753 0.97399442]
target: 1 prediction: 1
neural_net output [0.54527921 0.4547154 ]
target: 1 prediction: 0
neural_net output [0.50830876 0.49169003]
target: 1 prediction: 0
neural_net output [0.02185153 0.97815024]
target: 1 prediction: 1
neural_net output [0.30724122 0.69276663]
target: 1 prediction: 1
neural_net output [0.0284115  0.97159055]
target: 1 prediction: 1
neural_net output [0.02408078 0.97592111]
target: 1 prediction: 1
Accuracy: 95.34883720930233 %

train_data group 1 length:  348
   0   1   2   3   4   5   6   7   8  ...  40  41  42  43  44  45  46  47  48
0   1   0   0   1   0   0   1   0   0 ...   1   0   1   0   0   0   1   0   0
1   1   0   0   0   1   0   1   0   0 ...   1   0   1   0   0   0   1   0   0
2   1   0   0   0   1   0   1   0   0 ...   1   0   1   0   0   0   1   0   0
3   1   0   0   0   1   0   1   0   0 ...   1   0   1   0   0   1   0   0   0
4   0   1   0   1   0   0   1   0   0 ...   1   0   1   0   0   0   1   0   0

[5 rows x 49 columns]
Initial Neural Network:
[{'weights': array([[-0.002,  0.002, -0.01 , -0.005, -0.005, -0.007,  0.008, -0.008,
        -0.005,  0.006,  0.007, -0.006, -0.007,  0.007, -0.002,  0.001,
        -0.002,  0.003, -0.005,  0.003,  0.001, -0.007, -0.007, -0.001,
         0.005,  0.005,  0.006, -0.006, -0.007,  0.01 , -0.01 ,  0.003,
        -0.007, -0.002, -0.002,  0.007, -0.009, -0.006,  0.007, -0.004,
        -0.003,  0.01 ,  0.008,  0.   ,  0.005, -0.008,  0.007,  0.003,
         0.009],
       [-0.002,  0.007,  0.01 , -0.005, -0.01 , -0.01 , -0.003,  0.006,
         0.005, -0.008, -0.007, -0.002,  0.001,  0.006,  0.007, -0.008,
         0.004,  0.007, -0.01 , -0.005, -0.008, -0.002, -0.001,  0.004,
         0.005, -0.008, -0.003,  0.008, -0.009, -0.007,  0.003, -0.006,
         0.001, -0.009, -0.006,  0.004,  0.001,  0.001,  0.002,  0.008,
         0.004, -0.01 ,  0.001,  0.009, -0.001,  0.006, -0.009,  0.008,
         0.003],
       [ 0.001,  0.008, -0.002, -0.003, -0.009,  0.001,  0.008, -0.002,
         0.009,  0.009,  0.005, -0.008,  0.009, -0.007, -0.009, -0.003,
        -0.002, -0.01 ,  0.008, -0.008,  0.001, -0.007, -0.009, -0.01 ,
         0.004,  0.007, -0.001,  0.006, -0.01 ,  0.003, -0.01 , -0.004,
         0.   , -0.007,  0.001,  0.005, -0.004, -0.005,  0.006,  0.005,
         0.007,  0.005, -0.002,  0.009, -0.006, -0.003,  0.009, -0.01 ,
        -0.004],
       [-0.001,  0.01 ,  0.   ,  0.01 ,  0.005,  0.008,  0.007,  0.01 ,
        -0.007, -0.002, -0.002,  0.01 , -0.003,  0.009, -0.005,  0.01 ,
        -0.005, -0.006,  0.009, -0.004,  0.005,  0.002,  0.   ,  0.002,
         0.001, -0.001,  0.008, -0.005, -0.001, -0.004, -0.003, -0.004,
        -0.009, -0.01 , -0.007, -0.007,  0.002, -0.004, -0.005,  0.004,
         0.005,  0.   , -0.01 ,  0.009,  0.003, -0.007, -0.003,  0.01 ,
         0.003],
       [ 0.004,  0.008,  0.   , -0.007,  0.008,  0.01 , -0.01 ,  0.005,
         0.001, -0.005, -0.008, -0.008, -0.01 ,  0.008, -0.006, -0.01 ,
        -0.001,  0.007, -0.009,  0.004, -0.008,  0.01 ,  0.002,  0.001,
        -0.009,  0.   , -0.01 , -0.005,  0.003, -0.008, -0.002, -0.007,
         0.002, -0.009, -0.009, -0.002, -0.004,  0.001,  0.01 ,  0.008,
         0.007,  0.   , -0.001,  0.005, -0.004, -0.01 , -0.002, -0.002,
         0.009],
       [-0.006,  0.   , -0.004,  0.009, -0.002,  0.01 ,  0.006, -0.004,
         0.002,  0.003,  0.01 ,  0.003,  0.007, -0.004,  0.007, -0.002,
         0.002,  0.006,  0.009, -0.004, -0.003,  0.01 ,  0.01 , -0.007,
         0.002,  0.005,  0.009, -0.005, -0.006,  0.004, -0.005, -0.009,
         0.007,  0.004,  0.007,  0.01 ,  0.005, -0.004, -0.004, -0.005,
         0.001,  0.   ,  0.004, -0.005,  0.009,  0.007,  0.   , -0.008,
        -0.009]]), 'deltas': array([[0.],
       [0.],
       [0.],
       [0.],
       [0.],
       [0.]]), 'outputs': array([[0.],
       [0.],
       [0.],
       [0.],
       [0.],
       [0.]]), 'errors': array([[0.],
       [0.],
       [0.],
       [0.],
       [0.],
       [0.]])}, {'weights': array([[ 0.006, -0.006, -0.008, -0.008,  0.01 ,  0.007],
       [-0.009,  0.006,  0.008,  0.002,  0.009, -0.006]]), 'deltas': array([[0.],
       [0.],
       [0.]]), 'outputs': array([[0.],
       [0.],
       [0.]]), 'errors': array([[0.],
       [0.],
       [0.]])}]
Training complete!
Training done. epoch: 3 , total error: 0.0009525492077045038
[{'weights': array([[-3.43226316e-02,  1.87353881e-01, -1.16956598e-01,
        -1.66121142e-01,  6.25431396e-01, -4.30235602e-01,
        -7.75925009e-01,  8.45862908e-01, -2.88632483e-02,
         1.99832824e+00, -1.86393449e+00, -8.13191058e-02,
         3.64398888e-01, -3.61300264e-01,  4.09760272e-02,
        -6.33301626e-02,  1.83104870e-01, -7.17000561e-02,
         5.92806090e-01, -5.91739385e-01,  4.40079461e-02,
         2.11019793e-01,  1.72210308e-01, -3.52155449e-01,
        -7.27263898e-01,  7.11085518e-01,  7.82530312e-02,
         4.69031457e-01, -3.14218350e-01, -1.11738456e-01,
        -1.09768608e+00,  1.13382363e+00, -4.06289761e-03,
         6.31188845e-01, -2.90886672e-02, -5.53025526e-01,
         1.21937402e-01,  2.10876309e-02, -1.04950381e-01,
         8.38077948e-02,  7.34854208e-02, -1.08218564e-01,
        -2.22798481e-01,  4.53031406e-01, -1.71158273e-01,
         6.10076374e-02, -2.00561389e-01,  1.87628403e-01,
         5.50746512e-02],
       [-2.82771290e-02,  1.80705979e-01, -9.34849623e-02,
        -1.65139862e-01,  6.19411794e-01, -4.35328044e-01,
        -7.95479257e-01,  8.63212704e-01, -1.57895595e-02,
         1.98135783e+00, -1.88050716e+00, -7.39067781e-02,
         3.67911364e-01, -3.57770384e-01,  4.78029087e-02,
        -7.97389214e-02,  1.95268732e-01, -6.85859231e-02,
         5.99414103e-01, -6.13133975e-01,  3.46637599e-02,
         2.24260766e-01,  1.70080084e-01, -3.49396962e-01,
        -7.30983248e-01,  6.98446843e-01,  7.04802936e-02,
         4.85467118e-01, -3.19945263e-01, -1.29577967e-01,
        -1.07957404e+00,  1.11815945e+00,  3.35847969e-03,
         6.20170461e-01, -2.79871149e-02, -5.59239458e-01,
         1.20536046e-01,  3.74116861e-02, -1.10003844e-01,
         9.98485262e-02,  7.59240056e-02, -1.29828644e-01,
        -2.33585965e-01,  4.64066605e-01, -1.77536753e-01,
         6.92462304e-02, -2.23707300e-01,  2.03404957e-01,
         4.69438879e-02],
       [-2.72945883e-02,  1.90681273e-01, -1.11298108e-01,
        -1.64578579e-01,  6.25679745e-01, -4.27012589e-01,
        -7.82720913e-01,  8.56461595e-01, -1.36521046e-02,
         1.99935895e+00, -1.86530118e+00, -8.29691937e-02,
         3.75374838e-01, -3.69390150e-01,  3.21038896e-02,
        -7.03599002e-02,  1.86387155e-01, -8.59386772e-02,
         6.07775266e-01, -6.05035519e-01,  4.33488297e-02,
         2.12958507e-01,  1.68024264e-01, -3.61894194e-01,
        -7.28056975e-01,  7.09691390e-01,  7.34541621e-02,
         4.82571284e-01, -3.18386738e-01, -1.20095969e-01,
        -1.09585650e+00,  1.12466978e+00,  2.27529297e-03,
         6.27324846e-01, -2.62898108e-02, -5.56946458e-01,
         1.21767779e-01,  2.31600026e-02, -1.02839204e-01,
         9.21655279e-02,  8.58770781e-02, -1.15954029e-01,
        -2.34845946e-01,  4.63421676e-01, -1.82487152e-01,
         6.24815013e-02, -2.05778596e-01,  1.84385672e-01,
         4.10885774e-02],
       [-2.96227835e-02,  1.87201864e-01, -1.06718860e-01,
        -1.52386468e-01,  6.37712122e-01, -4.20465433e-01,
        -7.83032616e-01,  8.65690534e-01, -3.07976976e-02,
         1.98795557e+00, -1.87559810e+00, -6.44972492e-02,
         3.65167192e-01, -3.58071758e-01,  3.57647867e-02,
        -6.33056209e-02,  1.86435505e-01, -8.22696637e-02,
         6.12182288e-01, -6.07297719e-01,  4.69756519e-02,
         2.22603428e-01,  1.73302784e-01, -3.50045991e-01,
        -7.34793602e-01,  7.03073448e-01,  8.15803746e-02,
         4.75882119e-01, -3.16523914e-01, -1.27497984e-01,
        -1.08971641e+00,  1.12124223e+00, -5.66559641e-03,
         6.19061393e-01, -3.14527599e-02, -5.69748412e-01,
         1.21833791e-01,  2.98454660e-02, -1.16819037e-01,
         9.16842042e-02,  8.03890420e-02, -1.21213026e-01,
        -2.42095526e-01,  4.61564326e-01, -1.75608579e-01,
         5.79731542e-02, -2.18634920e-01,  2.02521986e-01,
         4.48602206e-02],
       [-2.23555716e-02,  1.83196608e-01, -1.06436698e-01,
        -1.63417059e-01,  6.34510548e-01, -4.17689151e-01,
        -7.98310126e-01,  8.59132631e-01, -2.24181667e-02,
         1.98496449e+00, -1.88158729e+00, -8.19728598e-02,
         3.57465731e-01, -3.58437564e-01,  3.53761720e-02,
        -8.16363704e-02,  1.89391864e-01, -6.93511551e-02,
         5.99771379e-01, -6.04648442e-01,  3.42814013e-02,
         2.33031206e-01,  1.72547379e-01, -3.50174246e-01,
        -7.40467255e-01,  7.00453679e-01,  6.34179145e-02,
         4.77664603e-01, -3.14540657e-01, -1.30719607e-01,
        -1.08565570e+00,  1.11728695e+00,  3.77309555e-03,
         6.18049552e-01, -3.14633432e-02, -5.64181871e-01,
         1.17106432e-01,  3.51562931e-02, -1.02858387e-01,
         9.69945324e-02,  8.10005099e-02, -1.20590704e-01,
        -2.36809686e-01,  4.59923784e-01, -1.80709760e-01,
         5.63407174e-02, -2.21179425e-01,  1.93243046e-01,
         5.14043384e-02],
       [-6.00000000e-03,  0.00000000e+00, -4.00000000e-03,
         9.00000000e-03, -2.00000000e-03,  1.00000000e-02,
         6.00000000e-03, -4.00000000e-03,  2.00000000e-03,
         3.00000000e-03,  1.00000000e-02,  3.00000000e-03,
         7.00000000e-03, -4.00000000e-03,  7.00000000e-03,
        -2.00000000e-03,  2.00000000e-03,  6.00000000e-03,
         9.00000000e-03, -4.00000000e-03, -3.00000000e-03,
         1.00000000e-02,  1.00000000e-02, -7.00000000e-03,
         2.00000000e-03,  5.00000000e-03,  9.00000000e-03,
        -5.00000000e-03, -6.00000000e-03,  4.00000000e-03,
        -5.00000000e-03, -9.00000000e-03,  7.00000000e-03,
         4.00000000e-03,  7.00000000e-03,  1.00000000e-02,
         5.00000000e-03, -4.00000000e-03, -4.00000000e-03,
        -5.00000000e-03,  1.00000000e-03,  0.00000000e+00,
         4.00000000e-03, -5.00000000e-03,  9.00000000e-03,
         7.00000000e-03,  0.00000000e+00, -8.00000000e-03,
        -9.00000000e-03]]), 'deltas': array([[0.00026268],
       [0.0002807 ],
       [0.00026298],
       [0.00026709],
       [0.00027914],
       [0.        ]]), 'outputs': array([[0.96000055],
       [0.95712851],
       [0.95995341],
       [0.95929957],
       [0.95737665],
       [1.        ]]), 'errors': 0.0068406765271589575}, {'weights': array([[-1.23964006, -1.25592329, -1.26351245, -1.26159435, -1.24192133,
         2.5548796 ],
       [ 1.23466793,  1.25394401,  1.26153382,  1.2536062 ,  1.25893871,
        -2.5549102 ]]), 'deltas': array([[-0.00092318],
       [ 0.00092312]]), 'outputs': array([[0.03086387],
       [0.96913708]]), 'errors': array([[-0.03086387],
       [ 0.03086292]])}]
Accuracy: 97.70114942528735 %

train_data group 2 length:  348
   0   1   2   3   4   5   6   7   8  ...  40  41  42  43  44  45  46  47  48
0   1   0   0   1   0   0   1   0   0 ...   1   0   1   0   0   0   1   0   0
1   1   0   0   0   1   0   1   0   0 ...   1   0   1   0   0   0   1   0   0
2   1   0   0   0   1   0   1   0   0 ...   1   0   1   0   0   0   1   0   0
3   1   0   0   0   1   0   1   0   0 ...   1   0   1   0   0   1   0   0   0
4   0   1   0   1   0   0   1   0   0 ...   1   0   1   0   0   0   1   0   0

[5 rows x 49 columns]
Initial Neural Network:
[{'weights': array([[-0.008, -0.004,  0.001, -0.006, -0.003,  0.007, -0.008, -0.001,
         0.001,  0.004, -0.007,  0.008,  0.005, -0.01 ,  0.   , -0.003,
         0.   ,  0.006,  0.003, -0.001, -0.002,  0.009, -0.003,  0.009,
         0.003, -0.007,  0.004,  0.01 ,  0.006,  0.007, -0.003, -0.003,
         0.001, -0.005,  0.008, -0.001,  0.007,  0.002,  0.002, -0.005,
        -0.001,  0.009,  0.008, -0.001,  0.003,  0.007,  0.003,  0.   ,
         0.005],
       [ 0.001,  0.003,  0.009,  0.006, -0.008, -0.009,  0.006, -0.002,
         0.009, -0.006, -0.005,  0.006, -0.006, -0.004,  0.008,  0.009,
        -0.001, -0.009,  0.006,  0.002, -0.008,  0.003,  0.   ,  0.003,
        -0.01 ,  0.005,  0.003, -0.002, -0.002, -0.006,  0.004, -0.001,
         0.009, -0.008, -0.004,  0.006, -0.003,  0.002, -0.007,  0.003,
        -0.004,  0.005,  0.01 ,  0.008, -0.006, -0.006,  0.003,  0.006,
        -0.007],
       [-0.005,  0.   ,  0.001, -0.005, -0.004,  0.001, -0.008,  0.001,
        -0.005,  0.009,  0.007,  0.001, -0.004,  0.005,  0.004, -0.001,
        -0.008, -0.001,  0.   ,  0.007,  0.007,  0.   , -0.005, -0.01 ,
         0.01 ,  0.005,  0.006, -0.01 , -0.002,  0.004,  0.007,  0.002,
        -0.005, -0.001, -0.008,  0.003,  0.001, -0.006,  0.   , -0.01 ,
         0.004,  0.002,  0.001,  0.01 ,  0.001,  0.003, -0.001,  0.   ,
        -0.007],
       [ 0.006,  0.   ,  0.005,  0.007, -0.005,  0.003, -0.007,  0.007,
         0.008,  0.01 ,  0.01 ,  0.003,  0.003,  0.009,  0.004, -0.006,
        -0.009, -0.004,  0.009,  0.01 ,  0.009,  0.002,  0.009, -0.008,
         0.002,  0.008, -0.005, -0.006, -0.01 ,  0.01 ,  0.009,  0.005,
         0.005,  0.006,  0.003,  0.003,  0.   , -0.001,  0.003,  0.003,
         0.003, -0.006,  0.002,  0.009, -0.005,  0.   , -0.002, -0.004,
         0.   ],
       [ 0.006, -0.002,  0.002, -0.002,  0.008, -0.005, -0.005, -0.002,
        -0.001, -0.004,  0.003, -0.004,  0.004, -0.004, -0.002, -0.001,
        -0.009,  0.006, -0.006,  0.003,  0.005,  0.007, -0.006,  0.005,
         0.006, -0.01 , -0.005, -0.007,  0.004,  0.009,  0.006,  0.009,
        -0.004, -0.003,  0.006, -0.001, -0.001,  0.002, -0.01 ,  0.   ,
        -0.009, -0.006, -0.006, -0.005,  0.004,  0.009,  0.009,  0.008,
         0.   ],
       [ 0.009,  0.002,  0.009,  0.009, -0.004,  0.007,  0.002,  0.009,
         0.001, -0.003,  0.   , -0.008,  0.004,  0.01 ,  0.008,  0.01 ,
         0.007, -0.004,  0.001, -0.001, -0.002,  0.002,  0.01 , -0.008,
        -0.007,  0.003, -0.009,  0.01 , -0.009,  0.002, -0.006,  0.   ,
        -0.01 , -0.002,  0.009,  0.003,  0.005, -0.004,  0.001, -0.006,
        -0.006,  0.003,  0.004,  0.003, -0.002, -0.003, -0.001,  0.002,
        -0.009]]), 'deltas': array([[0.],
       [0.],
       [0.],
       [0.],
       [0.],
       [0.]]), 'outputs': array([[0.],
       [0.],
       [0.],
       [0.],
       [0.],
       [0.]]), 'errors': array([[0.],
       [0.],
       [0.],
       [0.],
       [0.],
       [0.]])}, {'weights': array([[-0.008,  0.002,  0.001, -0.003,  0.01 ,  0.004],
       [ 0.007, -0.004,  0.008, -0.002, -0.01 ,  0.004]]), 'deltas': array([[0.],
       [0.],
       [0.]]), 'outputs': array([[0.],
       [0.],
       [0.]]), 'errors': array([[0.],
       [0.],
       [0.]])}]
Training complete!
Training done. epoch: 7 , total error: 0.00012827155146756606
[{'weights': array([[ 5.96080124e-02,  1.48393904e-01, -1.65520051e-01,
        -2.84023527e-01,  7.07876221e-01, -3.72370828e-01,
        -1.12665611e+00,  1.29601698e+00, -1.23878999e-01,
         2.85793251e+00, -2.41651530e+00, -3.82935350e-01,
         5.89622422e-01, -6.08843969e-01,  6.77034126e-02,
         6.73246059e-02, -4.89732085e-02,  3.81304685e-02,
         2.70774620e-01, -1.95255041e-01, -2.20377123e-02,
         6.68710768e-01,  5.59548922e-02, -6.56183794e-01,
        -5.91597087e-01,  1.10057806e+00, -4.55499110e-01,
         5.02431191e-01, -3.67643516e-01, -5.83058090e-02,
        -1.66227817e+00,  1.53817197e+00,  1.72588067e-01,
         1.01596301e+00, -3.21390618e-01, -6.39090526e-01,
        -2.95567227e-01,  2.60294013e-01,  9.97550799e-02,
        -1.50866475e-01,  3.54805289e-01, -1.47456948e-01,
        -5.76424221e-02,  4.19252882e-01, -2.98128594e-01,
         5.90501711e-02, -2.66893951e-01,  2.71325646e-01,
         5.84818659e-02],
       [ 6.73148703e-02,  1.56842190e-01, -1.59002218e-01,
        -2.71461080e-01,  6.97306030e-01, -3.84690107e-01,
        -1.10170590e+00,  1.28290651e+00, -1.16045768e-01,
         2.85217817e+00, -2.41991012e+00, -3.85113208e-01,
         5.84799737e-01, -6.06803045e-01,  7.21581508e-02,
         7.63025758e-02, -4.43551218e-02,  1.92073888e-02,
         2.68591679e-01, -1.85164913e-01, -3.12719233e-02,
         6.56308876e-01,  6.44289284e-02, -6.62582962e-01,
        -6.03136077e-01,  1.10706135e+00, -4.53770427e-01,
         4.90751890e-01, -3.73546303e-01, -7.50507445e-02,
        -1.64410570e+00,  1.53099929e+00,  1.77261256e-01,
         1.01246733e+00, -3.28868260e-01, -6.37444229e-01,
        -3.14833017e-01,  2.75666607e-01,  8.33212527e-02,
        -1.43233699e-01,  3.52646508e-01, -1.53257966e-01,
        -5.00763018e-02,  4.23314968e-01, -3.09083823e-01,
         3.97860747e-02, -2.62790755e-01,  2.78159524e-01,
         4.51548428e-02],
       [ 7.55806353e-02,  1.55498329e-01, -2.07706263e-01,
        -2.82863087e-01,  7.21807668e-01, -4.19571879e-01,
        -1.12571801e+00,  1.31538803e+00, -1.74297318e-01,
         2.86269123e+00, -2.38347244e+00, -4.34846087e-01,
         5.70995391e-01, -5.85849608e-01,  4.72269185e-02,
         7.17058974e-02, -5.90308477e-02,  4.69765209e-03,
         2.68000296e-01, -1.88581192e-01, -3.80464028e-02,
         6.64627021e-01,  4.51198049e-02, -6.97374124e-01,
        -5.76302230e-01,  1.07499954e+00, -4.50324606e-01,
         4.85331217e-01, -3.78452052e-01, -8.75064629e-02,
        -1.65544619e+00,  1.54910702e+00,  1.37711872e-01,
         1.02238920e+00, -3.40702877e-01, -6.60313625e-01,
        -2.97003114e-01,  2.43466200e-01,  7.59096152e-02,
        -1.58729117e-01,  3.57963581e-01, -1.75861762e-01,
        -7.16662937e-02,  4.34629514e-01, -3.23590518e-01,
         5.94344304e-02, -2.61889164e-01,  2.31827435e-01,
         2.03727018e-02],
       [ 7.62589819e-02,  1.50062541e-01, -1.83862939e-01,
        -2.77153180e-01,  7.13333365e-01, -3.99721601e-01,
        -1.13061142e+00,  1.31260130e+00, -1.42531293e-01,
         2.85772026e+00, -2.38978202e+00, -4.13479652e-01,
         5.74618626e-01, -5.86248887e-01,  5.90888452e-02,
         6.00218013e-02, -6.06677014e-02,  1.31044847e-02,
         2.77680681e-01, -1.93796604e-01, -2.44254923e-02,
         6.67090540e-01,  5.20890950e-02, -6.84721051e-01,
        -5.86245195e-01,  1.08681764e+00, -4.64113864e-01,
         4.83508333e-01, -3.88149454e-01, -6.99002942e-02,
        -1.65652692e+00,  1.54594222e+00,  1.61043284e-01,
         1.02477625e+00, -3.33920302e-01, -6.47397364e-01,
        -3.04713904e-01,  2.48341538e-01,  8.98309515e-02,
        -1.47662981e-01,  3.50958659e-01, -1.71837093e-01,
        -7.54576118e-02,  4.31232695e-01, -3.18316498e-01,
         5.44946530e-02, -2.72598381e-01,  2.43562313e-01,
         3.14585847e-02],
       [ 7.99721162e-02,  1.58825642e-01, -2.05217109e-01,
        -2.76788265e-01,  7.27569491e-01, -4.22200576e-01,
        -1.12404650e+00,  1.31311245e+00, -1.69485297e-01,
         2.85301296e+00, -2.39194887e+00, -4.38483435e-01,
         5.78225375e-01, -5.94070238e-01,  4.14255122e-02,
         7.31363509e-02, -6.12033363e-02,  1.16476347e-02,
         2.57650578e-01, -1.87778751e-01, -4.02911781e-02,
         6.68844613e-01,  4.68460150e-02, -6.82109979e-01,
        -5.81714165e-01,  1.06208824e+00, -4.61793422e-01,
         4.88344791e-01, -3.72269413e-01, -8.24947288e-02,
        -1.65278318e+00,  1.55200940e+00,  1.39354429e-01,
         1.02058571e+00, -3.29772461e-01, -6.61232598e-01,
        -2.95955940e-01,  2.48225142e-01,  6.63114473e-02,
        -1.51658622e-01,  3.46764833e-01, -1.82525561e-01,
        -7.96640573e-02,  4.21760635e-01, -3.21515928e-01,
         6.43181385e-02, -2.52390054e-01,  2.41652565e-01,
         2.75806493e-02],
       [ 9.00000000e-03,  2.00000000e-03,  9.00000000e-03,
         9.00000000e-03, -4.00000000e-03,  7.00000000e-03,
         2.00000000e-03,  9.00000000e-03,  1.00000000e-03,
        -3.00000000e-03,  0.00000000e+00, -8.00000000e-03,
         4.00000000e-03,  1.00000000e-02,  8.00000000e-03,
         1.00000000e-02,  7.00000000e-03, -4.00000000e-03,
         1.00000000e-03, -1.00000000e-03, -2.00000000e-03,
         2.00000000e-03,  1.00000000e-02, -8.00000000e-03,
        -7.00000000e-03,  3.00000000e-03, -9.00000000e-03,
         1.00000000e-02, -9.00000000e-03,  2.00000000e-03,
        -6.00000000e-03,  0.00000000e+00, -1.00000000e-02,
        -2.00000000e-03,  9.00000000e-03,  3.00000000e-03,
         5.00000000e-03, -4.00000000e-03,  1.00000000e-03,
        -6.00000000e-03, -6.00000000e-03,  3.00000000e-03,
         4.00000000e-03,  3.00000000e-03, -2.00000000e-03,
        -3.00000000e-03, -1.00000000e-03,  2.00000000e-03,
        -9.00000000e-03]]), 'deltas': array([[5.51993594e-08],
       [5.92717882e-08],
       [6.53547812e-08],
       [6.16514315e-08],
       [6.60986945e-08],
       [0.00000000e+00]]), 'outputs': array([[0.99995131],
       [0.99994771],
       [0.99994235],
       [0.99994562],
       [0.99994169],
       [1.        ]]), 'errors': 0.0011336827995699602}, {'weights': array([[-1.503697  , -1.48609298, -1.49848291, -1.50734867, -1.48103036,
         3.00661073],
       [ 1.50250247,  1.48390458,  1.50729284,  1.50211594,  1.48083399,
        -3.00653845]]), 'deltas': array([[-0.00012683],
       [ 0.00012681]]), 'outputs': array([[0.0113261 ],
       [0.98867469]]), 'errors': array([[-0.0113261 ],
       [ 0.01132531]])}]
Accuracy: 95.40229885057471 %

train_data group 3 length:  348
   0   1   2   3   4   5   6   7   8  ...  40  41  42  43  44  45  46  47  48
0   1   0   0   1   0   0   1   0   0 ...   1   0   1   0   0   0   1   0   0
1   1   0   0   0   1   0   1   0   0 ...   1   0   1   0   0   0   1   0   0
2   1   0   0   0   1   0   1   0   0 ...   1   0   1   0   0   0   1   0   0
3   1   0   0   0   1   0   1   0   0 ...   1   0   1   0   0   1   0   0   0
4   0   1   0   1   0   0   1   0   0 ...   1   0   1   0   0   0   1   0   0

[5 rows x 49 columns]
Initial Neural Network:
[{'weights': array([[-0.002,  0.005,  0.01 , -0.001,  0.008, -0.004,  0.004, -0.008,
         0.003, -0.009,  0.007,  0.004,  0.   ,  0.   ,  0.001,  0.   ,
         0.01 , -0.01 , -0.008,  0.008, -0.008,  0.01 ,  0.003,  0.007,
         0.01 , -0.008, -0.004, -0.003,  0.01 ,  0.006,  0.001, -0.006,
        -0.006, -0.009,  0.003,  0.   , -0.002, -0.003, -0.003, -0.008,
        -0.005,  0.005, -0.006,  0.008,  0.004,  0.01 , -0.005, -0.005,
         0.005],
       [ 0.009, -0.004,  0.008, -0.008, -0.01 , -0.009,  0.002, -0.004,
         0.004,  0.007,  0.003,  0.001,  0.005, -0.006,  0.   ,  0.006,
         0.009, -0.006, -0.005,  0.004, -0.002,  0.004, -0.006, -0.007,
        -0.004,  0.003,  0.01 ,  0.01 , -0.007, -0.008,  0.004, -0.002,
         0.01 ,  0.001, -0.001,  0.01 ,  0.009, -0.009,  0.009, -0.005,
         0.   , -0.006,  0.005, -0.005,  0.01 ,  0.005,  0.008, -0.001,
         0.006],
       [ 0.003,  0.002,  0.01 ,  0.004, -0.006, -0.004, -0.005,  0.004,
         0.006,  0.001,  0.005,  0.009,  0.005,  0.005, -0.002,  0.001,
        -0.009,  0.008, -0.003, -0.008,  0.003,  0.002,  0.004, -0.004,
        -0.001,  0.008, -0.009,  0.002,  0.001,  0.009, -0.001, -0.008,
        -0.003,  0.008,  0.   , -0.005,  0.003, -0.008,  0.006, -0.003,
        -0.004,  0.003,  0.006, -0.008, -0.002,  0.009, -0.01 ,  0.01 ,
         0.007],
       [-0.001, -0.003,  0.001,  0.   ,  0.   ,  0.004,  0.007, -0.002,
        -0.01 , -0.008,  0.006, -0.01 ,  0.002,  0.008,  0.01 ,  0.009,
         0.004,  0.   , -0.002, -0.002, -0.01 ,  0.01 ,  0.003,  0.002,
        -0.008,  0.   , -0.008,  0.009,  0.004, -0.001, -0.002,  0.003,
         0.006,  0.002,  0.001, -0.007,  0.006,  0.005, -0.003,  0.004,
         0.007, -0.005, -0.008,  0.003, -0.01 ,  0.008, -0.001, -0.008,
         0.003],
       [-0.001, -0.006, -0.001,  0.   , -0.006, -0.007, -0.01 , -0.009,
        -0.006,  0.002, -0.005, -0.003, -0.001,  0.003,  0.001,  0.007,
        -0.001, -0.002, -0.007,  0.001, -0.002, -0.001,  0.005, -0.001,
         0.   ,  0.   , -0.003, -0.004,  0.008, -0.009, -0.01 ,  0.007,
        -0.003, -0.004,  0.006,  0.   ,  0.003, -0.009, -0.003,  0.003,
         0.005,  0.01 , -0.009, -0.009, -0.007, -0.003, -0.003, -0.001,
         0.007],
       [ 0.008, -0.003,  0.005,  0.001,  0.001, -0.009, -0.005, -0.004,
         0.009, -0.007,  0.01 ,  0.005, -0.005,  0.008,  0.004,  0.007,
         0.007,  0.006,  0.   ,  0.01 , -0.008,  0.007, -0.008, -0.007,
        -0.004,  0.009,  0.009,  0.001,  0.002,  0.01 ,  0.004, -0.005,
        -0.01 ,  0.003,  0.01 , -0.003, -0.001, -0.008,  0.   ,  0.008,
        -0.001,  0.005,  0.01 , -0.007, -0.002, -0.003, -0.007,  0.005,
        -0.003]]), 'deltas': array([[0.],
       [0.],
       [0.],
       [0.],
       [0.],
       [0.]]), 'outputs': array([[0.],
       [0.],
       [0.],
       [0.],
       [0.],
       [0.]]), 'errors': array([[0.],
       [0.],
       [0.],
       [0.],
       [0.],
       [0.]])}, {'weights': array([[ 0.006, -0.001, -0.009, -0.006, -0.006, -0.003],
       [ 0.006,  0.003,  0.002, -0.008,  0.004, -0.007]]), 'deltas': array([[0.],
       [0.],
       [0.]]), 'outputs': array([[0.],
       [0.],
       [0.]]), 'errors': array([[0.],
       [0.],
       [0.]])}]
Training complete!
Training done. epoch: 3 , total error: 0.00042959951072850465
[{'weights': array([[ 2.83315534e-01, -9.64004626e-02,  8.70096461e-03,
        -1.78074266e-01,  3.68792387e-01, -5.10208458e-03,
        -1.02366128e+00,  9.95638916e-01,  2.09638403e-01,
         2.09346182e+00, -2.10139745e+00,  1.92551660e-01,
         4.84409788e-01, -3.30630814e-01,  2.98370618e-02,
        -3.38093103e-01,  4.96197104e-01,  2.45120355e-02,
         3.99448380e-01, -2.18930970e-01, -5.90137438e-03,
         2.30030534e-01,  1.84596932e-01, -2.12011430e-01,
        -5.65944259e-01,  4.24788921e-01,  3.21771375e-01,
         5.29266949e-01, -3.40374424e-01,  6.72351161e-03,
        -6.99121805e-01,  9.48863650e-01, -7.81258083e-02,
         5.33030008e-01, -5.18319269e-02, -3.04582045e-01,
        -1.93580778e-01,  1.81740625e-01,  1.86456189e-01,
         3.43228328e-01, -1.28811369e-01, -3.98009238e-02,
        -8.21360062e-02,  3.70837806e-01, -1.00085764e-01,
         1.64181917e-01, -4.28820436e-01,  4.47254555e-01,
         1.87616036e-01],
       [ 2.89999889e-01, -9.98693132e-02,  6.14144326e-03,
        -1.87414518e-01,  3.57055622e-01, -1.33690846e-02,
        -1.02356803e+00,  9.96909740e-01,  2.11930306e-01,
         2.10665244e+00, -2.10206963e+00,  1.89689215e-01,
         4.82395637e-01, -3.28760613e-01,  2.86369948e-02,
        -3.34933595e-01,  4.99143026e-01,  2.80625871e-02,
         4.03883601e-01, -2.23231643e-01, -3.79939334e-04,
         2.27800585e-01,  1.73921591e-01, -2.27450157e-01,
        -5.75741211e-01,  4.29846665e-01,  3.38166566e-01,
         5.37403783e-01, -3.51649527e-01, -7.48223696e-03,
        -6.93155532e-01,  9.53368749e-01, -6.49411973e-02,
         5.38202773e-01, -4.72890763e-02, -2.97641678e-01,
        -1.87616244e-01,  1.80555840e-01,  1.99332422e-01,
         3.43446560e-01, -1.20374657e-01, -5.07998841e-02,
        -6.97052180e-02,  3.59304026e-01, -9.63267894e-02,
         1.63680481e-01, -4.16270624e-01,  4.47862161e-01,
         1.89272019e-01],
       [ 2.91911840e-01, -9.90191897e-02,  7.67306749e-03,
        -1.82735781e-01,  3.71121355e-01, -8.81985629e-03,
        -1.04368348e+00,  1.01876956e+00,  2.15479639e-01,
         2.09593516e+00, -2.09265780e+00,  1.97288363e-01,
         4.80486394e-01, -3.13364256e-01,  2.64435806e-02,
        -3.44871410e-01,  4.88789874e-01,  4.16472537e-02,
         4.11403289e-01, -2.38461117e-01,  4.62354618e-03,
         2.30848349e-01,  1.82437128e-01, -2.25719760e-01,
        -5.69453770e-01,  4.33990284e-01,  3.19029204e-01,
         5.35788033e-01, -3.47620852e-01,  9.39853713e-03,
        -7.07666614e-01,  9.58609517e-01, -7.73771850e-02,
         5.44078753e-01, -4.88066993e-02, -3.06706336e-01,
        -1.91590758e-01,  1.77914356e-01,  2.00242119e-01,
         3.43579622e-01, -1.19301494e-01, -4.27124106e-02,
        -6.64393284e-02,  3.57055657e-01, -1.09050611e-01,
         1.73231306e-01, -4.38989406e-01,  4.60323817e-01,
         1.92565718e-01],
       [ 2.83191972e-01, -1.04145320e-01,  3.32087709e-05,
        -1.82672745e-01,  3.68941600e-01, -1.88994954e-04,
        -1.02830035e+00,  1.00703205e+00,  1.98348169e-01,
         2.09116304e+00, -2.09977969e+00,  1.78696505e-01,
         4.82506800e-01, -3.18984351e-01,  3.85574121e-02,
        -3.34534796e-01,  4.95658064e-01,  3.39565925e-02,
         4.06486334e-01, -2.31713839e-01, -6.69263429e-03,
         2.30276519e-01,  1.84092081e-01, -2.17288739e-01,
        -5.82326083e-01,  4.28918190e-01,  3.19487754e-01,
         5.37504448e-01, -3.43074962e-01, -3.49624796e-04,
        -7.04621753e-01,  9.59473838e-01, -6.57722241e-02,
         5.39529572e-01, -5.33438941e-02, -3.08105817e-01,
        -1.87689535e-01,  1.86469019e-01,  1.91300376e-01,
         3.51753596e-01, -1.16129439e-01, -4.75442961e-02,
        -8.37384267e-02,  3.64670302e-01, -1.13852015e-01,
         1.65710507e-01, -4.31398206e-01,  4.46767560e-01,
         1.85079861e-01],
       [ 2.87971009e-01, -1.05363598e-01, -2.25299058e-03,
        -1.82110017e-01,  3.66980507e-01, -9.51606998e-03,
        -1.04105632e+00,  1.00241994e+00,  2.01990807e-01,
         2.10208390e+00, -2.10549655e+00,  1.85767077e-01,
         4.78686993e-01, -3.17159727e-01,  2.98271552e-02,
        -3.33984283e-01,  4.94274245e-01,  3.20644583e-02,
         4.08379527e-01, -2.28515284e-01,  4.90177315e-04,
         2.27473576e-01,  1.84657876e-01, -2.20777031e-01,
        -5.70298056e-01,  4.30320957e-01,  3.25331519e-01,
         5.30879298e-01, -3.39224584e-01, -8.30029409e-03,
        -7.06348853e-01,  9.63941193e-01, -7.52379194e-02,
         5.35238831e-01, -4.23244762e-02, -3.02559935e-01,
        -1.91744567e-01,  1.81742350e-01,  1.89356638e-01,
         3.50805617e-01, -1.10244793e-01, -3.42064031e-02,
        -7.69531683e-02,  3.52750084e-01, -1.12442495e-01,
         1.60313119e-01, -4.30189679e-01,  4.51230981e-01,
         1.95354420e-01],
       [ 8.00000000e-03, -3.00000000e-03,  5.00000000e-03,
         1.00000000e-03,  1.00000000e-03, -9.00000000e-03,
        -5.00000000e-03, -4.00000000e-03,  9.00000000e-03,
        -7.00000000e-03,  1.00000000e-02,  5.00000000e-03,
        -5.00000000e-03,  8.00000000e-03,  4.00000000e-03,
         7.00000000e-03,  7.00000000e-03,  6.00000000e-03,
         0.00000000e+00,  1.00000000e-02, -8.00000000e-03,
         7.00000000e-03, -8.00000000e-03, -7.00000000e-03,
        -4.00000000e-03,  9.00000000e-03,  9.00000000e-03,
         1.00000000e-03,  2.00000000e-03,  1.00000000e-02,
         4.00000000e-03, -5.00000000e-03, -1.00000000e-02,
         3.00000000e-03,  1.00000000e-02, -3.00000000e-03,
        -1.00000000e-03, -8.00000000e-03,  0.00000000e+00,
         8.00000000e-03, -1.00000000e-03,  5.00000000e-03,
         1.00000000e-02, -7.00000000e-03, -2.00000000e-03,
        -3.00000000e-03, -7.00000000e-03,  5.00000000e-03,
        -3.00000000e-03]]), 'deltas': array([[2.08939509e-05],
       [2.06857751e-05],
       [2.06543581e-05],
       [2.06229295e-05],
       [2.09754832e-05],
       [0.00000000e+00]]), 'outputs': array([[0.99358527],
       [0.9936496 ],
       [0.9936593 ],
       [0.99366901],
       [0.99356008],
       [1.        ]]), 'errors': 0.0032782129757760636}, {'weights': array([[-1.25971557, -1.2825602 , -1.29047826, -1.27929744, -1.28856841,
         2.50330678],
       [ 1.27356902,  1.28644337,  1.28534691,  1.2671801 ,  1.28842064,
        -2.50339331]]), 'deltas': array([[-0.0004208 ],
       [ 0.00042059]]), 'outputs': array([[0.02072933],
       [0.97927576]]), 'errors': array([[-0.02072933],
       [ 0.02072424]])}]
Accuracy: 94.25287356321839 %

train_data group 4 length:  347
   0   1   2   3   4   5   6   7   8  ...  40  41  42  43  44  45  46  47  48
0   1   0   0   1   0   0   1   0   0 ...   1   0   1   0   0   0   1   0   0
1   1   0   0   0   1   0   1   0   0 ...   1   0   1   0   0   0   1   0   0
2   1   0   0   0   1   0   1   0   0 ...   1   0   1   0   0   0   1   0   0
3   1   0   0   0   1   0   1   0   0 ...   1   0   1   0   0   1   0   0   0
4   0   1   0   1   0   0   1   0   0 ...   1   0   1   0   0   0   1   0   0

[5 rows x 49 columns]
Initial Neural Network:
[{'weights': array([[ 0.001,  0.005,  0.006,  0.004,  0.01 , -0.008, -0.001, -0.002,
        -0.002,  0.006,  0.003,  0.008, -0.01 ,  0.   ,  0.002,  0.007,
        -0.008,  0.01 , -0.01 ,  0.002, -0.006, -0.008,  0.001,  0.001,
        -0.008, -0.009, -0.009, -0.006,  0.008,  0.004,  0.004, -0.002,
        -0.01 ,  0.001, -0.008,  0.001, -0.008,  0.008, -0.004,  0.006,
         0.002,  0.001, -0.008, -0.01 ,  0.004, -0.01 ,  0.004,  0.005,
        -0.001],
       [ 0.005,  0.008,  0.006,  0.004, -0.006,  0.005,  0.009,  0.005,
         0.006,  0.002,  0.001, -0.004, -0.006,  0.002,  0.009,  0.004,
         0.002, -0.004,  0.   ,  0.004, -0.002,  0.004,  0.003,  0.004,
         0.002, -0.004,  0.005, -0.001, -0.007,  0.001, -0.01 , -0.003,
         0.004, -0.006, -0.01 ,  0.008, -0.003, -0.01 , -0.005,  0.005,
         0.009,  0.001, -0.008,  0.004,  0.006,  0.001,  0.004, -0.001,
         0.006],
       [ 0.008, -0.009,  0.01 , -0.007,  0.004, -0.01 , -0.002, -0.009,
        -0.002,  0.003,  0.001, -0.007,  0.   , -0.001, -0.01 ,  0.001,
         0.   ,  0.005,  0.004,  0.003, -0.007,  0.009, -0.007, -0.003,
        -0.003, -0.003,  0.009, -0.003, -0.009,  0.005, -0.007,  0.   ,
         0.002, -0.002, -0.01 , -0.001,  0.006, -0.008,  0.002,  0.009,
         0.009, -0.004,  0.008, -0.002,  0.007, -0.008, -0.01 , -0.004,
         0.008],
       [-0.006, -0.007, -0.01 , -0.007, -0.003,  0.004,  0.001,  0.008,
         0.003,  0.003, -0.003, -0.007, -0.003,  0.001, -0.001, -0.007,
        -0.001, -0.001, -0.008,  0.001,  0.006,  0.005,  0.009,  0.001,
         0.   ,  0.003, -0.007, -0.001,  0.01 , -0.003, -0.002,  0.003,
         0.007,  0.001, -0.002,  0.007,  0.005,  0.006, -0.008,  0.004,
         0.   ,  0.003, -0.007, -0.01 ,  0.009,  0.007,  0.008,  0.006,
         0.01 ],
       [ 0.005,  0.   , -0.007, -0.005, -0.01 ,  0.001, -0.003,  0.008,
        -0.003, -0.006,  0.005, -0.01 , -0.009, -0.004, -0.007, -0.001,
        -0.01 ,  0.007,  0.006,  0.007,  0.01 , -0.009, -0.01 ,  0.   ,
         0.006, -0.002,  0.01 , -0.002, -0.007,  0.004,  0.001, -0.002,
        -0.008,  0.004, -0.008, -0.008,  0.009, -0.01 , -0.002,  0.   ,
         0.004,  0.006,  0.009,  0.003,  0.005,  0.009,  0.006,  0.009,
        -0.006],
       [-0.01 ,  0.002,  0.   , -0.001,  0.001, -0.004, -0.001,  0.005,
        -0.009,  0.001,  0.008, -0.001, -0.007, -0.001,  0.005,  0.003,
         0.008,  0.   ,  0.   ,  0.003,  0.004,  0.004, -0.004, -0.008,
         0.   ,  0.007,  0.01 ,  0.009, -0.003,  0.001,  0.008,  0.002,
         0.006, -0.009,  0.008,  0.003, -0.001,  0.01 , -0.002,  0.001,
        -0.01 ,  0.01 ,  0.009,  0.009, -0.002, -0.002,  0.002, -0.001,
         0.002]]), 'deltas': array([[0.],
       [0.],
       [0.],
       [0.],
       [0.],
       [0.]]), 'outputs': array([[0.],
       [0.],
       [0.],
       [0.],
       [0.],
       [0.]]), 'errors': array([[0.],
       [0.],
       [0.],
       [0.],
       [0.],
       [0.]])}, {'weights': array([[-0.01 ,  0.006,  0.004,  0.008,  0.002,  0.008],
       [-0.01 , -0.002,  0.008, -0.002,  0.01 , -0.003]]), 'deltas': array([[0.],
       [0.],
       [0.]]), 'outputs': array([[0.],
       [0.],
       [0.]]), 'errors': array([[0.],
       [0.],
       [0.]])}]
Training complete!
Training done. epoch: 3 , total error: 0.0004908150500397453
[{'weights': array([[ 1.77859467e-01, -5.06057692e-02, -4.92317577e-02,
        -4.24594077e-02,  3.16480743e-01, -2.01999396e-01,
        -7.45183236e-01,  8.63823163e-01, -5.76179876e-02,
         2.30533043e+00, -2.12624074e+00, -9.60677469e-02,
         9.02568026e-03, -6.34778346e-02,  1.12474094e-01,
        -2.52360543e-01,  3.87547298e-01, -6.01648153e-02,
         2.54654793e-01, -2.49424999e-01,  4.67921458e-02,
         3.04001382e-01,  1.01825396e-01, -3.45804838e-01,
        -6.45266280e-01,  7.01761643e-01, -1.64734234e-02,
         6.63736460e-01, -4.70239730e-01, -1.21474789e-01,
        -8.08106914e-01,  9.67347100e-01, -1.01218246e-01,
         4.79732030e-01, -4.34698001e-01,  1.49879115e-02,
         1.26287281e-01,  5.18648032e-02, -1.16130145e-01,
         2.95043439e-01, -1.72090466e-01, -4.79310333e-02,
        -2.43020266e-01,  2.99193327e-01, -4.15112114e-03,
         1.82566207e-01, -3.33083377e-01,  2.15539109e-01,
         6.50219400e-02],
       [ 1.79962108e-01, -5.11063917e-02, -4.75161188e-02,
        -4.55182627e-02,  3.02369774e-01, -1.91511914e-01,
        -7.35870939e-01,  8.68956087e-01, -5.07455501e-02,
         2.30244637e+00, -2.13140315e+00, -1.09703623e-01,
         1.27212308e-02, -6.45816469e-02,  1.19200013e-01,
        -2.54649679e-01,  3.94150767e-01, -7.51614908e-02,
         2.60321780e-01, -2.46574120e-01,  5.05919369e-02,
         3.15454651e-01,  1.02166495e-01, -3.44281549e-01,
        -6.38702911e-01,  7.09023822e-01, -4.98131364e-03,
         6.65958010e-01, -4.84873447e-01, -1.25744966e-01,
        -8.21991469e-01,  9.66916832e-01, -9.15857651e-02,
         4.74529968e-01, -4.37564557e-01,  1.73741863e-02,
         1.31733989e-01,  3.17290191e-02, -1.19123411e-01,
         2.93983802e-01, -1.69913670e-01, -4.67305344e-02,
        -2.42552114e-01,  3.10464803e-01, -3.57309161e-03,
         1.94730492e-01, -3.35269313e-01,  2.06878418e-01,
         6.83395973e-02],
       [ 1.81714212e-01, -6.26353204e-02, -4.53446120e-02,
        -5.33872221e-02,  3.10546945e-01, -2.05425443e-01,
        -7.51849945e-01,  8.62226068e-01, -5.86418424e-02,
         2.30605774e+00, -2.13183426e+00, -1.12489208e-01,
         1.89697505e-02, -6.61603435e-02,  1.00924873e-01,
        -2.55972496e-01,  3.93745340e-01, -6.70385638e-02,
         2.64886618e-01, -2.45412834e-01,  4.52604965e-02,
         3.15695267e-01,  1.00169500e-01, -3.52130488e-01,
        -6.42436962e-01,  7.09897650e-01,  2.73591911e-04,
         6.67302614e-01, -4.87335556e-01, -1.22232778e-01,
        -8.22505283e-01,  9.76540201e-01, -9.43006385e-02,
         4.78889096e-01, -4.35252020e-01,  8.09720402e-03,
         1.46080147e-01,  3.13263233e-02, -1.12672190e-01,
         2.97965558e-01, -1.65385829e-01, -5.38454496e-02,
        -2.30053775e-01,  3.09689170e-01, -1.90111531e-03,
         1.88442112e-01, -3.50493291e-01,  2.04785460e-01,
         7.27342801e-02],
       [ 1.69071747e-01, -6.68124024e-02, -6.13486252e-02,
        -5.80312785e-02,  3.05189531e-01, -1.89247534e-01,
        -7.47179364e-01,  8.73271715e-01, -5.01816320e-02,
         2.30163895e+00, -2.13614921e+00, -1.08579014e-01,
         1.49912616e-02, -6.48534814e-02,  1.10772939e-01,
        -2.64953644e-01,  3.90449398e-01, -7.05850339e-02,
         2.56680697e-01, -2.53428205e-01,  5.96582270e-02,
         3.12910482e-01,  1.10930578e-01, -3.44930341e-01,
        -6.41188656e-01,  7.17057807e-01, -1.59584324e-02,
         6.70952056e-01, -4.73184877e-01, -1.27856460e-01,
        -8.18955891e-01,  9.76568815e-01, -8.57022042e-02,
         4.80411404e-01, -4.29757677e-01,  1.92569925e-02,
         1.40182217e-01,  4.61680400e-02, -1.19439538e-01,
         2.91829759e-01, -1.76734976e-01, -4.41840640e-02,
        -2.42756188e-01,  2.97473999e-01,  1.19290868e-03,
         2.00400455e-01, -3.33543712e-01,  2.18053976e-01,
         7.39107193e-02],
       [ 1.81078110e-01, -5.51611123e-02, -6.52108483e-02,
        -5.58616993e-02,  3.02491402e-01, -1.97923553e-01,
        -7.46030964e-01,  8.73056924e-01, -6.23198098e-02,
         2.29424091e+00, -2.12372063e+00, -1.18814135e-01,
         1.02493072e-02, -7.04829246e-02,  1.02939767e-01,
        -2.58092866e-01,  3.81824666e-01, -6.50256514e-02,
         2.68556469e-01, -2.44039673e-01,  6.11893539e-02,
         3.03639720e-01,  9.06392814e-02, -3.50572852e-01,
        -6.34608463e-01,  7.08267366e-01,  3.04724673e-03,
         6.65854612e-01, -4.84600012e-01, -1.23548451e-01,
        -8.16501070e-01,  9.72913823e-01, -1.02706604e-01,
         4.82955032e-01, -4.35362488e-01,  3.11360576e-03,
         1.45982477e-01,  3.12410917e-02, -1.17517420e-01,
         2.89174525e-01, -1.70697054e-01, -4.57713213e-02,
        -2.28210786e-01,  3.12815751e-01, -4.89881573e-03,
         2.06079947e-01, -3.33217550e-01,  2.13843753e-01,
         5.67061495e-02],
       [-1.00000000e-02,  2.00000000e-03,  0.00000000e+00,
        -1.00000000e-03,  1.00000000e-03, -4.00000000e-03,
        -1.00000000e-03,  5.00000000e-03, -9.00000000e-03,
         1.00000000e-03,  8.00000000e-03, -1.00000000e-03,
        -7.00000000e-03, -1.00000000e-03,  5.00000000e-03,
         3.00000000e-03,  8.00000000e-03,  0.00000000e+00,
         0.00000000e+00,  3.00000000e-03,  4.00000000e-03,
         4.00000000e-03, -4.00000000e-03, -8.00000000e-03,
         0.00000000e+00,  7.00000000e-03,  1.00000000e-02,
         9.00000000e-03, -3.00000000e-03,  1.00000000e-03,
         8.00000000e-03,  2.00000000e-03,  6.00000000e-03,
        -9.00000000e-03,  8.00000000e-03,  3.00000000e-03,
        -1.00000000e-03,  1.00000000e-02, -2.00000000e-03,
         1.00000000e-03, -1.00000000e-02,  1.00000000e-02,
         9.00000000e-03,  9.00000000e-03, -2.00000000e-03,
        -2.00000000e-03,  2.00000000e-03, -1.00000000e-03,
         2.00000000e-03]]), 'deltas': array([[4.15178802e-05],
       [4.01160364e-05],
       [3.98199665e-05],
       [4.00033698e-05],
       [4.09509682e-05],
       [0.00000000e+00]]), 'outputs': array([[0.98866267],
       [0.98904976],
       [0.98913148],
       [0.98908086],
       [0.98881925],
       [1.        ]]), 'errors': 0.0037040456688275936}, {'weights': array([[-1.30452032, -1.29202223, -1.29260992, -1.29697812, -1.28815773,
         2.6140118 ],
       [ 1.28173348,  1.29321573,  1.30182781,  1.30015291,  1.29737565,
        -2.61402436]]), 'deltas': array([[-0.00047995],
       [ 0.00047994]]), 'outputs': array([[0.02215448],
       [0.97784578]]), 'errors': array([[-0.02215448],
       [ 0.02215422]])}]
Accuracy: 95.45454545454545 %

Feedforward Neural Network AVG Accuracy (%): 95.63194090058565 %
