Namespace(error_threshold=0.001, max_epochs=1000, num_layers=2, num_nodes_per_hidden_layer=5, training_rate=1.0)

train_data group 0 length:  349
   0   1   2   3   4   5   6   7   8  ...  40  41  42  43  44  45  46  47  48
0   1   0   0   0   1   0   1   0   0 ...   1   0   1   0   0   0   1   0   0
1   1   0   0   0   0   1   1   0   0 ...   1   0   1   0   0   0   1   0   0
2   1   0   0   0   1   0   1   0   0 ...   1   0   1   0   0   0   1   0   0
3   1   0   0   0   1   0   1   0   0 ...   1   0   1   0   0   1   0   0   0
4   1   0   0   1   0   0   1   0   0 ...   1   0   1   0   0   1   0   0   0

[5 rows x 49 columns]
Initial Neural Network:
[{'weights': array([[ 0.008,  0.008,  0.002,  0.006, -0.003,  0.01 , -0.003, -0.003,
         0.006,  0.002,  0.003,  0.003,  0.002,  0.008,  0.003, -0.007,
         0.01 ,  0.002, -0.002,  0.006,  0.008, -0.01 , -0.001,  0.01 ,
         0.003, -0.008,  0.   ,  0.008, -0.006,  0.   ,  0.003,  0.   ,
        -0.009,  0.   , -0.01 ,  0.003,  0.007, -0.004, -0.003,  0.005,
        -0.002, -0.004,  0.009, -0.001,  0.001,  0.002, -0.006, -0.002,
        -0.008],
       [ 0.   ,  0.007, -0.005, -0.004,  0.009,  0.006, -0.006, -0.01 ,
        -0.009,  0.002,  0.001, -0.002,  0.009,  0.003,  0.009,  0.009,
         0.   , -0.009, -0.009,  0.006,  0.006,  0.004, -0.007, -0.007,
         0.001,  0.008, -0.002,  0.003, -0.005,  0.01 , -0.008, -0.01 ,
        -0.007,  0.006, -0.002,  0.   ,  0.   ,  0.002,  0.007,  0.003,
        -0.004,  0.008, -0.01 , -0.002, -0.006,  0.01 , -0.001,  0.007,
         0.003],
       [-0.01 , -0.003,  0.007, -0.008,  0.001, -0.004, -0.001,  0.006,
        -0.009,  0.009, -0.007,  0.002, -0.009,  0.   , -0.008, -0.005,
         0.008,  0.   , -0.01 ,  0.007, -0.002, -0.001,  0.01 , -0.003,
        -0.01 , -0.008,  0.007,  0.008,  0.   , -0.001, -0.008, -0.006,
         0.   ,  0.007, -0.004,  0.006,  0.007, -0.01 , -0.006, -0.009,
         0.01 ,  0.009, -0.002,  0.008,  0.006,  0.009,  0.   , -0.01 ,
        -0.001],
       [-0.005, -0.005,  0.008,  0.01 ,  0.005, -0.003,  0.002,  0.004,
         0.   , -0.005,  0.004, -0.007,  0.003,  0.007,  0.002,  0.007,
         0.005,  0.009,  0.005,  0.008,  0.01 ,  0.01 ,  0.002, -0.008,
        -0.005, -0.004,  0.01 ,  0.007, -0.006, -0.006, -0.008, -0.008,
         0.004,  0.   , -0.003, -0.004, -0.007,  0.01 , -0.007, -0.004,
        -0.005,  0.009, -0.002, -0.007,  0.002,  0.009,  0.007, -0.004,
        -0.008],
       [ 0.001,  0.007,  0.004, -0.009,  0.008, -0.006, -0.002,  0.003,
        -0.007, -0.005, -0.008, -0.007, -0.009, -0.001,  0.006,  0.006,
         0.   ,  0.002,  0.008, -0.01 ,  0.003,  0.002, -0.004, -0.003,
         0.01 , -0.009, -0.007, -0.004,  0.003, -0.007, -0.003,  0.008,
         0.01 ,  0.009,  0.003,  0.009,  0.006, -0.006, -0.008,  0.002,
         0.003,  0.007, -0.007, -0.001, -0.005, -0.002,  0.007, -0.007,
         0.007],
       [ 0.008, -0.001,  0.006, -0.004,  0.004, -0.003,  0.01 ,  0.008,
        -0.001, -0.009,  0.003, -0.008,  0.002,  0.01 ,  0.008, -0.007,
         0.001,  0.003,  0.001, -0.01 ,  0.003,  0.005, -0.003, -0.002,
         0.01 , -0.003,  0.003, -0.01 , -0.007, -0.004, -0.01 , -0.001,
         0.01 ,  0.01 , -0.005,  0.001,  0.001, -0.009, -0.009,  0.005,
         0.002, -0.005,  0.002, -0.008,  0.   ,  0.01 , -0.005,  0.002,
        -0.004]]), 'deltas': array([[0.],
       [0.],
       [0.],
       [0.],
       [0.],
       [0.]]), 'outputs': array([[0.],
       [0.],
       [0.],
       [0.],
       [0.],
       [0.]]), 'errors': array([[0.],
       [0.],
       [0.],
       [0.],
       [0.],
       [0.]])}, {'weights': array([[ 0.004,  0.007, -0.009,  0.01 ,  0.01 , -0.004],
       [-0.007, -0.007,  0.005, -0.004, -0.003,  0.008]]), 'deltas': array([[0.],
       [0.],
       [0.]]), 'outputs': array([[0.],
       [0.],
       [0.]]), 'errors': array([[0.],
       [0.],
       [0.]])}]
Training complete!
Training done. epoch: 2 , total error: 0.0005092783541085851
[{'weights': array([[-2.86875830e-01, -2.08752803e-01,  6.18356675e-01,
        -7.79264276e-02,  1.56782902e-01,  3.88715682e-02,
        -3.40216852e-01,  1.42176088e-01,  3.02768806e-01,
         3.09646977e+00, -3.29804622e+00,  3.14304492e-01,
         5.50356428e-01, -9.03391742e-01,  4.70763357e-01,
        -3.88316537e-01,  5.15774039e-01, -1.77294590e-02,
         1.30397088e-01, -2.27722072e-01,  2.14053026e-01,
         2.08135086e-01,  1.67257732e-02, -1.21132817e-01,
        -5.17981834e-01,  4.48858011e-01,  1.68851865e-01,
         9.36553199e-01, -7.80003710e-01, -4.98214468e-02,
        -8.49828036e-01,  8.37062900e-01,  1.11493179e-01,
         6.87255250e-01, -1.10526797e-01, -4.79000411e-01,
        -9.41286202e-02,  3.00430271e-01, -1.01573609e-01,
         5.16991267e-01, -5.71592956e-01,  1.58329731e-01,
        -1.92844029e-01,  4.01001815e-01, -9.44297435e-02,
        -2.68645473e-01, -4.20457203e-01,  7.87830718e-01,
         9.67280424e-02],
       [-2.89172540e-01, -2.10383428e-01,  6.06914933e-01,
        -8.49725992e-02,  1.67102983e-01,  3.42285812e-02,
        -3.43430287e-01,  1.40698213e-01,  2.83091038e-01,
         3.08937742e+00, -3.28961709e+00,  3.06598641e-01,
         5.54988801e-01, -9.04254682e-01,  4.75624846e-01,
        -3.77697792e-01,  5.11268538e-01, -2.82117812e-02,
         1.24018702e-01, -2.27936756e-01,  2.12277019e-01,
         2.20278062e-01,  1.10114172e-02, -1.35930514e-01,
        -5.13226068e-01,  4.56289873e-01,  1.69295159e-01,
         9.33907322e-01, -7.81482801e-01, -3.90655565e-02,
        -8.57174896e-01,  8.24126259e-01,  1.13407602e-01,
         6.90210754e-01, -1.01776614e-01, -4.79075175e-01,
        -9.55089519e-02,  3.00055250e-01, -9.01873338e-02,
         5.12838368e-01, -5.69019618e-01,  1.68540214e-01,
        -2.14906046e-01,  4.02595822e-01, -1.00330811e-01,
        -2.59917952e-01, -4.19370370e-01,  8.00647287e-01,
         1.08358965e-01],
       [-2.95688028e-01, -2.21392807e-01,  6.15762038e-01,
        -8.89533913e-02,  1.60653970e-01,  2.19806245e-02,
        -3.32854310e-01,  1.52121412e-01,  2.81414101e-01,
         3.09866648e+00, -3.29913847e+00,  3.09153192e-01,
         5.36462167e-01, -9.06030628e-01,  4.57249665e-01,
        -3.87732295e-01,  5.15738698e-01, -2.03251994e-02,
         1.28851594e-01, -2.32181755e-01,  2.03011365e-01,
         2.23425876e-01,  1.86937659e-02, -1.31438439e-01,
        -5.24245096e-01,  4.41678871e-01,  1.76247428e-01,
         9.39017082e-01, -7.76605333e-01, -5.07305457e-02,
        -8.59246344e-01,  8.31797874e-01,  1.18129674e-01,
         6.94585291e-01, -1.03791730e-01, -4.77112358e-01,
        -9.68993873e-02,  2.95960963e-01, -1.03380372e-01,
         5.02152271e-01, -5.57876663e-01,  1.70405594e-01,
        -2.01038302e-01,  4.07465269e-01, -8.97457630e-02,
        -2.62136529e-01, -4.11153436e-01,  7.76971168e-01,
         1.03681203e-01],
       [-2.94839581e-01, -2.23784428e-01,  6.22647402e-01,
        -7.11488726e-02,  1.60735641e-01,  2.84366248e-02,
        -3.40318114e-01,  1.54797469e-01,  2.97544038e-01,
         3.09374180e+00, -3.30232390e+00,  3.06605492e-01,
         5.55110344e-01, -9.05563141e-01,  4.68476191e-01,
        -3.78212478e-01,  5.14622785e-01, -9.38691372e-03,
         1.35608586e-01, -2.22192374e-01,  2.15607182e-01,
         2.23263380e-01,  2.26427770e-02, -1.35882764e-01,
        -5.24914984e-01,  4.47609982e-01,  1.84328395e-01,
         9.39155346e-01, -7.83947099e-01, -5.41848540e-02,
        -8.58481866e-01,  8.25567259e-01,  1.26938000e-01,
         6.87596508e-01, -1.07034976e-01, -4.81538139e-01,
        -1.02468462e-01,  3.07796481e-01, -1.03304626e-01,
         5.09712804e-01, -5.73618040e-01,  1.69928629e-01,
        -2.09365959e-01,  4.00654037e-01, -9.22646843e-02,
        -2.60838971e-01, -4.15741298e-01,  7.94603662e-01,
         9.80233930e-02],
       [-2.82373630e-01, -2.13983375e-01,  6.11304276e-01,
        -8.56540318e-02,  1.64379039e-01,  1.72222637e-02,
        -3.42873106e-01,  1.56705351e-01,  2.83115025e-01,
         3.08341196e+00, -3.29970826e+00,  2.99243575e-01,
         5.37107333e-01, -9.09028601e-01,  4.70868538e-01,
        -3.77857442e-01,  5.07122788e-01, -1.83180756e-02,
         1.36832040e-01, -2.41646267e-01,  2.08761497e-01,
         2.20813371e-01,  7.95914529e-03, -1.30825246e-01,
        -5.10613069e-01,  4.46022273e-01,  1.61538067e-01,
         9.30450276e-01, -7.79257566e-01, -5.62454397e-02,
        -8.52128603e-01,  8.43865771e-01,  1.26210103e-01,
         6.93782715e-01, -9.78288124e-02, -4.72006632e-01,
        -9.66479610e-02,  2.98201003e-01, -1.06605772e-01,
         5.11760931e-01, -5.64005172e-01,  1.67191512e-01,
        -2.11794772e-01,  4.02549232e-01, -1.00807190e-01,
        -2.71567072e-01, -4.07706481e-01,  7.80220824e-01,
         1.09947270e-01],
       [ 8.00000000e-03, -1.00000000e-03,  6.00000000e-03,
        -4.00000000e-03,  4.00000000e-03, -3.00000000e-03,
         1.00000000e-02,  8.00000000e-03, -1.00000000e-03,
        -9.00000000e-03,  3.00000000e-03, -8.00000000e-03,
         2.00000000e-03,  1.00000000e-02,  8.00000000e-03,
        -7.00000000e-03,  1.00000000e-03,  3.00000000e-03,
         1.00000000e-03, -1.00000000e-02,  3.00000000e-03,
         5.00000000e-03, -3.00000000e-03, -2.00000000e-03,
         1.00000000e-02, -3.00000000e-03,  3.00000000e-03,
        -1.00000000e-02, -7.00000000e-03, -4.00000000e-03,
        -1.00000000e-02, -1.00000000e-03,  1.00000000e-02,
         1.00000000e-02, -5.00000000e-03,  1.00000000e-03,
         1.00000000e-03, -9.00000000e-03, -9.00000000e-03,
         5.00000000e-03,  2.00000000e-03, -5.00000000e-03,
         2.00000000e-03, -8.00000000e-03,  0.00000000e+00,
         1.00000000e-02, -5.00000000e-03,  2.00000000e-03,
        -4.00000000e-03]]), 'deltas': array([[0.00017368],
       [0.0001687 ],
       [0.00017502],
       [0.00017127],
       [0.0001725 ],
       [0.        ]]), 'outputs': array([[0.95502436],
       [0.95637761],
       [0.95466139],
       [0.95568029],
       [0.95534546],
       [1.        ]]), 'errors': 0.00404359101199398}, {'weights': array([[-1.31493704, -1.31284393, -1.33797345, -1.30345173, -1.30823496,
         2.51296161],
       [ 1.31072353,  1.31163139,  1.33276093,  1.30824142,  1.31402388,
        -2.51294752]]), 'deltas': array([[-0.00049777],
       [ 0.0004978 ]]), 'outputs': array([[0.02256678],
       [0.97743238]]), 'errors': array([[-0.02256678],
       [ 0.02256762]])}]
neural_net output [0.92418191 0.0758191 ]
target: 0 prediction: 0
neural_net output [0.92232966 0.07767134]
target: 0 prediction: 0
neural_net output [0.92456142 0.07543956]
target: 0 prediction: 0
neural_net output [0.92188418 0.07811679]
target: 0 prediction: 0
neural_net output [0.12785966 0.87213209]
target: 0 prediction: 1
neural_net output [0.92472803 0.07527294]
target: 0 prediction: 0
neural_net output [0.92377861 0.07622239]
target: 0 prediction: 0
neural_net output [0.92284046 0.07716053]
target: 0 prediction: 0
neural_net output [0.9245241  0.07547687]
target: 0 prediction: 0
neural_net output [0.92315962 0.07684134]
target: 0 prediction: 0
neural_net output [0.92141355 0.07858724]
target: 0 prediction: 0
neural_net output [0.92452236 0.07547861]
target: 0 prediction: 0
neural_net output [0.90201489 0.09798592]
target: 0 prediction: 0
neural_net output [0.92292198 0.07707903]
target: 0 prediction: 0
neural_net output [0.91711675 0.08288416]
target: 0 prediction: 0
neural_net output [0.92292198 0.07707903]
target: 0 prediction: 0
neural_net output [0.92388817 0.0761128 ]
target: 0 prediction: 0
neural_net output [0.91833282 0.0816681 ]
target: 0 prediction: 0
neural_net output [0.92292198 0.07707903]
target: 0 prediction: 0
neural_net output [0.9225745  0.07742648]
target: 0 prediction: 0
neural_net output [0.92423406 0.07576693]
target: 0 prediction: 0
neural_net output [0.92232966 0.07767134]
target: 0 prediction: 0
neural_net output [0.92462334 0.07537763]
target: 0 prediction: 0
neural_net output [0.923339   0.07666201]
target: 0 prediction: 0
neural_net output [0.92456142 0.07543956]
target: 0 prediction: 0
neural_net output [0.92301333 0.07698761]
target: 0 prediction: 0
neural_net output [0.92486556 0.07513542]
target: 0 prediction: 0
neural_net output [0.9225745  0.07742648]
target: 0 prediction: 0
neural_net output [0.91578407 0.08421698]
target: 0 prediction: 0
neural_net output [0.91195764 0.0880434 ]
target: 0 prediction: 0
neural_net output [0.92232966 0.07767134]
target: 0 prediction: 0
neural_net output [0.92228433 0.0777166 ]
target: 0 prediction: 0
neural_net output [0.92455343 0.07544754]
target: 0 prediction: 0
neural_net output [0.02481753 0.9751812 ]
target: 1 prediction: 1
neural_net output [0.01763798 0.98236125]
target: 1 prediction: 1
neural_net output [0.02798334 0.97201532]
target: 1 prediction: 1
neural_net output [0.01708339 0.98291585]
target: 1 prediction: 1
neural_net output [0.01692898 0.98307026]
target: 1 prediction: 1
neural_net output [0.02246435 0.97753476]
target: 1 prediction: 1
neural_net output [0.01703868 0.98296055]
target: 1 prediction: 1
neural_net output [0.03149834 0.96849972]
target: 1 prediction: 1
neural_net output [0.01696841 0.98303083]
target: 1 prediction: 1
neural_net output [0.01720787 0.98279137]
target: 1 prediction: 1
neural_net output [0.01894225 0.98105691]
target: 1 prediction: 1
neural_net output [0.01755006 0.98244913]
target: 1 prediction: 1
neural_net output [0.01854258 0.98145661]
target: 1 prediction: 1
neural_net output [0.04840733 0.95159111]
target: 1 prediction: 1
neural_net output [0.01772866 0.98227054]
target: 1 prediction: 1
neural_net output [0.01735786 0.98264137]
target: 1 prediction: 1
neural_net output [0.01740608 0.98259315]
target: 1 prediction: 1
neural_net output [0.02361216 0.97638695]
target: 1 prediction: 1
neural_net output [0.03169052 0.96830841]
target: 1 prediction: 1
neural_net output [0.01810821 0.98189097]
target: 1 prediction: 1
neural_net output [0.90528335 0.09471786]
target: 1 prediction: 0
neural_net output [0.01810653 0.98189268]
target: 1 prediction: 1
neural_net output [0.01859062 0.98140851]
target: 1 prediction: 1
neural_net output [0.01719213 0.98280709]
target: 1 prediction: 1
neural_net output [0.01710109 0.98289814]
target: 1 prediction: 1
neural_net output [0.76581601 0.2341826 ]
target: 1 prediction: 0
neural_net output [0.01724461 0.98275463]
target: 1 prediction: 1
neural_net output [0.02361216 0.97638695]
target: 1 prediction: 1
neural_net output [0.02089854 0.97910068]
target: 1 prediction: 1
neural_net output [0.01691422 0.98308502]
target: 1 prediction: 1
neural_net output [0.01699172 0.98300752]
target: 1 prediction: 1
neural_net output [0.05530498 0.94469469]
target: 1 prediction: 1
neural_net output [0.0187193  0.98127989]
target: 1 prediction: 1
neural_net output [0.01695931 0.98303993]
target: 1 prediction: 1
neural_net output [0.01744651 0.98255272]
target: 1 prediction: 1
neural_net output [0.02246363 0.97753554]
target: 1 prediction: 1
neural_net output [0.01709334 0.9829059 ]
target: 1 prediction: 1
neural_net output [0.04406572 0.95593326]
target: 1 prediction: 1
neural_net output [0.01862368 0.9813755 ]
target: 1 prediction: 1
neural_net output [0.01699106 0.98300818]
target: 1 prediction: 1
neural_net output [0.01774089 0.98225832]
target: 1 prediction: 1
neural_net output [0.0207071  0.97929211]
target: 1 prediction: 1
neural_net output [0.07783333 0.92216441]
target: 1 prediction: 1
neural_net output [0.0173746  0.98262463]
target: 1 prediction: 1
neural_net output [0.02385089 0.97614809]
target: 1 prediction: 1
neural_net output [0.02419249 0.97580669]
target: 1 prediction: 1
neural_net output [0.02364171 0.97635739]
target: 1 prediction: 1
neural_net output [0.91558346 0.08441771]
target: 1 prediction: 0
neural_net output [0.9136089  0.08639229]
target: 1 prediction: 0
neural_net output [0.01720787 0.98279137]
target: 1 prediction: 1
neural_net output [0.84924348 0.15075636]
target: 1 prediction: 0
neural_net output [0.04106368 0.95893494]
target: 1 prediction: 1
neural_net output [0.01752455 0.98247468]
target: 1 prediction: 1
Accuracy: 93.02325581395348 %

train_data group 1 length:  348
   0   1   2   3   4   5   6   7   8  ...  40  41  42  43  44  45  46  47  48
0   1   0   0   1   0   0   1   0   0 ...   1   0   1   0   0   0   1   0   0
1   1   0   0   0   1   0   1   0   0 ...   1   0   1   0   0   0   1   0   0
2   1   0   0   0   1   0   1   0   0 ...   1   0   1   0   0   0   1   0   0
3   1   0   0   0   1   0   1   0   0 ...   1   0   1   0   0   1   0   0   0
4   0   1   0   1   0   0   1   0   0 ...   1   0   1   0   0   0   1   0   0

[5 rows x 49 columns]
Initial Neural Network:
[{'weights': array([[-0.007, -0.01 , -0.007, -0.001, -0.007,  0.002,  0.002,  0.001,
         0.   ,  0.009, -0.004,  0.006, -0.001, -0.007, -0.005,  0.005,
         0.001, -0.008, -0.009, -0.008,  0.002,  0.009,  0.009,  0.007,
         0.007, -0.006, -0.002, -0.003, -0.004, -0.001,  0.001, -0.008,
         0.001,  0.001,  0.006, -0.006, -0.001,  0.   ,  0.006,  0.009,
         0.006, -0.008,  0.006,  0.   ,  0.   ,  0.002,  0.006,  0.004,
        -0.001],
       [-0.004, -0.001, -0.009,  0.006, -0.007,  0.009,  0.002, -0.002,
        -0.008,  0.01 , -0.003,  0.   ,  0.005,  0.01 , -0.008,  0.001,
         0.008,  0.005,  0.002,  0.   , -0.007,  0.003, -0.001, -0.005,
         0.001, -0.009,  0.   ,  0.001,  0.007,  0.009,  0.008,  0.007,
         0.009,  0.01 ,  0.009,  0.01 , -0.007, -0.003,  0.002, -0.004,
        -0.006,  0.002, -0.01 ,  0.002,  0.009, -0.003,  0.004,  0.01 ,
        -0.002],
       [ 0.004,  0.01 , -0.002, -0.002, -0.009,  0.009, -0.009,  0.01 ,
        -0.01 ,  0.008, -0.009, -0.005,  0.009,  0.003, -0.004, -0.01 ,
        -0.005, -0.01 , -0.01 , -0.006, -0.003,  0.001, -0.001, -0.003,
        -0.003,  0.001, -0.002, -0.009, -0.006,  0.005,  0.   , -0.009,
        -0.001, -0.001,  0.005, -0.007,  0.008,  0.   , -0.005,  0.005,
        -0.009, -0.007, -0.006,  0.001,  0.   , -0.007,  0.004, -0.008,
        -0.005],
       [ 0.009,  0.007,  0.002,  0.004, -0.005, -0.003,  0.   , -0.003,
        -0.007,  0.002, -0.002,  0.   , -0.006, -0.009,  0.008,  0.   ,
         0.01 ,  0.   ,  0.003, -0.007,  0.008, -0.007,  0.002, -0.008,
        -0.001, -0.009,  0.003, -0.005,  0.   ,  0.005, -0.005, -0.002,
         0.004, -0.004, -0.008,  0.006,  0.   , -0.009, -0.005,  0.   ,
         0.005, -0.005, -0.003,  0.009,  0.005, -0.009,  0.009, -0.002,
         0.003],
       [ 0.01 , -0.002, -0.003,  0.009,  0.008,  0.003,  0.005,  0.008,
        -0.006,  0.005, -0.002,  0.002, -0.002, -0.005, -0.008,  0.002,
         0.002,  0.004,  0.01 ,  0.006, -0.005,  0.004,  0.008,  0.01 ,
         0.009, -0.008,  0.001,  0.007,  0.002,  0.003, -0.002,  0.004,
        -0.001,  0.002, -0.005,  0.002,  0.009, -0.001, -0.009,  0.005,
         0.   , -0.004, -0.002, -0.006, -0.003,  0.01 ,  0.007, -0.007,
         0.007],
       [-0.002,  0.01 ,  0.005,  0.   ,  0.002,  0.01 ,  0.005,  0.006,
        -0.003,  0.008, -0.007,  0.   , -0.01 ,  0.009, -0.01 ,  0.006,
         0.009,  0.009,  0.004,  0.006, -0.002, -0.006,  0.002,  0.009,
         0.007, -0.006, -0.009,  0.005,  0.   , -0.001,  0.002,  0.006,
         0.006,  0.003, -0.009,  0.004,  0.006,  0.006,  0.009,  0.002,
         0.004,  0.008,  0.005,  0.009, -0.008, -0.002,  0.   , -0.006,
         0.   ]]), 'deltas': array([[0.],
       [0.],
       [0.],
       [0.],
       [0.],
       [0.]]), 'outputs': array([[0.],
       [0.],
       [0.],
       [0.],
       [0.],
       [0.]]), 'errors': array([[0.],
       [0.],
       [0.],
       [0.],
       [0.],
       [0.]])}, {'weights': array([[-0.008,  0.01 , -0.001,  0.007,  0.007,  0.002],
       [ 0.004,  0.004, -0.002,  0.   , -0.01 ,  0.009]]), 'deltas': array([[0.],
       [0.],
       [0.]]), 'outputs': array([[0.],
       [0.],
       [0.]]), 'errors': array([[0.],
       [0.],
       [0.]])}]
Training complete!
Training done. epoch: 2 , total error: 0.0006169478296461805
[{'weights': array([[-1.36349671e-01,  3.45914825e-01, -8.66963524e-02,
        -3.87426322e-01,  6.69213610e-01, -1.40918487e-01,
        -9.89381920e-01,  9.55392405e-01,  1.83858316e-01,
         2.61007991e+00, -2.73572260e+00,  2.83511490e-01,
         7.77106117e-01, -6.12859904e-01, -3.03774122e-02,
        -2.70478208e-02,  2.06023704e-01, -3.41070824e-02,
         6.92681879e-01, -6.74823908e-01,  1.14010830e-01,
        -9.68137798e-04,  5.33566324e-01, -3.60729385e-01,
        -9.50563013e-01,  9.56715223e-01,  1.39716591e-01,
         7.20060824e-01, -5.03524775e-01, -7.76672479e-02,
        -1.06632758e+00,  1.17266910e+00,  3.45272835e-02,
         7.78010343e-01,  1.21672939e-01, -7.51814480e-01,
         4.54516555e-01, -1.23813280e-01, -1.78834473e-01,
         3.31401745e-01,  4.51470312e-02, -2.22679975e-01,
        -4.86158066e-01,  8.81146060e-01, -2.42119193e-01,
         3.50256178e-01, -6.13736570e-01,  4.22349192e-01,
         1.45868801e-01],
       [-1.41868802e-01,  3.57141319e-01, -8.55474776e-02,
        -3.78997789e-01,  6.66358813e-01, -1.35635984e-01,
        -9.88300791e-01,  9.48881984e-01,  1.75143846e-01,
         2.60941136e+00, -2.73751275e+00,  2.78826426e-01,
         7.84587992e-01, -6.02022926e-01, -3.18400272e-02,
        -3.03005685e-02,  2.08101335e-01, -2.00757267e-02,
         7.00199893e-01, -6.66271424e-01,  1.04796571e-01,
        -9.28573912e-03,  5.22861867e-01, -3.72851088e-01,
        -9.61834519e-01,  9.56377323e-01,  1.41182236e-01,
         7.19992592e-01, -4.93412529e-01, -6.58550234e-02,
        -1.05959330e+00,  1.18203140e+00,  4.52869370e-02,
         7.88054745e-01,  1.21939342e-01, -7.37269047e-01,
         4.49150821e-01, -1.27673301e-01, -1.85752481e-01,
         3.15391068e-01,  3.47848964e-02, -2.14450925e-01,
        -4.97302461e-01,  8.77850464e-01, -2.35822963e-01,
         3.43423844e-01, -6.10721283e-01,  4.22022478e-01,
         1.41725040e-01],
       [-1.18939576e-01,  3.66277798e-01, -9.42722331e-02,
        -3.82678736e-01,  6.68042824e-01, -1.46298100e-01,
        -9.89564849e-01,  9.61200221e-01,  1.60430617e-01,
         2.60800655e+00, -2.73177167e+00,  2.58831109e-01,
         7.87344407e-01, -5.99234685e-01, -3.90437331e-02,
        -3.97200176e-02,  2.02492307e-01, -4.67063008e-02,
         6.95377457e-01, -6.73417393e-01,  1.00105924e-01,
        -5.30658312e-03,  5.22699315e-01, -3.79326743e-01,
        -9.56968386e-01,  9.57167650e-01,  1.36866725e-01,
         7.17720339e-01, -5.04645360e-01, -8.20089901e-02,
        -1.06356891e+00,  1.17102075e+00,  2.36141485e-02,
         7.77088163e-01,  1.20899918e-01, -7.59922092e-01,
         4.62831970e-01, -1.17138729e-01, -2.01627252e-01,
         3.22019449e-01,  4.08360829e-02, -2.32789543e-01,
        -4.97623592e-01,  8.80939322e-01, -2.47249742e-01,
         3.37325538e-01, -6.13915946e-01,  4.06656396e-01,
         1.36065989e-01],
       [-1.33948609e-01,  3.73791750e-01, -7.66306836e-02,
        -3.80487368e-01,  6.66193325e-01, -1.44493500e-01,
        -9.81834368e-01,  9.41356119e-01,  1.75690706e-01,
         2.59575881e+00, -2.72760993e+00,  2.77063576e-01,
         7.72489405e-01, -6.18404691e-01, -1.58722568e-02,
        -2.81896268e-02,  2.07899207e-01, -2.44971233e-02,
         6.96202341e-01, -6.68240950e-01,  1.21251067e-01,
        -1.96951811e-02,  5.25790287e-01, -3.73882648e-01,
        -9.63885338e-01,  9.56107364e-01,  1.45990432e-01,
         7.16844173e-01, -5.01752744e-01, -6.98789709e-02,
        -1.06716194e+00,  1.17124369e+00,  3.81307062e-02,
         7.79310129e-01,  1.00413301e-01, -7.40510972e-01,
         4.54834918e-01, -1.30117044e-01, -1.93505417e-01,
         3.18650599e-01,  4.49838949e-02, -2.18422036e-01,
        -4.85347737e-01,  8.77090562e-01, -2.35530368e-01,
         3.33124143e-01, -6.02222670e-01,  4.12310984e-01,
         1.48212457e-01],
       [-1.21825090e-01,  3.55604181e-01, -9.34894721e-02,
        -3.80621714e-01,  6.86830280e-01, -1.50918947e-01,
        -9.86737923e-01,  9.63166066e-01,  1.65861477e-01,
         2.60404978e+00, -2.73200995e+00,  2.68249788e-01,
         7.74268888e-01, -6.12332982e-01, -4.16462862e-02,
        -2.80659063e-02,  2.02461819e-01, -3.11062936e-02,
         7.06084553e-01, -6.59762981e-01,  9.99680467e-02,
        -9.02251853e-03,  5.33129729e-01, -3.66817592e-01,
        -9.49912146e-01,  9.46677469e-01,  1.40524296e-01,
         7.20737976e-01, -4.91943280e-01, -8.15050769e-02,
        -1.07091233e+00,  1.18486962e+00,  2.23323343e-02,
         7.77230612e-01,  1.12805299e-01, -7.55746293e-01,
         4.64706353e-01, -1.31678574e-01, -1.98738160e-01,
         3.24104897e-01,  4.14127980e-02, -2.29228076e-01,
        -4.93423759e-01,  8.69820266e-01, -2.52106888e-01,
         3.64704331e-01, -6.16014967e-01,  3.96600255e-01,
         1.42289619e-01],
       [-2.00000000e-03,  1.00000000e-02,  5.00000000e-03,
         0.00000000e+00,  2.00000000e-03,  1.00000000e-02,
         5.00000000e-03,  6.00000000e-03, -3.00000000e-03,
         8.00000000e-03, -7.00000000e-03,  0.00000000e+00,
        -1.00000000e-02,  9.00000000e-03, -1.00000000e-02,
         6.00000000e-03,  9.00000000e-03,  9.00000000e-03,
         4.00000000e-03,  6.00000000e-03, -2.00000000e-03,
        -6.00000000e-03,  2.00000000e-03,  9.00000000e-03,
         7.00000000e-03, -6.00000000e-03, -9.00000000e-03,
         5.00000000e-03,  0.00000000e+00, -1.00000000e-03,
         2.00000000e-03,  6.00000000e-03,  6.00000000e-03,
         3.00000000e-03, -9.00000000e-03,  4.00000000e-03,
         6.00000000e-03,  6.00000000e-03,  9.00000000e-03,
         2.00000000e-03,  4.00000000e-03,  8.00000000e-03,
         5.00000000e-03,  9.00000000e-03, -8.00000000e-03,
        -2.00000000e-03,  0.00000000e+00, -6.00000000e-03,
         0.00000000e+00]]), 'deltas': array([[1.95432283e-05],
       [1.95141066e-05],
       [1.95659752e-05],
       [1.96125329e-05],
       [1.90983174e-05],
       [0.00000000e+00]]), 'outputs': array([[0.99558757],
       [0.99559417],
       [0.99558241],
       [0.99557185],
       [0.99568845],
       [1.        ]]), 'errors': 0.004448755517334184}, {'weights': array([[-1.24262136, -1.2260918 , -1.24418982, -1.22372153, -1.2275013 ,
         2.46316746],
       [ 1.23639828,  1.23783714,  1.23896956,  1.22850833,  1.22221358,
        -2.46311199]]), 'deltas': array([[-0.00060154],
       [ 0.00060171]]), 'outputs': array([[0.02483669],
       [0.97515982]]), 'errors': array([[-0.02483669],
       [ 0.02484018]])}]
Accuracy: 97.70114942528735 %

train_data group 2 length:  348
   0   1   2   3   4   5   6   7   8  ...  40  41  42  43  44  45  46  47  48
0   1   0   0   1   0   0   1   0   0 ...   1   0   1   0   0   0   1   0   0
1   1   0   0   0   1   0   1   0   0 ...   1   0   1   0   0   0   1   0   0
2   1   0   0   0   1   0   1   0   0 ...   1   0   1   0   0   0   1   0   0
3   1   0   0   0   1   0   1   0   0 ...   1   0   1   0   0   1   0   0   0
4   0   1   0   1   0   0   1   0   0 ...   1   0   1   0   0   0   1   0   0

[5 rows x 49 columns]
Initial Neural Network:
[{'weights': array([[ 0.   ,  0.006, -0.005,  0.008,  0.   ,  0.009,  0.006, -0.003,
         0.006, -0.003,  0.003, -0.001,  0.007,  0.005,  0.008,  0.007,
         0.005, -0.002, -0.001,  0.001,  0.001, -0.002,  0.01 , -0.009,
        -0.006, -0.006, -0.003, -0.004, -0.01 , -0.004,  0.003,  0.002,
        -0.003, -0.01 , -0.01 ,  0.007, -0.007,  0.01 , -0.006, -0.002,
        -0.003,  0.001, -0.003,  0.003, -0.006,  0.009, -0.007, -0.003,
         0.003],
       [-0.007, -0.01 ,  0.008,  0.001,  0.003, -0.009,  0.007, -0.003,
         0.005, -0.002, -0.01 ,  0.002,  0.008,  0.01 ,  0.01 , -0.003,
        -0.004,  0.009,  0.003, -0.007,  0.003,  0.002, -0.001, -0.001,
        -0.01 , -0.006, -0.008, -0.002,  0.   , -0.008,  0.001,  0.008,
         0.002,  0.   ,  0.004, -0.007, -0.002, -0.002, -0.001, -0.005,
        -0.009,  0.01 , -0.007, -0.001,  0.006,  0.005,  0.01 , -0.009,
         0.01 ],
       [ 0.007,  0.004,  0.002, -0.002,  0.009, -0.005,  0.001,  0.008,
         0.002,  0.007,  0.005,  0.003,  0.008,  0.003, -0.006,  0.01 ,
         0.01 , -0.007,  0.008,  0.001, -0.003,  0.008,  0.005,  0.009,
         0.004,  0.   , -0.007, -0.004,  0.005, -0.007,  0.01 ,  0.003,
         0.001, -0.01 ,  0.001,  0.007,  0.007, -0.008, -0.009, -0.007,
        -0.005,  0.002, -0.01 ,  0.004,  0.01 , -0.006,  0.006, -0.009,
         0.008],
       [ 0.   ,  0.009, -0.001, -0.007,  0.007,  0.009, -0.003, -0.009,
        -0.008,  0.01 , -0.001,  0.   ,  0.008,  0.006,  0.008,  0.001,
         0.005,  0.007,  0.005, -0.002,  0.008,  0.006,  0.002,  0.004,
         0.   , -0.002,  0.009,  0.001, -0.008, -0.01 , -0.005,  0.   ,
         0.002, -0.006,  0.004,  0.   ,  0.   ,  0.002, -0.004, -0.009,
         0.008, -0.002,  0.   , -0.009, -0.01 ,  0.001,  0.004,  0.006,
        -0.004],
       [-0.009,  0.008,  0.006,  0.008, -0.002,  0.01 ,  0.009,  0.001,
         0.   ,  0.007, -0.006,  0.008, -0.007,  0.   , -0.01 ,  0.   ,
        -0.006,  0.005,  0.002, -0.003, -0.01 ,  0.009, -0.009, -0.008,
         0.   ,  0.003,  0.001, -0.008, -0.004, -0.002,  0.001,  0.001,
         0.005, -0.009, -0.01 , -0.001, -0.003, -0.007,  0.001, -0.003,
         0.006,  0.003,  0.008,  0.003,  0.001,  0.001, -0.01 ,  0.004,
         0.006],
       [ 0.004,  0.005, -0.004, -0.009,  0.008, -0.005,  0.01 ,  0.004,
        -0.004,  0.006,  0.004,  0.   ,  0.006,  0.   ,  0.007, -0.005,
         0.01 , -0.002,  0.009, -0.002,  0.   ,  0.006, -0.007, -0.001,
        -0.005,  0.009,  0.   ,  0.007, -0.008, -0.004,  0.01 , -0.003,
        -0.01 , -0.006,  0.008,  0.004, -0.01 ,  0.007,  0.   , -0.006,
         0.   ,  0.009,  0.003, -0.008,  0.01 ,  0.004, -0.009,  0.009,
         0.008]]), 'deltas': array([[0.],
       [0.],
       [0.],
       [0.],
       [0.],
       [0.]]), 'outputs': array([[0.],
       [0.],
       [0.],
       [0.],
       [0.],
       [0.]]), 'errors': array([[0.],
       [0.],
       [0.],
       [0.],
       [0.],
       [0.]])}, {'weights': array([[ 0.006, -0.001,  0.002,  0.006,  0.001, -0.002],
       [-0.002, -0.001, -0.007,  0.002, -0.002, -0.009]]), 'deltas': array([[0.],
       [0.],
       [0.]]), 'outputs': array([[0.],
       [0.],
       [0.]]), 'errors': array([[0.],
       [0.],
       [0.]])}]
Training complete!
Training done. epoch: 1 , total error: 0.0007627080200293809
[{'weights': array([[-2.39805307e-01,  2.84157280e-01,  1.35729035e-03,
        -4.30106638e-01,  5.24169040e-01, -3.23531386e-02,
        -6.67465079e-01,  6.59122986e-01,  6.20513566e-02,
         2.17274481e+00, -1.92989317e+00, -1.99142370e-01,
         3.04543311e-01, -4.15015003e-01,  1.75180955e-01,
         1.16791733e-01, -1.01509320e-01,  3.94268509e-02,
         1.58458751e-01, -1.42079498e-01,  2.93300106e-02,
         1.27460536e-01,  1.12381605e-01, -1.96132877e-01,
        -5.90162205e-01,  6.49100484e-01, -2.92290156e-02,
         5.26633252e-01, -3.84691387e-01, -1.15232602e-01,
        -1.08501619e+00,  1.31381979e+00, -1.82094334e-01,
         6.84712764e-01, -5.47006017e-01, -1.05997483e-01,
        -1.25256832e-01,  2.95676359e-01, -1.28710264e-01,
         1.97264474e-01, -2.50139421e-01,  9.35842114e-02,
         3.50596343e-02,  1.38067738e-01, -1.34418109e-01,
        -3.24360345e-01,  1.07380378e-01,  2.60689231e-01,
         4.77092635e-02],
       [-2.45725440e-01,  2.67630537e-01,  1.58225058e-02,
        -4.35692138e-01,  5.24769224e-01, -4.73494830e-02,
        -6.62999435e-01,  6.57078057e-01,  6.16489806e-02,
         2.18241645e+00, -1.95095595e+00, -1.94732890e-01,
         3.03944538e-01, -4.09945779e-01,  1.80728843e-01,
         1.09096892e-01, -1.11440062e-01,  5.10707731e-02,
         1.55681485e-01, -1.44543225e-01,  3.45893428e-02,
         1.31281626e-01,  1.02499549e-01, -1.87053573e-01,
        -5.88086673e-01,  6.46444334e-01, -3.56300582e-02,
         5.34581966e-01, -3.80017608e-01, -1.17836755e-01,
        -1.08531511e+00,  1.31592173e+00, -1.72879012e-01,
         6.94722144e-01, -5.33480286e-01, -1.17514255e-01,
        -1.21863071e-01,  2.84338649e-01, -1.20747974e-01,
         1.93159561e-01, -2.54588746e-01,  1.04156788e-01,
         3.30560342e-02,  1.33288318e-01, -1.21616749e-01,
        -3.27104217e-01,  1.18409980e-01,  2.61421840e-01,
         5.67276028e-02],
       [-2.34576123e-01,  2.81194126e-01,  5.00406608e-03,
        -4.44155561e-01,  5.28179004e-01, -4.34013742e-02,
        -6.70349680e-01,  6.62157343e-01,  5.78144060e-02,
         2.17546526e+00, -1.92753978e+00, -1.94303413e-01,
         3.01397218e-01, -4.19269721e-01,  1.61494572e-01,
         1.19310415e-01, -1.03508301e-01,  3.58199549e-02,
         1.63842747e-01, -1.44825491e-01,  2.56048125e-02,
         1.32008440e-01,  1.05167942e-01, -1.76554313e-01,
        -5.81413240e-01,  6.49863968e-01, -3.28286589e-02,
         5.25372153e-01, -3.75922572e-01, -1.16827512e-01,
        -1.08348639e+00,  1.31310648e+00, -1.76998012e-01,
         6.82815630e-01, -5.38945775e-01, -1.07247785e-01,
        -1.19136105e-01,  2.77545353e-01, -1.29787180e-01,
         1.89182705e-01, -2.56086502e-01,  9.55258657e-02,
         2.48884410e-02,  1.35661692e-01, -1.17928065e-01,
        -3.38874887e-01,  1.11730570e-01,  2.56766386e-01,
         4.66220689e-02],
       [-2.38779001e-01,  2.80605907e-01,  9.55310147e-03,
        -4.40127223e-01,  5.25954975e-01, -3.34477445e-02,
        -6.75794113e-01,  6.53326919e-01,  4.58472018e-02,
         2.19959214e+00, -1.94777065e+00, -1.99441477e-01,
         3.06070006e-01, -4.20323732e-01,  1.79633734e-01,
         1.12940914e-01, -1.03060203e-01,  4.64992967e-02,
         1.53874275e-01, -1.38537458e-01,  3.90431914e-02,
         1.35108793e-01,  1.04120294e-01, -1.83849079e-01,
        -5.80115271e-01,  6.50647175e-01, -2.01518963e-02,
         5.35939755e-01, -3.87048581e-01, -1.22511167e-01,
        -1.08979644e+00,  1.30858145e+00, -1.78404997e-01,
         6.88636377e-01, -5.30675041e-01, -1.16581328e-01,
        -1.19455568e-01,  2.88476263e-01, -1.27640688e-01,
         1.89794415e-01, -2.39898795e-01,  9.04843874e-02,
         3.72695835e-02,  1.27512873e-01, -1.40402449e-01,
        -3.33546652e-01,  1.13331605e-01,  2.74595055e-01,
         3.93800077e-02],
       [-2.44340168e-01,  2.80936029e-01,  1.64616103e-02,
        -4.28987578e-01,  5.23311401e-01, -3.02663522e-02,
        -6.64943083e-01,  6.66259318e-01,  5.67412357e-02,
         2.19398907e+00, -1.94737032e+00, -1.89561274e-01,
         2.91705869e-01, -4.22704586e-01,  1.62056188e-01,
         1.11218778e-01, -1.10578988e-01,  4.64176809e-02,
         1.57709440e-01, -1.42840385e-01,  2.21884165e-02,
         1.38388977e-01,  9.49920240e-02, -1.93323530e-01,
        -5.79741938e-01,  6.59689662e-01, -2.78902528e-02,
         5.29771539e-01, -3.83255578e-01, -1.12458490e-01,
        -1.08790351e+00,  1.31580462e+00, -1.72843637e-01,
         6.88567956e-01, -5.44799275e-01, -1.15711210e-01,
        -1.24585961e-01,  2.84705786e-01, -1.21062353e-01,
         1.96983809e-01, -2.40095074e-01,  9.71687363e-02,
         4.79557878e-02,  1.39545738e-01, -1.27444054e-01,
        -3.29650669e-01,  1.01071776e-01,  2.71636365e-01,
         5.40574713e-02],
       [ 4.00000000e-03,  5.00000000e-03, -4.00000000e-03,
        -9.00000000e-03,  8.00000000e-03, -5.00000000e-03,
         1.00000000e-02,  4.00000000e-03, -4.00000000e-03,
         6.00000000e-03,  4.00000000e-03,  0.00000000e+00,
         6.00000000e-03,  0.00000000e+00,  7.00000000e-03,
        -5.00000000e-03,  1.00000000e-02, -2.00000000e-03,
         9.00000000e-03, -2.00000000e-03,  0.00000000e+00,
         6.00000000e-03, -7.00000000e-03, -1.00000000e-03,
        -5.00000000e-03,  9.00000000e-03,  0.00000000e+00,
         7.00000000e-03, -8.00000000e-03, -4.00000000e-03,
         1.00000000e-02, -3.00000000e-03, -1.00000000e-02,
        -6.00000000e-03,  8.00000000e-03,  4.00000000e-03,
        -1.00000000e-02,  7.00000000e-03,  0.00000000e+00,
        -6.00000000e-03,  0.00000000e+00,  9.00000000e-03,
         3.00000000e-03, -8.00000000e-03,  1.00000000e-02,
         4.00000000e-03, -9.00000000e-03,  9.00000000e-03,
         8.00000000e-03]]), 'deltas': array([[0.00022128],
       [0.00022413],
       [0.00023194],
       [0.00022259],
       [0.00022131],
       [0.        ]]), 'outputs': array([[0.95910456],
       [0.95855279],
       [0.9570412 ],
       [0.95885073],
       [0.95909799],
       [1.        ]]), 'errors': 0.005641524530431704}, {'weights': array([[-1.15961138, -1.17128506, -1.16496589, -1.17224432, -1.17268045,
         2.03332854],
       [ 1.16294988,  1.16861088,  1.15932507,  1.17959583,  1.17101793,
        -2.03358526]]), 'deltas': array([[-0.00074196],
       [ 0.00074133]]), 'outputs': array([[0.02762309],
       [0.97238876]]), 'errors': array([[-0.02762309],
       [ 0.02761124]])}]
Accuracy: 95.40229885057471 %

train_data group 3 length:  348
   0   1   2   3   4   5   6   7   8  ...  40  41  42  43  44  45  46  47  48
0   1   0   0   1   0   0   1   0   0 ...   1   0   1   0   0   0   1   0   0
1   1   0   0   0   1   0   1   0   0 ...   1   0   1   0   0   0   1   0   0
2   1   0   0   0   1   0   1   0   0 ...   1   0   1   0   0   0   1   0   0
3   1   0   0   0   1   0   1   0   0 ...   1   0   1   0   0   1   0   0   0
4   0   1   0   1   0   0   1   0   0 ...   1   0   1   0   0   0   1   0   0

[5 rows x 49 columns]
Initial Neural Network:
[{'weights': array([[-0.01 ,  0.009,  0.007, -0.006, -0.007,  0.009, -0.004,  0.   ,
         0.002, -0.005, -0.009,  0.009,  0.001, -0.003, -0.007,  0.006,
        -0.007,  0.008, -0.002,  0.006,  0.001,  0.002, -0.007,  0.005,
        -0.001, -0.001,  0.005, -0.008,  0.002, -0.009,  0.007, -0.001,
         0.001,  0.   , -0.005,  0.001, -0.003,  0.   , -0.001, -0.004,
        -0.007,  0.002,  0.009, -0.008,  0.01 ,  0.01 , -0.006, -0.009,
        -0.009],
       [-0.004,  0.007,  0.003,  0.   ,  0.01 ,  0.008,  0.002, -0.006,
         0.   , -0.002, -0.004, -0.004, -0.01 ,  0.004,  0.01 , -0.009,
         0.002, -0.005,  0.01 ,  0.001,  0.004, -0.007, -0.005,  0.002,
         0.   ,  0.008,  0.006,  0.006,  0.003,  0.   ,  0.002, -0.006,
        -0.008, -0.001,  0.009,  0.008, -0.007,  0.006, -0.01 , -0.01 ,
         0.005,  0.005,  0.004,  0.009,  0.004, -0.009, -0.005, -0.008,
         0.006],
       [-0.007,  0.   ,  0.008,  0.009, -0.005,  0.002, -0.005, -0.002,
         0.   ,  0.009,  0.003,  0.004,  0.005,  0.002,  0.005, -0.001,
        -0.008,  0.004, -0.001, -0.004, -0.009,  0.008,  0.002, -0.001,
         0.009,  0.008,  0.005,  0.009, -0.004,  0.01 ,  0.006,  0.003,
        -0.003, -0.005,  0.005,  0.006, -0.001,  0.002, -0.009,  0.008,
        -0.002, -0.001,  0.006, -0.009,  0.009,  0.004,  0.009, -0.005,
        -0.003],
       [-0.004, -0.003, -0.003,  0.   ,  0.009,  0.004, -0.004, -0.004,
        -0.008, -0.001, -0.003,  0.   ,  0.01 , -0.009, -0.005, -0.007,
        -0.002, -0.003, -0.003,  0.01 ,  0.007,  0.01 ,  0.004, -0.009,
        -0.007, -0.005,  0.007, -0.008, -0.006,  0.008, -0.003,  0.004,
         0.004, -0.005, -0.002, -0.009, -0.008, -0.003, -0.01 ,  0.   ,
         0.003,  0.002,  0.001,  0.001, -0.009, -0.008,  0.01 , -0.001,
         0.009],
       [ 0.007, -0.004,  0.   ,  0.004, -0.004, -0.004, -0.002,  0.01 ,
         0.002, -0.003,  0.001, -0.009, -0.007, -0.004, -0.002,  0.007,
        -0.004,  0.006,  0.01 ,  0.009, -0.004, -0.006,  0.004,  0.005,
        -0.002, -0.01 , -0.008, -0.001, -0.01 , -0.007,  0.005, -0.007,
         0.003,  0.009,  0.002,  0.   , -0.01 ,  0.01 ,  0.01 , -0.002,
         0.005, -0.005,  0.006, -0.005, -0.004, -0.008,  0.005,  0.009,
         0.002],
       [-0.004, -0.01 , -0.009,  0.002,  0.007,  0.009,  0.   ,  0.005,
        -0.004, -0.009,  0.008,  0.004,  0.005,  0.003, -0.001, -0.006,
        -0.007, -0.008, -0.006,  0.006,  0.01 ,  0.007,  0.006,  0.007,
        -0.006, -0.002, -0.006, -0.006, -0.003,  0.002,  0.003,  0.006,
         0.008, -0.008, -0.005,  0.004, -0.001,  0.004, -0.008, -0.001,
        -0.008,  0.005, -0.009, -0.006,  0.002, -0.007,  0.003,  0.003,
        -0.006]]), 'deltas': array([[0.],
       [0.],
       [0.],
       [0.],
       [0.],
       [0.]]), 'outputs': array([[0.],
       [0.],
       [0.],
       [0.],
       [0.],
       [0.]]), 'errors': array([[0.],
       [0.],
       [0.],
       [0.],
       [0.],
       [0.]])}, {'weights': array([[-0.006,  0.003,  0.   ,  0.004, -0.009, -0.003],
       [-0.003,  0.005, -0.004, -0.01 , -0.002, -0.003]]), 'deltas': array([[0.],
       [0.],
       [0.]]), 'outputs': array([[0.],
       [0.],
       [0.]]), 'errors': array([[0.],
       [0.],
       [0.]])}]
Training complete!
Training done. epoch: 2 , total error: 0.00021705763624532386
[{'weights': array([[ 4.39867901e-01, -1.09031845e-01,  1.13450059e-01,
        -4.97041038e-01,  9.49513704e-01, -1.81865517e-02,
        -1.08861462e+00,  1.33391719e+00,  1.90983542e-01,
         2.34999306e+00, -2.30621747e+00,  3.89510525e-01,
         4.03821370e-01, -1.50609734e-01,  1.76074479e-01,
        -5.47240988e-01,  9.64171272e-01,  2.83558306e-02,
         4.25543022e-01, -7.92210430e-02,  9.69641352e-02,
         4.14363315e-01,  3.52540604e-01, -3.28617804e-01,
        -4.22815230e-01,  5.65638091e-01,  2.98463254e-01,
         5.49404157e-01, -1.15136220e-01, -1.09818219e-02,
        -1.05506452e+00,  1.38889690e+00,  1.11453736e-01,
         8.06044367e-01, -9.83992123e-02, -2.73359040e-01,
        -1.92752641e-01,  3.46713619e-01,  2.80325136e-01,
         5.35217090e-01, -4.68097306e-02, -5.91212453e-02,
         2.38101635e-01,  1.74756333e-01,  3.64281462e-02,
        -1.36194078e-01, -1.65873109e-01,  7.35353302e-01,
         4.29286115e-01],
       [ 4.40321240e-01, -1.09696015e-01,  1.08752888e-01,
        -4.91043754e-01,  9.62564725e-01, -2.01428596e-02,
        -1.08641036e+00,  1.32598744e+00,  1.89801033e-01,
         2.35894732e+00, -2.31031859e+00,  3.74749382e-01,
         3.95010522e-01, -1.50011416e-01,  1.92379006e-01,
        -5.56851669e-01,  9.63111527e-01,  1.51182540e-02,
         4.31950870e-01, -8.25733091e-02,  9.90005514e-02,
         4.03517206e-01,  3.54527670e-01, -3.34666764e-01,
        -4.32488954e-01,  5.78732209e-01,  3.01134857e-01,
         5.60214322e-01, -1.15772040e-01, -2.06417029e-03,
        -1.05797113e+00,  1.37715133e+00,  1.02197913e-01,
         8.06604791e-01, -8.84265867e-02, -2.68800092e-01,
        -1.98881677e-01,  3.46032599e-01,  2.75227190e-01,
         5.31520055e-01, -4.24516842e-02, -5.56902592e-02,
         2.35554537e-01,  1.87669841e-01,  2.71537342e-02,
        -1.67385138e-01, -1.55205905e-01,  7.33969154e-01,
         4.39378112e-01],
       [ 4.34943449e-01, -1.17395861e-01,  1.15200037e-01,
        -4.90759201e-01,  9.51550398e-01, -2.30435723e-02,
        -1.10108822e+00,  1.33624252e+00,  1.89593323e-01,
         2.36187143e+00, -2.29859323e+00,  3.84469424e-01,
         4.04732848e-01, -1.49527700e-01,  1.88542477e-01,
        -5.57803448e-01,  9.60502838e-01,  2.40482350e-02,
         4.25149644e-01, -9.44018653e-02,  8.69998457e-02,
         4.23361644e-01,  3.55173680e-01, -3.37787700e-01,
        -4.19475212e-01,  5.73677430e-01,  2.99545406e-01,
         5.61955556e-01, -1.23188398e-01,  7.98046666e-03,
        -1.05968419e+00,  1.38998367e+00,  1.07448144e-01,
         8.04564489e-01, -9.61785491e-02, -2.70638316e-01,
        -1.93656706e-01,  3.42328734e-01,  2.75075596e-01,
         5.45355738e-01, -4.47126041e-02, -6.38955090e-02,
         2.37868461e-01,  1.66556406e-01,  3.33227579e-02,
        -1.42565968e-01, -1.52808299e-01,  7.35121891e-01,
         4.28747625e-01],
       [ 4.45753348e-01, -1.22404540e-01,  1.01291926e-01,
        -4.94482331e-01,  9.61146160e-01, -1.90230954e-02,
        -1.08805935e+00,  1.32534357e+00,  1.81356512e-01,
         2.35813787e+00, -2.30483999e+00,  3.77342852e-01,
         4.08834616e-01, -1.56407317e-01,  1.78213435e-01,
        -5.56749566e-01,  9.62074890e-01,  1.73154098e-02,
         4.21884780e-01, -7.55168431e-02,  1.02272798e-01,
         4.21615926e-01,  3.60685001e-01, -3.42660193e-01,
        -4.34314160e-01,  5.61765420e-01,  3.02189474e-01,
         5.44645553e-01, -1.21910814e-01,  5.90599496e-03,
        -1.06338480e+00,  1.38923731e+00,  1.13788227e-01,
         7.96758526e-01, -9.26394322e-02, -2.85478360e-01,
        -2.06012601e-01,  3.46548785e-01,  2.73104550e-01,
         5.37557566e-01, -3.54657311e-02, -6.24511005e-02,
         2.26287872e-01,  1.86306647e-01,  1.50462147e-02,
        -1.55559097e-01, -1.45409173e-01,  7.36609004e-01,
         4.43640734e-01],
       [ 4.50357530e-01, -1.24344231e-01,  1.08558559e-01,
        -4.98507764e-01,  9.53477395e-01, -2.73977732e-02,
        -1.10481592e+00,  1.35429158e+00,  1.92096203e-01,
         2.34528758e+00, -2.29487198e+00,  3.70156254e-01,
         3.89761741e-01, -1.52664121e-01,  1.81474238e-01,
        -5.53251691e-01,  9.67482977e-01,  2.63405728e-02,
         4.40859557e-01, -8.49627617e-02,  9.06750633e-02,
         4.07568408e-01,  3.57396782e-01, -3.30393331e-01,
        -4.28721974e-01,  5.57080278e-01,  2.83213555e-01,
         5.44789710e-01, -1.22189611e-01, -9.02824079e-03,
        -1.07135563e+00,  1.39256976e+00,  1.11357728e-01,
         8.11515945e-01, -9.37226533e-02, -2.75221434e-01,
        -2.04235521e-01,  3.53222372e-01,  2.92585008e-01,
         5.39376564e-01, -4.00103063e-02, -6.97943988e-02,
         2.29899532e-01,  1.76875458e-01,  2.17968686e-02,
        -1.55355623e-01, -1.56946629e-01,  7.49874110e-01,
         4.33571859e-01],
       [-4.00000000e-03, -1.00000000e-02, -9.00000000e-03,
         2.00000000e-03,  7.00000000e-03,  9.00000000e-03,
         0.00000000e+00,  5.00000000e-03, -4.00000000e-03,
        -9.00000000e-03,  8.00000000e-03,  4.00000000e-03,
         5.00000000e-03,  3.00000000e-03, -1.00000000e-03,
        -6.00000000e-03, -7.00000000e-03, -8.00000000e-03,
        -6.00000000e-03,  6.00000000e-03,  1.00000000e-02,
         7.00000000e-03,  6.00000000e-03,  7.00000000e-03,
        -6.00000000e-03, -2.00000000e-03, -6.00000000e-03,
        -6.00000000e-03, -3.00000000e-03,  2.00000000e-03,
         3.00000000e-03,  6.00000000e-03,  8.00000000e-03,
        -8.00000000e-03, -5.00000000e-03,  4.00000000e-03,
        -1.00000000e-03,  4.00000000e-03, -8.00000000e-03,
        -1.00000000e-03, -8.00000000e-03,  5.00000000e-03,
        -9.00000000e-03, -6.00000000e-03,  2.00000000e-03,
        -7.00000000e-03,  3.00000000e-03,  3.00000000e-03,
        -6.00000000e-03]]), 'deltas': array([[6.29785040e-06],
       [6.09579682e-06],
       [6.22139657e-06],
       [6.15815773e-06],
       [6.23632772e-06],
       [0.00000000e+00]]), 'outputs': array([[0.99650341],
       [0.99661597],
       [0.99654601],
       [0.99658124],
       [0.99653769],
       [1.        ]]), 'errors': 0.001807461336578619}, {'weights': array([[-1.33775848, -1.32671618, -1.33647166, -1.33189992, -1.34188747,
         2.44762881],
       [ 1.33310643,  1.33909909,  1.33690136,  1.33028479,  1.33529403,
        -2.44761178]]), 'deltas': array([[-0.00021385],
       [ 0.00021387]]), 'outputs': array([[0.01473266],
       [0.98526691]]), 'errors': array([[-0.01473266],
       [ 0.01473309]])}]
Accuracy: 88.50574712643679 %

train_data group 4 length:  347
   0   1   2   3   4   5   6   7   8  ...  40  41  42  43  44  45  46  47  48
0   1   0   0   1   0   0   1   0   0 ...   1   0   1   0   0   0   1   0   0
1   1   0   0   0   1   0   1   0   0 ...   1   0   1   0   0   0   1   0   0
2   1   0   0   0   1   0   1   0   0 ...   1   0   1   0   0   0   1   0   0
3   1   0   0   0   1   0   1   0   0 ...   1   0   1   0   0   1   0   0   0
4   0   1   0   1   0   0   1   0   0 ...   1   0   1   0   0   0   1   0   0

[5 rows x 49 columns]
Initial Neural Network:
[{'weights': array([[ 0.004,  0.009, -0.003,  0.   ,  0.   ,  0.004, -0.001, -0.007,
        -0.007,  0.004,  0.005, -0.01 ,  0.004,  0.006,  0.002,  0.005,
        -0.003,  0.008, -0.002,  0.005, -0.004, -0.007,  0.004, -0.004,
         0.005,  0.002,  0.   , -0.007,  0.   ,  0.002,  0.007,  0.005,
        -0.003,  0.001,  0.   ,  0.009,  0.009,  0.01 ,  0.008,  0.001,
        -0.002,  0.009,  0.001, -0.002, -0.002, -0.007, -0.005,  0.   ,
        -0.005],
       [-0.004,  0.001, -0.007,  0.007,  0.005,  0.003, -0.003, -0.01 ,
         0.004, -0.009,  0.007,  0.009,  0.003,  0.005,  0.005,  0.002,
         0.   ,  0.006,  0.005,  0.   ,  0.003,  0.   ,  0.   , -0.01 ,
        -0.008,  0.006,  0.007, -0.004,  0.01 , -0.01 ,  0.001,  0.002,
         0.   ,  0.005,  0.   , -0.005,  0.002, -0.008,  0.009,  0.001,
         0.   ,  0.004,  0.003,  0.004,  0.   , -0.002, -0.005,  0.007,
         0.01 ],
       [-0.007, -0.006,  0.003,  0.003,  0.005,  0.005, -0.008, -0.006,
         0.001,  0.006,  0.002,  0.003,  0.005, -0.002, -0.01 ,  0.005,
        -0.001,  0.005, -0.001, -0.002,  0.001,  0.001,  0.009,  0.008,
         0.003, -0.006,  0.008, -0.006,  0.006, -0.006, -0.006,  0.008,
        -0.003,  0.007, -0.001, -0.008, -0.007, -0.002, -0.008,  0.005,
         0.01 , -0.008,  0.003,  0.   ,  0.007,  0.001, -0.001, -0.004,
        -0.007],
       [-0.002, -0.003,  0.006,  0.001, -0.001, -0.003,  0.005,  0.002,
        -0.004, -0.008, -0.001,  0.004, -0.007,  0.002,  0.008,  0.009,
         0.006, -0.004, -0.009, -0.006,  0.006, -0.007, -0.003,  0.009,
        -0.009, -0.008, -0.009,  0.004, -0.001,  0.   ,  0.006,  0.002,
        -0.004,  0.002,  0.006,  0.007, -0.009,  0.   , -0.003,  0.001,
         0.005, -0.005,  0.001,  0.007, -0.004,  0.009,  0.002, -0.001,
         0.004],
       [-0.008,  0.002,  0.001, -0.01 ,  0.004,  0.004,  0.008, -0.004,
         0.008,  0.01 , -0.009,  0.007, -0.007, -0.008, -0.001, -0.001,
         0.008, -0.005,  0.006, -0.004,  0.006, -0.003, -0.01 ,  0.01 ,
        -0.005, -0.001,  0.003,  0.001,  0.005,  0.008, -0.003, -0.002,
         0.01 ,  0.008, -0.008,  0.007,  0.005, -0.01 , -0.01 , -0.007,
        -0.009, -0.001, -0.007, -0.002,  0.01 , -0.002,  0.005,  0.002,
        -0.003],
       [ 0.01 , -0.007,  0.   ,  0.003, -0.009,  0.009,  0.009, -0.002,
         0.004,  0.008, -0.004, -0.005,  0.005, -0.008, -0.002, -0.008,
        -0.01 ,  0.006,  0.006, -0.008,  0.003, -0.006, -0.006,  0.006,
        -0.009, -0.001, -0.004,  0.007,  0.005, -0.009,  0.004, -0.007,
         0.007,  0.   , -0.006,  0.004, -0.005, -0.006,  0.001, -0.004,
        -0.006,  0.   , -0.003, -0.005, -0.002,  0.005,  0.002,  0.   ,
         0.006]]), 'deltas': array([[0.],
       [0.],
       [0.],
       [0.],
       [0.],
       [0.]]), 'outputs': array([[0.],
       [0.],
       [0.],
       [0.],
       [0.],
       [0.]]), 'errors': array([[0.],
       [0.],
       [0.],
       [0.],
       [0.],
       [0.]])}, {'weights': array([[ 0.   , -0.005, -0.002,  0.006, -0.002,  0.002],
       [ 0.002, -0.007, -0.01 , -0.009, -0.001, -0.006]]), 'deltas': array([[0.],
       [0.],
       [0.]]), 'outputs': array([[0.],
       [0.],
       [0.]]), 'errors': array([[0.],
       [0.],
       [0.]])}]
Training complete!
Training done. epoch: 1 , total error: 0.0005659702235027259
[{'weights': array([[-4.06084640e-02, -2.20737280e-02,  2.26313398e-01,
        -1.65537670e-01,  2.48969981e-01,  7.41988951e-02,
        -6.65462612e-01,  5.72112200e-01,  2.31981617e-01,
         2.12161803e+00, -2.21152097e+00,  2.42534142e-01,
         3.19849075e-01, -3.52712844e-01,  1.98494975e-01,
        -1.36258263e-01,  1.26857432e-01,  1.73032036e-01,
         3.02216219e-01, -2.05843689e-01,  5.62586756e-02,
         2.06562595e-01,  3.09438747e-02, -9.08752640e-02,
        -4.74771017e-01,  6.10866746e-01,  2.45354774e-02,
         5.51917865e-01, -4.44705095e-01,  4.14184356e-02,
        -8.29695393e-01,  8.57869029e-01,  1.34457569e-01,
         1.95616053e-01, -2.15088242e-01,  1.83103394e-01,
        -9.18011601e-02,  3.35824041e-01, -6.33916753e-02,
         6.17525039e-01, -6.02305075e-01,  1.46411242e-01,
        -5.19864498e-01,  5.12651525e-01,  1.57844179e-01,
        -1.25678320e-01, -1.52973045e-01,  4.20282571e-01,
         1.48631206e-01],
       [-5.52530551e-02, -2.49219413e-02,  2.25128821e-01,
        -1.66439809e-01,  2.61996180e-01,  7.43974536e-02,
        -6.68113859e-01,  5.66668135e-01,  2.47399548e-01,
         2.11227566e+00, -2.21312582e+00,  2.62803983e-01,
         3.21663307e-01, -3.55208064e-01,  2.01498581e-01,
        -1.37190501e-01,  1.28591582e-01,  1.71552743e-01,
         3.13027821e-01, -2.13563293e-01,  6.34892968e-02,
         2.12645152e-01,  2.88224857e-02, -9.65138129e-02,
        -4.93801839e-01,  6.20235223e-01,  3.35204405e-02,
         5.58232365e-01, -4.37202497e-01,  2.99239561e-02,
        -8.39375612e-01,  8.60157969e-01,  1.37171467e-01,
         2.06302525e-01, -2.23534499e-01,  1.72185798e-01,
        -9.62865320e-02,  3.16681457e-01, -6.24411009e-02,
         6.15023484e-01, -5.97265483e-01,  1.42195824e-01,
        -5.15286705e-01,  5.17392971e-01,  1.59847558e-01,
        -1.15723229e-01, -1.52575567e-01,  4.23252621e-01,
         1.64953824e-01],
       [-6.22207046e-02, -2.79033503e-02,  2.37696952e-01,
        -1.76105199e-01,  2.73823967e-01,  7.28541299e-02,
        -6.65380453e-01,  5.60964267e-01,  2.48989083e-01,
         2.15318296e+00, -2.24161660e+00,  2.57006535e-01,
         3.22718180e-01, -3.55918739e-01,  1.83773456e-01,
        -1.35936591e-01,  1.32038221e-01,  1.70471267e-01,
         3.20068940e-01, -2.22777731e-01,  5.82816874e-02,
         2.19584054e-01,  3.89394219e-02, -8.29505788e-02,
        -4.88357180e-01,  6.07607622e-01,  4.33224558e-02,
         5.56196309e-01, -4.36804284e-01,  3.21808719e-02,
        -8.49771069e-01,  8.78741011e-01,  1.27602955e-01,
         2.19043679e-01, -2.28960413e-01,  1.65489631e-01,
        -1.01241965e-01,  3.20615753e-01, -7.88008912e-02,
         6.14274262e-01, -5.82041976e-01,  1.32340611e-01,
        -5.08375313e-01,  5.11266660e-01,  1.64681551e-01,
        -1.03367095e-01, -1.48034632e-01,  4.04974625e-01,
         1.50572897e-01],
       [-4.94925816e-02, -3.02398503e-02,  2.38602692e-01,
        -1.67186151e-01,  2.53348648e-01,  6.87077637e-02,
        -6.60837441e-01,  5.83816230e-01,  2.37891472e-01,
         2.11727425e+00, -2.22330023e+00,  2.58896240e-01,
         3.11204807e-01, -3.54782525e-01,  2.04447979e-01,
        -1.31895634e-01,  1.38996684e-01,  1.61769210e-01,
         2.99511417e-01, -2.16433502e-01,  6.57923450e-02,
         2.08905996e-01,  2.78150927e-02, -7.98508282e-02,
        -4.89618508e-01,  6.03909392e-01,  1.75793767e-02,
         5.63716527e-01, -4.42789054e-01,  3.99427878e-02,
        -8.32192040e-01,  8.61032374e-01,  1.33029926e-01,
         2.03658253e-01, -2.12492325e-01,  1.81704333e-01,
        -1.05627429e-01,  3.24513632e-01, -7.30159425e-02,
         6.20588758e-01, -5.97094013e-01,  1.35375515e-01,
        -5.17739462e-01,  5.21727780e-01,  1.57881942e-01,
        -1.06194911e-01, -1.48506080e-01,  4.22571252e-01,
         1.61870260e-01],
       [-5.57400262e-02, -2.26428642e-02,  2.34995291e-01,
        -1.79246247e-01,  2.65044801e-01,  7.38138463e-02,
        -6.47796179e-01,  5.67355432e-01,  2.54053146e-01,
         2.14838221e+00, -2.24028292e+00,  2.61513116e-01,
         3.10191803e-01, -3.58183184e-01,  1.93603782e-01,
        -1.41685937e-01,  1.44158990e-01,  1.61139348e-01,
         3.18841771e-01, -2.13708837e-01,  6.44794655e-02,
         2.15074732e-01,  2.24375415e-02, -7.88998731e-02,
        -4.89974473e-01,  6.14371301e-01,  3.42155718e-02,
         5.62486092e-01, -4.34184392e-01,  4.73106997e-02,
        -8.37717339e-01,  8.61806958e-01,  1.42522782e-01,
         2.11803387e-01, -2.23669109e-01,  1.80478123e-01,
        -9.42757137e-02,  3.22485205e-01, -8.15970910e-02,
         6.06255775e-01, -6.00099727e-01,  1.38456352e-01,
        -5.18486483e-01,  5.11916988e-01,  1.69181895e-01,
        -1.10541620e-01, -1.36500954e-01,  4.13654974e-01,
         1.58612400e-01],
       [ 1.00000000e-02, -7.00000000e-03,  0.00000000e+00,
         3.00000000e-03, -9.00000000e-03,  9.00000000e-03,
         9.00000000e-03, -2.00000000e-03,  4.00000000e-03,
         8.00000000e-03, -4.00000000e-03, -5.00000000e-03,
         5.00000000e-03, -8.00000000e-03, -2.00000000e-03,
        -8.00000000e-03, -1.00000000e-02,  6.00000000e-03,
         6.00000000e-03, -8.00000000e-03,  3.00000000e-03,
        -6.00000000e-03, -6.00000000e-03,  6.00000000e-03,
        -9.00000000e-03, -1.00000000e-03, -4.00000000e-03,
         7.00000000e-03,  5.00000000e-03, -9.00000000e-03,
         4.00000000e-03, -7.00000000e-03,  7.00000000e-03,
         0.00000000e+00, -6.00000000e-03,  4.00000000e-03,
        -5.00000000e-03, -6.00000000e-03,  1.00000000e-03,
        -4.00000000e-03, -6.00000000e-03,  0.00000000e+00,
        -3.00000000e-03, -5.00000000e-03, -2.00000000e-03,
         5.00000000e-03,  2.00000000e-03,  0.00000000e+00,
         6.00000000e-03]]), 'deltas': array([[2.34067067e-05],
       [2.29718963e-05],
       [2.20652222e-05],
       [2.32443270e-05],
       [2.25516543e-05],
       [0.00000000e+00]]), 'outputs': array([[0.99431411],
       [0.99442033],
       [0.99464174],
       [0.99435378],
       [0.99452297],
       [1.        ]]), 'errors': 0.004140169290714269}, {'weights': array([[-1.16009563, -1.16308751, -1.17718879, -1.14995886, -1.17632776,
         2.07650345],
       [ 1.16764066,  1.15663804,  1.17070836,  1.15245359,  1.17881252,
        -2.07636729]]), 'deltas': array([[-0.00055236],
       [ 0.00055265]]), 'outputs': array([[0.02378698],
       [0.97620673]]), 'errors': array([[-0.02378698],
       [ 0.02379327]])}]
Accuracy: 94.31818181818183 %

Feedforward Neural Network AVG Accuracy (%): 93.79012660688684 %
