Namespace(error_threshold=0.001, max_epochs=1000, num_layers=2, num_nodes_per_hidden_layer=5, training_rate=0.8)

train_data group 0 length:  349
   0   1   2   3   4   5   6   7   8  ...  40  41  42  43  44  45  46  47  48
0   1   0   0   0   1   0   1   0   0 ...   1   0   1   0   0   0   1   0   0
1   1   0   0   0   0   1   1   0   0 ...   1   0   1   0   0   0   1   0   0
2   1   0   0   0   1   0   1   0   0 ...   1   0   1   0   0   0   1   0   0
3   1   0   0   0   1   0   1   0   0 ...   1   0   1   0   0   1   0   0   0
4   1   0   0   1   0   0   1   0   0 ...   1   0   1   0   0   1   0   0   0

[5 rows x 49 columns]
Initial Neural Network:
[{'weights': array([[-0.007,  0.001, -0.008, -0.007, -0.007,  0.002,  0.001,  0.004,
         0.004,  0.009,  0.008,  0.003,  0.01 , -0.004,  0.01 , -0.004,
        -0.002, -0.009, -0.003,  0.001,  0.001, -0.01 , -0.01 ,  0.007,
         0.009, -0.005,  0.001, -0.009, -0.01 , -0.009, -0.008, -0.005,
         0.001,  0.009, -0.003, -0.008,  0.002,  0.004,  0.002, -0.006,
        -0.009,  0.008,  0.001, -0.006,  0.004,  0.01 , -0.002, -0.004,
        -0.003],
       [-0.008,  0.01 , -0.004, -0.005,  0.004, -0.006, -0.002,  0.009,
         0.007, -0.008,  0.006,  0.009,  0.006,  0.   , -0.007,  0.005,
        -0.01 , -0.009, -0.005, -0.009, -0.009, -0.002,  0.008,  0.003,
        -0.001, -0.002, -0.003,  0.01 , -0.01 , -0.006,  0.009,  0.005,
         0.008,  0.008,  0.005,  0.006,  0.008,  0.008, -0.01 , -0.009,
         0.006, -0.001,  0.003, -0.006, -0.006,  0.004, -0.004, -0.008,
         0.002],
       [-0.008, -0.008, -0.005, -0.006,  0.008,  0.009,  0.009, -0.001,
        -0.002,  0.009,  0.003,  0.008,  0.003,  0.004,  0.006,  0.004,
        -0.002,  0.001, -0.005, -0.003,  0.01 , -0.007,  0.01 , -0.007,
         0.01 , -0.002,  0.009, -0.001,  0.   ,  0.004, -0.002, -0.007,
        -0.004,  0.01 , -0.005, -0.002,  0.002, -0.009, -0.004, -0.004,
        -0.006,  0.005, -0.008,  0.002, -0.004,  0.007,  0.002, -0.004,
        -0.006],
       [ 0.002, -0.006,  0.004, -0.006, -0.003, -0.006,  0.002,  0.007,
        -0.006,  0.005, -0.006,  0.01 , -0.006,  0.007, -0.001,  0.002,
         0.008, -0.007, -0.002, -0.009, -0.007,  0.008, -0.002,  0.   ,
         0.008, -0.004, -0.009,  0.01 ,  0.001, -0.001, -0.004,  0.009,
        -0.007, -0.005,  0.009,  0.   ,  0.007,  0.001, -0.006, -0.007,
         0.01 , -0.009, -0.008, -0.005, -0.002, -0.004,  0.01 , -0.006,
        -0.008],
       [-0.002,  0.001,  0.   ,  0.   , -0.002,  0.006, -0.003, -0.01 ,
        -0.007, -0.01 ,  0.   , -0.01 , -0.001,  0.007, -0.002, -0.008,
         0.005,  0.003,  0.006,  0.009,  0.01 , -0.004, -0.004,  0.008,
         0.001,  0.007, -0.007, -0.005, -0.002, -0.007, -0.003,  0.002,
         0.   ,  0.008,  0.01 ,  0.002, -0.004, -0.007, -0.007,  0.005,
        -0.005, -0.008, -0.005,  0.01 , -0.003,  0.004,  0.005,  0.006,
        -0.008],
       [-0.005,  0.009, -0.007, -0.001, -0.003, -0.005,  0.006, -0.007,
        -0.008,  0.003,  0.009,  0.007,  0.001,  0.003,  0.005,  0.002,
         0.01 , -0.006,  0.008, -0.004, -0.004, -0.009,  0.01 ,  0.003,
         0.005, -0.008,  0.009, -0.009, -0.008,  0.008, -0.001, -0.005,
        -0.007,  0.007,  0.006, -0.001, -0.009, -0.008, -0.005, -0.001,
         0.01 , -0.008,  0.002,  0.008,  0.003,  0.005,  0.008, -0.005,
        -0.007]]), 'deltas': array([[0.],
       [0.],
       [0.],
       [0.],
       [0.],
       [0.]]), 'outputs': array([[0.],
       [0.],
       [0.],
       [0.],
       [0.],
       [0.]]), 'errors': array([[0.],
       [0.],
       [0.],
       [0.],
       [0.],
       [0.]])}, {'weights': array([[ 0.   , -0.005, -0.01 ,  0.   , -0.003,  0.005],
       [ 0.   ,  0.002,  0.005,  0.001,  0.007,  0.008]]), 'deltas': array([[0.],
       [0.],
       [0.]]), 'outputs': array([[0.],
       [0.],
       [0.]]), 'errors': array([[0.],
       [0.],
       [0.]])}]
Training complete!
Training done. epoch: 6 , total error: 0.0008524283275072254
[{'weights': array([[-1.49447160e-01,  1.45604655e-01, -1.05733248e-01,
        -7.50033490e-02, -3.13720895e-01,  2.81148491e-01,
         8.27380723e-01, -9.88791886e-01,  7.48354102e-02,
        -2.96791616e+00,  3.12829632e+00, -2.35955916e-01,
        -4.62962231e-01,  1.51399470e-01,  2.31987008e-01,
         4.48897188e-01, -7.51964146e-01,  1.92491205e-01,
        -5.81761889e-01,  4.27494496e-01,  5.76916399e-02,
        -7.20062784e-01, -8.21592599e-03,  6.19702958e-01,
         5.46345657e-01, -7.94318799e-01,  1.57397390e-01,
        -1.02205276e+00,  6.26166123e-01,  2.72310887e-01,
         8.76579908e-01, -7.78938145e-01, -2.05217516e-01,
        -7.78648601e-01, -2.87012617e-01,  9.68085465e-01,
         1.82369333e-01, -4.54187293e-01,  1.84242207e-01,
        -3.71835312e-01, -4.20876762e-02,  3.11347235e-01,
         4.29112552e-01, -5.03156743e-01, -2.25315626e-02,
         1.59227396e-01,  5.55092283e-01, -8.05895432e-01,
        -9.85757529e-02],
       [-1.06829158e-01,  1.87349173e-01, -2.73718994e-01,
        -6.96251372e-02, -2.59840279e-01,  1.31266436e-01,
         8.41490779e-01, -9.54048438e-01, -6.46413207e-02,
        -2.98211966e+00,  3.17393242e+00, -3.76011741e-01,
        -4.74037999e-01,  1.90128329e-01,  9.17106901e-02,
         4.70117205e-01, -7.37791567e-01,  6.24753819e-02,
        -5.68618151e-01,  4.25025110e-01, -7.06059380e-02,
        -6.70648213e-01, -2.64334917e-04,  4.88713568e-01,
         5.77089468e-01, -9.54151677e-01,  1.79863229e-01,
        -9.59428918e-01,  6.16375129e-01,  1.45854809e-01,
         8.63127694e-01, -7.12492621e-01, -3.19834053e-01,
        -7.63780083e-01, -2.67808602e-01,  8.59389705e-01,
         2.15703948e-01, -4.48266843e-01,  4.73639154e-02,
        -4.01272300e-01,  5.54274666e-02,  1.50645853e-01,
         4.44646840e-01, -4.96248439e-01, -1.48597381e-01,
         1.80246987e-01,  5.67582800e-01, -9.47028766e-01,
        -1.89198980e-01],
       [-1.59929894e-01,  1.29945414e-01, -9.45802972e-02,
        -7.16453665e-02, -3.11993896e-01,  2.91074485e-01,
         8.30547211e-01, -1.00111939e+00,  7.30074009e-02,
        -2.97140987e+00,  3.11384404e+00, -2.25998950e-01,
        -4.70661754e-01,  1.49733464e-01,  2.30363513e-01,
         4.53028479e-01, -7.57329639e-01,  2.03736383e-01,
        -5.94364106e-01,  4.24351467e-01,  6.84478618e-02,
        -7.27572435e-01,  9.43607851e-03,  6.10571579e-01,
         5.36791321e-01, -7.71964640e-01,  1.48608542e-01,
        -1.02883904e+00,  6.40478012e-01,  2.87796251e-01,
         8.91876398e-01, -8.01872813e-01, -2.06568362e-01,
        -7.74359190e-01, -3.01502768e-01,  9.75297181e-01,
         1.75751184e-01, -4.74151138e-01,  1.83835176e-01,
        -3.71602124e-01, -5.38798742e-02,  3.16917221e-01,
         4.13550006e-01, -4.98781426e-01, -2.83333572e-02,
         1.47844333e-01,  5.57937254e-01, -8.04346365e-01,
        -1.09564777e-01],
       [-5.50884066e-02,  1.62894298e-01, -3.48563136e-01,
        -2.35898545e-02, -2.90391797e-01,  5.82244075e-02,
         8.85906190e-01, -9.70651085e-01, -1.53012349e-01,
        -2.90266372e+00,  3.12081098e+00, -4.49904499e-01,
        -4.89973579e-01,  2.20553228e-01,  2.86631065e-02,
         4.62380850e-01, -6.96078925e-01, -4.05916985e-03,
        -6.02801261e-01,  4.82109350e-01, -1.38065333e-01,
        -6.46362263e-01, -8.69995103e-03,  4.20304970e-01,
         6.02601411e-01, -1.00237592e+00,  1.54017270e-01,
        -9.42582120e-01,  6.32028667e-01,  7.97962091e-02,
         8.95590935e-01, -7.40551792e-01, -3.97796387e-01,
        -7.75287473e-01, -2.75950200e-01,  8.14480429e-01,
         2.36908736e-01, -4.56155006e-01, -1.95109736e-02,
        -3.88672706e-01,  7.14955807e-02,  7.04198816e-02,
         4.27571548e-01, -4.71321708e-01, -2.12007084e-01,
         1.67802171e-01,  6.04561927e-01, -1.01312134e+00,
        -2.48757244e-01],
       [-9.85016207e-02,  1.59336820e-01, -1.56834447e-01,
        -4.71386351e-02, -2.83140130e-01,  2.39279517e-01,
         8.60879200e-01, -9.93778957e-01,  1.79005079e-02,
        -2.94911359e+00,  3.12857262e+00, -2.94458276e-01,
        -4.81253596e-01,  2.12659090e-01,  1.77595257e-01,
         4.43284900e-01, -7.00693094e-01,  1.62408946e-01,
        -5.55731975e-01,  4.61303897e-01,  2.44288298e-02,
        -6.53113381e-01, -1.69715901e-02,  5.75085723e-01,
         6.01755605e-01, -8.70169973e-01,  1.74415120e-01,
        -9.38035087e-01,  5.96852366e-01,  2.32183472e-01,
         8.81192247e-01, -7.29507067e-01, -2.47684428e-01,
        -7.89704584e-01, -2.46509661e-01,  9.61214998e-01,
         2.04210256e-01, -4.50708356e-01,  1.33498852e-01,
        -3.72893806e-01,  3.53796519e-02,  2.34514906e-01,
         4.52015592e-01, -4.72304053e-01, -7.27107868e-02,
         1.70489413e-01,  5.86462975e-01, -8.36951636e-01,
        -1.02999248e-01],
       [-5.00000000e-03,  9.00000000e-03, -7.00000000e-03,
        -1.00000000e-03, -3.00000000e-03, -5.00000000e-03,
         6.00000000e-03, -7.00000000e-03, -8.00000000e-03,
         3.00000000e-03,  9.00000000e-03,  7.00000000e-03,
         1.00000000e-03,  3.00000000e-03,  5.00000000e-03,
         2.00000000e-03,  1.00000000e-02, -6.00000000e-03,
         8.00000000e-03, -4.00000000e-03, -4.00000000e-03,
        -9.00000000e-03,  1.00000000e-02,  3.00000000e-03,
         5.00000000e-03, -8.00000000e-03,  9.00000000e-03,
        -9.00000000e-03, -8.00000000e-03,  8.00000000e-03,
        -1.00000000e-03, -5.00000000e-03, -7.00000000e-03,
         7.00000000e-03,  6.00000000e-03, -1.00000000e-03,
        -9.00000000e-03, -8.00000000e-03, -5.00000000e-03,
        -1.00000000e-03,  1.00000000e-02, -8.00000000e-03,
         2.00000000e-03,  8.00000000e-03,  3.00000000e-03,
         5.00000000e-03,  8.00000000e-03, -5.00000000e-03,
        -7.00000000e-03]]), 'deltas': array([[-7.77959185e-06],
       [-5.66509584e-06],
       [-7.73869189e-06],
       [-4.96154713e-06],
       [-7.74958537e-06],
       [-0.00000000e+00]]), 'outputs': array([[1.42179270e-03],
       [1.03494797e-03],
       [1.41430725e-03],
       [9.06300985e-04],
       [1.41630095e-03],
       [1.00000000e+00]]), 'errors': -0.005479468685910116}, {'weights': array([[ 1.35898212,  1.38757176,  1.35224436,  1.37175599,  1.35252149,
        -3.51319853],
       [-1.35840067, -1.39003583, -1.35667429, -1.37024883, -1.3479853 ,
         3.51316412]]), 'deltas': array([[-0.00082751],
       [ 0.00082757]]), 'outputs': array([[0.02919588],
       [0.97080313]]), 'errors': array([[-0.02919588],
       [ 0.02919687]])}]
neural_net output [0.95913254 0.04085839]
target: 0 prediction: 0
neural_net output [0.93789581 0.06210289]
target: 0 prediction: 0
neural_net output [0.9601386  0.03985188]
target: 0 prediction: 0
neural_net output [0.92095382 0.07905167]
target: 0 prediction: 0
neural_net output [0.23269102 0.76731988]
target: 0 prediction: 1
neural_net output [0.96402822 0.03596152]
target: 0 prediction: 0
neural_net output [0.94778877 0.0522038 ]
target: 0 prediction: 0
neural_net output [0.96210492 0.03788442]
target: 0 prediction: 0
neural_net output [0.96128544 0.0387047 ]
target: 0 prediction: 0
neural_net output [0.95614084 0.04385136]
target: 0 prediction: 0
neural_net output [0.95642824 0.04356092]
target: 0 prediction: 0
neural_net output [0.96128269 0.03870722]
target: 0 prediction: 0
neural_net output [0.86493381 0.13507522]
target: 0 prediction: 0
neural_net output [0.9442617  0.05573484]
target: 0 prediction: 0
neural_net output [0.94706061 0.0529283 ]
target: 0 prediction: 0
neural_net output [0.9442617  0.05573484]
target: 0 prediction: 0
neural_net output [0.95893491 0.04105532]
target: 0 prediction: 0
neural_net output [0.94350846 0.0564787 ]
target: 0 prediction: 0
neural_net output [0.9442617  0.05573484]
target: 0 prediction: 0
neural_net output [0.93179585 0.06820558]
target: 0 prediction: 0
neural_net output [0.94983909 0.05015378]
target: 0 prediction: 0
neural_net output [0.93789581 0.06210289]
target: 0 prediction: 0
neural_net output [0.96337066 0.03661902]
target: 0 prediction: 0
neural_net output [0.90611049 0.09388469]
target: 0 prediction: 0
neural_net output [0.9601386  0.03985188]
target: 0 prediction: 0
neural_net output [0.95833291 0.04165836]
target: 0 prediction: 0
neural_net output [0.96313271 0.03685715]
target: 0 prediction: 0
neural_net output [0.93179585 0.06820558]
target: 0 prediction: 0
neural_net output [0.79571131 0.204347  ]
target: 0 prediction: 0
neural_net output [0.9033355 0.0966608]
target: 0 prediction: 0
neural_net output [0.93789581 0.06210289]
target: 0 prediction: 0
neural_net output [0.94078287 0.05921269]
target: 0 prediction: 0
neural_net output [0.96057979 0.0394103 ]
target: 0 prediction: 0
neural_net output [0.03088956 0.96910959]
target: 1 prediction: 1
neural_net output [0.02936945 0.97062958]
target: 1 prediction: 1
neural_net output [0.02951976 0.97047936]
target: 1 prediction: 1
neural_net output [0.02908634 0.97091274]
target: 1 prediction: 1
neural_net output [0.02897001 0.97102903]
target: 1 prediction: 1
neural_net output [0.0293756  0.97062363]
target: 1 prediction: 1
neural_net output [0.0290717  0.97092734]
target: 1 prediction: 1
neural_net output [0.04273472 0.95726608]
target: 1 prediction: 1
neural_net output [0.02901702 0.97098202]
target: 1 prediction: 1
neural_net output [0.02914043 0.97085861]
target: 1 prediction: 1
neural_net output [0.03114877 0.96885039]
target: 1 prediction: 1
neural_net output [0.02934242 0.97065658]
target: 1 prediction: 1
neural_net output [0.03106483 0.96893434]
target: 1 prediction: 1
neural_net output [0.02983683 0.97016236]
target: 1 prediction: 1
neural_net output [0.02958138 0.97041769]
target: 1 prediction: 1
neural_net output [0.03155287 0.96844561]
target: 1 prediction: 1
neural_net output [0.02907449 0.97092459]
target: 1 prediction: 1
neural_net output [0.03339884 0.96660007]
target: 1 prediction: 1
neural_net output [0.03786555 0.96213359]
target: 1 prediction: 1
neural_net output [0.02932942 0.97066968]
target: 1 prediction: 1
neural_net output [0.17380429 0.82626137]
target: 1 prediction: 1
neural_net output [0.030091   0.96990795]
target: 1 prediction: 1
neural_net output [0.02911469 0.97088436]
target: 1 prediction: 1
neural_net output [0.02896371 0.97103532]
target: 1 prediction: 1
neural_net output [0.02931018 0.97068882]
target: 1 prediction: 1
neural_net output [0.17169302 0.82836516]
target: 1 prediction: 1
neural_net output [0.0290752  0.97092382]
target: 1 prediction: 1
neural_net output [0.03339884 0.96660007]
target: 1 prediction: 1
neural_net output [0.03265447 0.96734498]
target: 1 prediction: 1
neural_net output [0.02894477 0.97105426]
target: 1 prediction: 1
neural_net output [0.02902337 0.97097566]
target: 1 prediction: 1
neural_net output [0.02990964 0.97008976]
target: 1 prediction: 1
neural_net output [0.03022981 0.96976923]
target: 1 prediction: 1
neural_net output [0.02895756 0.97104148]
target: 1 prediction: 1
neural_net output [0.02937188 0.97062709]
target: 1 prediction: 1
neural_net output [0.03157784 0.96842118]
target: 1 prediction: 1
neural_net output [0.02925917 0.97073977]
target: 1 prediction: 1
neural_net output [0.0585236  0.94147476]
target: 1 prediction: 1
neural_net output [0.03057382 0.96942552]
target: 1 prediction: 1
neural_net output [0.02898661 0.97101242]
target: 1 prediction: 1
neural_net output [0.02962256 0.9703765 ]
target: 1 prediction: 1
neural_net output [0.02906335 0.97093573]
target: 1 prediction: 1
neural_net output [0.04276542 0.95723453]
target: 1 prediction: 1
neural_net output [0.02913329 0.97086576]
target: 1 prediction: 1
neural_net output [0.03205387 0.96794511]
target: 1 prediction: 1
neural_net output [0.03230491 0.96769416]
target: 1 prediction: 1
neural_net output [0.03300004 0.96699863]
target: 1 prediction: 1
neural_net output [0.37056745 0.6294844 ]
target: 1 prediction: 1
neural_net output [0.32142166 0.6786627 ]
target: 1 prediction: 1
neural_net output [0.02914043 0.97085861]
target: 1 prediction: 1
neural_net output [0.28016222 0.71989222]
target: 1 prediction: 1
neural_net output [0.03570768 0.96429151]
target: 1 prediction: 1
neural_net output [0.02967887 0.97032006]
target: 1 prediction: 1
Accuracy: 98.83720930232558 %

train_data group 1 length:  348
   0   1   2   3   4   5   6   7   8  ...  40  41  42  43  44  45  46  47  48
0   1   0   0   1   0   0   1   0   0 ...   1   0   1   0   0   0   1   0   0
1   1   0   0   0   1   0   1   0   0 ...   1   0   1   0   0   0   1   0   0
2   1   0   0   0   1   0   1   0   0 ...   1   0   1   0   0   0   1   0   0
3   1   0   0   0   1   0   1   0   0 ...   1   0   1   0   0   1   0   0   0
4   0   1   0   1   0   0   1   0   0 ...   1   0   1   0   0   0   1   0   0

[5 rows x 49 columns]
Initial Neural Network:
[{'weights': array([[ 0.009, -0.001,  0.003, -0.001,  0.01 , -0.006,  0.009, -0.006,
         0.008, -0.003,  0.01 , -0.007, -0.007,  0.   ,  0.006,  0.001,
        -0.008, -0.001, -0.001,  0.001, -0.004, -0.007,  0.009,  0.001,
         0.008,  0.001,  0.001, -0.007, -0.001, -0.01 ,  0.005, -0.001,
        -0.001, -0.003,  0.007,  0.001, -0.001,  0.007, -0.01 , -0.005,
        -0.002, -0.01 ,  0.004, -0.002, -0.007, -0.002, -0.006,  0.01 ,
        -0.006],
       [ 0.   , -0.005, -0.002,  0.004, -0.007, -0.001,  0.009,  0.005,
         0.01 , -0.01 , -0.002, -0.004, -0.005,  0.008,  0.   ,  0.001,
        -0.006, -0.01 , -0.008,  0.006,  0.008, -0.003, -0.006,  0.005,
        -0.005, -0.004, -0.01 , -0.006, -0.009,  0.002, -0.001,  0.005,
         0.009,  0.   ,  0.008,  0.002,  0.008, -0.002, -0.01 ,  0.005,
         0.009, -0.009,  0.006,  0.005,  0.001,  0.002,  0.004,  0.004,
         0.004],
       [ 0.007, -0.008, -0.004, -0.001, -0.004,  0.009, -0.002,  0.007,
        -0.007, -0.006, -0.001, -0.001,  0.008,  0.008, -0.007,  0.007,
        -0.007, -0.008,  0.005, -0.006, -0.008,  0.009, -0.006,  0.009,
         0.01 ,  0.   , -0.002,  0.003, -0.002, -0.005,  0.005,  0.007,
         0.009,  0.001, -0.01 , -0.008,  0.007,  0.006, -0.01 ,  0.003,
        -0.003,  0.008, -0.003, -0.001, -0.01 ,  0.004, -0.003,  0.003,
        -0.006],
       [-0.001, -0.007, -0.006,  0.007,  0.006,  0.007, -0.01 ,  0.001,
        -0.002, -0.006,  0.004, -0.001, -0.009,  0.009, -0.003,  0.009,
        -0.007,  0.005, -0.008,  0.01 , -0.006, -0.003, -0.003,  0.005,
        -0.009, -0.008, -0.007, -0.008, -0.01 ,  0.005,  0.004,  0.   ,
         0.01 ,  0.006,  0.003,  0.009, -0.004,  0.001,  0.003,  0.01 ,
        -0.006,  0.01 ,  0.001,  0.002,  0.006, -0.007, -0.01 ,  0.01 ,
         0.005],
       [ 0.01 ,  0.004, -0.004,  0.007,  0.   ,  0.004, -0.006, -0.006,
         0.009, -0.008, -0.009,  0.007, -0.01 , -0.004, -0.003, -0.006,
         0.002, -0.007, -0.005,  0.007,  0.005,  0.   , -0.001, -0.01 ,
         0.004,  0.008, -0.005,  0.01 ,  0.002, -0.001, -0.005,  0.006,
         0.008,  0.005,  0.008, -0.01 ,  0.   ,  0.001, -0.01 ,  0.004,
         0.006,  0.004, -0.009,  0.005,  0.009, -0.006, -0.006,  0.006,
        -0.008],
       [-0.002, -0.004,  0.008, -0.002,  0.01 ,  0.007,  0.005, -0.003,
        -0.01 ,  0.008,  0.005, -0.01 , -0.002,  0.007,  0.   , -0.003,
        -0.008, -0.01 , -0.009,  0.006, -0.007,  0.006,  0.003, -0.001,
        -0.01 ,  0.004,  0.008, -0.009,  0.002,  0.008,  0.009, -0.01 ,
        -0.005, -0.001, -0.004, -0.008,  0.01 ,  0.007, -0.005,  0.001,
         0.006, -0.004,  0.006,  0.002,  0.003, -0.002,  0.   , -0.001,
         0.003]]), 'deltas': array([[0.],
       [0.],
       [0.],
       [0.],
       [0.],
       [0.]]), 'outputs': array([[0.],
       [0.],
       [0.],
       [0.],
       [0.],
       [0.]]), 'errors': array([[0.],
       [0.],
       [0.],
       [0.],
       [0.],
       [0.]])}, {'weights': array([[-0.009, -0.007, -0.009, -0.007, -0.004, -0.009],
       [ 0.009, -0.009, -0.007, -0.003,  0.008, -0.01 ]]), 'deltas': array([[0.],
       [0.],
       [0.]]), 'outputs': array([[0.],
       [0.],
       [0.]]), 'errors': array([[0.],
       [0.],
       [0.]])}]
Training complete!
Training done. epoch: 4 , total error: 0.0007706053924484589
[{'weights': array([[-2.80835661e-01,  1.44500039e-01,  1.60143772e-01,
        -4.06340231e-01,  6.40682183e-01, -2.18533802e-01,
        -1.29271716e+00,  1.17979252e+00,  1.36732788e-01,
         2.78831913e+00, -2.77112402e+00, -4.38695640e-03,
         7.16935950e-01, -5.85275984e-01, -1.19851816e-01,
        -8.62017423e-02,  2.62362509e-01, -1.71352617e-01,
         1.20623723e+00, -1.05784050e+00, -1.39588580e-01,
         1.40321121e-01,  2.56950850e-01, -3.81463821e-01,
        -7.91531093e-01,  9.03870091e-01, -8.95308478e-02,
         7.89609661e-01, -5.96705484e-01, -1.98096027e-01,
        -1.32024884e+00,  1.48377941e+00, -1.47722419e-01,
         5.05308110e-01,  3.88578652e-01, -8.76078612e-01,
        -7.21751117e-02, -1.20283450e-01,  2.01266712e-01,
         1.37984818e-01, -1.52886993e-01,  1.07103239e-02,
        -2.73483464e-01,  6.97267204e-01, -4.15975591e-01,
         1.14445362e-01, -6.17870458e-01,  5.18233246e-01,
         6.80814976e-03],
       [-2.88124342e-01,  1.39323706e-01,  1.55519754e-01,
        -4.09239062e-01,  6.35093989e-01, -2.16135809e-01,
        -1.28983774e+00,  1.18992845e+00,  1.37628406e-01,
         2.77936371e+00, -2.77946866e+00, -2.17593253e-03,
         7.18379088e-01, -5.75521836e-01, -1.26138134e-01,
        -8.72970184e-02,  2.66293987e-01, -1.80277851e-01,
         1.20637396e+00, -1.05924804e+00, -1.27406803e-01,
         1.44105651e-01,  2.43491953e-01, -3.77878486e-01,
        -8.03266527e-01,  9.00306505e-01, -1.02320861e-01,
         7.91461459e-01, -6.04500850e-01, -1.86241491e-01,
        -1.32864712e+00,  1.49320075e+00, -1.37834518e-01,
         5.09748506e-01,  3.88715039e-01, -8.74744427e-01,
        -6.44808553e-02, -1.31262851e-01,  2.05462824e-01,
         1.47526819e-01, -1.43179902e-01,  1.43722013e-02,
        -2.70317034e-01,  7.02921499e-01, -4.06885347e-01,
         1.28060194e-01, -6.15892915e-01,  5.11551839e-01,
         1.77191178e-02],
       [-2.83578536e-01,  1.37182724e-01,  1.55421996e-01,
        -4.10784290e-01,  6.38521862e-01, -2.09711388e-01,
        -1.30728261e+00,  1.19693890e+00,  1.22369885e-01,
         2.77823373e+00, -2.77443982e+00,  2.23228245e-03,
         7.29410272e-01, -5.74782709e-01, -1.31601379e-01,
        -8.48860077e-02,  2.68069181e-01, -1.77156989e-01,
         1.21590106e+00, -1.06862751e+00, -1.42247368e-01,
         1.55458879e-01,  2.45357834e-01, -3.74790528e-01,
        -7.89513763e-01,  9.04225093e-01, -9.26851456e-02,
         8.03994268e-01, -6.02067592e-01, -1.91900492e-01,
        -1.32832485e+00,  1.50022609e+00, -1.36875050e-01,
         5.04246227e-01,  3.76628870e-01, -8.83848913e-01,
        -6.56318903e-02, -1.25455288e-01,  2.08113363e-01,
         1.44838180e-01, -1.48943889e-01,  2.61318933e-02,
        -2.81898777e-01,  6.99747749e-01, -4.17822788e-01,
         1.28338491e-01, -6.24658016e-01,  5.14345709e-01,
         8.02618413e-03],
       [-2.90643379e-01,  1.33514679e-01,  1.56945963e-01,
        -3.99008858e-01,  6.38070607e-01, -2.05244487e-01,
        -1.30583064e+00,  1.18047920e+00,  1.28168706e-01,
         2.77686951e+00, -2.76905615e+00,  3.00389616e-03,
         7.14723263e-01, -5.76044385e-01, -1.27861616e-01,
        -8.52528999e-02,  2.71083272e-01, -1.65013110e-01,
         1.20577835e+00, -1.05494824e+00, -1.41012846e-01,
         1.47772011e-01,  2.45957976e-01, -3.80912725e-01,
        -8.03849463e-01,  8.99067258e-01, -1.05400533e-01,
         7.89086622e-01, -6.05445443e-01, -1.82823917e-01,
        -1.31952675e+00,  1.48505040e+00, -1.37706383e-01,
         5.06970554e-01,  3.94153083e-01, -8.69306375e-01,
        -7.91829934e-02, -1.17859347e-01,  2.10859603e-01,
         1.53767329e-01, -1.55269242e-01,  2.93191747e-02,
        -2.71868960e-01,  6.97998887e-01, -4.03312664e-01,
         1.14917808e-01, -6.25936346e-01,  5.17835801e-01,
         1.88172623e-02],
       [-2.79640654e-01,  1.50662070e-01,  1.56779303e-01,
        -4.05640374e-01,  6.45054741e-01, -2.10613647e-01,
        -1.30766682e+00,  1.18408843e+00,  1.38379101e-01,
         2.78107489e+00, -2.78354069e+00,  1.02665227e-02,
         7.14027659e-01, -5.84943601e-01, -1.28283339e-01,
        -9.19753959e-02,  2.74752341e-01, -1.75976225e-01,
         1.21612917e+00, -1.06199920e+00, -1.29329247e-01,
         1.52657629e-01,  2.46989867e-01, -3.92846777e-01,
        -7.92621159e-01,  9.13487996e-01, -9.60661168e-02,
         8.11737557e-01, -5.95333715e-01, -1.87603123e-01,
        -1.33611764e+00,  1.50089985e+00, -1.37981488e-01,
         5.19750235e-01,  3.84577636e-01, -8.83527151e-01,
        -6.96865200e-02, -1.30510537e-01,  2.08997777e-01,
         1.49091800e-01, -1.41836225e-01,  2.45451444e-02,
        -2.80456560e-01,  7.03558689e-01, -4.00301409e-01,
         1.22622383e-01, -6.26236919e-01,  5.15415257e-01,
         9.80071976e-03],
       [-2.00000000e-03, -4.00000000e-03,  8.00000000e-03,
        -2.00000000e-03,  1.00000000e-02,  7.00000000e-03,
         5.00000000e-03, -3.00000000e-03, -1.00000000e-02,
         8.00000000e-03,  5.00000000e-03, -1.00000000e-02,
        -2.00000000e-03,  7.00000000e-03,  0.00000000e+00,
        -3.00000000e-03, -8.00000000e-03, -1.00000000e-02,
        -9.00000000e-03,  6.00000000e-03, -7.00000000e-03,
         6.00000000e-03,  3.00000000e-03, -1.00000000e-03,
        -1.00000000e-02,  4.00000000e-03,  8.00000000e-03,
        -9.00000000e-03,  2.00000000e-03,  8.00000000e-03,
         9.00000000e-03, -1.00000000e-02, -5.00000000e-03,
        -1.00000000e-03, -4.00000000e-03, -8.00000000e-03,
         1.00000000e-02,  7.00000000e-03, -5.00000000e-03,
         1.00000000e-03,  6.00000000e-03, -4.00000000e-03,
         6.00000000e-03,  2.00000000e-03,  3.00000000e-03,
        -2.00000000e-03,  0.00000000e+00, -1.00000000e-03,
         3.00000000e-03]]), 'deltas': array([[5.53150365e-05],
       [5.48455256e-05],
       [5.51732246e-05],
       [5.60392623e-05],
       [5.39258165e-05],
       [0.00000000e+00]]), 'outputs': array([[0.98970672],
       [0.989795  ],
       [0.98973339],
       [0.98957052],
       [0.98996788],
       [1.        ]]), 'errors': 0.005429788020086179}, {'weights': array([[-1.31018931, -1.31697886, -1.33028608, -1.31708496, -1.33125372,
         2.97855374],
       [ 1.31777072,  1.30858099,  1.32190338,  1.31467737,  1.34286851,
        -2.97859227]]), 'deltas': array([[-0.00074919],
       [ 0.00074923]]), 'outputs': array([[0.0277594 ],
       [0.97223984]]), 'errors': array([[-0.0277594 ],
       [ 0.02776016]])}]
Accuracy: 98.85057471264368 %

train_data group 2 length:  348
   0   1   2   3   4   5   6   7   8  ...  40  41  42  43  44  45  46  47  48
0   1   0   0   1   0   0   1   0   0 ...   1   0   1   0   0   0   1   0   0
1   1   0   0   0   1   0   1   0   0 ...   1   0   1   0   0   0   1   0   0
2   1   0   0   0   1   0   1   0   0 ...   1   0   1   0   0   0   1   0   0
3   1   0   0   0   1   0   1   0   0 ...   1   0   1   0   0   1   0   0   0
4   0   1   0   1   0   0   1   0   0 ...   1   0   1   0   0   0   1   0   0

[5 rows x 49 columns]
Initial Neural Network:
[{'weights': array([[ 0.004, -0.003, -0.004, -0.001,  0.001, -0.002, -0.005,  0.008,
         0.   , -0.009,  0.008, -0.003,  0.008,  0.01 ,  0.002,  0.006,
         0.001, -0.002,  0.005,  0.003, -0.008,  0.005, -0.009, -0.007,
         0.001,  0.008,  0.007,  0.002,  0.004,  0.001,  0.005,  0.004,
        -0.008, -0.004, -0.007,  0.003,  0.003,  0.01 ,  0.007,  0.   ,
         0.009,  0.009, -0.006,  0.002,  0.006, -0.004,  0.009, -0.008,
        -0.01 ],
       [-0.006, -0.001,  0.   , -0.001,  0.002,  0.004, -0.004, -0.005,
         0.006, -0.002, -0.008,  0.01 ,  0.004,  0.01 , -0.001,  0.002,
         0.003,  0.002,  0.008,  0.001,  0.006, -0.007,  0.003,  0.001,
         0.007, -0.003,  0.006, -0.004,  0.002,  0.004,  0.007,  0.009,
        -0.003,  0.002, -0.001, -0.005, -0.006, -0.008, -0.002, -0.004,
         0.007,  0.003,  0.009,  0.009, -0.006,  0.002, -0.007, -0.01 ,
         0.003],
       [ 0.005, -0.007,  0.002, -0.006, -0.003,  0.005, -0.004,  0.01 ,
        -0.009, -0.001, -0.009,  0.006, -0.007,  0.005,  0.   ,  0.   ,
         0.01 ,  0.01 ,  0.01 ,  0.005, -0.004,  0.006, -0.005, -0.003,
         0.007, -0.001, -0.003,  0.007,  0.   ,  0.   ,  0.003,  0.006,
        -0.01 ,  0.004,  0.006,  0.002,  0.003,  0.004, -0.006,  0.   ,
         0.007,  0.006,  0.009,  0.006,  0.004,  0.006,  0.01 ,  0.002,
         0.002],
       [ 0.01 ,  0.004,  0.002,  0.008,  0.005,  0.001, -0.001,  0.008,
         0.004,  0.008,  0.01 ,  0.   , -0.001,  0.007, -0.003, -0.006,
        -0.003,  0.008,  0.01 , -0.01 , -0.002,  0.007,  0.009,  0.006,
        -0.002, -0.007,  0.007,  0.   ,  0.002, -0.008, -0.004,  0.008,
        -0.006, -0.006,  0.002, -0.003,  0.01 ,  0.003, -0.003,  0.001,
        -0.006,  0.001, -0.007, -0.01 ,  0.003, -0.003, -0.003,  0.009,
        -0.01 ],
       [ 0.   ,  0.006,  0.009, -0.002,  0.005, -0.009,  0.001, -0.007,
         0.001, -0.007, -0.007, -0.01 , -0.01 , -0.01 ,  0.002, -0.005,
        -0.005,  0.006, -0.006,  0.007,  0.002, -0.008, -0.003,  0.007,
        -0.004,  0.009, -0.003,  0.003,  0.004,  0.01 , -0.004,  0.01 ,
        -0.004, -0.004,  0.004,  0.002, -0.002,  0.004, -0.01 , -0.008,
         0.004, -0.004,  0.005,  0.01 ,  0.009,  0.008, -0.005, -0.006,
        -0.009],
       [-0.009,  0.007, -0.006, -0.01 , -0.004, -0.002,  0.002, -0.002,
         0.004,  0.001,  0.006, -0.001,  0.006, -0.005, -0.007,  0.   ,
        -0.009,  0.002, -0.004,  0.004, -0.009,  0.006, -0.003,  0.007,
         0.01 , -0.002, -0.001, -0.001,  0.004, -0.002, -0.005,  0.01 ,
         0.008, -0.006,  0.004, -0.007, -0.001, -0.006, -0.004,  0.   ,
         0.006, -0.002, -0.002, -0.008,  0.001, -0.006,  0.008, -0.008,
         0.001]]), 'deltas': array([[0.],
       [0.],
       [0.],
       [0.],
       [0.],
       [0.]]), 'outputs': array([[0.],
       [0.],
       [0.],
       [0.],
       [0.],
       [0.]]), 'errors': array([[0.],
       [0.],
       [0.],
       [0.],
       [0.],
       [0.]])}, {'weights': array([[-0.003,  0.007, -0.008, -0.003,  0.004, -0.007],
       [ 0.   ,  0.001,  0.006,  0.008, -0.002,  0.004]]), 'deltas': array([[0.],
       [0.],
       [0.]]), 'outputs': array([[0.],
       [0.],
       [0.]]), 'errors': array([[0.],
       [0.],
       [0.]])}]
Training complete!
Training done. epoch: 2 , total error: 0.0007173775813009455
[{'weights': array([[-3.46747515e-01,  1.70468256e-01, -2.17712480e-02,
        -6.22713527e-01,  5.55056356e-01, -1.29393336e-01,
        -1.05863696e+00,  8.55911437e-01,  1.06750171e-02,
         2.09171153e+00, -2.10430963e+00, -1.86452406e-01,
         6.51657359e-01, -7.63207674e-01, -6.35001914e-02,
        -2.63093889e-01,  3.04121138e-01, -2.31077756e-01,
         4.16509202e-01, -3.49420863e-01, -2.62138846e-01,
         3.45925349e-01,  2.84575915e-01, -8.36551771e-01,
        -6.98606026e-01,  9.00229694e-01, -3.80674174e-01,
         3.28191035e-01, -2.21158230e-01, -2.95083312e-01,
        -1.02709089e+00,  1.15337290e+00, -3.20332517e-01,
         6.61778313e-01, -3.50669854e-01, -5.14158965e-01,
         2.50119130e-02,  1.92289454e-01, -3.92351874e-01,
         4.53070213e-01, -2.53374729e-01, -3.76745991e-01,
         3.87739589e-02,  2.55881414e-01, -4.87705880e-01,
        -2.49773209e-01, -3.60758916e-01,  4.12481618e-01,
        -2.05050507e-01],
       [-3.43471221e-01,  1.64109994e-01, -1.92578868e-02,
        -6.20101283e-01,  5.57359651e-01, -1.23877482e-01,
        -1.05448123e+00,  8.44541879e-01,  1.53202384e-02,
         2.10098010e+00, -2.11894999e+00, -1.73649219e-01,
         6.47954512e-01, -7.58665807e-01, -6.79078191e-02,
        -2.64719934e-01,  3.07609985e-01, -2.27509164e-01,
         4.18508881e-01, -3.46357240e-01, -2.48770755e-01,
         3.37212469e-01,  2.96675753e-01, -8.28507335e-01,
        -6.90599514e-01,  8.91549339e-01, -3.82568939e-01,
         3.24769278e-01, -2.21989186e-01, -2.92399205e-01,
        -1.01701712e+00,  1.15512500e+00, -3.16726996e-01,
         6.62325949e-01, -3.37201860e-01, -5.20743203e-01,
         1.48333824e-02,  1.80400150e-01, -4.02852646e-01,
         4.48855403e-01, -2.51697306e-01, -3.82777210e-01,
         5.18619402e-02,  2.65532227e-01, -4.97013281e-01,
        -2.48721007e-01, -3.65853059e-01,  4.07954953e-01,
        -1.88619113e-01],
       [-3.43850165e-01,  1.64222943e-01, -1.69969605e-02,
        -6.27632560e-01,  5.52389933e-01, -1.25381555e-01,
        -1.06452520e+00,  8.65192579e-01, -2.91563498e-04,
         2.10049005e+00, -2.12319288e+00, -1.77921357e-01,
         6.36349365e-01, -7.66947114e-01, -6.80264339e-02,
        -2.64921037e-01,  3.09017000e-01, -2.20720146e-01,
         4.23412187e-01, -3.49766652e-01, -2.59269717e-01,
         3.45590746e-01,  2.87798064e-01, -8.32012993e-01,
        -6.95755629e-01,  8.93282608e-01, -3.91151162e-01,
         3.28329115e-01, -2.21786326e-01, -2.96166972e-01,
        -1.02949222e+00,  1.15444729e+00, -3.22579257e-01,
         6.68489624e-01, -3.36519550e-01, -5.16594256e-01,
         2.27791197e-02,  1.86574798e-01, -4.04978101e-01,
         4.49523709e-01, -2.52397311e-01, -3.80750581e-01,
         4.78251761e-02,  2.63659772e-01, -4.89109131e-01,
        -2.43908423e-01, -3.54779942e-01,  4.20064183e-01,
        -1.94624183e-01],
       [-3.36246033e-01,  1.74770147e-01, -1.68798316e-02,
        -6.14652082e-01,  5.62015726e-01, -1.27719362e-01,
        -1.05936420e+00,  8.63587623e-01,  1.24208641e-02,
         2.10944201e+00, -2.10185368e+00, -1.83944046e-01,
         6.41718591e-01, -7.62450904e-01, -7.06234054e-02,
        -2.72193245e-01,  2.99614340e-01, -2.22776813e-01,
         4.19131046e-01, -3.57454800e-01, -2.58031964e-01,
         3.49465965e-01,  3.02077676e-01, -8.23899359e-01,
        -7.01439447e-01,  8.87015442e-01, -3.81931713e-01,
         3.22550499e-01, -2.18101658e-01, -3.04804560e-01,
        -1.03207067e+00,  1.15581077e+00, -3.20095824e-01,
         6.60184556e-01, -3.38912802e-01, -5.22627472e-01,
         3.14345143e-02,  1.87460488e-01, -4.03250720e-01,
         4.49793629e-01, -2.62563442e-01, -3.85585905e-01,
         3.38964383e-02,  2.50739408e-01, -4.92991565e-01,
        -2.53234832e-01, -3.62969202e-01,  4.24848316e-01,
        -2.04355718e-01],
       [-3.40531153e-01,  1.76892818e-01, -9.41048123e-03,
        -6.18276092e-01,  5.58702571e-01, -1.34475295e-01,
        -1.04739179e+00,  8.40896482e-01,  1.34464908e-02,
         2.09613899e+00, -2.11565056e+00, -1.92537242e-01,
         6.35696351e-01, -7.77228776e-01, -6.45163913e-02,
        -2.70500953e-01,  3.01211493e-01, -2.22759356e-01,
         4.06985496e-01, -3.39383812e-01, -2.52650500e-01,
         3.38575150e-01,  2.90076817e-01, -8.20700783e-01,
        -6.99891417e-01,  9.04476215e-01, -3.90633614e-01,
         3.31481821e-01, -2.17213699e-01, -2.85316939e-01,
        -1.02140323e+00,  1.15161888e+00, -3.16264469e-01,
         6.63180858e-01, -3.37538688e-01, -5.11690986e-01,
         2.17109737e-02,  1.90861028e-01, -4.08620818e-01,
         4.44332053e-01, -2.54630890e-01, -3.85749979e-01,
         5.22393395e-02,  2.66324694e-01, -4.82612850e-01,
        -2.44153401e-01, -3.63992255e-01,  4.17096840e-01,
        -1.97048816e-01],
       [-9.00000000e-03,  7.00000000e-03, -6.00000000e-03,
        -1.00000000e-02, -4.00000000e-03, -2.00000000e-03,
         2.00000000e-03, -2.00000000e-03,  4.00000000e-03,
         1.00000000e-03,  6.00000000e-03, -1.00000000e-03,
         6.00000000e-03, -5.00000000e-03, -7.00000000e-03,
         0.00000000e+00, -9.00000000e-03,  2.00000000e-03,
        -4.00000000e-03,  4.00000000e-03, -9.00000000e-03,
         6.00000000e-03, -3.00000000e-03,  7.00000000e-03,
         1.00000000e-02, -2.00000000e-03, -1.00000000e-03,
        -1.00000000e-03,  4.00000000e-03, -2.00000000e-03,
        -5.00000000e-03,  1.00000000e-02,  8.00000000e-03,
        -6.00000000e-03,  4.00000000e-03, -7.00000000e-03,
        -1.00000000e-03, -6.00000000e-03, -4.00000000e-03,
         0.00000000e+00,  6.00000000e-03, -2.00000000e-03,
        -2.00000000e-03, -8.00000000e-03,  1.00000000e-03,
        -6.00000000e-03,  8.00000000e-03, -8.00000000e-03,
         1.00000000e-03]]), 'deltas': array([[2.38848173e-06],
       [2.34903637e-06],
       [2.32377126e-06],
       [2.32168565e-06],
       [2.34901842e-06],
       [0.00000000e+00]]), 'outputs': array([[0.99952405],
       [0.99953192],
       [0.99953695],
       [0.99953737],
       [0.99953192],
       [1.        ]]), 'errors': 0.0050207658814344115}, {'weights': array([[-1.23270273, -1.22930643, -1.25132721, -1.24165133, -1.22991503,
         2.58591017],
       [ 1.22774186,  1.23534762,  1.2473661 ,  1.24469367,  1.2299597 ,
        -2.58601097]]), 'deltas': array([[-0.00069823],
       [ 0.00069809]]), 'outputs': array([[0.02678529],
       [0.97321748]]), 'errors': array([[-0.02678529],
       [ 0.02678252]])}]
Accuracy: 93.10344827586206 %

train_data group 3 length:  348
   0   1   2   3   4   5   6   7   8  ...  40  41  42  43  44  45  46  47  48
0   1   0   0   1   0   0   1   0   0 ...   1   0   1   0   0   0   1   0   0
1   1   0   0   0   1   0   1   0   0 ...   1   0   1   0   0   0   1   0   0
2   1   0   0   0   1   0   1   0   0 ...   1   0   1   0   0   0   1   0   0
3   1   0   0   0   1   0   1   0   0 ...   1   0   1   0   0   1   0   0   0
4   0   1   0   1   0   0   1   0   0 ...   1   0   1   0   0   0   1   0   0

[5 rows x 49 columns]
Initial Neural Network:
[{'weights': array([[ 0.001,  0.007,  0.005,  0.   , -0.005,  0.006,  0.003,  0.008,
        -0.003, -0.007, -0.008,  0.006, -0.01 ,  0.009, -0.002,  0.002,
        -0.005,  0.006, -0.003,  0.   ,  0.009, -0.009,  0.005,  0.003,
        -0.007,  0.004,  0.006,  0.001,  0.003,  0.   ,  0.008,  0.006,
         0.003,  0.008, -0.008, -0.003,  0.008,  0.001, -0.01 , -0.001,
         0.002, -0.007,  0.   , -0.003,  0.009,  0.009, -0.009,  0.002,
        -0.007],
       [-0.008,  0.008,  0.006,  0.   , -0.01 , -0.01 , -0.006,  0.009,
         0.001,  0.003,  0.007,  0.   ,  0.01 , -0.005,  0.005,  0.01 ,
        -0.002, -0.009,  0.008,  0.006, -0.004, -0.007,  0.005, -0.01 ,
        -0.007, -0.01 , -0.002,  0.006,  0.004,  0.   ,  0.01 , -0.004,
        -0.006,  0.007, -0.008,  0.004, -0.001, -0.002,  0.008, -0.006,
        -0.007,  0.009, -0.009, -0.005,  0.004,  0.007, -0.01 , -0.001,
         0.004],
       [ 0.005, -0.004, -0.005, -0.006, -0.005, -0.008,  0.007, -0.01 ,
         0.   ,  0.003, -0.003,  0.009,  0.004,  0.007, -0.007, -0.009,
         0.   ,  0.008,  0.008,  0.003,  0.005,  0.008,  0.006, -0.007,
         0.006, -0.003,  0.002,  0.005, -0.003,  0.001,  0.004,  0.003,
         0.009,  0.009, -0.007,  0.001,  0.004, -0.007,  0.008, -0.001,
        -0.001, -0.009,  0.005,  0.007,  0.006,  0.003,  0.004, -0.008,
         0.   ],
       [ 0.01 ,  0.008,  0.01 , -0.001, -0.005, -0.001,  0.002,  0.003,
        -0.001,  0.009, -0.009,  0.006,  0.002, -0.003,  0.003, -0.01 ,
        -0.008,  0.004,  0.   ,  0.009, -0.01 ,  0.008,  0.009,  0.01 ,
        -0.01 , -0.006, -0.01 ,  0.001, -0.003, -0.002,  0.003,  0.001,
        -0.005, -0.01 ,  0.008,  0.   , -0.004, -0.008, -0.004,  0.004,
         0.009,  0.009,  0.001,  0.   ,  0.01 , -0.001,  0.005, -0.002,
         0.001],
       [-0.005, -0.003, -0.01 , -0.008,  0.007, -0.003, -0.004, -0.009,
         0.01 , -0.005, -0.009,  0.   ,  0.001,  0.003,  0.009, -0.01 ,
        -0.006,  0.007,  0.008, -0.007, -0.007, -0.01 ,  0.   , -0.007,
        -0.003, -0.001, -0.006,  0.006, -0.002,  0.   ,  0.006,  0.008,
        -0.007, -0.005, -0.01 , -0.006, -0.009,  0.002, -0.01 , -0.007,
         0.   ,  0.006, -0.003, -0.009,  0.006,  0.001,  0.006, -0.003,
         0.007],
       [-0.007,  0.007, -0.001, -0.008, -0.009,  0.   , -0.007,  0.01 ,
         0.009,  0.006,  0.007, -0.006,  0.003, -0.003, -0.006,  0.004,
         0.001, -0.005,  0.009, -0.004, -0.007,  0.003,  0.008, -0.009,
        -0.003, -0.009, -0.003,  0.002, -0.006,  0.003,  0.006, -0.009,
        -0.003,  0.01 ,  0.007,  0.01 ,  0.002, -0.003,  0.001,  0.01 ,
         0.006, -0.003,  0.   , -0.002, -0.006, -0.003, -0.003, -0.01 ,
        -0.008]]), 'deltas': array([[0.],
       [0.],
       [0.],
       [0.],
       [0.],
       [0.]]), 'outputs': array([[0.],
       [0.],
       [0.],
       [0.],
       [0.],
       [0.]]), 'errors': array([[0.],
       [0.],
       [0.],
       [0.],
       [0.],
       [0.]])}, {'weights': array([[-0.008, -0.007, -0.002,  0.003,  0.009,  0.008],
       [-0.002, -0.007, -0.002,  0.005,  0.003,  0.01 ]]), 'deltas': array([[0.],
       [0.],
       [0.]]), 'outputs': array([[0.],
       [0.],
       [0.]]), 'errors': array([[0.],
       [0.],
       [0.]])}]
Training complete!
Training done. epoch: 2 , total error: 0.00038703274222650675
[{'weights': array([[ 2.78377910e-01, -3.25489637e-02, -5.95602021e-02,
        -2.07832174e-01,  3.87760377e-01, -5.65945874e-03,
        -1.22552176e+00,  1.04352099e+00,  3.63269518e-01,
         2.69412821e+00, -2.86598788e+00,  3.36128417e-01,
         2.93311803e-01, -1.69728849e-01,  4.66857901e-02,
        -4.07463793e-01,  5.43830758e-01,  3.99017787e-02,
         3.37784508e-01, -3.44725318e-01,  1.86209554e-01,
         4.34478333e-01, -9.89893642e-02, -1.63220224e-01,
        -8.30932652e-01,  6.04188596e-01,  4.03012800e-01,
         5.82154084e-01, -4.02480123e-01, -2.40521670e-03,
        -7.26940025e-01,  7.34079987e-01,  1.83128783e-01,
         2.73728644e-01, -1.32697332e-01,  2.92374333e-02,
        -3.91673715e-01,  4.62549483e-01,  1.01392976e-01,
         6.01204532e-01, -3.53143004e-01, -8.07927829e-02,
        -1.52016948e-01,  3.25735913e-01,  5.54977937e-03,
         5.07923595e-01, -7.34116917e-01,  4.01462066e-01,
         1.66268744e-01],
       [ 2.71504627e-01, -3.73996822e-02, -5.82956117e-02,
        -2.13241807e-01,  3.83021243e-01, -1.99701022e-02,
        -1.23184766e+00,  1.03883612e+00,  3.66820880e-01,
         2.69360070e+00, -2.84108220e+00,  3.27290830e-01,
         3.11272307e-01, -1.85247021e-01,  5.37840481e-02,
        -3.99498506e-01,  5.42930868e-01,  2.53769720e-02,
         3.48237031e-01, -3.39941092e-01,  1.71513395e-01,
         4.32948335e-01, -1.00911455e-01, -1.74227547e-01,
        -8.33612530e-01,  5.92398729e-01,  3.92023134e-01,
         5.83492085e-01, -4.01504667e-01, -2.17808456e-03,
        -7.24339031e-01,  7.22243715e-01,  1.71904649e-01,
         2.70316384e-01, -1.34552076e-01,  3.70450260e-02,
        -4.03542386e-01,  4.60380498e-01,  1.17971222e-01,
         5.95090773e-01, -3.62684667e-01, -6.65967720e-02,
        -1.61560911e-01,  3.23785514e-01, -2.41526952e-03,
         5.03008361e-01, -7.36575795e-01,  3.99376767e-01,
         1.73809334e-01],
       [ 2.78371896e-01, -4.37788145e-02, -6.86480677e-02,
        -2.13451818e-01,  3.84809111e-01, -2.04122791e-02,
        -1.22093628e+00,  1.02577643e+00,  3.62104864e-01,
         2.70541338e+00, -2.86509051e+00,  3.38622145e-01,
         3.08861813e-01, -1.76401927e-01,  4.14851284e-02,
        -4.16079789e-01,  5.43406121e-01,  4.16186817e-02,
         3.41448902e-01, -3.37638845e-01,  1.82134957e-01,
         4.41839992e-01, -9.45137678e-02, -1.70381210e-01,
        -8.22343773e-01,  5.98130093e-01,  3.99158694e-01,
         5.81301401e-01, -4.07100743e-01, -1.25564418e-03,
        -7.26501435e-01,  7.23326097e-01,  1.89120352e-01,
         2.75921407e-01, -1.32294065e-01,  2.93176726e-02,
        -3.95347380e-01,  4.49138555e-01,  1.21153838e-01,
         6.01944163e-01, -3.59191374e-01, -8.38077755e-02,
        -1.54992952e-01,  3.37524570e-01,  5.41339551e-03,
         4.96127286e-01, -7.18748949e-01,  3.91566677e-01,
         1.69945014e-01],
       [ 2.85085443e-01, -3.23473047e-02, -5.49272408e-02,
        -2.09580441e-01,  3.86243199e-01, -1.38518607e-02,
        -1.21517310e+00,  1.02919472e+00,  3.59789280e-01,
         2.70887997e+00, -2.86728856e+00,  3.34219493e-01,
         3.04053135e-01, -1.83790861e-01,  5.15486237e-02,
        -4.16731688e-01,  5.34940657e-01,  3.76019284e-02,
         3.38548600e-01, -3.35498758e-01,  1.65761055e-01,
         4.49285158e-01, -9.73040670e-02, -1.55170194e-01,
        -8.32140487e-01,  5.90131629e-01,  3.85819756e-01,
         5.81295727e-01, -4.11214230e-01, -4.27060038e-03,
        -7.27112446e-01,  7.21719345e-01,  1.74203998e-01,
         2.58741912e-01, -1.19004369e-01,  2.80733536e-02,
        -4.05705891e-01,  4.52811072e-01,  1.06705717e-01,
         6.10168909e-01, -3.51644838e-01, -6.67131734e-02,
        -1.61036571e-01,  3.32748362e-01,  9.09910627e-03,
         4.89332658e-01, -7.13132294e-01,  3.95610533e-01,
         1.70810897e-01],
       [ 2.73388546e-01, -4.12571276e-02, -7.39001480e-02,
        -2.13706381e-01,  3.99964933e-01, -1.40272812e-02,
        -1.23525504e+00,  1.03358144e+00,  3.74904868e-01,
         2.69539930e+00, -2.86291875e+00,  3.29750721e-01,
         3.10379426e-01, -1.78351987e-01,  5.72038319e-02,
        -4.12524988e-01,  5.38680536e-01,  4.10757231e-02,
         3.46258545e-01, -3.43029681e-01,  1.67002406e-01,
         4.29040862e-01, -9.77441998e-02, -1.72065391e-01,
        -8.27286476e-01,  6.06041028e-01,  3.87476718e-01,
         5.82473735e-01, -4.00085748e-01, -2.15671552e-03,
        -7.26964115e-01,  7.36298911e-01,  1.73896475e-01,
         2.63020675e-01, -1.35054453e-01,  2.72650485e-02,
        -4.05057956e-01,  4.61910959e-01,  1.02378267e-01,
         5.99617644e-01, -3.55996222e-01, -6.83901508e-02,
        -1.59549819e-01,  3.27851905e-01,  1.92918462e-03,
         4.95785623e-01, -7.15990483e-01,  4.00436130e-01,
         1.83231271e-01],
       [-7.00000000e-03,  7.00000000e-03, -1.00000000e-03,
        -8.00000000e-03, -9.00000000e-03,  0.00000000e+00,
        -7.00000000e-03,  1.00000000e-02,  9.00000000e-03,
         6.00000000e-03,  7.00000000e-03, -6.00000000e-03,
         3.00000000e-03, -3.00000000e-03, -6.00000000e-03,
         4.00000000e-03,  1.00000000e-03, -5.00000000e-03,
         9.00000000e-03, -4.00000000e-03, -7.00000000e-03,
         3.00000000e-03,  8.00000000e-03, -9.00000000e-03,
        -3.00000000e-03, -9.00000000e-03, -3.00000000e-03,
         2.00000000e-03, -6.00000000e-03,  3.00000000e-03,
         6.00000000e-03, -9.00000000e-03, -3.00000000e-03,
         1.00000000e-02,  7.00000000e-03,  1.00000000e-02,
         2.00000000e-03, -3.00000000e-03,  1.00000000e-03,
         1.00000000e-02,  6.00000000e-03, -3.00000000e-03,
         0.00000000e+00, -2.00000000e-03, -6.00000000e-03,
        -3.00000000e-03, -3.00000000e-03, -1.00000000e-02,
        -8.00000000e-03]]), 'deltas': array([[2.64778572e-05],
       [2.74054136e-05],
       [2.60583098e-05],
       [2.63401057e-05],
       [2.60966502e-05],
       [0.00000000e+00]]), 'outputs': array([[0.99112055],
       [0.99080658],
       [0.9912625 ],
       [0.99116716],
       [0.99124953],
       [1.        ]]), 'errors': 0.0030086400227001373}, {'weights': array([[-1.27369102, -1.27035784, -1.26465713, -1.26877961, -1.25093453,
         2.36153732],
       [ 1.26512378,  1.25779233,  1.262076  ,  1.2781988 ,  1.26439363,
        -2.36124534]]), 'deltas': array([[-0.00037922],
       [ 0.00037961]]), 'outputs': array([[0.01966801],
       [0.98032172]]), 'errors': array([[-0.01966801],
       [ 0.01967828]])}]
Accuracy: 95.40229885057471 %

train_data group 4 length:  347
   0   1   2   3   4   5   6   7   8  ...  40  41  42  43  44  45  46  47  48
0   1   0   0   1   0   0   1   0   0 ...   1   0   1   0   0   0   1   0   0
1   1   0   0   0   1   0   1   0   0 ...   1   0   1   0   0   0   1   0   0
2   1   0   0   0   1   0   1   0   0 ...   1   0   1   0   0   0   1   0   0
3   1   0   0   0   1   0   1   0   0 ...   1   0   1   0   0   1   0   0   0
4   0   1   0   1   0   0   1   0   0 ...   1   0   1   0   0   0   1   0   0

[5 rows x 49 columns]
Initial Neural Network:
[{'weights': array([[ 0.01 ,  0.007, -0.01 ,  0.   ,  0.004,  0.008,  0.003,  0.004,
         0.01 , -0.001,  0.002,  0.004, -0.001,  0.001, -0.001,  0.004,
        -0.005, -0.01 , -0.006, -0.009, -0.009,  0.005, -0.007,  0.007,
        -0.005,  0.003, -0.002,  0.01 , -0.005,  0.002,  0.008,  0.006,
        -0.007, -0.005, -0.004, -0.001, -0.005, -0.009,  0.001,  0.004,
         0.005,  0.003,  0.01 , -0.004, -0.001,  0.01 ,  0.003,  0.003,
         0.01 ],
       [ 0.004, -0.01 , -0.001, -0.003, -0.009, -0.001,  0.009,  0.002,
        -0.006, -0.007,  0.002,  0.005,  0.009,  0.008, -0.007, -0.005,
         0.   ,  0.   ,  0.004, -0.004, -0.001,  0.006, -0.007,  0.007,
        -0.008, -0.004,  0.004, -0.01 , -0.007, -0.007,  0.004, -0.008,
        -0.008, -0.001,  0.008, -0.003, -0.007,  0.009,  0.001, -0.002,
         0.008,  0.01 ,  0.006, -0.009, -0.009, -0.01 ,  0.006,  0.002,
         0.01 ],
       [ 0.   ,  0.008, -0.006,  0.003,  0.008, -0.005, -0.001, -0.008,
        -0.004,  0.   ,  0.001,  0.004,  0.003, -0.004, -0.009, -0.002,
         0.006,  0.006,  0.009, -0.004,  0.01 ,  0.002,  0.   , -0.002,
         0.003,  0.003, -0.006,  0.01 , -0.01 , -0.002, -0.003, -0.01 ,
         0.007,  0.008, -0.008, -0.009,  0.001,  0.   ,  0.009, -0.002,
        -0.01 ,  0.007, -0.009, -0.004,  0.006, -0.006, -0.002, -0.01 ,
         0.001],
       [ 0.007,  0.006,  0.001,  0.   ,  0.004, -0.01 ,  0.006,  0.003,
         0.008,  0.01 , -0.007, -0.002,  0.003,  0.   , -0.002, -0.007,
        -0.004,  0.009,  0.002,  0.   ,  0.001,  0.009,  0.003,  0.009,
        -0.006, -0.003,  0.009, -0.004,  0.001,  0.009,  0.009, -0.008,
        -0.003,  0.   , -0.002,  0.002, -0.003,  0.006,  0.01 ,  0.001,
         0.002,  0.004,  0.   , -0.007, -0.006,  0.009,  0.005, -0.004,
        -0.01 ],
       [-0.001, -0.005,  0.01 , -0.007, -0.004, -0.004,  0.   , -0.006,
        -0.008,  0.002, -0.001, -0.008, -0.004, -0.007, -0.009, -0.007,
         0.007, -0.005, -0.008,  0.003,  0.008, -0.003, -0.002, -0.01 ,
        -0.005,  0.004, -0.006,  0.005,  0.006,  0.003,  0.001,  0.006,
        -0.005, -0.005,  0.001,  0.005, -0.006, -0.005,  0.009,  0.001,
        -0.005, -0.008, -0.001, -0.007, -0.004,  0.005, -0.001, -0.003,
        -0.009],
       [ 0.001,  0.009,  0.001, -0.007, -0.001, -0.002,  0.008, -0.01 ,
        -0.01 ,  0.002, -0.006,  0.002, -0.006, -0.005,  0.01 ,  0.009,
         0.   ,  0.004,  0.007,  0.002, -0.009, -0.002,  0.004,  0.005,
         0.003,  0.01 , -0.008,  0.009, -0.007, -0.004, -0.003,  0.   ,
        -0.009, -0.002,  0.008,  0.01 ,  0.006, -0.001, -0.004,  0.002,
        -0.001, -0.008, -0.006,  0.004,  0.009, -0.002, -0.006, -0.005,
        -0.006]]), 'deltas': array([[0.],
       [0.],
       [0.],
       [0.],
       [0.],
       [0.]]), 'outputs': array([[0.],
       [0.],
       [0.],
       [0.],
       [0.],
       [0.]]), 'errors': array([[0.],
       [0.],
       [0.],
       [0.],
       [0.],
       [0.]])}, {'weights': array([[ 0.007,  0.01 , -0.008, -0.001, -0.006, -0.001],
       [ 0.003, -0.002, -0.006, -0.001,  0.004, -0.009]]), 'deltas': array([[0.],
       [0.],
       [0.]]), 'outputs': array([[0.],
       [0.],
       [0.]]), 'errors': array([[0.],
       [0.],
       [0.]])}]
Training complete!
Training done. epoch: 4 , total error: 0.0001690593590636743
[{'weights': array([[-6.20193201e-01,  2.82757951e-01,  3.56680035e-01,
        -2.01943732e-01, -4.54591620e-01,  6.80780137e-01,
         1.20035074e+00, -1.52430555e+00,  3.53199588e-01,
        -3.34035755e+00,  2.96069737e+00,  3.96904965e-01,
         1.31504079e-01, -1.43706548e-01,  2.34472538e-02,
         7.55961437e-01, -8.27167305e-01,  7.24506528e-02,
        -2.03913812e-01,  1.12598936e-01,  7.95596612e-02,
        -9.19565665e-01,  2.03021761e-01,  7.33788689e-01,
         6.70662670e-01, -7.72142361e-01,  1.09724476e-01,
        -9.80653392e-01,  7.77101134e-01,  2.22797044e-01,
         1.37928576e+00, -1.38239746e+00,  2.23564915e-02,
        -4.39623040e-01,  4.13039178e-01,  2.88286470e-02,
        -3.99188643e-01,  2.53386880e-01,  1.45046548e-01,
        -1.69963982e-01,  3.54866610e-02,  1.58722106e-01,
         5.63012805e-01, -4.49769368e-01, -9.59986520e-02,
        -7.61730514e-01,  5.98904796e-01,  1.91070503e-01,
         2.22447851e-02],
       [-6.24160410e-01,  2.68905655e-01,  3.67497834e-01,
        -1.99079291e-01, -4.69214350e-01,  6.74536720e-01,
         1.20040883e+00, -1.51814668e+00,  3.41980929e-01,
        -3.33662948e+00,  2.95575624e+00,  4.00116318e-01,
         1.41221012e-01, -1.31772214e-01,  1.97942813e-02,
         7.48100992e-01, -8.17992940e-01,  8.41350275e-02,
        -1.88851139e-01,  1.15567306e-01,  9.15269122e-02,
        -9.13191642e-01,  2.02236487e-01,  7.36198234e-01,
         6.70075255e-01, -7.76802684e-01,  1.17970508e-01,
        -9.82419063e-01,  7.62642280e-01,  2.15019863e-01,
         1.38135651e+00, -1.39735688e+00,  2.32434472e-02,
        -4.37252273e-01,  4.27171962e-01,  3.33233906e-02,
        -3.99717428e-01,  2.70963793e-01,  1.50996714e-01,
        -1.70493296e-01,  3.82655048e-02,  1.67470870e-01,
         5.51240798e-01, -4.43162869e-01, -1.00834849e-01,
        -7.74749515e-01,  5.94547108e-01,  1.97445486e-01,
         2.92430792e-02],
       [-6.24588487e-01,  2.82751470e-01,  3.64727102e-01,
        -1.94404656e-01, -4.52358139e-01,  6.73652880e-01,
         1.19457735e+00, -1.53051813e+00,  3.43830862e-01,
        -3.33552764e+00,  2.96160406e+00,  3.99813664e-01,
         1.34458315e-01, -1.44063642e-01,  2.04954119e-02,
         7.52033410e-01, -8.13134990e-01,  9.19916655e-02,
        -1.84548600e-01,  1.17846983e-01,  1.02591702e-01,
        -9.16962019e-01,  2.07182428e-01,  7.30669676e-01,
         6.82631796e-01, -7.70935183e-01,  1.09193472e-01,
        -9.77846130e-01,  7.73675561e-01,  2.23060654e-01,
         1.36984649e+00, -1.39416039e+00,  3.92039839e-02,
        -4.35479661e-01,  4.20491392e-01,  2.68783534e-02,
        -3.93617418e-01,  2.64908733e-01,  1.59598769e-01,
        -1.75211589e-01,  2.41289497e-02,  1.66972724e-01,
         5.51374460e-01, -4.50537215e-01, -8.69471599e-02,
        -7.72638759e-01,  5.90258787e-01,  1.85270056e-01,
         2.18900849e-02],
       [-6.20098301e-01,  2.80333132e-01,  3.72481647e-01,
        -2.01390535e-01, -4.55661450e-01,  6.69768463e-01,
         1.20495646e+00, -1.52481032e+00,  3.55570342e-01,
        -3.32842621e+00,  2.95360569e+00,  3.94536996e-01,
         1.33457172e-01, -1.41293702e-01,  2.75530068e-02,
         7.45956949e-01, -8.24472492e-01,  9.52320199e-02,
        -1.91509259e-01,  1.19350781e-01,  9.38749565e-02,
        -9.12359203e-01,  2.10577191e-01,  7.41498490e-01,
         6.74656704e-01, -7.76242942e-01,  1.20302716e-01,
        -9.85103247e-01,  7.75309659e-01,  2.34510066e-01,
         1.37818164e+00, -1.39234255e+00,  3.08773896e-02,
        -4.39394946e-01,  4.20264852e-01,  3.78465715e-02,
        -3.97659968e-01,  2.68610138e-01,  1.60766307e-01,
        -1.69933200e-01,  3.13920333e-02,  1.64257644e-01,
         5.54885105e-01, -4.52206283e-01, -9.69623445e-02,
        -7.58945835e-01,  5.95307477e-01,  1.92354836e-01,
         8.71647774e-03],
       [-6.27429309e-01,  2.83334025e-01,  3.59999512e-01,
        -2.02976333e-01, -4.52037798e-01,  6.51918360e-01,
         1.20811181e+00, -1.52770905e+00,  3.17501474e-01,
        -3.32927825e+00,  2.96561531e+00,  3.68567167e-01,
         1.28804862e-01, -1.37707778e-01,  8.07145254e-04,
         7.53141638e-01, -8.07854005e-01,  6.16165965e-02,
        -1.90239363e-01,  1.23789037e-01,  8.13545546e-02,
        -9.15656526e-01,  2.11834559e-01,  7.00726196e-01,
         6.85255272e-01, -7.81387404e-01,  1.01036361e-01,
        -9.73368909e-01,  7.91583196e-01,  2.07689942e-01,
         1.37820822e+00, -1.37670223e+00,  1.23982438e-02,
        -4.31180137e-01,  4.22102464e-01,  2.19819013e-02,
        -3.94782326e-01,  2.67763129e-01,  1.36923425e-01,
        -1.66509786e-01,  3.34792417e-02,  1.32934773e-01,
         5.61122738e-01, -4.49799054e-01, -1.11419456e-01,
        -7.54215405e-01,  5.98219223e-01,  1.68900411e-01,
         2.90422880e-03],
       [ 1.00000000e-03,  9.00000000e-03,  1.00000000e-03,
        -7.00000000e-03, -1.00000000e-03, -2.00000000e-03,
         8.00000000e-03, -1.00000000e-02, -1.00000000e-02,
         2.00000000e-03, -6.00000000e-03,  2.00000000e-03,
        -6.00000000e-03, -5.00000000e-03,  1.00000000e-02,
         9.00000000e-03,  0.00000000e+00,  4.00000000e-03,
         7.00000000e-03,  2.00000000e-03, -9.00000000e-03,
        -2.00000000e-03,  4.00000000e-03,  5.00000000e-03,
         3.00000000e-03,  1.00000000e-02, -8.00000000e-03,
         9.00000000e-03, -7.00000000e-03, -4.00000000e-03,
        -3.00000000e-03,  0.00000000e+00, -9.00000000e-03,
        -2.00000000e-03,  8.00000000e-03,  1.00000000e-02,
         6.00000000e-03, -1.00000000e-03, -4.00000000e-03,
         2.00000000e-03, -1.00000000e-03, -8.00000000e-03,
        -6.00000000e-03,  4.00000000e-03,  9.00000000e-03,
        -2.00000000e-03, -6.00000000e-03, -5.00000000e-03,
        -6.00000000e-03]]), 'deltas': array([[1.45236773e-05],
       [1.39611885e-05],
       [1.42732547e-05],
       [1.41933941e-05],
       [1.33877035e-05],
       [0.00000000e+00]]), 'outputs': array([[0.99001711],
       [0.99040752],
       [0.99019096],
       [0.99024639],
       [0.99080525],
       [1.        ]]), 'errors': 0.001469527249318823}, {'weights': array([[ 1.53928877,  1.56120926,  1.51289905,  1.52322003,  1.50817809,
        -3.24053963],
       [-1.52925301, -1.55318795, -1.52688309, -1.52519192, -1.51019325,
         3.24049181]]), 'deltas': array([[ 0.00016686],
       [-0.00016687]]), 'outputs': array([[0.98699795],
       [0.01300251]]), 'errors': array([[ 0.01300205],
       [-0.01300251]])}]
Accuracy: 93.18181818181817 %

Feedforward Neural Network AVG Accuracy (%): 95.87506986464484 %
