Namespace(error_threshold=0.001, max_epochs=1000, num_layers=2, num_nodes_per_hidden_layer=5, training_rate=0.9)

train_data group 0 length:  349
   0   1   2   3   4   5   6   7   8  ...  40  41  42  43  44  45  46  47  48
0   1   0   0   0   1   0   1   0   0 ...   1   0   1   0   0   0   1   0   0
1   1   0   0   0   0   1   1   0   0 ...   1   0   1   0   0   0   1   0   0
2   1   0   0   0   1   0   1   0   0 ...   1   0   1   0   0   0   1   0   0
3   1   0   0   0   1   0   1   0   0 ...   1   0   1   0   0   1   0   0   0
4   1   0   0   1   0   0   1   0   0 ...   1   0   1   0   0   1   0   0   0

[5 rows x 49 columns]
Initial Neural Network:
[{'weights': array([[ 0.004,  0.003, -0.009,  0.01 ,  0.   ,  0.009, -0.01 , -0.003,
        -0.009,  0.006,  0.   ,  0.005,  0.004, -0.008, -0.004,  0.007,
         0.003, -0.008,  0.009,  0.01 ,  0.002,  0.001, -0.004,  0.004,
         0.01 ,  0.009, -0.003,  0.   , -0.01 , -0.006,  0.006, -0.007,
        -0.005,  0.01 , -0.004,  0.001, -0.007, -0.01 ,  0.007, -0.006,
        -0.004,  0.002, -0.005,  0.01 , -0.001,  0.002,  0.001,  0.006,
        -0.003],
       [-0.007,  0.008,  0.008,  0.007, -0.006, -0.002,  0.   ,  0.003,
         0.008,  0.002,  0.008, -0.003, -0.003, -0.005,  0.01 ,  0.001,
        -0.001, -0.008,  0.001, -0.004, -0.008,  0.006, -0.01 , -0.006,
        -0.001,  0.007, -0.006,  0.004, -0.007,  0.002, -0.002,  0.   ,
         0.008, -0.007,  0.001,  0.003, -0.001,  0.005, -0.006,  0.003,
        -0.01 ,  0.008, -0.003,  0.007,  0.007,  0.003, -0.002, -0.006,
         0.003],
       [ 0.001, -0.003,  0.003,  0.01 ,  0.006, -0.007,  0.006,  0.009,
        -0.008, -0.007, -0.005,  0.003,  0.006, -0.004, -0.003,  0.008,
         0.007, -0.006,  0.01 ,  0.001,  0.   , -0.007,  0.01 ,  0.007,
        -0.003,  0.002, -0.008,  0.006,  0.008, -0.01 ,  0.001, -0.01 ,
         0.005,  0.002, -0.002, -0.01 ,  0.001,  0.   , -0.007,  0.002,
        -0.01 ,  0.001,  0.004, -0.004, -0.003, -0.005,  0.008, -0.009,
         0.   ],
       [-0.008, -0.004, -0.003, -0.01 ,  0.001, -0.004,  0.01 , -0.004,
         0.004,  0.003, -0.001, -0.01 , -0.006,  0.006, -0.005,  0.004,
         0.009, -0.01 ,  0.001, -0.002,  0.009,  0.   ,  0.007, -0.005,
         0.007,  0.003, -0.01 , -0.003,  0.004, -0.004, -0.007,  0.008,
         0.009, -0.005,  0.01 , -0.001,  0.   ,  0.002,  0.   ,  0.01 ,
         0.   , -0.001, -0.001, -0.003,  0.002,  0.005,  0.009, -0.002,
         0.002],
       [ 0.01 , -0.007,  0.004,  0.   , -0.009, -0.005,  0.   , -0.002,
         0.001,  0.009, -0.003, -0.008, -0.004, -0.009,  0.001, -0.01 ,
        -0.001,  0.009, -0.004,  0.001,  0.009,  0.005,  0.006,  0.007,
        -0.004, -0.006, -0.009, -0.007,  0.006,  0.   , -0.002,  0.01 ,
         0.001, -0.009, -0.007,  0.002,  0.004,  0.001, -0.002,  0.009,
        -0.008,  0.   , -0.008, -0.009, -0.005,  0.01 , -0.003, -0.009,
        -0.007],
       [ 0.006, -0.004,  0.005,  0.008,  0.005, -0.008, -0.01 , -0.008,
        -0.004,  0.   ,  0.009, -0.009, -0.002, -0.01 ,  0.004,  0.   ,
         0.008, -0.003, -0.009,  0.   ,  0.001, -0.004, -0.002, -0.002,
        -0.008,  0.004, -0.005,  0.01 ,  0.006,  0.   , -0.005, -0.004,
         0.   ,  0.002,  0.005,  0.009,  0.007,  0.006,  0.002,  0.01 ,
        -0.009, -0.01 ,  0.01 , -0.001,  0.008,  0.001,  0.008,  0.004,
         0.001]]), 'deltas': array([[0.],
       [0.],
       [0.],
       [0.],
       [0.],
       [0.]]), 'outputs': array([[0.],
       [0.],
       [0.],
       [0.],
       [0.],
       [0.]]), 'errors': array([[0.],
       [0.],
       [0.],
       [0.],
       [0.],
       [0.]])}, {'weights': array([[ 0.009, -0.003, -0.003, -0.004,  0.009, -0.001],
       [-0.008,  0.005, -0.002,  0.008,  0.007, -0.003]]), 'deltas': array([[0.],
       [0.],
       [0.]]), 'outputs': array([[0.],
       [0.],
       [0.]]), 'errors': array([[0.],
       [0.],
       [0.]])}]
Training complete!
Training done. epoch: 2 , total error: 0.00044363511949868607
[{'weights': array([[ 3.28977294e-01, -2.75825311e-01, -2.72235992e-02,
        -2.13670141e-01,  4.91967425e-01, -2.31368900e-01,
        -6.24032145e-01,  5.81913887e-01,  4.80466425e-02,
         2.83568336e+00, -3.16352916e+00,  3.66774186e-01,
         5.65217478e-01, -6.16471623e-01,  7.11825297e-02,
        -4.89752045e-02,  2.25908983e-02,  5.63126910e-02,
         1.16488494e-01, -1.27079752e-01,  5.95196427e-02,
         4.28754216e-01, -2.93504253e-02, -3.70475406e-01,
        -5.12324598e-01,  4.76821100e-01,  7.94318823e-02,
         2.79904539e-01, -1.80050782e-01, -8.79253722e-02,
        -9.95312345e-01,  7.59683519e-01,  2.57557211e-01,
         7.51058913e-01, -5.93171838e-01, -1.22958691e-01,
         2.00908850e-01, -1.26841825e-01, -5.61386403e-02,
         5.60879159e-01, -4.24351239e-01, -1.16599535e-01,
        -1.54791815e-01, -1.98251066e-02,  2.06545307e-01,
        -1.38161449e-01, -4.21804761e-01,  5.96894595e-01,
         2.49283848e-02],
       [ 3.20380954e-01, -2.71449229e-01, -7.01005069e-03,
        -2.18821290e-01,  4.88057183e-01, -2.37314219e-01,
        -6.15007743e-01,  5.90539464e-01,  6.83899537e-02,
         2.83577399e+00, -3.15658198e+00,  3.60729667e-01,
         5.61354148e-01, -6.13943682e-01,  8.75112086e-02,
        -5.42649766e-02,  1.84861756e-02,  6.07004759e-02,
         1.02039022e-01, -1.33765942e-01,  5.36485943e-02,
         4.28130636e-01, -3.28294990e-02, -3.72379462e-01,
        -5.22415116e-01,  4.78575227e-01,  7.67615642e-02,
         2.83455265e-01, -1.75616778e-01, -7.59168122e-02,
        -9.99357832e-01,  7.65490432e-01,  2.72789075e-01,
         7.39567275e-01, -5.94293782e-01, -1.15351818e-01,
         2.11875345e-01, -1.19058888e-01, -6.18947819e-02,
         5.67951685e-01, -4.30417419e-01, -1.03612590e-01,
        -1.54783514e-01, -1.91449339e-02,  2.17850122e-01,
        -1.39046878e-01, -4.26193165e-01,  5.93161719e-01,
         3.59216749e-02],
       [ 3.24911365e-01, -2.80780155e-01, -1.71952503e-02,
        -2.08876060e-01,  4.88675918e-01, -2.44863898e-01,
        -6.00024578e-01,  5.84849050e-01,  4.81114886e-02,
         2.82213747e+00, -3.16822641e+00,  3.63024901e-01,
         5.67015815e-01, -6.13756305e-01,  7.16764499e-02,
        -4.54177434e-02,  2.36036413e-02,  5.67500625e-02,
         1.08345437e-01, -1.28293566e-01,  5.68840892e-02,
         4.19609509e-01, -1.83204613e-02, -3.65353087e-01,
        -5.22318458e-01,  4.64261188e-01,  7.49932304e-02,
         2.87608023e-01, -1.64956731e-01, -9.27153312e-02,
        -9.97529476e-01,  7.54299922e-01,  2.65165515e-01,
         7.39627669e-01, -5.94575150e-01, -1.29116558e-01,
         2.12955004e-01, -1.24636836e-01, -6.83822079e-02,
         5.67138751e-01, -4.32336253e-01, -1.15866538e-01,
        -1.43501255e-01, -3.73627307e-02,  2.03799946e-01,
        -1.40567651e-01, -4.16642468e-01,  5.77146080e-01,
         2.59359605e-02],
       [ 3.12077797e-01, -2.79625972e-01, -1.93183602e-02,
        -2.27266566e-01,  4.83620748e-01, -2.41220718e-01,
        -6.05504224e-01,  5.79052618e-01,  6.45850705e-02,
         2.83953792e+00, -3.17150642e+00,  3.52101965e-01,
         5.60491176e-01, -6.07742610e-01,  7.03848983e-02,
        -4.56810156e-02,  2.14742021e-02,  5.53402777e-02,
         9.73765796e-02, -1.28405872e-01,  6.71627563e-02,
         4.22820760e-01, -1.95147902e-02, -3.73172505e-01,
        -5.17180605e-01,  4.72401318e-01,  7.29127516e-02,
         2.72037799e-01, -1.62200107e-01, -8.47042273e-02,
        -1.00169163e+00,  7.70632454e-01,  2.69192640e-01,
         7.38929569e-01, -5.85193699e-01, -1.21602406e-01,
         2.14039149e-01, -1.27041255e-01, -5.68644299e-02,
         5.76339899e-01, -4.25916690e-01, -1.13289745e-01,
        -1.46017891e-01, -3.58969100e-02,  2.08048265e-01,
        -1.31459745e-01, -4.18716232e-01,  5.90309441e-01,
         3.01334642e-02],
       [ 3.28248141e-01, -2.74788712e-01, -1.06055831e-02,
        -2.17815801e-01,  4.80513466e-01, -2.40843819e-01,
        -6.05239584e-01,  5.77147745e-01,  6.29456849e-02,
         2.84660180e+00, -3.16568498e+00,  3.52937025e-01,
         5.62578492e-01, -6.15410377e-01,  7.66857315e-02,
        -5.63968997e-02,  1.53225783e-02,  7.49281673e-02,
         9.77747083e-02, -1.23502822e-01,  6.75819600e-02,
         4.29825931e-01, -1.62300322e-02, -3.59742053e-01,
        -5.22716568e-01,  4.66478079e-01,  7.30923343e-02,
         2.72678074e-01, -1.57394786e-01, -8.04294420e-02,
        -9.97017271e-01,  7.80561198e-01,  2.61309919e-01,
         7.35060156e-01, -5.93967609e-01, -1.19238701e-01,
         2.16411099e-01, -1.18732112e-01, -5.88251407e-02,
         5.76603632e-01, -4.27772393e-01, -1.11977393e-01,
        -1.43946646e-01, -4.32775102e-02,  2.01078002e-01,
        -1.25792419e-01, -4.25472512e-01,  5.85118777e-01,
         2.88538459e-02],
       [ 6.00000000e-03, -4.00000000e-03,  5.00000000e-03,
         8.00000000e-03,  5.00000000e-03, -8.00000000e-03,
        -1.00000000e-02, -8.00000000e-03, -4.00000000e-03,
         0.00000000e+00,  9.00000000e-03, -9.00000000e-03,
        -2.00000000e-03, -1.00000000e-02,  4.00000000e-03,
         0.00000000e+00,  8.00000000e-03, -3.00000000e-03,
        -9.00000000e-03,  0.00000000e+00,  1.00000000e-03,
        -4.00000000e-03, -2.00000000e-03, -2.00000000e-03,
        -8.00000000e-03,  4.00000000e-03, -5.00000000e-03,
         1.00000000e-02,  6.00000000e-03,  0.00000000e+00,
        -5.00000000e-03, -4.00000000e-03,  0.00000000e+00,
         2.00000000e-03,  5.00000000e-03,  9.00000000e-03,
         7.00000000e-03,  6.00000000e-03,  2.00000000e-03,
         1.00000000e-02, -9.00000000e-03, -1.00000000e-02,
         1.00000000e-02, -1.00000000e-03,  8.00000000e-03,
         1.00000000e-03,  8.00000000e-03,  4.00000000e-03,
         1.00000000e-03]]), 'deltas': array([[0.00016699],
       [0.00016891],
       [0.0001733 ],
       [0.00016859],
       [0.00016964],
       [0.        ]]), 'outputs': array([[0.95142788],
       [0.95083797],
       [0.94948806],
       [0.95093702],
       [0.95061418],
       [1.        ]]), 'errors': 0.003613483072875661}, {'weights': array([[-1.30492843, -1.30130022, -1.30689519, -1.29980576, -1.29968824,
         2.35026867],
       [ 1.30237925,  1.29977585,  1.29835164,  1.30028332,  1.31217109,
        -2.35039361]]), 'deltas': array([[-0.00043438],
       [ 0.0004342 ]]), 'outputs': array([[0.02106481],
       [0.97893951]]), 'errors': array([[-0.02106481],
       [ 0.02106049]])}]
neural_net output [0.91233361 0.0876564 ]
target: 0 prediction: 0
neural_net output [0.91160336 0.08838658]
target: 0 prediction: 0
neural_net output [0.91209235 0.08789768]
target: 0 prediction: 0
neural_net output [0.91115178 0.08883819]
target: 0 prediction: 0
neural_net output [0.05440852 0.94560207]
target: 0 prediction: 1
neural_net output [0.91277417 0.0872159 ]
target: 0 prediction: 0
neural_net output [0.91178164 0.08820839]
target: 0 prediction: 0
neural_net output [0.90615738 0.09383245]
target: 0 prediction: 0
neural_net output [0.91248216 0.08750789]
target: 0 prediction: 0
neural_net output [0.91188504 0.08810496]
target: 0 prediction: 0
neural_net output [0.91219813 0.08779191]
target: 0 prediction: 0
neural_net output [0.90914766 0.09084223]
target: 0 prediction: 0
neural_net output [0.87065281 0.12933994]
target: 0 prediction: 0
neural_net output [0.91228812 0.08770189]
target: 0 prediction: 0
neural_net output [0.90254878 0.09744056]
target: 0 prediction: 0
neural_net output [0.91228812 0.08770189]
target: 0 prediction: 0
neural_net output [0.91115231 0.08883765]
target: 0 prediction: 0
neural_net output [0.90665662 0.09333328]
target: 0 prediction: 0
neural_net output [0.91228812 0.08770189]
target: 0 prediction: 0
neural_net output [0.91206586 0.08792416]
target: 0 prediction: 0
neural_net output [0.91231628 0.08767377]
target: 0 prediction: 0
neural_net output [0.91160336 0.08838658]
target: 0 prediction: 0
neural_net output [0.90839959 0.09159036]
target: 0 prediction: 0
neural_net output [0.91078972 0.08920021]
target: 0 prediction: 0
neural_net output [0.91209235 0.08789768]
target: 0 prediction: 0
neural_net output [0.91236865 0.08762138]
target: 0 prediction: 0
neural_net output [0.91242598 0.08756409]
target: 0 prediction: 0
neural_net output [0.91206586 0.08792416]
target: 0 prediction: 0
neural_net output [0.9092136  0.09077617]
target: 0 prediction: 0
neural_net output [0.9074609  0.09252873]
target: 0 prediction: 0
neural_net output [0.91160336 0.08838658]
target: 0 prediction: 0
neural_net output [0.91208518 0.08790486]
target: 0 prediction: 0
neural_net output [0.91239957 0.0875905 ]
target: 0 prediction: 0
neural_net output [0.0190863  0.98091765]
target: 1 prediction: 1
neural_net output [0.01592741 0.98407602]
target: 1 prediction: 1
neural_net output [0.02391141 0.97609375]
target: 1 prediction: 1
neural_net output [0.01571917 0.9842842 ]
target: 1 prediction: 1
neural_net output [0.01538069 0.98462261]
target: 1 prediction: 1
neural_net output [0.02232244 0.97768229]
target: 1 prediction: 1
neural_net output [0.01546561 0.98453771]
target: 1 prediction: 1
neural_net output [0.045616   0.95439208]
target: 1 prediction: 1
neural_net output [0.01538674 0.98461657]
target: 1 prediction: 1
neural_net output [0.01591097 0.98409241]
target: 1 prediction: 1
neural_net output [0.01716657 0.98283702]
target: 1 prediction: 1
neural_net output [0.01619974 0.98380375]
target: 1 prediction: 1
neural_net output [0.01580104 0.98420239]
target: 1 prediction: 1
neural_net output [0.03729757 0.9627089 ]
target: 1 prediction: 1
neural_net output [0.01577739 0.98422603]
target: 1 prediction: 1
neural_net output [0.01626744 0.98373603]
target: 1 prediction: 1
neural_net output [0.01617874 0.98382471]
target: 1 prediction: 1
neural_net output [0.01792078 0.98208297]
target: 1 prediction: 1
neural_net output [0.01689937 0.98310425]
target: 1 prediction: 1
neural_net output [0.0159577  0.98404575]
target: 1 prediction: 1
neural_net output [0.87197858 0.12801095]
target: 1 prediction: 0
neural_net output [0.0174378  0.98256572]
target: 1 prediction: 1
neural_net output [0.01632964 0.98367391]
target: 1 prediction: 1
neural_net output [0.015689   0.98431436]
target: 1 prediction: 1
neural_net output [0.01620011 0.98380339]
target: 1 prediction: 1
neural_net output [0.86173784 0.13825064]
target: 1 prediction: 0
neural_net output [0.01544282 0.98456051]
target: 1 prediction: 1
neural_net output [0.01792078 0.98208297]
target: 1 prediction: 1
neural_net output [0.01746668 0.98253694]
target: 1 prediction: 1
neural_net output [0.01540771 0.9845956 ]
target: 1 prediction: 1
neural_net output [0.01549797 0.98450535]
target: 1 prediction: 1
neural_net output [0.03621738 0.96379047]
target: 1 prediction: 1
neural_net output [0.01660245 0.98340103]
target: 1 prediction: 1
neural_net output [0.01538644 0.98461687]
target: 1 prediction: 1
neural_net output [0.01602289 0.98398054]
target: 1 prediction: 1
neural_net output [0.0160088  0.98399461]
target: 1 prediction: 1
neural_net output [0.01547695 0.98452638]
target: 1 prediction: 1
neural_net output [0.02191066 0.97809398]
target: 1 prediction: 1
neural_net output [0.02521981 0.97478499]
target: 1 prediction: 1
neural_net output [0.01543786 0.98456545]
target: 1 prediction: 1
neural_net output [0.01612197 0.98388143]
target: 1 prediction: 1
neural_net output [0.01877474 0.98122907]
target: 1 prediction: 1
neural_net output [0.01982383 0.98018031]
target: 1 prediction: 1
neural_net output [0.01554845 0.9844549 ]
target: 1 prediction: 1
neural_net output [0.032478   0.96752888]
target: 1 prediction: 1
neural_net output [0.01672034 0.98328321]
target: 1 prediction: 1
neural_net output [0.0187845  0.98121941]
target: 1 prediction: 1
neural_net output [0.88190712 0.11808262]
target: 1 prediction: 0
neural_net output [0.80905086 0.19094365]
target: 1 prediction: 0
neural_net output [0.01591097 0.98409241]
target: 1 prediction: 1
neural_net output [0.85734855 0.1426443 ]
target: 1 prediction: 0
neural_net output [0.02299422 0.97701025]
target: 1 prediction: 1
neural_net output [0.01587247 0.98413094]
target: 1 prediction: 1
Accuracy: 93.02325581395348 %

train_data group 1 length:  348
   0   1   2   3   4   5   6   7   8  ...  40  41  42  43  44  45  46  47  48
0   1   0   0   1   0   0   1   0   0 ...   1   0   1   0   0   0   1   0   0
1   1   0   0   0   1   0   1   0   0 ...   1   0   1   0   0   0   1   0   0
2   1   0   0   0   1   0   1   0   0 ...   1   0   1   0   0   0   1   0   0
3   1   0   0   0   1   0   1   0   0 ...   1   0   1   0   0   1   0   0   0
4   0   1   0   1   0   0   1   0   0 ...   1   0   1   0   0   0   1   0   0

[5 rows x 49 columns]
Initial Neural Network:
[{'weights': array([[-0.009, -0.002, -0.009,  0.009,  0.001, -0.01 ,  0.008,  0.007,
        -0.01 ,  0.004, -0.01 ,  0.001,  0.001,  0.   , -0.004,  0.003,
        -0.004, -0.003,  0.002,  0.   ,  0.003, -0.01 ,  0.008,  0.008,
        -0.005,  0.   , -0.005, -0.004,  0.   , -0.009,  0.001,  0.007,
         0.006,  0.003,  0.   , -0.008,  0.003, -0.009,  0.009,  0.01 ,
        -0.005,  0.002,  0.001,  0.003,  0.004, -0.009,  0.005,  0.   ,
         0.003],
       [ 0.009, -0.001, -0.008,  0.009, -0.008,  0.004, -0.006,  0.01 ,
         0.005, -0.003, -0.004, -0.006, -0.003,  0.01 ,  0.009,  0.01 ,
         0.006,  0.009,  0.002, -0.002, -0.007, -0.006, -0.006, -0.01 ,
         0.005,  0.007,  0.002, -0.006, -0.004,  0.002,  0.002, -0.008,
        -0.008,  0.002,  0.002, -0.001, -0.008, -0.004, -0.007, -0.003,
        -0.004,  0.001,  0.007, -0.003, -0.005,  0.009,  0.006,  0.   ,
         0.006],
       [-0.009, -0.009,  0.005,  0.009,  0.006,  0.01 ,  0.001,  0.009,
        -0.004, -0.009, -0.004,  0.008, -0.01 ,  0.002,  0.002,  0.01 ,
         0.007,  0.003, -0.002,  0.001,  0.   , -0.007,  0.007,  0.005,
         0.003,  0.001, -0.008, -0.006,  0.008,  0.002, -0.003,  0.01 ,
         0.009, -0.007,  0.   , -0.007,  0.004, -0.008,  0.006,  0.009,
         0.   , -0.007,  0.002,  0.006,  0.007,  0.003,  0.002, -0.004,
         0.009],
       [ 0.01 , -0.004,  0.009,  0.002, -0.001,  0.001,  0.002, -0.008,
         0.007,  0.004, -0.002, -0.006,  0.004, -0.001,  0.005,  0.001,
        -0.003, -0.004, -0.008, -0.007, -0.001, -0.002, -0.007, -0.01 ,
         0.001,  0.   ,  0.007,  0.01 ,  0.007, -0.008,  0.01 , -0.009,
         0.005, -0.01 ,  0.007,  0.006, -0.006,  0.001, -0.009, -0.006,
         0.006,  0.004, -0.007,  0.004,  0.007, -0.01 ,  0.005, -0.009,
         0.001],
       [ 0.008, -0.005,  0.007, -0.003,  0.006, -0.006, -0.006,  0.009,
         0.005, -0.01 , -0.008, -0.003, -0.004,  0.007,  0.009, -0.007,
         0.01 , -0.007,  0.006,  0.002,  0.002,  0.008,  0.   ,  0.006,
         0.002,  0.001, -0.01 ,  0.005,  0.01 , -0.009,  0.004, -0.004,
         0.002,  0.   , -0.003, -0.01 ,  0.005, -0.008,  0.01 ,  0.007,
        -0.005,  0.004,  0.006, -0.008,  0.004,  0.007,  0.001,  0.008,
        -0.005],
       [ 0.002,  0.003,  0.01 ,  0.006, -0.003, -0.002, -0.003,  0.002,
         0.007,  0.01 ,  0.001, -0.01 , -0.006,  0.01 ,  0.006,  0.   ,
        -0.008, -0.008,  0.003, -0.009,  0.003, -0.007, -0.006, -0.001,
         0.005, -0.01 , -0.01 , -0.006, -0.002,  0.004,  0.01 , -0.009,
         0.003,  0.   , -0.006, -0.01 , -0.001,  0.008, -0.008,  0.01 ,
         0.   ,  0.008,  0.002,  0.001, -0.003,  0.007, -0.004,  0.004,
        -0.004]]), 'deltas': array([[0.],
       [0.],
       [0.],
       [0.],
       [0.],
       [0.]]), 'outputs': array([[0.],
       [0.],
       [0.],
       [0.],
       [0.],
       [0.]]), 'errors': array([[0.],
       [0.],
       [0.],
       [0.],
       [0.],
       [0.]])}, {'weights': array([[ 0.005, -0.002,  0.008,  0.01 ,  0.002,  0.007],
       [ 0.01 , -0.006, -0.004, -0.009,  0.003,  0.001]]), 'deltas': array([[0.],
       [0.],
       [0.]]), 'outputs': array([[0.],
       [0.],
       [0.]]), 'errors': array([[0.],
       [0.],
       [0.]])}]
Training complete!
Training done. epoch: 2 , total error: 0.0007784062593238444
[{'weights': array([[-2.07024897e-02,  2.53862915e-01, -8.43753851e-02,
        -1.34644793e-01,  5.14275867e-01, -2.10846033e-01,
        -1.07977038e+00,  9.65088554e-01,  2.88466871e-01,
         2.31386570e+00, -2.21945938e+00,  6.93787224e-02,
         6.25393866e-01, -3.62425814e-01, -9.71830111e-02,
         1.15566618e-01,  3.35407297e-01, -2.86188875e-01,
         7.63719785e-01, -6.04674046e-01,  1.47393022e-02,
         2.31529757e-01,  4.16237886e-01, -4.72982602e-01,
        -7.53623422e-01,  9.05619185e-01,  6.78927772e-03,
         4.85589316e-01, -3.00466084e-02, -2.99757667e-01,
        -9.91154513e-01,  1.22834517e+00, -5.44056129e-02,
         6.76703643e-01,  6.44494086e-03, -5.19363543e-01,
        -1.61606043e-03,  2.02977283e-01, -2.95761821e-02,
         6.09541565e-01, -2.88474775e-01, -1.45281749e-01,
        -4.95063083e-01,  7.48915283e-01, -7.70671587e-02,
         1.64339489e-01, -1.41527479e-01,  1.41973030e-01,
         1.71785041e-01],
       [ 6.26790970e-03,  2.52844288e-01, -8.38680856e-02,
        -1.28894667e-01,  5.05929242e-01, -1.96790463e-01,
        -1.09713705e+00,  9.73770457e-01,  3.07610709e-01,
         2.31395601e+00, -2.21839071e+00,  6.66788042e-02,
         6.31533379e-01, -3.57096788e-01, -8.31924785e-02,
         1.28856996e-01,  3.44967118e-01, -2.73580002e-01,
         7.67241059e-01, -6.05462249e-01,  6.46530190e-03,
         2.33907479e-01,  4.08147814e-01, -4.88811181e-01,
        -7.52222136e-01,  9.27546895e-01,  1.39193526e-02,
         4.88993024e-01, -3.36327063e-02, -2.88116206e-01,
        -9.92360989e-01,  1.21782809e+00, -6.42229857e-02,
         6.82783404e-01,  2.99772735e-03, -5.07537020e-01,
        -1.03164173e-02,  2.13085007e-01, -4.65244782e-02,
         6.02017220e-01, -2.84608483e-01, -1.48164625e-01,
        -4.98417689e-01,  7.53711426e-01, -8.10496260e-02,
         1.76493119e-01, -1.41002127e-01,  1.54753120e-01,
         1.81244112e-01],
       [-2.65300714e-03,  2.39548056e-01, -7.36434177e-02,
        -1.30255194e-01,  5.22218811e-01, -1.90711985e-01,
        -1.09071853e+00,  9.76149183e-01,  2.96820980e-01,
         2.30372554e+00, -2.21616791e+00,  8.36940028e-02,
         6.25589717e-01, -3.64862705e-01, -9.04753800e-02,
         1.33003107e-01,  3.42407569e-01, -2.79159045e-01,
         7.67251285e-01, -6.04634048e-01,  1.26343939e-02,
         2.32840598e-01,  4.22934558e-01, -4.74523524e-01,
        -7.58717661e-01,  9.28252827e-01,  2.71646610e-03,
         4.89369170e-01, -2.14334965e-02, -2.87684042e-01,
        -9.93224668e-01,  1.23317725e+00, -4.77009479e-02,
         6.73672563e-01,  5.06024066e-03, -5.16481172e-01,
         1.79614613e-03,  2.13517930e-01, -3.70624443e-02,
         6.10408662e-01, -2.74159033e-01, -1.57997997e-01,
        -5.03537725e-01,  7.63233475e-01, -6.84441181e-02,
         1.72189715e-01, -1.45036796e-01,  1.50098712e-01,
         1.85251632e-01],
       [-4.88739627e-02,  2.80202976e-01, -6.74909541e-02,
        -1.46918224e-01,  4.98397370e-01, -2.00641088e-01,
        -1.07635913e+00,  9.20900087e-01,  3.05297102e-01,
         2.31302561e+00, -2.21856784e+00,  5.03802954e-02,
         6.20581053e-01, -3.74474122e-01, -8.92688715e-02,
         1.03070456e-01,  3.28231184e-01, -2.88463581e-01,
         7.26319660e-01, -6.03410563e-01,  9.92896212e-03,
         2.30425656e-01,  3.91539788e-01, -4.92127386e-01,
        -7.37974026e-01,  8.75639538e-01,  1.91725472e-02,
         4.96412172e-01, -3.85240502e-02, -3.00050063e-01,
        -9.78410933e-01,  1.20090447e+00, -6.76554782e-02,
         6.54725109e-01,  3.10905885e-03, -5.05996109e-01,
        -7.47791062e-03,  2.01294636e-01, -5.89786661e-02,
         6.06421955e-01, -3.09588288e-01, -1.43995608e-01,
        -4.85754881e-01,  7.23161434e-01, -8.45684942e-02,
         1.64746695e-01, -1.47021077e-01,  1.17112441e-01,
         1.49838059e-01],
       [ 2.48355688e-02,  2.38736170e-01, -7.03543776e-02,
        -1.37865898e-01,  5.23813393e-01, -2.05730134e-01,
        -1.10605080e+00,  9.91025735e-01,  3.06242428e-01,
         2.30289887e+00, -2.21656382e+00,  7.58823090e-02,
         6.35322578e-01, -3.56001867e-01, -8.41033504e-02,
         1.21909532e-01,  3.46946558e-01, -2.89638730e-01,
         7.81882749e-01, -6.02651680e-01,  1.39862916e-02,
         2.50264718e-01,  4.20230870e-01, -4.73278228e-01,
        -7.66054160e-01,  9.42043015e-01,  2.28505627e-04,
         5.05201989e-01, -1.68565727e-02, -2.99128055e-01,
        -9.90308709e-01,  1.22585859e+00, -5.03325186e-02,
         6.90709904e-01, -2.32100928e-03, -5.18171534e-01,
         1.22961335e-03,  2.13409203e-01, -2.44214559e-02,
         6.09343448e-01, -2.73746625e-01, -1.46379463e-01,
        -5.12124376e-01,  7.68284513e-01, -7.09427762e-02,
         1.72891480e-01, -1.46248618e-01,  1.72574499e-01,
         1.78217361e-01],
       [ 2.00000000e-03,  3.00000000e-03,  1.00000000e-02,
         6.00000000e-03, -3.00000000e-03, -2.00000000e-03,
        -3.00000000e-03,  2.00000000e-03,  7.00000000e-03,
         1.00000000e-02,  1.00000000e-03, -1.00000000e-02,
        -6.00000000e-03,  1.00000000e-02,  6.00000000e-03,
         0.00000000e+00, -8.00000000e-03, -8.00000000e-03,
         3.00000000e-03, -9.00000000e-03,  3.00000000e-03,
        -7.00000000e-03, -6.00000000e-03, -1.00000000e-03,
         5.00000000e-03, -1.00000000e-02, -1.00000000e-02,
        -6.00000000e-03, -2.00000000e-03,  4.00000000e-03,
         1.00000000e-02, -9.00000000e-03,  3.00000000e-03,
         0.00000000e+00, -6.00000000e-03, -1.00000000e-02,
        -1.00000000e-03,  8.00000000e-03, -8.00000000e-03,
         1.00000000e-02,  0.00000000e+00,  8.00000000e-03,
         2.00000000e-03,  1.00000000e-03, -3.00000000e-03,
         7.00000000e-03, -4.00000000e-03,  4.00000000e-03,
        -4.00000000e-03]]), 'deltas': array([[0.0001975 ],
       [0.00018226],
       [0.00018657],
       [0.00022859],
       [0.00017246],
       [0.        ]]), 'outputs': array([[0.96406015],
       [0.96693308],
       [0.96612131],
       [0.95814616],
       [0.9687695 ],
       [1.        ]]), 'errors': 0.005700226415539435}, {'weights': array([[-1.24058136, -1.23384199, -1.22586222, -1.20593893, -1.23104255,
         2.36673845],
       [ 1.2521918 ,  1.22242479,  1.22644861,  1.20357123,  1.23262522,
        -2.36673893]]), 'deltas': array([[-0.00075668],
       [ 0.0007567 ]]), 'outputs': array([[0.02789972],
       [0.97209985]]), 'errors': array([[-0.02789972],
       [ 0.02790015]])}]
Accuracy: 96.55172413793103 %

train_data group 2 length:  348
   0   1   2   3   4   5   6   7   8  ...  40  41  42  43  44  45  46  47  48
0   1   0   0   1   0   0   1   0   0 ...   1   0   1   0   0   0   1   0   0
1   1   0   0   0   1   0   1   0   0 ...   1   0   1   0   0   0   1   0   0
2   1   0   0   0   1   0   1   0   0 ...   1   0   1   0   0   0   1   0   0
3   1   0   0   0   1   0   1   0   0 ...   1   0   1   0   0   1   0   0   0
4   0   1   0   1   0   0   1   0   0 ...   1   0   1   0   0   0   1   0   0

[5 rows x 49 columns]
Initial Neural Network:
[{'weights': array([[ 0.008,  0.003, -0.001, -0.006, -0.003,  0.007, -0.006,  0.01 ,
        -0.004, -0.003,  0.006, -0.006,  0.006,  0.004,  0.005, -0.008,
        -0.009,  0.001, -0.01 ,  0.003, -0.002,  0.   ,  0.003, -0.01 ,
         0.   ,  0.002,  0.003, -0.01 ,  0.001, -0.003,  0.001, -0.003,
         0.006, -0.01 ,  0.002, -0.008,  0.   , -0.002,  0.007, -0.007,
         0.005,  0.001, -0.007, -0.009, -0.002,  0.003, -0.008,  0.   ,
         0.01 ],
       [ 0.01 ,  0.004,  0.004,  0.01 ,  0.006, -0.003, -0.008, -0.008,
         0.003, -0.002, -0.002, -0.005, -0.001,  0.001, -0.007, -0.004,
        -0.002,  0.007, -0.005, -0.008,  0.001,  0.003, -0.005,  0.005,
        -0.004,  0.001,  0.01 ,  0.007, -0.009,  0.01 ,  0.002, -0.007,
         0.006,  0.009,  0.   ,  0.01 ,  0.001, -0.002,  0.01 , -0.002,
         0.008,  0.008, -0.003, -0.001, -0.008,  0.009, -0.007, -0.003,
         0.001],
       [-0.009, -0.003, -0.008, -0.004, -0.008, -0.001, -0.002,  0.002,
         0.   ,  0.008,  0.001, -0.006,  0.004,  0.003,  0.003, -0.004,
        -0.004,  0.005, -0.002,  0.002,  0.007, -0.002, -0.001,  0.004,
         0.009,  0.001,  0.007,  0.006,  0.   ,  0.003, -0.008, -0.002,
         0.008,  0.008, -0.002,  0.004, -0.004, -0.01 ,  0.007,  0.004,
         0.004, -0.002,  0.001,  0.01 , -0.008,  0.004,  0.009, -0.001,
         0.005],
       [ 0.008,  0.   ,  0.007, -0.006, -0.007,  0.009, -0.009, -0.003,
        -0.004, -0.004,  0.007,  0.007,  0.01 , -0.001,  0.003,  0.004,
         0.006, -0.001, -0.002,  0.   , -0.003, -0.002, -0.003, -0.004,
        -0.007,  0.001, -0.004,  0.007, -0.002,  0.005, -0.005, -0.005,
         0.009,  0.   ,  0.001, -0.003, -0.01 ,  0.01 , -0.003,  0.003,
        -0.003, -0.009, -0.006, -0.004, -0.003, -0.004,  0.006,  0.01 ,
        -0.009],
       [-0.003, -0.009,  0.001, -0.003,  0.   ,  0.001, -0.005,  0.001,
        -0.007, -0.001,  0.001,  0.009,  0.001,  0.01 , -0.002, -0.008,
        -0.009,  0.006,  0.009, -0.007,  0.001,  0.009,  0.007, -0.009,
        -0.007,  0.007,  0.01 ,  0.009,  0.   , -0.01 ,  0.002,  0.005,
        -0.005, -0.004, -0.009, -0.002, -0.002,  0.   , -0.001, -0.003,
         0.007,  0.007, -0.007, -0.003,  0.004,  0.007, -0.002,  0.   ,
         0.008],
       [ 0.005,  0.005,  0.001, -0.008, -0.006,  0.006,  0.007,  0.002,
        -0.001, -0.006, -0.005,  0.004, -0.005,  0.   ,  0.006,  0.009,
         0.002, -0.008,  0.01 ,  0.01 , -0.009, -0.01 , -0.008,  0.003,
        -0.002,  0.01 , -0.004,  0.004,  0.008,  0.002,  0.001,  0.01 ,
        -0.002, -0.006, -0.01 , -0.003, -0.006,  0.008,  0.004, -0.002,
         0.005, -0.007, -0.002, -0.01 ,  0.003,  0.004,  0.002,  0.   ,
         0.005]]), 'deltas': array([[0.],
       [0.],
       [0.],
       [0.],
       [0.],
       [0.]]), 'outputs': array([[0.],
       [0.],
       [0.],
       [0.],
       [0.],
       [0.]]), 'errors': array([[0.],
       [0.],
       [0.],
       [0.],
       [0.],
       [0.]])}, {'weights': array([[-0.004, -0.005, -0.01 ,  0.001, -0.01 , -0.01 ],
       [ 0.003,  0.   ,  0.006,  0.006, -0.009,  0.003]]), 'deltas': array([[0.],
       [0.],
       [0.]]), 'outputs': array([[0.],
       [0.],
       [0.]]), 'errors': array([[0.],
       [0.],
       [0.]])}]
Training complete!
Training done. epoch: 2 , total error: 0.0007307384977881756
[{'weights': array([[-3.51951471e-01,  8.01502506e-02,  2.14823429e-01,
        -6.35837028e-01,  6.17717807e-01, -5.08585698e-02,
        -8.10410882e-01,  6.92779026e-01,  5.06540635e-02,
         2.34396504e+00, -2.49794534e+00,  8.40025058e-02,
         3.16606446e-01, -6.23378934e-01,  2.54794696e-01,
        -3.01007033e-01,  1.41213722e-01,  7.68155199e-02,
         3.46346651e-01, -4.65471952e-01,  4.31475099e-02,
         3.79254259e-01, -7.17615806e-02, -3.81470470e-01,
        -6.02929705e-01,  7.10951615e-01, -1.69999702e-01,
         3.55940656e-01, -3.98578637e-01, -3.63398109e-02,
        -1.63490847e+00,  1.52718003e+00,  4.47506454e-02,
         8.29829314e-01, -8.79458739e-01, -3.33483670e-02,
        -4.68617925e-01,  4.10938803e-01, -4.29866966e-03,
         2.97846498e-01, -4.46657995e-01,  8.08337056e-02,
         2.24949464e-01, -1.49834916e-01, -1.60092340e-01,
        -5.98558311e-02, -5.86117231e-01,  5.73995271e-01,
        -5.69777917e-02],
       [-3.64491076e-01,  8.43718652e-02,  2.32552003e-01,
        -6.19706071e-01,  6.16229674e-01, -4.90908111e-02,
        -8.29310600e-01,  6.76612277e-01,  7.41311156e-02,
         2.34208195e+00, -2.51443683e+00,  9.77876753e-02,
         3.09966231e-01, -6.36653057e-01,  2.54119618e-01,
        -2.97390596e-01,  1.39178150e-01,  9.36452377e-02,
         3.45295366e-01, -4.77614965e-01,  5.47523915e-02,
         3.76722943e-01, -7.72053689e-02, -3.62084782e-01,
        -6.24257346e-01,  7.27462006e-01, -1.61771868e-01,
         3.67132279e-01, -4.10854008e-01, -1.38454785e-02,
        -1.63563015e+00,  1.51878567e+00,  5.22772791e-02,
         8.47958364e-01, -8.88992158e-01, -5.53341344e-03,
        -4.70476130e-01,  4.08694434e-01,  5.21448740e-03,
         3.03391577e-01, -4.50529064e-01,  9.55702788e-02,
         2.18975626e-01, -1.43473320e-01, -1.53069514e-01,
        -6.49263305e-02, -5.85727471e-01,  5.84086593e-01,
        -6.45672079e-02],
       [-3.78457278e-01,  7.27698972e-02,  2.16477053e-01,
        -6.33822138e-01,  6.04206761e-01, -5.25949506e-02,
        -8.17738444e-01,  6.82808939e-01,  6.57191769e-02,
         2.35092821e+00, -2.51051205e+00,  9.33735092e-02,
         3.13165684e-01, -6.32564460e-01,  2.60188448e-01,
        -2.98378398e-01,  1.38137874e-01,  8.80301965e-02,
         3.49168602e-01, -4.68046334e-01,  5.66674043e-02,
         3.73274305e-01, -7.63801367e-02, -3.65104497e-01,
        -6.08425530e-01,  7.21254481e-01, -1.65039280e-01,
         3.66881666e-01, -4.02612703e-01, -2.44792906e-02,
        -1.64151933e+00,  1.51996238e+00,  5.03466224e-02,
         8.46281077e-01, -8.87603375e-01, -1.78880304e-02,
        -4.78833462e-01,  4.03304391e-01, -6.81257710e-04,
         3.05305195e-01, -4.51849674e-01,  8.33341516e-02,
         2.26714362e-01, -1.35753350e-01, -1.57171340e-01,
        -6.74859953e-02, -5.71385680e-01,  5.81661347e-01,
        -6.42103279e-02],
       [-3.63582386e-01,  8.18835549e-02,  2.29063566e-01,
        -6.29891048e-01,  6.03101541e-01, -4.48457594e-02,
        -8.24332760e-01,  6.82449506e-01,  5.82479884e-02,
         2.34164200e+00, -2.50345297e+00,  1.04175703e-01,
         3.20187901e-01, -6.35080081e-01,  2.59256914e-01,
        -2.88067478e-01,  1.49113410e-01,  8.03188028e-02,
         3.48714813e-01, -4.67474545e-01,  4.61244655e-02,
         3.72324296e-01, -7.68501381e-02, -3.72109424e-01,
        -6.18769528e-01,  7.16926881e-01, -1.75792619e-01,
         3.69573519e-01, -4.03452039e-01, -2.37567458e-02,
        -1.63739292e+00,  1.51774593e+00,  5.10117209e-02,
         8.39937354e-01, -8.86489781e-01, -2.30828385e-02,
        -4.78845956e-01,  4.19434688e-01, -1.12239979e-02,
         3.06733545e-01, -4.58400491e-01,  7.50316805e-02,
         2.16121403e-01, -1.42032361e-01, -1.54724309e-01,
        -7.43803766e-02, -5.74019638e-01,  5.92764749e-01,
        -7.66352659e-02],
       [-3.61029169e-01,  7.52118251e-02,  2.31836988e-01,
        -6.44948447e-01,  6.51346167e-01, -5.13780761e-02,
        -8.11526746e-01,  6.96290707e-01,  6.12556820e-02,
         2.34339251e+00, -2.49197021e+00,  1.14597341e-01,
         3.00367660e-01, -5.92266065e-01,  2.57918048e-01,
        -3.11464622e-01,  1.65829856e-01,  9.16544107e-02,
         3.87299961e-01, -4.80493916e-01,  5.32135988e-02,
         4.11954119e-01, -7.31939324e-02, -3.74740543e-01,
        -5.97587007e-01,  7.26127189e-01, -1.61520538e-01,
         3.92683794e-01, -4.01663660e-01, -3.50004901e-02,
        -1.64932748e+00,  1.56837884e+00,  3.99682873e-02,
         8.48568258e-01, -8.92416017e-01, -1.41325967e-02,
        -4.78892580e-01,  4.30018663e-01,  2.89356084e-03,
         2.99512706e-01, -4.25023798e-01,  9.35307357e-02,
         2.42194457e-01, -1.45134658e-01, -1.46040156e-01,
        -4.47434564e-02, -5.81835244e-01,  5.88598344e-01,
        -3.49803561e-02],
       [ 5.00000000e-03,  5.00000000e-03,  1.00000000e-03,
        -8.00000000e-03, -6.00000000e-03,  6.00000000e-03,
         7.00000000e-03,  2.00000000e-03, -1.00000000e-03,
        -6.00000000e-03, -5.00000000e-03,  4.00000000e-03,
        -5.00000000e-03,  0.00000000e+00,  6.00000000e-03,
         9.00000000e-03,  2.00000000e-03, -8.00000000e-03,
         1.00000000e-02,  1.00000000e-02, -9.00000000e-03,
        -1.00000000e-02, -8.00000000e-03,  3.00000000e-03,
        -2.00000000e-03,  1.00000000e-02, -4.00000000e-03,
         4.00000000e-03,  8.00000000e-03,  2.00000000e-03,
         1.00000000e-03,  1.00000000e-02, -2.00000000e-03,
        -6.00000000e-03, -1.00000000e-02, -3.00000000e-03,
        -6.00000000e-03,  8.00000000e-03,  4.00000000e-03,
        -2.00000000e-03,  5.00000000e-03, -7.00000000e-03,
        -2.00000000e-03, -1.00000000e-02,  3.00000000e-03,
         4.00000000e-03,  2.00000000e-03,  0.00000000e+00,
         5.00000000e-03]]), 'deltas': array([[1.74942474e-05],
       [1.74186624e-05],
       [1.71944627e-05],
       [1.74408343e-05],
       [1.54858528e-05],
       [0.00000000e+00]]), 'outputs': array([[0.99657393],
       [0.99658879],
       [0.99663284],
       [0.99658443],
       [0.99696846],
       [1.        ]]), 'errors': 0.005123774217114039}, {'weights': array([[-1.18875877, -1.19290522, -1.21927219, -1.18962075, -1.20945005,
         2.39290636],
       [ 1.19213852,  1.19229194,  1.2196902 ,  1.20098625,  1.19485575,
        -2.39282089]]), 'deltas': array([[-0.00071101],
       [ 0.00071096]]), 'outputs': array([[0.02703265],
       [0.9729683 ]]), 'errors': array([[-0.02703265],
       [ 0.0270317 ]])}]
Accuracy: 93.10344827586206 %

train_data group 3 length:  348
   0   1   2   3   4   5   6   7   8  ...  40  41  42  43  44  45  46  47  48
0   1   0   0   1   0   0   1   0   0 ...   1   0   1   0   0   0   1   0   0
1   1   0   0   0   1   0   1   0   0 ...   1   0   1   0   0   0   1   0   0
2   1   0   0   0   1   0   1   0   0 ...   1   0   1   0   0   0   1   0   0
3   1   0   0   0   1   0   1   0   0 ...   1   0   1   0   0   1   0   0   0
4   0   1   0   1   0   0   1   0   0 ...   1   0   1   0   0   0   1   0   0

[5 rows x 49 columns]
Initial Neural Network:
[{'weights': array([[ 0.007, -0.005, -0.002, -0.01 ,  0.002,  0.   , -0.006,  0.002,
        -0.001,  0.   , -0.002,  0.002, -0.004, -0.008,  0.004,  0.002,
         0.01 , -0.001, -0.002,  0.004,  0.004, -0.005,  0.009,  0.01 ,
        -0.008, -0.004, -0.001,  0.   ,  0.002,  0.007, -0.003,  0.006,
         0.   ,  0.004,  0.002,  0.007, -0.005, -0.007, -0.008,  0.008,
        -0.001, -0.004,  0.003, -0.005,  0.007, -0.004,  0.009, -0.005,
         0.007],
       [-0.002,  0.004, -0.007,  0.002, -0.01 ,  0.006, -0.01 ,  0.006,
        -0.003,  0.009,  0.004, -0.005,  0.001, -0.008, -0.006, -0.006,
         0.   , -0.007, -0.007, -0.009, -0.002,  0.008, -0.008, -0.008,
         0.003,  0.005,  0.002, -0.006,  0.008,  0.001,  0.005, -0.006,
         0.006,  0.003,  0.   , -0.001, -0.005,  0.008,  0.003,  0.006,
        -0.004,  0.   , -0.005, -0.001,  0.004, -0.01 , -0.004,  0.007,
         0.007],
       [-0.004,  0.008,  0.01 , -0.006, -0.003,  0.003, -0.003, -0.004,
         0.008,  0.006, -0.005, -0.009, -0.008,  0.003,  0.008,  0.004,
         0.   ,  0.003,  0.002, -0.003,  0.01 , -0.004,  0.008, -0.001,
        -0.001,  0.007,  0.001, -0.004, -0.01 , -0.005,  0.005, -0.01 ,
         0.005,  0.008, -0.005, -0.005, -0.01 , -0.004,  0.005,  0.001,
         0.008, -0.008, -0.009, -0.002, -0.004, -0.007,  0.   ,  0.005,
         0.007],
       [ 0.   ,  0.01 ,  0.003, -0.008, -0.006,  0.007,  0.009,  0.006,
        -0.002, -0.001,  0.01 ,  0.002,  0.003, -0.002,  0.001, -0.001,
        -0.003, -0.001,  0.007,  0.003,  0.004,  0.004, -0.005,  0.001,
         0.007,  0.007, -0.01 , -0.002,  0.006,  0.006,  0.003, -0.01 ,
         0.006, -0.004, -0.006, -0.009, -0.001,  0.008,  0.01 ,  0.008,
        -0.006,  0.007, -0.01 , -0.001,  0.   , -0.007, -0.01 ,  0.004,
        -0.01 ],
       [-0.004, -0.002, -0.005,  0.004,  0.01 ,  0.004,  0.005,  0.007,
        -0.006, -0.007, -0.007, -0.004,  0.001,  0.009, -0.008, -0.003,
        -0.008,  0.003,  0.007, -0.007,  0.001, -0.003, -0.005,  0.002,
        -0.007, -0.008,  0.004,  0.004, -0.005,  0.004, -0.01 ,  0.004,
        -0.008, -0.006, -0.009,  0.009, -0.006, -0.005,  0.001, -0.004,
        -0.005,  0.001,  0.004, -0.002,  0.003,  0.006, -0.005, -0.009,
         0.003],
       [-0.003, -0.008,  0.007, -0.008, -0.008,  0.005,  0.   , -0.008,
         0.006,  0.007,  0.   , -0.001, -0.01 , -0.001, -0.003, -0.009,
        -0.004,  0.   ,  0.004,  0.001,  0.004,  0.008,  0.007,  0.002,
        -0.002,  0.003, -0.004,  0.007, -0.006,  0.008,  0.001, -0.005,
         0.004, -0.009,  0.008, -0.002, -0.01 , -0.005,  0.007,  0.009,
         0.009,  0.   , -0.004,  0.002,  0.01 , -0.01 ,  0.003, -0.009,
        -0.002]]), 'deltas': array([[0.],
       [0.],
       [0.],
       [0.],
       [0.],
       [0.]]), 'outputs': array([[0.],
       [0.],
       [0.],
       [0.],
       [0.],
       [0.]]), 'errors': array([[0.],
       [0.],
       [0.],
       [0.],
       [0.],
       [0.]])}, {'weights': array([[ 0.01 , -0.003, -0.004, -0.002,  0.003,  0.004],
       [ 0.007,  0.   ,  0.   , -0.006,  0.007,  0.002]]), 'deltas': array([[0.],
       [0.],
       [0.]]), 'outputs': array([[0.],
       [0.],
       [0.]]), 'errors': array([[0.],
       [0.],
       [0.]])}]
Training complete!
Training done. epoch: 1 , total error: 0.0006940585027799819
[{'weights': array([[-2.83223395e-01,  3.75271617e-01, -8.40589989e-03,
        -2.66665000e-01,  3.05165202e-01,  3.71421200e-02,
        -9.05871242e-01,  9.75440152e-01,  9.07341204e-03,
         2.01443531e+00, -2.02851215e+00,  9.77191633e-02,
         4.68445630e-01, -3.68124678e-01, -2.46786308e-02,
        -2.05154463e-01,  2.73137491e-01,  2.66592936e-02,
         3.37394447e-01, -3.39097522e-01,  9.13453971e-02,
         2.36774997e-01, -6.50383511e-02, -7.40943242e-02,
        -6.41669266e-01,  3.81284161e-01,  3.31027427e-01,
         5.33182435e-01, -4.14920235e-01, -2.56198779e-02,
        -7.69876500e-01,  9.23704353e-01, -6.71855310e-02,
         7.97649457e-01, -4.20215140e-01, -2.80791995e-01,
         1.86062783e-01, -1.78689436e-01,  5.62689745e-02,
         6.10849778e-01, -5.06172766e-01, -1.80346906e-02,
         2.31803178e-01, -2.89748842e-01,  1.46587985e-01,
         1.76304868e-01, -5.71262743e-01,  4.78600196e-01,
         9.06423216e-02],
       [-2.85500881e-01,  3.80777502e-01, -1.31689276e-02,
        -2.55096623e-01,  2.97594831e-01,  4.26094858e-02,
        -9.04664280e-01,  9.78161700e-01,  6.61027342e-03,
         2.02747093e+00, -2.02240570e+00,  9.00424630e-02,
         4.71080283e-01, -3.63991192e-01, -3.29813978e-02,
        -2.16435589e-01,  2.69466908e-01,  2.10763741e-02,
         3.27992512e-01, -3.45458716e-01,  8.65738977e-02,
         2.44741855e-01, -7.54250590e-02, -9.02091031e-02,
        -6.29738386e-01,  3.92572930e-01,  3.34273150e-01,
         5.28128155e-01, -4.07462221e-01, -3.05582401e-02,
        -7.61058234e-01,  9.12592484e-01, -5.94265570e-02,
         7.93876652e-01, -4.17694738e-01, -2.87074221e-01,
         1.82964891e-01, -1.56742142e-01,  6.68849443e-02,
         6.11237770e-01, -5.08436698e-01, -1.36933783e-02,
         2.23967264e-01, -2.82151359e-01,  1.43291788e-01,
         1.69359409e-01, -5.79923623e-01,  4.90671908e-01,
         9.41076933e-02],
       [-2.85267359e-01,  3.81562930e-01,  3.50802244e-03,
        -2.60983627e-01,  3.01814683e-01,  3.89725385e-02,
        -8.99080416e-01,  9.68219318e-01,  1.76646916e-02,
         2.02644748e+00, -2.03519856e+00,  8.65546762e-02,
         4.64869155e-01, -3.56527026e-01, -1.95385351e-02,
        -2.06966552e-01,  2.68777380e-01,  3.09927662e-02,
         3.36612286e-01, -3.40842707e-01,  9.90340143e-02,
         2.34944155e-01, -6.28584779e-02, -8.32820827e-02,
        -6.35469364e-01,  3.93877738e-01,  3.34395219e-01,
         5.26586266e-01, -4.23215669e-01, -3.65670032e-02,
        -7.60410875e-01,  9.06558612e-01, -6.03441427e-02,
         7.98761276e-01, -4.23685564e-01, -2.91272118e-01,
         1.79879758e-01, -1.70334287e-01,  6.72581226e-02,
         6.06637069e-01, -4.98402267e-01, -2.14312076e-02,
         2.20535715e-01, -2.85392776e-01,  1.35660654e-01,
         1.71025884e-01, -5.74526133e-01,  4.87303843e-01,
         9.28035939e-02],
       [-2.81849801e-01,  3.83783670e-01, -3.37597006e-03,
        -2.61930278e-01,  2.97742199e-01,  4.27459775e-02,
        -8.91738684e-01,  9.82445421e-01,  7.85116209e-03,
         2.01642518e+00, -2.01683861e+00,  9.69713234e-02,
         4.75607713e-01, -3.62234102e-01, -2.58157118e-02,
        -2.11528711e-01,  2.65061670e-01,  2.70249407e-02,
         3.38074959e-01, -3.30636336e-01,  9.21192759e-02,
         2.37851384e-01, -7.08699694e-02, -8.14235156e-02,
        -6.27468681e-01,  3.95325897e-01,  3.21700683e-01,
         5.29232812e-01, -4.08708238e-01, -2.49666743e-02,
        -7.61623312e-01,  9.05793806e-01, -5.96125942e-02,
         7.87056203e-01, -4.25525526e-01, -2.94972778e-01,
         1.87768603e-01, -1.57891384e-01,  7.26806806e-02,
         6.14924851e-01, -5.12753298e-01, -7.61365299e-03,
         2.20322469e-01, -2.83529273e-01,  1.37764703e-01,
         1.69972729e-01, -5.81779114e-01,  4.84364284e-01,
         7.55578993e-02],
       [-2.91286351e-01,  3.81404071e-01, -1.07129125e-02,
        -2.49755108e-01,  3.13537512e-01,  4.46224038e-02,
        -8.96346883e-01,  9.87977112e-01,  4.77457781e-03,
         2.01716994e+00, -2.03592065e+00,  9.11555189e-02,
         4.76786381e-01, -3.48339696e-01, -3.60418770e-02,
        -2.11645437e-01,  2.62793061e-01,  3.12571828e-02,
         3.45481725e-01, -3.43360690e-01,  8.92837719e-02,
         2.39389286e-01, -7.26477208e-02, -8.23367574e-02,
        -6.40898931e-01,  3.82489470e-01,  3.37814268e-01,
         5.38633117e-01, -4.16909530e-01, -2.83187791e-02,
        -7.75804099e-01,  9.25426594e-01, -7.32176872e-02,
         7.90570928e-01, -4.26439293e-01, -2.79726827e-01,
         1.89100212e-01, -1.75512622e-01,  6.68172172e-02,
         6.06077537e-01, -5.10172873e-01, -1.34998565e-02,
         2.36517212e-01, -2.85323619e-01,  1.44211214e-01,
         1.85005032e-01, -5.79367952e-01,  4.76767727e-01,
         9.34048075e-02],
       [-3.00000000e-03, -8.00000000e-03,  7.00000000e-03,
        -8.00000000e-03, -8.00000000e-03,  5.00000000e-03,
         0.00000000e+00, -8.00000000e-03,  6.00000000e-03,
         7.00000000e-03,  0.00000000e+00, -1.00000000e-03,
        -1.00000000e-02, -1.00000000e-03, -3.00000000e-03,
        -9.00000000e-03, -4.00000000e-03,  0.00000000e+00,
         4.00000000e-03,  1.00000000e-03,  4.00000000e-03,
         8.00000000e-03,  7.00000000e-03,  2.00000000e-03,
        -2.00000000e-03,  3.00000000e-03, -4.00000000e-03,
         7.00000000e-03, -6.00000000e-03,  8.00000000e-03,
         1.00000000e-03, -5.00000000e-03,  4.00000000e-03,
        -9.00000000e-03,  8.00000000e-03, -2.00000000e-03,
        -1.00000000e-02, -5.00000000e-03,  7.00000000e-03,
         9.00000000e-03,  9.00000000e-03,  0.00000000e+00,
        -4.00000000e-03,  2.00000000e-03,  1.00000000e-02,
        -1.00000000e-02,  3.00000000e-03, -9.00000000e-03,
        -2.00000000e-03]]), 'deltas': array([[9.97565537e-06],
       [1.01830581e-05],
       [1.01197672e-05],
       [1.01612820e-05],
       [9.79447439e-06],
       [0.00000000e+00]]), 'outputs': array([[0.99795779],
       [0.99791524],
       [0.99792823],
       [0.99791971],
       [0.99799496],
       [1.        ]]), 'errors': 0.004894732518846558}, {'weights': array([[-1.14641899, -1.1539628 , -1.15870273, -1.13984386, -1.14049499,
         2.11415131],
       [ 1.16098054,  1.14854629,  1.15228599,  1.12943335,  1.14810672,
        -2.11418403]]), 'deltas': array([[-0.00067571],
       [ 0.00067584]]), 'outputs': array([[0.02634367],
       [0.97365369]]), 'errors': array([[-0.02634367],
       [ 0.02634631]])}]
Accuracy: 94.25287356321839 %

train_data group 4 length:  347
   0   1   2   3   4   5   6   7   8  ...  40  41  42  43  44  45  46  47  48
0   1   0   0   1   0   0   1   0   0 ...   1   0   1   0   0   0   1   0   0
1   1   0   0   0   1   0   1   0   0 ...   1   0   1   0   0   0   1   0   0
2   1   0   0   0   1   0   1   0   0 ...   1   0   1   0   0   0   1   0   0
3   1   0   0   0   1   0   1   0   0 ...   1   0   1   0   0   1   0   0   0
4   0   1   0   1   0   0   1   0   0 ...   1   0   1   0   0   0   1   0   0

[5 rows x 49 columns]
Initial Neural Network:
[{'weights': array([[ 0.005,  0.002,  0.005,  0.01 ,  0.005,  0.002,  0.005, -0.007,
        -0.009,  0.006,  0.002,  0.002,  0.006,  0.006,  0.002, -0.002,
        -0.006,  0.004,  0.006, -0.004, -0.008, -0.005,  0.005,  0.003,
         0.01 ,  0.008,  0.01 ,  0.001,  0.007, -0.003, -0.003,  0.004,
         0.002, -0.008,  0.005,  0.006,  0.002, -0.005,  0.009, -0.005,
        -0.005,  0.006,  0.005,  0.01 ,  0.004,  0.006,  0.002, -0.006,
         0.   ],
       [ 0.001,  0.002,  0.005,  0.003, -0.002,  0.007,  0.007,  0.006,
        -0.004,  0.006, -0.001,  0.009,  0.004,  0.004,  0.005,  0.   ,
         0.   ,  0.002,  0.009,  0.002,  0.006, -0.003,  0.01 , -0.008,
        -0.009,  0.005,  0.007, -0.01 , -0.001, -0.005, -0.007, -0.008,
         0.003,  0.   , -0.009,  0.007, -0.008, -0.004,  0.008, -0.004,
        -0.005, -0.008, -0.008, -0.003,  0.008,  0.01 ,  0.005,  0.001,
        -0.009],
       [-0.002, -0.004,  0.008,  0.008, -0.009, -0.006, -0.006, -0.003,
         0.007,  0.007, -0.004, -0.004, -0.008,  0.   , -0.01 , -0.006,
        -0.003, -0.002,  0.005,  0.006,  0.001, -0.005,  0.008,  0.01 ,
        -0.01 ,  0.001, -0.01 , -0.005, -0.006,  0.005, -0.003,  0.01 ,
        -0.006, -0.004, -0.003,  0.001,  0.004,  0.009, -0.004, -0.007,
        -0.005, -0.001,  0.005,  0.006, -0.008,  0.002,  0.001, -0.007,
         0.004],
       [-0.002, -0.008, -0.01 , -0.003,  0.   , -0.005, -0.001,  0.01 ,
        -0.006,  0.01 , -0.003,  0.009,  0.007,  0.003,  0.002, -0.003,
         0.002,  0.004,  0.008, -0.007, -0.005,  0.004, -0.008,  0.004,
        -0.003, -0.003, -0.01 , -0.008,  0.009, -0.008, -0.001, -0.009,
         0.001,  0.01 , -0.001,  0.005,  0.006, -0.003,  0.001, -0.01 ,
        -0.002, -0.01 ,  0.002, -0.004,  0.004, -0.006,  0.005, -0.004,
        -0.01 ],
       [-0.007,  0.01 , -0.001,  0.005,  0.004, -0.001,  0.003,  0.004,
         0.002, -0.008, -0.009, -0.006, -0.01 , -0.005,  0.001,  0.01 ,
        -0.006, -0.002,  0.008,  0.002, -0.001,  0.009, -0.007, -0.006,
        -0.003,  0.005,  0.001,  0.006, -0.004,  0.006, -0.009,  0.01 ,
         0.007, -0.006,  0.003, -0.003,  0.004,  0.005, -0.01 , -0.004,
         0.004,  0.004,  0.005,  0.009,  0.007,  0.003,  0.006,  0.001,
        -0.002],
       [ 0.008, -0.006, -0.005, -0.002,  0.001,  0.002,  0.001,  0.009,
         0.01 , -0.009,  0.006,  0.004, -0.003, -0.001,  0.01 , -0.005,
         0.008,  0.001, -0.007,  0.006, -0.009, -0.006,  0.008,  0.   ,
         0.005,  0.   , -0.01 , -0.009,  0.004, -0.004, -0.001, -0.01 ,
         0.003, -0.007,  0.009, -0.001, -0.001,  0.01 ,  0.01 ,  0.003,
         0.007,  0.008,  0.003, -0.009, -0.004, -0.002, -0.008,  0.006,
         0.007]]), 'deltas': array([[0.],
       [0.],
       [0.],
       [0.],
       [0.],
       [0.]]), 'outputs': array([[0.],
       [0.],
       [0.],
       [0.],
       [0.],
       [0.]]), 'errors': array([[0.],
       [0.],
       [0.],
       [0.],
       [0.],
       [0.]])}, {'weights': array([[-0.001,  0.007, -0.009, -0.005, -0.007,  0.   ],
       [-0.003, -0.01 ,  0.006, -0.007,  0.003, -0.007]]), 'deltas': array([[0.],
       [0.],
       [0.]]), 'outputs': array([[0.],
       [0.],
       [0.]]), 'errors': array([[0.],
       [0.],
       [0.]])}]
Training complete!
Training done. epoch: 2 , total error: 0.00019096492868327414
[{'weights': array([[ 6.45102570e-01, -3.71148584e-01, -1.00136145e-01,
         1.42010522e-01,  5.48277799e-01, -5.11470481e-01,
        -8.41107889e-01,  1.25861134e+00, -2.66685610e-01,
         2.55515586e+00, -2.16444215e+00, -2.18895870e-01,
         2.10474840e-01, -7.54601976e-02,  4.08031987e-02,
        -2.30453933e-01,  4.79630130e-01, -9.13583562e-02,
         3.05843738e-01, -3.10939211e-01,  1.60913315e-01,
         3.99373454e-01,  8.09542137e-02, -3.15509827e-01,
        -5.99682407e-01,  7.65745258e-01,  2.37549893e-02,
         6.39880132e-01, -3.13260411e-01, -1.59801881e-01,
        -9.55829579e-01,  1.11720645e+00,  3.44097332e-03,
         5.72253347e-01, -5.79449254e-01,  1.72013748e-01,
         4.41673718e-01, -2.70540473e-01, -3.31540392e-03,
         1.13888845e-01,  1.09326120e-01, -6.53971242e-02,
        -6.26325241e-02,  1.02157693e-01,  1.41292671e-01,
         2.83457036e-01, -3.94883269e-01,  2.75244073e-01,
         1.61817841e-01],
       [ 6.35894240e-01, -3.65379113e-01, -1.01787124e-01,
         1.40663329e-01,  5.38988512e-01, -5.10923839e-01,
        -8.32530725e-01,  1.26834724e+00, -2.66088517e-01,
         2.55234341e+00, -2.16365660e+00, -2.13958808e-01,
         2.08126682e-01, -7.57647297e-02,  4.13660509e-02,
        -2.26884795e-01,  4.86791015e-01, -9.71782173e-02,
         3.07114027e-01, -3.01353478e-01,  1.71967454e-01,
         3.99819675e-01,  8.65628932e-02, -3.26654566e-01,
        -6.13017787e-01,  7.57060358e-01,  1.96854320e-02,
         6.28399918e-01, -3.18244876e-01, -1.65427040e-01,
        -9.55728061e-01,  1.10197388e+00,  2.48218099e-03,
         5.81494539e-01, -5.90632048e-01,  1.67865512e-01,
         4.30198935e-01, -2.61927556e-01, -1.15433762e-02,
         1.17386100e-01,  1.06330828e-01, -7.99889249e-02,
        -8.27961996e-02,  9.87321641e-02,  1.41792038e-01,
         2.83548836e-01, -3.88653720e-01,  2.81832886e-01,
         1.51728003e-01],
       [ 6.39391324e-01, -3.73733380e-01, -9.83151342e-02,
         1.39091738e-01,  5.36117655e-01, -5.16866584e-01,
        -8.44672485e-01,  1.25576002e+00, -2.47744723e-01,
         2.55663264e+00, -2.16751602e+00, -2.24773814e-01,
         1.92867045e-01, -7.68771768e-02,  3.13529410e-02,
        -2.33491828e-01,  4.83767612e-01, -9.59329747e-02,
         3.07559617e-01, -3.01922646e-01,  1.71705838e-01,
         4.03656485e-01,  8.12466543e-02, -3.06560330e-01,
        -6.14309128e-01,  7.54952987e-01,  5.69895031e-03,
         6.34174717e-01, -3.24680907e-01, -1.50151001e-01,
        -9.51948279e-01,  1.12034250e+00, -2.05141588e-03,
         5.75758215e-01, -5.86844584e-01,  1.70429178e-01,
         4.41646593e-01, -2.52500163e-01, -1.48036215e-02,
         1.14483356e-01,  1.09145664e-01, -7.12862113e-02,
        -6.68238439e-02,  1.02938654e-01,  1.32227998e-01,
         2.78183761e-01, -3.96054126e-01,  2.79213173e-01,
         1.69342809e-01],
       [ 6.38334597e-01, -3.74936870e-01, -1.19863966e-01,
         1.35390993e-01,  5.41369736e-01, -5.21226967e-01,
        -8.40531479e-01,  1.27410101e+00, -2.67035771e-01,
         2.56301579e+00, -2.16972053e+00, -2.13761494e-01,
         2.16434415e-01, -7.89195594e-02,  3.80189059e-02,
        -2.25621891e-01,  4.87527539e-01, -9.53718859e-02,
         3.06810830e-01, -3.07623999e-01,  1.60346932e-01,
         4.04474829e-01,  7.50338250e-02, -3.15974892e-01,
        -6.08857912e-01,  7.50573628e-01,  5.81804585e-03,
         6.37073828e-01, -3.11857494e-01, -1.68682572e-01,
        -9.54752719e-01,  1.10892868e+00,  3.57803244e-04,
         5.91523294e-01, -5.80570698e-01,  1.66581167e-01,
         4.45639507e-01, -2.63042250e-01, -1.50634950e-02,
         1.12144219e-01,  1.15370731e-01, -8.59811873e-02,
        -7.08196497e-02,  9.79934972e-02,  1.38359914e-01,
         2.70858123e-01, -3.91988117e-01,  2.79663755e-01,
         1.53533762e-01],
       [ 6.39096937e-01, -3.64634096e-01, -1.05542239e-01,
         1.34121601e-01,  5.55887298e-01, -5.15088296e-01,
        -8.45593944e-01,  1.27336242e+00, -2.51847874e-01,
         2.54329575e+00, -2.17437968e+00, -2.24995474e-01,
         2.01081824e-01, -8.84845496e-02,  4.03233287e-02,
        -2.13499565e-01,  4.78303820e-01, -9.58836523e-02,
         3.10986515e-01, -3.04215624e-01,  1.69149712e-01,
         4.07240564e-01,  7.71006391e-02, -3.21420601e-01,
        -6.14671373e-01,  7.68974862e-01,  1.56171139e-02,
         6.39686547e-01, -3.14954921e-01, -1.49811023e-01,
        -9.58908041e-01,  1.12327237e+00,  1.05562782e-02,
         5.81870635e-01, -5.86447969e-01,  1.65497937e-01,
         4.52815710e-01, -2.67186027e-01, -1.97090805e-02,
         1.14883589e-01,  1.20534407e-01, -6.44973929e-02,
        -6.43694084e-02,  1.05809907e-01,  1.46480104e-01,
         2.75903192e-01, -3.88542151e-01,  2.89559561e-01,
         1.64920603e-01],
       [ 8.00000000e-03, -6.00000000e-03, -5.00000000e-03,
        -2.00000000e-03,  1.00000000e-03,  2.00000000e-03,
         1.00000000e-03,  9.00000000e-03,  1.00000000e-02,
        -9.00000000e-03,  6.00000000e-03,  4.00000000e-03,
        -3.00000000e-03, -1.00000000e-03,  1.00000000e-02,
        -5.00000000e-03,  8.00000000e-03,  1.00000000e-03,
        -7.00000000e-03,  6.00000000e-03, -9.00000000e-03,
        -6.00000000e-03,  8.00000000e-03,  0.00000000e+00,
         5.00000000e-03,  0.00000000e+00, -1.00000000e-02,
        -9.00000000e-03,  4.00000000e-03, -4.00000000e-03,
        -1.00000000e-03, -1.00000000e-02,  3.00000000e-03,
        -7.00000000e-03,  9.00000000e-03, -1.00000000e-03,
        -1.00000000e-03,  1.00000000e-02,  1.00000000e-02,
         3.00000000e-03,  7.00000000e-03,  8.00000000e-03,
         3.00000000e-03, -9.00000000e-03, -4.00000000e-03,
        -2.00000000e-03, -8.00000000e-03,  6.00000000e-03,
         7.00000000e-03]]), 'deltas': array([[6.13608749e-07],
       [6.31420547e-07],
       [6.28185276e-07],
       [6.11264382e-07],
       [5.87578393e-07],
       [0.00000000e+00]]), 'outputs': array([[0.99961836],
       [0.99960728],
       [0.99960929],
       [0.99961982],
       [0.99963455],
       [1.        ]]), 'errors': 0.0016084278391335736}, {'weights': array([[-1.31949638, -1.3155458 , -1.33155162, -1.33402254, -1.33186742,
         2.36112776],
       [ 1.32071562,  1.31774505,  1.3337306 ,  1.32720968,  1.33304914,
        -2.3611147 ]]), 'deltas': array([[-0.00018832],
       [ 0.00018833]]), 'outputs': array([[0.01381887],
       [0.98618085]]), 'errors': array([[-0.01381887],
       [ 0.01381915]])}]
Accuracy: 93.18181818181817 %

Feedforward Neural Network AVG Accuracy (%): 94.02262399455664 %
