Namespace(error_threshold=0.001, max_epochs=1000, num_layers=2, num_nodes_per_hidden_layer=5, training_rate=0.3)

train_data group 0 length:  349
   0   1   2   3   4   5   6   7   8  ...  40  41  42  43  44  45  46  47  48
0   1   0   0   0   1   0   1   0   0 ...   1   0   1   0   0   0   1   0   0
1   1   0   0   0   0   1   1   0   0 ...   1   0   1   0   0   0   1   0   0
2   1   0   0   0   1   0   1   0   0 ...   1   0   1   0   0   0   1   0   0
3   1   0   0   0   1   0   1   0   0 ...   1   0   1   0   0   1   0   0   0
4   1   0   0   1   0   0   1   0   0 ...   1   0   1   0   0   1   0   0   0

[5 rows x 49 columns]
Initial Neural Network:
[{'weights': array([[ 0.002,  0.009,  0.004,  0.002, -0.009, -0.01 , -0.003,  0.001,
        -0.001,  0.009,  0.009,  0.006, -0.007,  0.002,  0.004,  0.006,
         0.009,  0.005,  0.008,  0.002, -0.005, -0.001, -0.01 , -0.001,
        -0.007,  0.001,  0.01 ,  0.   , -0.009,  0.005, -0.006,  0.007,
         0.01 ,  0.01 ,  0.   , -0.006,  0.008,  0.007,  0.01 , -0.008,
         0.004,  0.009,  0.003,  0.   ,  0.007,  0.005,  0.009, -0.009,
        -0.006],
       [-0.01 ,  0.01 ,  0.006, -0.006, -0.001,  0.003, -0.005,  0.007,
        -0.007,  0.007, -0.007, -0.005,  0.007,  0.009, -0.005, -0.005,
        -0.009, -0.01 , -0.01 , -0.01 ,  0.001, -0.008, -0.006, -0.004,
        -0.009, -0.006, -0.006,  0.01 , -0.006, -0.008, -0.008, -0.005,
         0.01 , -0.002,  0.005,  0.009, -0.01 ,  0.002,  0.   ,  0.   ,
         0.008,  0.009,  0.003, -0.001, -0.002,  0.009,  0.   , -0.005,
        -0.009],
       [-0.007, -0.009,  0.007, -0.004,  0.004,  0.002, -0.007, -0.002,
         0.002,  0.004,  0.008,  0.004, -0.008,  0.   , -0.008,  0.009,
        -0.001, -0.01 , -0.007, -0.004,  0.005,  0.009, -0.01 ,  0.008,
         0.004, -0.008, -0.007, -0.001, -0.01 ,  0.009,  0.001, -0.001,
         0.01 ,  0.003,  0.007, -0.004,  0.002, -0.007, -0.007, -0.002,
         0.001, -0.01 ,  0.01 ,  0.002, -0.004,  0.   , -0.003, -0.001,
        -0.009],
       [-0.001, -0.001,  0.005,  0.   ,  0.01 ,  0.004,  0.009, -0.01 ,
         0.003, -0.006,  0.   ,  0.   , -0.005,  0.005, -0.002, -0.01 ,
        -0.004, -0.001,  0.003,  0.007, -0.004, -0.007, -0.001,  0.008,
        -0.005,  0.002, -0.008,  0.003, -0.009,  0.003,  0.009, -0.004,
        -0.007,  0.01 ,  0.   ,  0.   , -0.005,  0.007,  0.009, -0.005,
         0.01 , -0.003,  0.007,  0.01 , -0.009,  0.001,  0.002,  0.008,
        -0.009],
       [-0.005,  0.009,  0.006, -0.004,  0.001, -0.01 , -0.004,  0.01 ,
         0.01 , -0.005, -0.002,  0.006,  0.   , -0.005,  0.002,  0.009,
         0.003, -0.01 , -0.003, -0.006,  0.002,  0.003,  0.01 , -0.003,
        -0.005, -0.004, -0.007, -0.002, -0.005, -0.001,  0.004,  0.   ,
         0.009,  0.009, -0.004, -0.005,  0.007,  0.009, -0.009,  0.005,
        -0.009,  0.004, -0.006,  0.009, -0.008,  0.   , -0.002, -0.009,
        -0.009],
       [ 0.01 , -0.003,  0.003,  0.008, -0.008, -0.002,  0.009,  0.005,
         0.007,  0.01 , -0.009, -0.003, -0.008,  0.007, -0.008, -0.009,
        -0.005, -0.006,  0.004, -0.008, -0.002,  0.001,  0.001, -0.006,
        -0.004, -0.001, -0.005, -0.005, -0.008, -0.008,  0.002, -0.003,
         0.   ,  0.01 , -0.007,  0.008,  0.009, -0.007, -0.002, -0.003,
         0.009, -0.01 , -0.003,  0.001, -0.004,  0.002, -0.009, -0.001,
         0.003]]), 'deltas': array([[0.],
       [0.],
       [0.],
       [0.],
       [0.],
       [0.]]), 'outputs': array([[0.],
       [0.],
       [0.],
       [0.],
       [0.],
       [0.]]), 'errors': array([[0.],
       [0.],
       [0.],
       [0.],
       [0.],
       [0.]])}, {'weights': array([[ 0.003,  0.001, -0.001, -0.01 ,  0.005,  0.001],
       [-0.008, -0.005,  0.006,  0.005,  0.006,  0.006]]), 'deltas': array([[0.],
       [0.],
       [0.]]), 'outputs': array([[0.],
       [0.],
       [0.]]), 'errors': array([[0.],
       [0.],
       [0.]])}]
Training complete!
Training done. epoch: 6 , total error: 0.0004480285084775257
[{'weights': array([[ 9.94524808e-02, -5.62840861e-02, -2.62536992e-02,
         4.31260217e-02,  1.99043622e-01, -2.57254949e-01,
        -5.47185368e-01,  7.63815966e-01, -2.17715903e-01,
         2.06354196e+00, -2.03639088e+00, -1.23637654e-03,
         2.07738469e-01, -2.31377924e-01,  2.45541510e-02,
        -2.57513229e-01,  3.00661160e-01, -2.12332355e-02,
         2.43721514e-01, -2.29528116e-01, -7.27870176e-03,
         3.39167391e-01, -3.18385174e-02, -3.17414178e-01,
        -3.35242531e-01,  4.51798735e-01, -1.10641508e-01,
         3.98644898e-01, -2.94672707e-01, -1.06057495e-01,
        -7.51437455e-01,  6.88712772e-01,  7.56393792e-02,
         5.52134204e-01,  8.27252722e-02, -6.28944780e-01,
        -2.51251629e-01,  4.34649036e-01, -1.56482711e-01,
         2.76353470e-01, -2.24019562e-01, -4.54192125e-02,
        -2.58921193e-01,  2.95917114e-01, -2.50812251e-02,
        -1.11845291e-01, -3.37915077e-01,  4.56675064e-01,
        -4.08530447e-03],
       [ 9.40800112e-02, -5.67537781e-02, -2.10748266e-02,
         4.18715478e-02,  2.05115339e-01, -2.40735480e-01,
        -5.49581089e-01,  7.73495138e-01, -2.18662643e-01,
         2.06308394e+00, -2.05040095e+00, -7.43158384e-03,
         2.22805390e-01, -2.20072931e-01,  1.85189479e-02,
        -2.68972154e-01,  2.89268134e-01, -3.40445734e-02,
         2.32977143e-01, -2.41507676e-01, -2.18060325e-04,
         3.38862427e-01, -2.79161242e-02, -3.18694896e-01,
        -3.32551427e-01,  4.44901490e-01, -1.23098657e-01,
         4.09446183e-01, -2.86475825e-01, -1.16718952e-01,
        -7.47825536e-01,  6.79429614e-01,  7.56473293e-02,
         5.43145180e-01,  9.44440048e-02, -6.15337779e-01,
        -2.66355852e-01,  4.34348585e-01, -1.65741327e-01,
         2.88206026e-01, -2.16092181e-01, -4.48624391e-02,
        -2.57300943e-01,  2.98039097e-01, -3.04867474e-02,
        -1.10480762e-01, -3.41624033e-01,  4.66356202e-01,
         1.25140653e-03],
       [ 8.95504534e-02, -6.94967842e-02, -1.79841539e-02,
         4.03739854e-02,  2.13444565e-01, -2.40749035e-01,
        -5.55172771e-01,  7.67964012e-01, -2.08721726e-01,
         2.06120170e+00, -2.03634365e+00,  2.21147069e-03,
         2.13256281e-01, -2.33268161e-01,  1.50813951e-02,
        -2.53542241e-01,  2.96916871e-01, -3.43051152e-02,
         2.35547571e-01, -2.34449292e-01,  3.97123653e-03,
         3.49938329e-01, -2.47619505e-02, -3.07106863e-01,
        -3.24989748e-01,  4.51313504e-01, -1.26254241e-01,
         4.03783337e-01, -2.94910111e-01, -9.98037114e-02,
        -7.42227447e-01,  6.87182110e-01,  7.61148529e-02,
         5.46615734e-01,  9.55766599e-02, -6.25122878e-01,
        -2.55630043e-01,  4.26195064e-01, -1.71495505e-01,
         2.87516063e-01, -2.24649148e-01, -6.27973988e-02,
        -2.48978487e-01,  3.00966312e-01, -3.29183103e-02,
        -1.18396094e-01, -3.46463784e-01,  4.71929394e-01,
         2.06951535e-03],
       [ 9.43198750e-02, -6.59469041e-02, -1.77634047e-02,
         4.78489289e-02,  2.11102475e-01, -2.37341838e-01,
        -5.41979195e-01,  7.57779113e-01, -2.06190353e-01,
         2.05084522e+00, -2.04876511e+00, -4.70546365e-04,
         2.12913659e-01, -2.28842419e-01,  2.15383261e-02,
        -2.73300694e-01,  2.90616215e-01, -2.47059544e-02,
         2.45077875e-01, -2.27261376e-01, -4.20693198e-03,
         3.38308756e-01, -2.25875938e-02, -3.08111596e-01,
        -3.34451991e-01,  4.59406739e-01, -1.28345182e-01,
         4.04641942e-01, -2.94775993e-01, -1.05256383e-01,
        -7.35382064e-01,  6.80102419e-01,  6.08892109e-02,
         5.52356248e-01,  8.46342289e-02, -6.19380911e-01,
        -2.62529282e-01,  4.36072246e-01, -1.54933397e-01,
         2.85886728e-01, -2.20266918e-01, -5.60102446e-02,
        -2.55181786e-01,  3.09655257e-01, -3.88639051e-02,
        -1.19481799e-01, -3.41895074e-01,  4.79986439e-01,
        -1.39043371e-03],
       [ 9.68480281e-02, -5.97260005e-02, -1.73192372e-02,
         3.73482008e-02,  2.08729428e-01, -2.49274838e-01,
        -5.54846638e-01,  7.78854150e-01, -1.98204721e-01,
         2.04160984e+00, -2.04031335e+00,  7.50630120e-03,
         2.14353094e-01, -2.33081442e-01,  2.55311388e-02,
        -2.59361652e-01,  3.04505638e-01, -3.33411956e-02,
         2.45927322e-01, -2.45241581e-01,  2.11704957e-03,
         3.49702342e-01, -1.36167297e-02, -3.16282822e-01,
        -3.31969635e-01,  4.51202370e-01, -1.25429944e-01,
         4.01735908e-01, -2.91428798e-01, -1.08504320e-01,
        -7.39902830e-01,  6.85467221e-01,  7.72383991e-02,
         5.47525675e-01,  8.88823027e-02, -6.26605188e-01,
        -2.56726544e-01,  4.45693388e-01, -1.72164053e-01,
         2.90444160e-01, -2.31162313e-01, -4.94790566e-02,
        -2.63357283e-01,  3.03660228e-01, -3.55001545e-02,
        -1.18477010e-01, -3.54397868e-01,  4.71677669e-01,
         8.02790427e-04],
       [ 1.00000000e-02, -3.00000000e-03,  3.00000000e-03,
         8.00000000e-03, -8.00000000e-03, -2.00000000e-03,
         9.00000000e-03,  5.00000000e-03,  7.00000000e-03,
         1.00000000e-02, -9.00000000e-03, -3.00000000e-03,
        -8.00000000e-03,  7.00000000e-03, -8.00000000e-03,
        -9.00000000e-03, -5.00000000e-03, -6.00000000e-03,
         4.00000000e-03, -8.00000000e-03, -2.00000000e-03,
         1.00000000e-03,  1.00000000e-03, -6.00000000e-03,
        -4.00000000e-03, -1.00000000e-03, -5.00000000e-03,
        -5.00000000e-03, -8.00000000e-03, -8.00000000e-03,
         2.00000000e-03, -3.00000000e-03,  0.00000000e+00,
         1.00000000e-02, -7.00000000e-03,  8.00000000e-03,
         9.00000000e-03, -7.00000000e-03, -2.00000000e-03,
        -3.00000000e-03,  9.00000000e-03, -1.00000000e-02,
        -3.00000000e-03,  1.00000000e-03, -4.00000000e-03,
         2.00000000e-03, -9.00000000e-03, -1.00000000e-03,
         3.00000000e-03]]), 'deltas': array([[8.85269545e-05],
       [8.57770488e-05],
       [8.37544788e-05],
       [8.35974673e-05],
       [8.43736822e-05],
       [0.00000000e+00]]), 'outputs': array([[0.97409253],
       [0.97491856],
       [0.9755252 ],
       [0.97557226],
       [0.97533956],
       [1.        ]]), 'errors': 0.003507925552553813}, {'weights': array([[-1.32735891, -1.33344003, -1.32460125, -1.3330194 , -1.32913948,
         2.64721054],
       [ 1.32190311,  1.32901025,  1.32917212,  1.32757496,  1.33969397,
        -2.64715179]]), 'deltas': array([[-0.00043849],
       [ 0.0004386 ]]), 'outputs': array([[0.02116531],
       [0.97883194]]), 'errors': array([[-0.02116531],
       [ 0.02116806]])}]
neural_net output [0.91823236 0.08177156]
target: 0 prediction: 0
neural_net output [0.89953683 0.10046824]
target: 0 prediction: 0
neural_net output [0.9177572 0.0822472]
target: 0 prediction: 0
neural_net output [0.88943796 0.11056833]
target: 0 prediction: 0
neural_net output [0.31521225 0.68474842]
target: 0 prediction: 1
neural_net output [0.92863696 0.0713667 ]
target: 0 prediction: 0
neural_net output [0.90131077 0.09869472]
target: 0 prediction: 0
neural_net output [0.91559077 0.08441244]
target: 0 prediction: 0
neural_net output [0.92021413 0.07979012]
target: 0 prediction: 0
neural_net output [0.91348868 0.08651527]
target: 0 prediction: 0
neural_net output [0.92234157 0.07766193]
target: 0 prediction: 0
neural_net output [0.91643052 0.08357347]
target: 0 prediction: 0
neural_net output [0.65501204 0.34500669]
target: 0 prediction: 0
neural_net output [0.90528704 0.09471701]
target: 0 prediction: 0
neural_net output [0.91021082 0.08979274]
target: 0 prediction: 0
neural_net output [0.90528704 0.09471701]
target: 0 prediction: 0
neural_net output [0.91158583 0.08841842]
target: 0 prediction: 0
neural_net output [0.89831193 0.10169344]
target: 0 prediction: 0
neural_net output [0.90528704 0.09471701]
target: 0 prediction: 0
neural_net output [0.89701583 0.10298897]
target: 0 prediction: 0
neural_net output [0.90226205 0.09774299]
target: 0 prediction: 0
neural_net output [0.89953683 0.10046824]
target: 0 prediction: 0
neural_net output [0.92571404 0.07428931]
target: 0 prediction: 0
neural_net output [0.82936471 0.17064117]
target: 0 prediction: 0
neural_net output [0.9177572 0.0822472]
target: 0 prediction: 0
neural_net output [0.91663343 0.08337043]
target: 0 prediction: 0
neural_net output [0.92428693 0.07571709]
target: 0 prediction: 0
neural_net output [0.89701583 0.10298897]
target: 0 prediction: 0
neural_net output [0.84573145 0.15427903]
target: 0 prediction: 0
neural_net output [0.88066352 0.11934246]
target: 0 prediction: 0
neural_net output [0.89953683 0.10046824]
target: 0 prediction: 0
neural_net output [0.907063   0.09294185]
target: 0 prediction: 0
neural_net output [0.92114681 0.07885747]
target: 0 prediction: 0
neural_net output [0.03139559 0.96860028]
target: 1 prediction: 1
neural_net output [0.01922801 0.98076929]
target: 1 prediction: 1
neural_net output [0.02233583 0.97766108]
target: 1 prediction: 1
neural_net output [0.01943625 0.98056107]
target: 1 prediction: 1
neural_net output [0.01844126 0.98155614]
target: 1 prediction: 1
neural_net output [0.02086335 0.97913377]
target: 1 prediction: 1
neural_net output [0.01903183 0.98096551]
target: 1 prediction: 1
neural_net output [0.08059762 0.91938848]
target: 1 prediction: 1
neural_net output [0.01879135 0.98120603]
target: 1 prediction: 1
neural_net output [0.02032478 0.97967249]
target: 1 prediction: 1
neural_net output [0.02837758 0.97161874]
target: 1 prediction: 1
neural_net output [0.02164311 0.97835413]
target: 1 prediction: 1
neural_net output [0.02244872 0.97754844]
target: 1 prediction: 1
neural_net output [0.02426411 0.97573252]
target: 1 prediction: 1
neural_net output [0.02053338 0.97946375]
target: 1 prediction: 1
neural_net output [0.03426252 0.96573302]
target: 1 prediction: 1
neural_net output [0.01885381 0.98114355]
target: 1 prediction: 1
neural_net output [0.03017973 0.96981657]
target: 1 prediction: 1
neural_net output [0.03777338 0.96222222]
target: 1 prediction: 1
neural_net output [0.01982981 0.98016753]
target: 1 prediction: 1
neural_net output [0.42883661 0.57117402]
target: 1 prediction: 1
neural_net output [0.02404134 0.97595522]
target: 1 prediction: 1
neural_net output [0.01919376 0.98080355]
target: 1 prediction: 1
neural_net output [0.01872596 0.98127141]
target: 1 prediction: 1
neural_net output [0.02101788 0.97897927]
target: 1 prediction: 1
neural_net output [0.36219215 0.63781477]
target: 1 prediction: 1
neural_net output [0.01883546 0.98116188]
target: 1 prediction: 1
neural_net output [0.03017973 0.96981657]
target: 1 prediction: 1
neural_net output [0.03584798 0.96414777]
target: 1 prediction: 1
neural_net output [0.01813708 0.98186034]
target: 1 prediction: 1
neural_net output [0.01933783 0.98065952]
target: 1 prediction: 1
neural_net output [0.02231832 0.97767869]
target: 1 prediction: 1
neural_net output [0.02603794 0.97395858]
target: 1 prediction: 1
neural_net output [0.0182051  0.98179231]
target: 1 prediction: 1
neural_net output [0.02111261 0.97888476]
target: 1 prediction: 1
neural_net output [0.02640979 0.97358711]
target: 1 prediction: 1
neural_net output [0.02110546 0.97889186]
target: 1 prediction: 1
neural_net output [0.07262071 0.9273726 ]
target: 1 prediction: 1
neural_net output [0.02539011 0.97460583]
target: 1 prediction: 1
neural_net output [0.01862859 0.98136879]
target: 1 prediction: 1
neural_net output [0.02263433 0.97736275]
target: 1 prediction: 1
neural_net output [0.01990538 0.98009186]
target: 1 prediction: 1
neural_net output [0.05618179 0.9438107 ]
target: 1 prediction: 1
neural_net output [0.01920086 0.98079643]
target: 1 prediction: 1
neural_net output [0.02736833 0.97262819]
target: 1 prediction: 1
neural_net output [0.02815522 0.97184129]
target: 1 prediction: 1
neural_net output [0.02891118 0.97108474]
target: 1 prediction: 1
neural_net output [0.39260203 0.60741278]
target: 1 prediction: 1
neural_net output [0.2917284  0.70828704]
target: 1 prediction: 1
neural_net output [0.02032478 0.97967249]
target: 1 prediction: 1
neural_net output [0.60849944 0.39151755]
target: 1 prediction: 0
neural_net output [0.04060633 0.95938818]
target: 1 prediction: 1
neural_net output [0.02342645 0.9765702 ]
target: 1 prediction: 1
Accuracy: 97.67441860465115 %

train_data group 1 length:  348
   0   1   2   3   4   5   6   7   8  ...  40  41  42  43  44  45  46  47  48
0   1   0   0   1   0   0   1   0   0 ...   1   0   1   0   0   0   1   0   0
1   1   0   0   0   1   0   1   0   0 ...   1   0   1   0   0   0   1   0   0
2   1   0   0   0   1   0   1   0   0 ...   1   0   1   0   0   0   1   0   0
3   1   0   0   0   1   0   1   0   0 ...   1   0   1   0   0   1   0   0   0
4   0   1   0   1   0   0   1   0   0 ...   1   0   1   0   0   0   1   0   0

[5 rows x 49 columns]
Initial Neural Network:
[{'weights': array([[ 0.008, -0.002,  0.01 ,  0.008, -0.002,  0.003,  0.006, -0.009,
         0.01 ,  0.   ,  0.   , -0.003,  0.007,  0.009,  0.003, -0.007,
         0.01 ,  0.009, -0.007, -0.002, -0.004,  0.006, -0.004, -0.003,
        -0.003, -0.004, -0.01 ,  0.004, -0.001, -0.007, -0.009,  0.006,
         0.009,  0.005, -0.007,  0.002, -0.01 ,  0.001,  0.009, -0.008,
         0.009, -0.01 ,  0.006,  0.005,  0.007,  0.002, -0.005, -0.001,
        -0.001],
       [ 0.01 , -0.01 ,  0.   ,  0.004,  0.005, -0.01 , -0.004,  0.005,
        -0.008,  0.006,  0.007,  0.005, -0.006,  0.005, -0.005, -0.001,
         0.006,  0.   ,  0.01 , -0.002,  0.003,  0.001, -0.003, -0.001,
         0.01 , -0.003,  0.005,  0.002, -0.01 ,  0.01 , -0.008,  0.005,
         0.002,  0.009, -0.009,  0.   , -0.01 , -0.01 , -0.003,  0.004,
         0.   ,  0.   ,  0.007,  0.007,  0.004, -0.003,  0.005, -0.004,
        -0.004],
       [ 0.002, -0.004,  0.008, -0.002, -0.004, -0.001, -0.005, -0.002,
        -0.004, -0.005, -0.005,  0.006,  0.002,  0.005,  0.003, -0.006,
        -0.01 ,  0.01 , -0.004,  0.004,  0.005, -0.001, -0.007,  0.002,
        -0.003,  0.   , -0.003, -0.009,  0.   ,  0.007,  0.01 , -0.005,
        -0.002, -0.009,  0.001,  0.003,  0.005,  0.005,  0.007,  0.01 ,
         0.008, -0.005,  0.   ,  0.004,  0.003,  0.009, -0.001,  0.   ,
        -0.005],
       [ 0.009,  0.007,  0.004, -0.004, -0.008, -0.009, -0.006,  0.   ,
        -0.008,  0.01 ,  0.005,  0.004, -0.006,  0.003,  0.   , -0.005,
        -0.01 ,  0.007, -0.003,  0.01 , -0.006, -0.004,  0.01 ,  0.004,
        -0.006, -0.009,  0.001, -0.003,  0.007,  0.005, -0.003, -0.001,
        -0.002,  0.008, -0.003, -0.006,  0.004, -0.006,  0.004, -0.01 ,
        -0.007,  0.005,  0.003,  0.003, -0.001,  0.006, -0.001, -0.01 ,
        -0.005],
       [ 0.007,  0.005,  0.001,  0.003,  0.002, -0.001, -0.009, -0.002,
        -0.004, -0.006,  0.001, -0.006, -0.002,  0.003, -0.006,  0.   ,
         0.007, -0.006,  0.007, -0.005, -0.004, -0.002, -0.008, -0.001,
         0.005, -0.002, -0.002, -0.004,  0.   ,  0.004, -0.004,  0.007,
        -0.004,  0.009,  0.01 ,  0.009,  0.01 , -0.006,  0.005,  0.005,
         0.001, -0.001, -0.01 , -0.007,  0.008, -0.007, -0.003, -0.003,
         0.008],
       [-0.003, -0.006,  0.003,  0.008, -0.008, -0.01 ,  0.007, -0.009,
         0.007,  0.01 ,  0.   , -0.006, -0.007, -0.001, -0.006,  0.003,
        -0.009,  0.007, -0.003, -0.007,  0.01 ,  0.008,  0.   , -0.01 ,
         0.01 ,  0.009, -0.005,  0.003, -0.001,  0.001,  0.001, -0.001,
         0.   ,  0.005,  0.004,  0.004,  0.003, -0.001, -0.001, -0.001,
         0.004,  0.01 , -0.001, -0.002, -0.001, -0.004, -0.009, -0.006,
         0.004]]), 'deltas': array([[0.],
       [0.],
       [0.],
       [0.],
       [0.],
       [0.]]), 'outputs': array([[0.],
       [0.],
       [0.],
       [0.],
       [0.],
       [0.]]), 'errors': array([[0.],
       [0.],
       [0.],
       [0.],
       [0.],
       [0.]])}, {'weights': array([[ 0.004, -0.001,  0.008,  0.007, -0.007, -0.001],
       [ 0.006, -0.01 ,  0.   , -0.003, -0.003,  0.002]]), 'deltas': array([[0.],
       [0.],
       [0.]]), 'outputs': array([[0.],
       [0.],
       [0.]]), 'errors': array([[0.],
       [0.],
       [0.]])}]
Training complete!
Training done. epoch: 3 , total error: 0.000948280210991465
[{'weights': array([[-1.58101015e-02,  1.88961853e-01, -1.05064179e-01,
        -2.53492589e-01,  5.04305955e-01, -1.89725794e-01,
        -6.25072390e-01,  6.89688415e-01, -5.52845168e-03,
         1.51426879e+00, -1.37399355e+00, -9.11876623e-02,
         3.72268000e-01, -3.20298703e-01,  1.91182754e-02,
        -2.31007642e-02,  1.74268836e-01, -8.70804990e-02,
         4.32410590e-01, -3.96421718e-01,  3.09870132e-03,
         1.80644032e-01,  1.41444028e-01, -2.71000487e-01,
        -3.68903680e-01,  3.95391171e-01,  8.60008215e-03,
         4.23217726e-01, -2.53250498e-01, -1.21879655e-01,
        -8.95140933e-01,  1.01479671e+00, -6.15682056e-02,
         4.99366250e-01, -1.08449151e-01, -3.38829526e-01,
         1.01136809e-01, -1.07266757e-02, -3.83225605e-02,
         2.02756392e-01,  3.81927724e-03, -1.63488096e-01,
        -2.81120907e-01,  4.38382721e-01, -8.71742405e-02,
         1.31888351e-01, -1.87639825e-01,  1.03839047e-01,
         5.10875731e-02],
       [-1.08731746e-02,  1.79602912e-01, -1.16541873e-01,
        -2.57285135e-01,  5.10530041e-01, -2.02057041e-01,
        -6.33334129e-01,  7.04227836e-01, -2.57058426e-02,
         1.51873988e+00, -1.36345493e+00, -8.50970863e-02,
         3.57509793e-01, -3.21893779e-01,  1.05718512e-02,
        -1.99164724e-02,  1.73456876e-01, -9.63525391e-02,
         4.51509966e-01, -3.97652589e-01,  9.33048853e-03,
         1.79437292e-01,  1.39994906e-01, -2.70244333e-01,
        -3.55071912e-01,  3.93046999e-01,  2.62127772e-02,
         4.21668251e-01, -2.61947099e-01, -1.05533287e-01,
        -8.95900544e-01,  1.01620219e+00, -6.91137804e-02,
         5.00648673e-01, -1.06694950e-01, -3.41765857e-01,
         9.86020930e-02, -2.02939705e-02, -4.91202578e-02,
         2.10869692e-01,  1.58024954e-03, -1.56262077e-01,
        -2.79334778e-01,  4.39983709e-01, -9.04610668e-02,
         1.30066881e-01, -1.81784479e-01,  1.01905463e-01,
         4.81878647e-02],
       [-1.94612453e-02,  1.86913080e-01, -1.07125771e-01,
        -2.61960705e-01,  5.01558692e-01, -1.92271924e-01,
        -6.27526423e-01,  6.92683904e-01, -2.18314181e-02,
         1.50709948e+00, -1.37465061e+00, -8.21228017e-02,
         3.67231925e-01, -3.21663310e-01,  1.87574489e-02,
        -2.47905031e-02,  1.59533850e-01, -8.64172835e-02,
         4.35706343e-01, -3.88962002e-01,  1.25817224e-02,
         1.75220326e-01,  1.37825343e-01, -2.64719605e-01,
        -3.62608687e-01,  3.97169400e-01,  1.37653510e-02,
         4.12838535e-01, -2.52155480e-01, -1.08356992e-01,
        -8.77111479e-01,  1.00459138e+00, -7.01538408e-02,
         4.86884112e-01, -1.01588154e-01, -3.35969895e-01,
         1.14264697e-01, -1.32061740e-03, -4.16180163e-02,
         2.20312918e-01,  4.08473358e-03, -1.57071588e-01,
        -2.84242607e-01,  4.33785311e-01, -8.82166401e-02,
         1.37151637e-01, -1.81179206e-01,  1.06353633e-01,
         4.93260636e-02],
       [-7.36296129e-03,  1.94539185e-01, -1.13679745e-01,
        -2.64252596e-01,  4.98012325e-01, -2.01263251e-01,
        -6.25455826e-01,  6.92267397e-01, -2.73150927e-02,
         1.52020914e+00, -1.36188051e+00, -8.58321580e-02,
         3.57402690e-01, -3.22528268e-01,  1.56220559e-02,
        -2.40885002e-02,  1.58862970e-01, -8.92779919e-02,
         4.38615871e-01, -3.86240189e-01,  2.12079690e-03,
         1.75796602e-01,  1.50162617e-01, -2.62462740e-01,
        -3.66465955e-01,  3.84762788e-01,  2.11996449e-02,
         4.17063018e-01, -2.44510222e-01, -1.10056317e-01,
        -8.89992445e-01,  1.00798465e+00, -7.04957247e-02,
         4.99063612e-01, -1.02378799e-01, -3.44188335e-01,
         1.11606103e-01, -1.04021649e-02, -4.57074599e-02,
         1.97634853e-01, -6.70793092e-03, -1.49430443e-01,
        -2.80818261e-01,  4.30529513e-01, -9.12147739e-02,
         1.37511389e-01, -1.82656463e-01,  9.36415528e-02,
         4.84964784e-02],
       [-1.28472425e-02,  1.93212991e-01, -1.14876021e-01,
        -2.59688700e-01,  5.09292558e-01, -1.93114130e-01,
        -6.38308675e-01,  6.96814260e-01, -2.10158568e-02,
         1.50507340e+00, -1.36878422e+00, -9.47994565e-02,
         3.62043762e-01, -3.24877827e-01,  1.03237921e-02,
        -1.80584610e-02,  1.73172617e-01, -1.01624428e-01,
         4.47209650e-01, -3.99847710e-01,  3.12778831e-03,
         1.75141165e-01,  1.35068344e-01, -2.68719781e-01,
        -3.59944388e-01,  3.95719643e-01,  1.77144723e-02,
         4.17820220e-01, -2.54577379e-01, -1.10753113e-01,
        -8.92938627e-01,  1.01784856e+00, -7.34202101e-02,
         5.02330770e-01, -9.04590423e-02, -3.31382000e-01,
         1.16879077e-01, -1.35410459e-02, -4.18483031e-02,
         2.12331963e-01,  1.04556528e-03, -1.55887801e-01,
        -2.94081783e-01,  4.24306611e-01, -8.67351006e-02,
         1.25573648e-01, -1.88072125e-01,  1.01988205e-01,
         6.04897276e-02],
       [-3.00000000e-03, -6.00000000e-03,  3.00000000e-03,
         8.00000000e-03, -8.00000000e-03, -1.00000000e-02,
         7.00000000e-03, -9.00000000e-03,  7.00000000e-03,
         1.00000000e-02,  0.00000000e+00, -6.00000000e-03,
        -7.00000000e-03, -1.00000000e-03, -6.00000000e-03,
         3.00000000e-03, -9.00000000e-03,  7.00000000e-03,
        -3.00000000e-03, -7.00000000e-03,  1.00000000e-02,
         8.00000000e-03,  0.00000000e+00, -1.00000000e-02,
         1.00000000e-02,  9.00000000e-03, -5.00000000e-03,
         3.00000000e-03, -1.00000000e-03,  1.00000000e-03,
         1.00000000e-03, -1.00000000e-03,  0.00000000e+00,
         5.00000000e-03,  4.00000000e-03,  4.00000000e-03,
         3.00000000e-03, -1.00000000e-03, -1.00000000e-03,
        -1.00000000e-03,  4.00000000e-03,  1.00000000e-02,
        -1.00000000e-03, -2.00000000e-03, -1.00000000e-03,
        -4.00000000e-03, -9.00000000e-03, -6.00000000e-03,
         4.00000000e-03]]), 'deltas': array([[3.61658502e-05],
       [3.57804500e-05],
       [3.73550698e-05],
       [3.72242239e-05],
       [3.63546549e-05],
       [0.00000000e+00]]), 'outputs': array([[0.99431671],
       [0.99437761],
       [0.99412872],
       [0.9941494 ],
       [0.99428686],
       [1.        ]]), 'errors': 0.006399909092167973}, {'weights': array([[-1.12977084, -1.14118469, -1.11938229, -1.12961958, -1.14379259,
         2.18039277],
       [ 1.13955891,  1.12997328,  1.12717298,  1.13340982,  1.13358132,
        -2.1803647 ]]), 'deltas': array([[-0.00091905],
       [ 0.0009191 ]]), 'outputs': array([[0.03079374],
       [0.96920543]]), 'errors': array([[-0.03079374],
       [ 0.03079457]])}]
Accuracy: 94.25287356321839 %

train_data group 2 length:  348
   0   1   2   3   4   5   6   7   8  ...  40  41  42  43  44  45  46  47  48
0   1   0   0   1   0   0   1   0   0 ...   1   0   1   0   0   0   1   0   0
1   1   0   0   0   1   0   1   0   0 ...   1   0   1   0   0   0   1   0   0
2   1   0   0   0   1   0   1   0   0 ...   1   0   1   0   0   0   1   0   0
3   1   0   0   0   1   0   1   0   0 ...   1   0   1   0   0   1   0   0   0
4   0   1   0   1   0   0   1   0   0 ...   1   0   1   0   0   0   1   0   0

[5 rows x 49 columns]
Initial Neural Network:
[{'weights': array([[-0.001,  0.001, -0.01 ,  0.008,  0.002,  0.002, -0.007, -0.01 ,
         0.007, -0.007,  0.006,  0.004,  0.008,  0.001, -0.01 , -0.009,
         0.001, -0.009,  0.008,  0.008,  0.009, -0.005,  0.004,  0.005,
         0.006,  0.005,  0.01 , -0.007, -0.001, -0.01 ,  0.003, -0.009,
         0.005,  0.002,  0.003,  0.005,  0.002, -0.003,  0.001,  0.01 ,
        -0.008,  0.   , -0.005,  0.01 , -0.007,  0.   ,  0.01 ,  0.005,
        -0.008],
       [-0.003, -0.01 ,  0.007, -0.004,  0.002,  0.   , -0.005,  0.005,
        -0.008,  0.003,  0.001, -0.006, -0.008,  0.01 ,  0.008,  0.003,
         0.007, -0.002, -0.01 , -0.007,  0.001, -0.006,  0.   , -0.009,
         0.   ,  0.003, -0.01 ,  0.001,  0.006,  0.007,  0.002, -0.01 ,
         0.01 , -0.01 ,  0.003,  0.006,  0.01 , -0.007, -0.008, -0.003,
         0.003, -0.009, -0.002, -0.005, -0.002, -0.004,  0.006,  0.008,
        -0.004],
       [-0.007,  0.006, -0.002,  0.009,  0.009, -0.007,  0.008,  0.007,
         0.002, -0.01 ,  0.006, -0.004, -0.002, -0.005, -0.004,  0.009,
         0.008, -0.001, -0.005, -0.001, -0.009, -0.004, -0.001,  0.001,
         0.002,  0.007,  0.008,  0.009, -0.006, -0.006,  0.006,  0.004,
         0.005, -0.005,  0.006,  0.009,  0.001, -0.001, -0.01 ,  0.   ,
         0.005,  0.008, -0.007, -0.009, -0.003,  0.009, -0.006, -0.008,
         0.003],
       [-0.003,  0.   ,  0.01 ,  0.004,  0.008, -0.007, -0.01 ,  0.01 ,
         0.005, -0.01 ,  0.003,  0.007, -0.003,  0.   , -0.008, -0.007,
         0.007,  0.   ,  0.005, -0.005, -0.004, -0.01 ,  0.001,  0.001,
         0.005,  0.004, -0.001,  0.006, -0.009,  0.01 , -0.007,  0.008,
         0.009,  0.002,  0.008, -0.001, -0.006, -0.004, -0.008, -0.008,
        -0.003, -0.003, -0.008,  0.002, -0.009, -0.003, -0.004, -0.001,
        -0.007],
       [ 0.007, -0.002,  0.008, -0.01 ,  0.   , -0.004, -0.007, -0.004,
        -0.006,  0.004,  0.   , -0.008,  0.002,  0.007, -0.005,  0.008,
        -0.004,  0.   ,  0.005,  0.004,  0.002,  0.003, -0.007, -0.009,
         0.005,  0.   , -0.001,  0.008, -0.01 , -0.005, -0.004, -0.01 ,
         0.   ,  0.004,  0.002,  0.005,  0.009, -0.01 ,  0.007, -0.005,
         0.003,  0.008,  0.007, -0.007,  0.004, -0.002, -0.001,  0.004,
        -0.01 ],
       [ 0.004,  0.004, -0.01 , -0.001, -0.005, -0.007,  0.006, -0.002,
        -0.009,  0.001,  0.   , -0.004, -0.009,  0.003, -0.01 , -0.001,
        -0.004, -0.002,  0.005,  0.002,  0.007,  0.01 ,  0.01 ,  0.007,
         0.005,  0.001, -0.009, -0.003,  0.004,  0.006,  0.004, -0.007,
         0.003,  0.005, -0.004,  0.008, -0.01 , -0.007,  0.008,  0.007,
        -0.005, -0.004, -0.01 ,  0.007, -0.003,  0.   , -0.004,  0.001,
         0.009]]), 'deltas': array([[0.],
       [0.],
       [0.],
       [0.],
       [0.],
       [0.]]), 'outputs': array([[0.],
       [0.],
       [0.],
       [0.],
       [0.],
       [0.]]), 'errors': array([[0.],
       [0.],
       [0.],
       [0.],
       [0.],
       [0.]])}, {'weights': array([[ 0.005, -0.006,  0.007,  0.006, -0.009, -0.01 ],
       [-0.004, -0.004, -0.004,  0.006,  0.004, -0.003]]), 'deltas': array([[0.],
       [0.],
       [0.]]), 'outputs': array([[0.],
       [0.],
       [0.]]), 'errors': array([[0.],
       [0.],
       [0.]])}]
Training complete!
Training done. epoch: 6 , total error: 0.00032410516927261187
[{'weights': array([[ 2.11522004e-02, -8.92265217e-02,  7.63707309e-02,
        -4.10460035e-01,  5.12331754e-01, -7.15753098e-02,
        -8.21306415e-01,  7.46694463e-01,  8.29083615e-02,
         2.00470885e+00, -1.92345381e+00, -5.99586284e-02,
         2.61535915e-01, -3.63308341e-01,  1.19068836e-01,
        -1.84655523e-01,  1.76123715e-01,  9.82821697e-03,
         4.23047219e-01, -3.63114303e-01, -1.66365065e-02,
         4.58039694e-01, -6.68308883e-02, -3.68912396e-01,
        -4.53375212e-01,  7.86017442e-01, -2.93345821e-01,
         5.71389912e-01, -4.94811006e-01, -7.62824959e-02,
        -1.06638252e+00,  1.18091849e+00, -9.72395565e-02,
         4.16831118e-01, -3.79473878e-02, -3.50587321e-01,
        -3.06307103e-01,  3.38591408e-01, -1.39878952e-02,
         1.81174505e-01, -1.44880422e-01, -1.59976732e-02,
        -1.03330363e-01,  3.59063575e-01, -2.39436803e-01,
        -1.76112566e-02, -3.27097848e-01,  3.78005514e-01,
         1.02964096e-02],
       [ 1.85121794e-02, -9.64032357e-02,  9.37315598e-02,
        -4.20728244e-01,  5.13721796e-01, -7.31530480e-02,
        -8.19831297e-01,  7.64873225e-01,  6.87985758e-02,
         2.01802825e+00, -1.92973747e+00, -6.84502782e-02,
         2.48814986e-01, -3.55140338e-01,  1.38165855e-01,
        -1.70002753e-01,  1.81454693e-01,  1.83885639e-02,
         4.06652363e-01, -3.78017671e-01, -2.27941879e-02,
         4.57315945e-01, -7.09532879e-02, -3.79522154e-01,
        -4.57626482e-01,  7.85505928e-01, -3.13038942e-01,
         5.81509041e-01, -4.88159200e-01, -5.75093378e-02,
        -1.07013370e+00,  1.18673301e+00, -9.27588029e-02,
         4.11521967e-01, -3.88296038e-02, -3.51851859e-01,
        -2.96169829e-01,  3.32696766e-01, -1.96864341e-02,
         1.72881881e-01, -1.38132961e-01, -2.19084169e-02,
        -1.03077950e-01,  3.49910695e-01, -2.33992242e-01,
        -1.86906464e-02, -3.32167860e-01,  3.82699010e-01,
         1.78405035e-02],
       [ 1.80838307e-02, -8.80856163e-02,  8.32236728e-02,
        -4.12442779e-01,  5.18352621e-01, -7.86879546e-02,
        -8.15170076e-01,  7.68716169e-01,  7.96757942e-02,
         2.00360604e+00, -1.92816075e+00, -6.72234001e-02,
         2.52096342e-01, -3.72997985e-01,  1.26123530e-01,
        -1.68214873e-01,  1.81044599e-01,  1.93921607e-02,
         4.07316468e-01, -3.72801615e-01, -3.32929657e-02,
         4.57513178e-01, -7.24683904e-02, -3.72822900e-01,
        -4.61010008e-01,  7.88431234e-01, -2.94199338e-01,
         5.80338237e-01, -4.96260042e-01, -7.08563076e-02,
        -1.07006139e+00,  1.19858948e+00, -9.73062067e-02,
         4.13776302e-01, -4.08986624e-02, -3.46655752e-01,
        -3.01018213e-01,  3.30039169e-01, -2.27990683e-02,
         1.73144501e-01, -1.36540873e-01, -7.38174064e-03,
        -1.09679271e-01,  3.42618172e-01, -2.35717014e-01,
        -1.23666128e-02, -3.43374432e-01,  3.66962932e-01,
         1.92218872e-02],
       [ 2.13168090e-02, -9.18237323e-02,  9.90371737e-02,
        -4.16553698e-01,  5.19935608e-01, -7.68516598e-02,
        -8.33653120e-01,  7.75715319e-01,  8.44680508e-02,
         2.00536146e+00, -1.92978257e+00, -5.40486346e-02,
         2.53710904e-01, -3.66406391e-01,  1.23225737e-01,
        -1.80143519e-01,  1.80903546e-01,  2.07702237e-02,
         4.24280254e-01, -3.79389230e-01, -2.73607734e-02,
         4.58927970e-01, -6.98919920e-02, -3.75505727e-01,
        -4.58951617e-01,  7.93322852e-01, -3.04840984e-01,
         5.82861063e-01, -5.00040075e-01, -5.42907380e-02,
        -1.07670475e+00,  1.20201884e+00, -9.37838432e-02,
         4.23357871e-01, -3.89125931e-02, -3.53915027e-01,
        -3.04339752e-01,  3.28480597e-01, -2.06105950e-02,
         1.68721572e-01, -1.42459397e-01, -1.87319242e-02,
        -1.09945764e-01,  3.57134241e-01, -2.40658227e-01,
        -1.84150051e-02, -3.44403943e-01,  3.76349199e-01,
         1.45302504e-02],
       [ 2.95056634e-02, -8.94958252e-02,  9.41222931e-02,
        -4.24721990e-01,  5.11051636e-01, -7.91975142e-02,
        -8.24810466e-01,  7.58705900e-01,  7.02366975e-02,
         2.02022709e+00, -1.93165426e+00, -7.14407061e-02,
         2.57490464e-01, -3.57816629e-01,  1.25458296e-01,
        -1.68656661e-01,  1.73866483e-01,  1.99223087e-02,
         4.18803245e-01, -3.64707099e-01, -2.19640151e-02,
         4.66461254e-01, -7.47443805e-02, -3.83584743e-01,
        -4.55013367e-01,  7.83612307e-01, -3.03466809e-01,
         5.83745754e-01, -4.99724225e-01, -6.98893978e-02,
        -1.07789219e+00,  1.18872809e+00, -1.03703766e-01,
         4.23164222e-01, -3.72342886e-02, -3.53797802e-01,
        -2.93066555e-01,  3.25938702e-01, -5.74001587e-03,
         1.69099347e-01, -1.31873963e-01, -1.00932531e-02,
        -9.51552474e-02,  3.49538101e-01, -2.29250722e-01,
        -1.69725449e-02, -3.34857942e-01,  3.73962619e-01,
         1.11321313e-02],
       [ 4.00000000e-03,  4.00000000e-03, -1.00000000e-02,
        -1.00000000e-03, -5.00000000e-03, -7.00000000e-03,
         6.00000000e-03, -2.00000000e-03, -9.00000000e-03,
         1.00000000e-03,  0.00000000e+00, -4.00000000e-03,
        -9.00000000e-03,  3.00000000e-03, -1.00000000e-02,
        -1.00000000e-03, -4.00000000e-03, -2.00000000e-03,
         5.00000000e-03,  2.00000000e-03,  7.00000000e-03,
         1.00000000e-02,  1.00000000e-02,  7.00000000e-03,
         5.00000000e-03,  1.00000000e-03, -9.00000000e-03,
        -3.00000000e-03,  4.00000000e-03,  6.00000000e-03,
         4.00000000e-03, -7.00000000e-03,  3.00000000e-03,
         5.00000000e-03, -4.00000000e-03,  8.00000000e-03,
        -1.00000000e-02, -7.00000000e-03,  8.00000000e-03,
         7.00000000e-03, -5.00000000e-03, -4.00000000e-03,
        -1.00000000e-02,  7.00000000e-03, -3.00000000e-03,
         0.00000000e+00, -4.00000000e-03,  1.00000000e-03,
         9.00000000e-03]]), 'deltas': array([[1.01430556e-05],
       [1.00083596e-05],
       [1.01576823e-05],
       [9.78211145e-06],
       [9.88533793e-06],
       [0.00000000e+00]]), 'outputs': array([[0.99602607],
       [0.99607905],
       [0.99602032],
       [0.99616803],
       [0.99612743],
       [1.        ]]), 'errors': 0.0025625825255514542}, {'weights': array([[-1.35564932, -1.37196109, -1.3562684 , -1.36772441, -1.37819494,
         2.80358479],
       [ 1.35656052,  1.36185586,  1.35918481,  1.37961275,  1.37309062,
        -2.80378479]]), 'deltas': array([[-0.00031836],
       [ 0.00031818]]), 'outputs': array([[0.01800562],
       [0.98199978]]), 'errors': array([[-0.01800562],
       [ 0.01800022]])}]
Accuracy: 95.40229885057471 %

train_data group 3 length:  348
   0   1   2   3   4   5   6   7   8  ...  40  41  42  43  44  45  46  47  48
0   1   0   0   1   0   0   1   0   0 ...   1   0   1   0   0   0   1   0   0
1   1   0   0   0   1   0   1   0   0 ...   1   0   1   0   0   0   1   0   0
2   1   0   0   0   1   0   1   0   0 ...   1   0   1   0   0   0   1   0   0
3   1   0   0   0   1   0   1   0   0 ...   1   0   1   0   0   1   0   0   0
4   0   1   0   1   0   0   1   0   0 ...   1   0   1   0   0   0   1   0   0

[5 rows x 49 columns]
Initial Neural Network:
[{'weights': array([[ 0.001, -0.01 , -0.007, -0.01 , -0.009,  0.003,  0.003,  0.01 ,
        -0.006,  0.006, -0.008,  0.007,  0.007,  0.004, -0.01 ,  0.005,
         0.   , -0.008,  0.007, -0.004,  0.   , -0.008,  0.001,  0.009,
         0.002,  0.002,  0.002,  0.   , -0.007,  0.003,  0.007,  0.006,
         0.005, -0.004,  0.005, -0.001,  0.006, -0.005,  0.008,  0.004,
        -0.006, -0.005,  0.008,  0.003,  0.009,  0.009,  0.01 ,  0.009,
        -0.008],
       [-0.002,  0.01 , -0.004, -0.008, -0.005, -0.009,  0.01 ,  0.   ,
        -0.007,  0.01 ,  0.009, -0.009,  0.   , -0.005, -0.005,  0.002,
        -0.001,  0.009,  0.007, -0.009,  0.006,  0.007, -0.003, -0.009,
         0.001,  0.003, -0.006, -0.01 , -0.005,  0.009, -0.001,  0.007,
         0.004,  0.004, -0.008, -0.005, -0.003,  0.006,  0.002,  0.01 ,
        -0.009,  0.004, -0.004, -0.006, -0.002,  0.004,  0.004,  0.01 ,
         0.002],
       [ 0.001,  0.   , -0.01 , -0.006, -0.003,  0.009,  0.002,  0.006,
        -0.001,  0.003, -0.002,  0.001,  0.002, -0.008,  0.005,  0.005,
        -0.003,  0.001,  0.004, -0.01 ,  0.006,  0.009, -0.007,  0.001,
         0.001,  0.01 ,  0.009,  0.001, -0.003,  0.008,  0.001,  0.003,
         0.007,  0.006, -0.001, -0.002,  0.005, -0.005,  0.009,  0.002,
         0.   ,  0.008,  0.009,  0.007, -0.006, -0.006, -0.003,  0.006,
        -0.002],
       [ 0.002,  0.008, -0.007,  0.01 , -0.009,  0.001,  0.002,  0.003,
         0.001, -0.003,  0.01 ,  0.006, -0.008, -0.001,  0.005,  0.005,
        -0.008,  0.009,  0.007,  0.005,  0.003, -0.008,  0.006, -0.009,
        -0.005, -0.009, -0.01 , -0.006,  0.007, -0.002, -0.009,  0.003,
         0.001, -0.002,  0.008, -0.001, -0.001,  0.008, -0.009,  0.001,
         0.005,  0.004, -0.003,  0.004, -0.004,  0.001,  0.004,  0.007,
        -0.008],
       [-0.01 ,  0.002,  0.   ,  0.001,  0.001, -0.008,  0.001, -0.009,
         0.005,  0.006,  0.008, -0.009,  0.004, -0.006, -0.009,  0.006,
        -0.002,  0.007,  0.005,  0.01 ,  0.007,  0.001, -0.005,  0.001,
         0.004, -0.008,  0.005, -0.01 , -0.002,  0.008,  0.009, -0.002,
         0.002,  0.007,  0.001,  0.001,  0.001,  0.006, -0.007, -0.005,
        -0.009,  0.006, -0.001,  0.007,  0.001,  0.009,  0.009,  0.003,
        -0.007],
       [ 0.001,  0.001, -0.009,  0.   , -0.005,  0.004, -0.01 ,  0.003,
        -0.007,  0.008,  0.001,  0.001,  0.01 , -0.007, -0.008, -0.006,
         0.003,  0.005, -0.002,  0.006,  0.001, -0.008,  0.007,  0.001,
         0.002, -0.009, -0.005, -0.003, -0.01 ,  0.009, -0.009,  0.007,
         0.   , -0.002,  0.002,  0.   ,  0.002,  0.007, -0.009, -0.006,
         0.002, -0.005, -0.006, -0.008, -0.005, -0.006,  0.008, -0.008,
        -0.005]]), 'deltas': array([[0.],
       [0.],
       [0.],
       [0.],
       [0.],
       [0.]]), 'outputs': array([[0.],
       [0.],
       [0.],
       [0.],
       [0.],
       [0.]]), 'errors': array([[0.],
       [0.],
       [0.],
       [0.],
       [0.],
       [0.]])}, {'weights': array([[ 0.002, -0.01 , -0.002,  0.006,  0.   , -0.006],
       [-0.009, -0.001,  0.   , -0.009, -0.008,  0.009]]), 'deltas': array([[0.],
       [0.],
       [0.]]), 'outputs': array([[0.],
       [0.],
       [0.]]), 'errors': array([[0.],
       [0.],
       [0.]])}]
Training complete!
Training done. epoch: 5 , total error: 0.0008993414839720533
[{'weights': array([[ 1.06987752e-01, -6.50786233e-02, -6.42506444e-03,
        -2.06646047e-01,  2.28611311e-01,  1.35187999e-02,
        -1.14434440e+00,  9.93604201e-01,  2.09224266e-01,
         1.89605200e+00, -2.00543411e+00,  1.65866165e-01,
         3.01295713e-01, -2.60520885e-01,  1.17092357e-02,
        -3.88554196e-01,  4.07636465e-01,  2.94017956e-02,
         2.84614203e-01, -2.51865987e-01,  2.17358482e-02,
         1.18948211e-01,  1.54261421e-01, -2.19725568e-01,
        -5.02590680e-01,  3.29487318e-01,  2.30587426e-01,
         4.53847610e-01, -4.08288217e-01,  1.92467149e-03,
        -7.62400793e-01,  8.35964091e-01, -4.07923430e-03,
         3.52545756e-01,  8.62926528e-02, -3.87354345e-01,
        -3.36302597e-01,  2.91619366e-01,  1.05167295e-01,
         2.70313289e-01, -1.71776252e-01, -5.40529724e-02,
        -3.43266189e-02,  2.01352215e-01, -9.55415322e-02,
         7.55276901e-02, -4.32458669e-01,  4.36415043e-01,
         4.34840641e-02],
       [ 1.08071971e-01, -4.92155432e-02, -2.63481423e-03,
        -2.04374903e-01,  2.30725326e-01,  3.87119072e-03,
        -1.14154253e+00,  9.87935429e-01,  2.08828718e-01,
         1.90083444e+00, -1.98871065e+00,  1.50097830e-01,
         2.96943062e-01, -2.70823241e-01,  1.61017917e-02,
        -3.92869878e-01,  4.08889504e-01,  4.62019878e-02,
         2.81680027e-01, -2.52885475e-01,  2.74270611e-02,
         1.27387219e-01,  1.55168816e-01, -2.35334423e-01,
        -5.05115593e-01,  3.32784967e-01,  2.22552239e-01,
         4.49583941e-01, -4.11302409e-01,  7.94008101e-03,
        -7.68708839e-01,  8.35427104e-01, -4.49665193e-03,
         3.58181818e-01,  7.56789586e-02, -3.90639164e-01,
        -3.39593651e-01,  2.96419075e-01,  1.00396190e-01,
         2.73223154e-01, -1.70961625e-01, -4.50399158e-02,
        -4.67690724e-02,  1.94118697e-01, -1.07128011e-01,
         6.91367328e-02, -4.37672456e-01,  4.38757336e-01,
         5.42216131e-02],
       [ 1.07159222e-01, -5.55898806e-02, -9.30680066e-03,
        -2.05287385e-01,  2.37562667e-01,  1.89872593e-02,
        -1.14949614e+00,  9.93357409e-01,  2.14401270e-01,
         1.89091674e+00, -1.99727045e+00,  1.59616254e-01,
         2.96593566e-01, -2.72202729e-01,  2.58717046e-02,
        -3.90808848e-01,  4.06862732e-01,  3.82086565e-02,
         2.81642533e-01, -2.57683335e-01,  2.73033429e-02,
         1.31725136e-01,  1.49530618e-01, -2.26993213e-01,
        -5.03075810e-01,  3.36910212e-01,  2.37428138e-01,
         4.58806767e-01, -4.08450417e-01,  6.90619081e-03,
        -7.69553319e-01,  8.34739346e-01, -2.92348580e-03,
         3.61917781e-01,  8.10297099e-02, -3.88684950e-01,
        -3.35700571e-01,  2.89231022e-01,  1.06732090e-01,
         2.68088308e-01, -1.65295295e-01, -4.15304724e-02,
        -3.47061201e-02,  2.05842989e-01, -1.09874327e-01,
         6.03769503e-02, -4.47288527e-01,  4.35174118e-01,
         4.92625410e-02],
       [ 1.12162897e-01, -4.97901491e-02, -6.09737265e-03,
        -1.92159605e-01,  2.33600231e-01,  1.38347494e-02,
        -1.14375994e+00,  9.86720625e-01,  2.16314690e-01,
         1.89055242e+00, -1.98937561e+00,  1.65098569e-01,
         2.92058070e-01, -2.69046083e-01,  2.62633886e-02,
        -3.87978557e-01,  4.00951666e-01,  4.63022667e-02,
         2.86333129e-01, -2.44235320e-01,  2.61775662e-02,
         1.15414210e-01,  1.60979266e-01, -2.34118101e-01,
        -5.10637113e-01,  3.21798379e-01,  2.18114110e-01,
         4.55239567e-01, -3.99995119e-01, -2.96907203e-03,
        -7.78341487e-01,  8.33474898e-01, -6.85803559e-03,
         3.55275194e-01,  8.69167625e-02, -3.83916581e-01,
        -3.37967923e-01,  3.00887429e-01,  8.83558692e-02,
         2.70494234e-01, -1.64052739e-01, -4.31661193e-02,
        -4.25906491e-02,  1.99495868e-01, -1.06629843e-01,
         6.81031373e-02, -4.39524789e-01,  4.36697028e-01,
         4.52753757e-02],
       [ 1.01101938e-01, -5.75060705e-02,  6.41207046e-04,
        -1.96227939e-01,  2.36474052e-01,  5.99096137e-03,
        -1.14234395e+00,  9.71435859e-01,  2.20145169e-01,
         1.89942748e+00, -1.99230861e+00,  1.50118199e-01,
         3.02339999e-01, -2.73618510e-01,  1.25155853e-02,
        -3.88334280e-01,  4.07208192e-01,  4.43631631e-02,
         2.82006053e-01, -2.36513305e-01,  2.87443270e-02,
         1.22444159e-01,  1.51934756e-01, -2.25141840e-01,
        -5.02115048e-01,  3.22072529e-01,  2.33279594e-01,
         4.48688183e-01, -4.07359566e-01,  6.90845754e-03,
        -7.61384813e-01,  8.27931409e-01, -5.30952222e-03,
         3.61044881e-01,  8.41199958e-02, -3.83927802e-01,
        -3.38215869e-01,  2.98557654e-01,  9.18952898e-02,
         2.62325803e-01, -1.75526717e-01, -4.25620117e-02,
        -4.26855122e-02,  2.04166724e-01, -1.02244137e-01,
         7.35550879e-02, -4.32790230e-01,  4.32472216e-01,
         4.52370744e-02],
       [ 1.00000000e-03,  1.00000000e-03, -9.00000000e-03,
         0.00000000e+00, -5.00000000e-03,  4.00000000e-03,
        -1.00000000e-02,  3.00000000e-03, -7.00000000e-03,
         8.00000000e-03,  1.00000000e-03,  1.00000000e-03,
         1.00000000e-02, -7.00000000e-03, -8.00000000e-03,
        -6.00000000e-03,  3.00000000e-03,  5.00000000e-03,
        -2.00000000e-03,  6.00000000e-03,  1.00000000e-03,
        -8.00000000e-03,  7.00000000e-03,  1.00000000e-03,
         2.00000000e-03, -9.00000000e-03, -5.00000000e-03,
        -3.00000000e-03, -1.00000000e-02,  9.00000000e-03,
        -9.00000000e-03,  7.00000000e-03,  0.00000000e+00,
        -2.00000000e-03,  2.00000000e-03,  0.00000000e+00,
         2.00000000e-03,  7.00000000e-03, -9.00000000e-03,
        -6.00000000e-03,  2.00000000e-03, -5.00000000e-03,
        -6.00000000e-03, -8.00000000e-03, -5.00000000e-03,
        -6.00000000e-03,  8.00000000e-03, -8.00000000e-03,
        -5.00000000e-03]]), 'deltas': array([[0.00039799],
       [0.00039033],
       [0.0003872 ],
       [0.00038986],
       [0.00039644],
       [0.        ]]), 'outputs': array([[0.93722201],
       [0.93851392],
       [0.93904194],
       [0.93859283],
       [0.93748365],
       [1.        ]]), 'errors': 0.006764213924538398}, {'weights': array([[-1.30234678, -1.30694791, -1.30615315, -1.27684901, -1.28593933,
         2.59961546],
       [ 1.30141232,  1.30199917,  1.31021658,  1.27989144,  1.28398637,
        -2.59932156]]), 'deltas': array([[-0.00087205],
       [ 0.00087269]]), 'outputs': array([[0.02998339],
       [0.97000535]]), 'errors': array([[-0.02998339],
       [ 0.02999465]])}]
Accuracy: 94.25287356321839 %

train_data group 4 length:  347
   0   1   2   3   4   5   6   7   8  ...  40  41  42  43  44  45  46  47  48
0   1   0   0   1   0   0   1   0   0 ...   1   0   1   0   0   0   1   0   0
1   1   0   0   0   1   0   1   0   0 ...   1   0   1   0   0   0   1   0   0
2   1   0   0   0   1   0   1   0   0 ...   1   0   1   0   0   0   1   0   0
3   1   0   0   0   1   0   1   0   0 ...   1   0   1   0   0   1   0   0   0
4   0   1   0   1   0   0   1   0   0 ...   1   0   1   0   0   0   1   0   0

[5 rows x 49 columns]
Initial Neural Network:
[{'weights': array([[ 0.003, -0.003, -0.002,  0.007,  0.007,  0.001, -0.007,  0.005,
         0.004,  0.002,  0.006,  0.003, -0.007,  0.003, -0.006, -0.002,
        -0.009, -0.001,  0.003, -0.009,  0.   ,  0.   ,  0.009,  0.   ,
         0.001,  0.006,  0.007, -0.001,  0.006,  0.004, -0.009, -0.005,
         0.   , -0.001,  0.008, -0.001, -0.009,  0.007,  0.002, -0.001,
        -0.002, -0.006, -0.003,  0.006,  0.005,  0.004,  0.001, -0.005,
        -0.005],
       [ 0.009,  0.008, -0.003,  0.006, -0.002,  0.004,  0.004, -0.008,
         0.003, -0.001,  0.006,  0.003,  0.01 , -0.005,  0.008, -0.008,
        -0.007,  0.008,  0.008, -0.006,  0.009,  0.007,  0.004, -0.003,
         0.006,  0.005,  0.006, -0.007,  0.001, -0.003,  0.01 , -0.007,
        -0.003, -0.009, -0.007, -0.006,  0.006, -0.008, -0.009, -0.003,
         0.01 ,  0.003,  0.004, -0.01 , -0.001,  0.004,  0.004,  0.003,
         0.001],
       [ 0.   , -0.006,  0.004,  0.006, -0.004, -0.002,  0.009, -0.01 ,
         0.004,  0.004,  0.009, -0.009, -0.006,  0.002,  0.003,  0.003,
         0.004,  0.01 , -0.004,  0.001,  0.   ,  0.007,  0.009,  0.002,
        -0.007, -0.004,  0.006,  0.01 ,  0.008, -0.001,  0.003, -0.007,
         0.003, -0.005,  0.   ,  0.001,  0.004,  0.002,  0.004, -0.003,
         0.008, -0.003,  0.004,  0.   , -0.005, -0.009,  0.008, -0.004,
        -0.01 ],
       [-0.003,  0.007,  0.007,  0.007,  0.004, -0.005, -0.009,  0.001,
        -0.008,  0.003,  0.007, -0.001, -0.005, -0.006,  0.005, -0.002,
        -0.003, -0.007, -0.005,  0.007,  0.01 ,  0.009,  0.005,  0.   ,
         0.009,  0.004, -0.009, -0.005,  0.008,  0.003, -0.005, -0.007,
        -0.007, -0.002,  0.008,  0.005,  0.01 ,  0.008, -0.006,  0.009,
        -0.006,  0.008,  0.001,  0.007,  0.001,  0.002,  0.01 ,  0.003,
        -0.01 ],
       [-0.004,  0.002, -0.007, -0.004, -0.003,  0.002,  0.01 , -0.004,
         0.009,  0.006, -0.01 , -0.006, -0.001, -0.006, -0.005, -0.009,
        -0.008,  0.003, -0.007, -0.008, -0.007,  0.008,  0.005,  0.006,
         0.01 ,  0.01 ,  0.008,  0.   ,  0.01 , -0.002, -0.002, -0.002,
        -0.005, -0.006, -0.005,  0.004, -0.008,  0.001,  0.01 ,  0.009,
        -0.004,  0.004, -0.008,  0.003,  0.009,  0.001, -0.003,  0.003,
        -0.009],
       [ 0.008, -0.004, -0.01 ,  0.005, -0.007, -0.001, -0.009, -0.007,
        -0.009, -0.009, -0.009, -0.005, -0.004,  0.008, -0.008, -0.005,
        -0.008,  0.004, -0.006,  0.01 , -0.006, -0.01 , -0.005,  0.006,
         0.005, -0.003, -0.005,  0.   , -0.001, -0.01 ,  0.007,  0.01 ,
        -0.01 ,  0.001,  0.   , -0.004,  0.01 , -0.002,  0.005,  0.009,
        -0.005, -0.005,  0.008,  0.005, -0.002, -0.01 ,  0.001, -0.006,
        -0.003]]), 'deltas': array([[0.],
       [0.],
       [0.],
       [0.],
       [0.],
       [0.]]), 'outputs': array([[0.],
       [0.],
       [0.],
       [0.],
       [0.],
       [0.]]), 'errors': array([[0.],
       [0.],
       [0.],
       [0.],
       [0.],
       [0.]])}, {'weights': array([[ 0.   ,  0.006,  0.004, -0.009,  0.003, -0.001],
       [ 0.006, -0.007, -0.004, -0.009, -0.008,  0.002]]), 'deltas': array([[0.],
       [0.],
       [0.]]), 'outputs': array([[0.],
       [0.],
       [0.]]), 'errors': array([[0.],
       [0.],
       [0.]])}]
Training complete!
Training done. epoch: 8 , total error: 0.0001728182075986168
[{'weights': array([[ 5.23140182e-01, -1.70112287e-01, -3.92440264e-01,
         3.61173001e-02,  5.48995213e-01, -6.07524882e-01,
        -7.47764730e-01,  1.09719182e+00, -3.84839458e-01,
         2.51897497e+00, -2.13285084e+00, -4.12536501e-01,
        -1.32015832e-01,  6.61372774e-02,  1.84661861e-02,
        -3.65752749e-01,  4.01959138e-01, -8.56187582e-02,
         3.43419144e-01, -3.50834211e-01, -3.59973017e-02,
         5.47356307e-01, -1.13995943e-02, -5.64369081e-01,
        -5.41267372e-01,  5.83790607e-01, -6.59356044e-02,
         6.24045432e-01, -5.26763521e-01, -1.25694280e-01,
        -9.65670702e-01,  9.60546154e-01, -4.62878212e-02,
         4.16537465e-01, -4.61541846e-01,  1.35920119e-02,
         3.95910816e-01, -9.68752901e-02, -3.36447894e-01,
         1.62882432e-01, -4.46589909e-04, -2.08848211e-01,
        -4.00129235e-01,  3.65539673e-01,  5.17719324e-03,
         2.48739375e-01, -5.56407672e-01,  2.70255929e-01,
        -4.24123689e-02],
       [ 5.25245382e-01, -1.59031430e-01, -3.91258511e-01,
         3.32146283e-02,  5.40725242e-01, -6.04984429e-01,
        -7.36432774e-01,  1.08201385e+00, -3.85625639e-01,
         2.51188509e+00, -2.13103628e+00, -4.11893363e-01,
        -1.16768001e-01,  5.84022444e-02,  3.23211977e-02,
        -3.72117691e-01,  4.02723057e-01, -7.66499252e-02,
         3.41524786e-01, -3.41875577e-01, -2.76937670e-02,
         5.52659648e-01, -1.92293326e-02, -5.64474874e-01,
        -5.32027973e-01,  5.78586772e-01, -6.86033577e-02,
         6.15328894e-01, -5.30523144e-01, -1.32850308e-01,
        -9.52267642e-01,  9.61040626e-01, -4.78175429e-02,
         4.07316271e-01, -4.76875039e-01,  8.51420907e-03,
         4.04269326e-01, -1.07753897e-01, -3.46559988e-01,
         1.63800708e-01,  4.13337728e-03, -1.96978643e-01,
        -4.02515218e-01,  3.57525016e-01, -1.05435646e-03,
         2.49533704e-01, -5.52515610e-01,  2.74937347e-01,
        -3.80445586e-02],
       [ 5.15860789e-01, -1.70248100e-01, -3.86404155e-01,
         3.46066285e-02,  5.36284930e-01, -6.09683024e-01,
        -7.30115550e-01,  1.07832277e+00, -3.83998682e-01,
         2.52165048e+00, -2.13330743e+00, -4.23134513e-01,
        -1.28694060e-01,  6.18844733e-02,  2.70181204e-02,
        -3.60052385e-01,  4.13253434e-01, -7.49925145e-02,
         3.33095868e-01, -3.38291472e-01, -3.65958621e-02,
         5.54018614e-01, -1.40870814e-02, -5.60722998e-01,
        -5.46106016e-01,  5.67617661e-01, -6.53031114e-02,
         6.27784070e-01, -5.18414432e-01, -1.31161105e-01,
        -9.54738705e-01,  9.57830388e-01, -4.28831489e-02,
         4.13786824e-01, -4.71701567e-01,  1.51232773e-02,
         4.04831714e-01, -9.86543167e-02, -3.34968863e-01,
         1.67032601e-01,  2.53335117e-03, -2.06357419e-01,
        -3.99970615e-01,  3.64984934e-01, -4.80578431e-03,
         2.40993094e-01, -5.51808526e-01,  2.67023966e-01,
        -4.87914660e-02],
       [ 5.17821433e-01, -1.63625713e-01, -3.79169530e-01,
         3.51351769e-02,  5.42435180e-01, -6.07544166e-01,
        -7.43063340e-01,  1.08285685e+00, -3.91767318e-01,
         2.51603392e+00, -2.13211020e+00, -4.10897529e-01,
        -1.30576072e-01,  5.49733846e-02,  3.36288777e-02,
        -3.66410368e-01,  4.04779128e-01, -8.63425694e-02,
         3.35010262e-01, -3.37789613e-01, -2.11944582e-02,
         5.57658522e-01, -2.19564620e-02, -5.57675870e-01,
        -5.30784361e-01,  5.80005466e-01, -8.11949157e-02,
         6.17396701e-01, -5.25729008e-01, -1.21641503e-01,
        -9.61303528e-01,  9.52941041e-01, -4.66113234e-02,
         4.14530345e-01, -4.64503018e-01,  2.49988631e-02,
         4.08722959e-01, -9.31520169e-02, -3.39544752e-01,
         1.71164522e-01, -3.94841533e-03, -1.92189916e-01,
        -4.00389006e-01,  3.66014118e-01,  7.40107802e-03,
         2.49280754e-01, -5.49708965e-01,  2.79454401e-01,
        -4.59738099e-02],
       [ 5.14988799e-01, -1.63715557e-01, -3.94273054e-01,
         3.30701189e-02,  5.33393251e-01, -6.05463181e-01,
        -7.26090219e-01,  1.08475559e+00, -3.77665180e-01,
         2.52036367e+00, -2.14526470e+00, -4.19098778e-01,
        -1.26219567e-01,  5.96476889e-02,  2.05720670e-02,
        -3.70648346e-01,  4.03166151e-01, -8.05176164e-02,
         3.28976167e-01, -3.42708477e-01, -4.22675009e-02,
         5.58633991e-01, -1.70968572e-02, -5.56536945e-01,
        -5.25857594e-01,  5.85769259e-01, -6.59114771e-02,
         6.22184980e-01, -5.17844298e-01, -1.30340494e-01,
        -9.55329641e-01,  9.60878914e-01, -4.85490841e-02,
         4.12136784e-01, -4.72805661e-01,  1.96690656e-02,
         3.96926488e-01, -9.85945936e-02, -3.29331705e-01,
         1.71866544e-01,  8.72614299e-04, -1.97738970e-01,
        -4.05907264e-01,  3.66257371e-01,  9.65008235e-03,
         2.47469680e-01, -5.52482369e-01,  2.72012878e-01,
        -4.29998115e-02],
       [ 8.00000000e-03, -4.00000000e-03, -1.00000000e-02,
         5.00000000e-03, -7.00000000e-03, -1.00000000e-03,
        -9.00000000e-03, -7.00000000e-03, -9.00000000e-03,
        -9.00000000e-03, -9.00000000e-03, -5.00000000e-03,
        -4.00000000e-03,  8.00000000e-03, -8.00000000e-03,
        -5.00000000e-03, -8.00000000e-03,  4.00000000e-03,
        -6.00000000e-03,  1.00000000e-02, -6.00000000e-03,
        -1.00000000e-02, -5.00000000e-03,  6.00000000e-03,
         5.00000000e-03, -3.00000000e-03, -5.00000000e-03,
         0.00000000e+00, -1.00000000e-03, -1.00000000e-02,
         7.00000000e-03,  1.00000000e-02, -1.00000000e-02,
         1.00000000e-03,  0.00000000e+00, -4.00000000e-03,
         1.00000000e-02, -2.00000000e-03,  5.00000000e-03,
         9.00000000e-03, -5.00000000e-03, -5.00000000e-03,
         8.00000000e-03,  5.00000000e-03, -2.00000000e-03,
        -1.00000000e-02,  1.00000000e-03, -6.00000000e-03,
        -3.00000000e-03]]), 'deltas': array([[1.74353955e-05],
       [1.74951771e-05],
       [1.74406803e-05],
       [1.72553038e-05],
       [1.72057072e-05],
       [0.00000000e+00]]), 'outputs': array([[0.98826018],
       [0.98821944],
       [0.98825658],
       [0.98838289],
       [0.98841667],
       [1.        ]]), 'errors': 0.0015027930417378602}, {'weights': array([[-1.49950413, -1.4806196 , -1.48405701, -1.51033108, -1.50230018,
         3.07061358],
       [ 1.50904933,  1.48317821,  1.48761621,  1.49590948,  1.50084169,
        -3.07054448]]), 'deltas': array([[-0.00017052],
       [ 0.00017057]]), 'outputs': array([[0.01314508],
       [0.98685301]]), 'errors': array([[-0.01314508],
       [ 0.01314699]])}]
Accuracy: 92.04545454545455 %

Feedforward Neural Network AVG Accuracy (%): 94.72558382542344 %
