Namespace(max_epochs=100, num_layers=1, num_nodes_per_hidden_layer=0, training_rate=0.5)

train_data group 0 length:  171
   0   1   2   3   4   5   6   7   8  ...  36  37  38  39  40  41  42  43  44
0   0   0   1   0   0   0   1   0   0 ...   0   0   0   1   0   0   0   0   0
1   0   1   0   0   0   0   1   0   0 ...   0   0   0   0   0   1   0   0   0
2   0   0   1   0   0   0   0   1   0 ...   0   0   0   1   0   0   0   0   0
3   0   1   0   0   0   0   1   0   0 ...   0   0   0   0   0   1   0   0   0
4   0   0   1   0   0   0   0   1   0 ...   0   0   0   1   0   0   0   0   0

[5 rows x 45 columns]
Initial Neural Network:
[{'weights': array([[-0.007, -0.01 , -0.009, -0.004,  0.004,  0.007, -0.009, -0.001,
        -0.002, -0.005, -0.006, -0.002,  0.008,  0.007,  0.   ,  0.007,
         0.007,  0.01 ,  0.001, -0.008, -0.01 ,  0.   ,  0.01 , -0.001,
         0.005, -0.007, -0.003,  0.   ,  0.006,  0.002, -0.005,  0.006,
         0.01 , -0.01 , -0.01 , -0.007,  0.003, -0.002,  0.007, -0.009,
         0.005,  0.004,  0.   , -0.006],
       [ 0.01 ,  0.009, -0.006, -0.006,  0.01 , -0.002,  0.004, -0.007,
        -0.003,  0.006, -0.01 , -0.004,  0.01 , -0.004,  0.003,  0.   ,
         0.01 , -0.01 ,  0.008, -0.005, -0.005, -0.01 ,  0.002,  0.   ,
        -0.006, -0.003, -0.01 ,  0.004,  0.004,  0.009, -0.006,  0.   ,
         0.009, -0.006, -0.003,  0.008, -0.009, -0.006,  0.009,  0.009,
        -0.001, -0.007,  0.004, -0.005],
       [ 0.007,  0.007, -0.009,  0.007, -0.01 , -0.007, -0.007,  0.009,
         0.005,  0.003, -0.009,  0.007,  0.004, -0.001,  0.   , -0.002,
         0.008, -0.01 ,  0.009, -0.004,  0.009,  0.003,  0.002, -0.004,
         0.01 , -0.01 , -0.01 , -0.009, -0.01 ,  0.009,  0.009,  0.002,
        -0.006, -0.004,  0.001,  0.006,  0.   , -0.008, -0.005,  0.01 ,
         0.002, -0.006,  0.006,  0.001],
       [-0.01 , -0.001,  0.003,  0.007, -0.01 , -0.01 ,  0.004,  0.   ,
        -0.009,  0.008, -0.003, -0.007,  0.005, -0.004,  0.007, -0.009,
         0.005,  0.001, -0.009,  0.003,  0.003, -0.006,  0.001, -0.003,
        -0.006,  0.008,  0.006,  0.01 , -0.009, -0.006,  0.004,  0.001,
        -0.001,  0.001,  0.007, -0.008,  0.005, -0.003,  0.004,  0.01 ,
        -0.005, -0.009, -0.007,  0.001],
       [ 0.003,  0.008, -0.003, -0.006, -0.007,  0.007, -0.005, -0.002,
         0.007,  0.01 ,  0.001,  0.003,  0.005, -0.003,  0.007,  0.005,
         0.008, -0.003,  0.005,  0.003,  0.008,  0.006,  0.001, -0.009,
         0.   , -0.009,  0.008,  0.004, -0.006,  0.002, -0.007, -0.009,
         0.006, -0.003, -0.007,  0.008, -0.003, -0.004,  0.007,  0.009,
         0.   , -0.009,  0.008, -0.002],
       [ 0.002,  0.004,  0.002, -0.008,  0.004, -0.007, -0.008,  0.007,
         0.003,  0.001,  0.007, -0.002, -0.009, -0.002,  0.009, -0.001,
        -0.006, -0.004,  0.003, -0.005,  0.001,  0.008, -0.01 ,  0.01 ,
         0.002,  0.001, -0.004, -0.007,  0.007, -0.007,  0.005, -0.008,
        -0.01 ,  0.009,  0.001,  0.008,  0.006, -0.01 , -0.007, -0.003,
         0.007, -0.003,  0.006,  0.003]]), 'deltas': array([[0.],
       [0.],
       [0.],
       [0.],
       [0.],
       [0.]]), 'outputs': array([[0.],
       [0.],
       [0.],
       [0.],
       [0.],
       [0.]]), 'errors': array([[0.],
       [0.],
       [0.],
       [0.],
       [0.],
       [0.]])}]
Training complete!
Training done. epoch: 8 , total error: 0.009658203430774021
[{'weights': array([[-0.22850865, -0.74659197,  0.35713081, -0.52160811, -0.05978217,
        -0.4500177 ,  0.10901837, -0.65039145, -0.12666511, -0.06530421,
        -1.39680091, -0.50960408, -0.75392349,  0.93221855,  0.56174985,
         0.54586926,  0.16017596, -1.36297785, -0.4044557 , -0.09497176,
        -0.66595089,  0.67508137, -1.05595823,  0.13637682, -0.25890917,
        -0.7873144 , -0.29482054, -0.01425339, -0.08097176, -0.43709651,
        -0.22578742,  0.25282047, -0.05735218, -0.70294445, -0.66731029,
        -0.13141679, -0.35751567, -0.002     , -0.02411734, -0.07659064,
        -0.02817422, -0.24438855, -0.81411545, -0.01609123],
       [-0.44413104, -0.4926918 , -1.00304444,  0.96228306,  0.39201236,
        -0.10149132,  0.46685032, -0.32108184, -0.58965356, -0.05919545,
        -0.89799484, -0.40899283, -0.72603121,  0.23613186,  1.18931516,
        -1.25943531,  0.43835918,  0.91579876, -0.36411044, -0.33018405,
         0.58574083, -0.6576064 , -0.13933809, -0.37263991, -0.03772829,
         0.01916789, -0.21481348, -0.09074223, -0.32118405, -0.58619297,
        -0.26215882, -0.27121903, -0.15568977,  0.67868873, -0.01633732,
        -0.32413218, -0.49145076, -0.006     ,  0.2343484 , -0.59188739,
         0.35126956,  0.14315063,  0.03910458, -0.54420923],
       [-0.40158744,  0.02280385, -0.34125029, -0.19538477, -0.076602  ,
        -0.19564624, -0.69805527,  0.27305851, -0.31754585, -0.0528318 ,
        -0.91474217, -0.22617277, -0.38037581,  0.46038193,  0.06788817,
         0.76429988, -0.5911738 , -0.64930432, -0.44292975, -0.07391265,
        -0.21040745, -0.15355548,  0.18545622, -0.63648135, -0.15903259,
        -0.57565764, -0.32096733, -0.05648302, -0.07991265, -0.42771179,
         0.34237996, -0.72675773, -0.10382674, -0.06810435, -0.22795144,
        -0.32872322, -0.32148155, -0.008     , -0.11386444, -0.56305905,
        -0.55551374, -0.15433351,  0.35593869, -0.06405304],
       [-0.04856255, -0.6997687 ,  0.67444785, -0.20349689, -0.47643888,
         0.3355192 ,  0.85673237, -1.10823952, -0.68164158, -0.15218965,
         0.17720411,  0.55587172,  0.51409861, -1.14109222, -0.85090139,
        -1.1871222 , -0.45111401,  0.73825716, -0.32326073,  0.4714206 ,
        -0.07934382, -0.72447092,  0.09801726,  0.23165731, -0.27967901,
        -0.84087868, -0.28934057, -0.05702052,  0.4594206 ,  0.00689038,
        -1.45021111,  0.39574917,  0.60366478, -0.29991239,  0.26642924,
        -0.24191789, -0.26526938, -0.003     , -0.49406115,  0.09177657,
        -0.60286492, -0.66872739, -0.02124582,  0.44824239],
       [ 0.41025584, -0.06497962, -0.86224902, -0.25977311, -0.13164856,
        -0.43106286, -1.03276952,  0.06228687, -0.00586277,  0.52101382,
        -0.4335614 ,  0.29212182,  0.85280117, -0.86521552, -0.73654052,
         0.01210478, -0.04064297, -0.17720596, -0.50222017, -0.17743015,
        -0.40776844, -0.64852408, -0.15709478, -0.29209333,  0.60808618,
        -0.25081944, -0.33720506, -0.13193981, -0.18643015, -0.01262139,
        -0.79831844,  0.17249095, -0.13596783, -0.13997774,  0.02536808,
        -0.37652011, -0.29531345, -0.004     , -0.25192898, -0.18547731,
        -0.37295346, -0.30148374, -0.02342142, -0.01405854],
       [ 0.16467172,  0.10774656, -0.05933481, -0.12957   , -0.28373412,
         0.10042727, -1.25973525,  0.2298895 ,  0.88784879, -0.16665096,
         1.09318649,  0.15917857, -0.01221008, -0.59092448, -0.85045115,
        -0.83406802, -0.53953283, -0.07766619,  1.47888944, -0.24484306,
        -0.23793403, -0.4392301 , -0.19455016,  0.49931341,  0.17918022,
        -0.98644514,  0.51784599,  0.49422155, -0.23284306,  0.10735197,
         0.88042056, -0.70640584, -0.40675577, -0.08983157, -1.75518013,
         0.76307831,  0.90763774, -0.01      , -0.11175658,  0.57020073,
        -0.27630918, -0.46410296, -0.01346496, -0.01054429]]), 'deltas': array([[-4.84469884e-05],
       [-1.17407975e-03],
       [-6.37438454e-03],
       [-6.33699309e-04],
       [-9.10336149e-03],
       [ 3.18982293e-04]]), 'outputs': array([[0.00698482],
       [0.0348785 ],
       [0.08339259],
       [0.02550063],
       [0.1006065 ],
       [0.98197677]]), 'errors': array([[-0.00698482],
       [-0.0348785 ],
       [-0.08339259],
       [-0.02550063],
       [-0.1006065 ],
       [ 0.01802323]])}]
target: 0 prediction: 2
target: 0 prediction: 1
target: 0 prediction: 0
target: 0 prediction: 2
target: 0 prediction: 1
target: 0 prediction: 5
target: 0 prediction: 1
target: 0 prediction: 1
target: 0 prediction: 2
target: 0 prediction: 1
target: 0 prediction: 1
target: 0 prediction: 1
target: 0 prediction: 1
target: 0 prediction: 1
target: 1 prediction: 1
target: 1 prediction: 1
target: 1 prediction: 3
target: 1 prediction: 1
target: 1 prediction: 1
target: 1 prediction: 1
target: 1 prediction: 1
target: 1 prediction: 1
target: 1 prediction: 1
target: 1 prediction: 1
target: 1 prediction: 1
target: 1 prediction: 3
target: 1 prediction: 1
target: 1 prediction: 1
target: 1 prediction: 1
target: 2 prediction: 2
target: 2 prediction: 1
target: 2 prediction: 1
target: 3 prediction: 3
target: 3 prediction: 3
target: 3 prediction: 5
target: 4 prediction: 3
target: 4 prediction: 4
target: 5 prediction: 5
target: 5 prediction: 5
target: 5 prediction: 5
target: 5 prediction: 5
target: 5 prediction: 3
target: 5 prediction: 5
Accuracy: 53.48837209302325 %

train_data group 1 length:  172
   0   1   2   3   4   5   6   7   8  ...  36  37  38  39  40  41  42  43  44
0   0   1   0   0   0   0   0   1   0 ...   0   0   0   1   0   0   0   0   0
1   0   1   0   0   0   0   1   0   0 ...   0   0   0   0   1   0   0   0   0
2   0   0   1   0   0   0   0   1   0 ...   0   0   0   1   0   0   0   0   0
3   0   1   0   0   0   0   0   1   0 ...   0   0   0   1   0   0   0   0   0
4   0   0   1   0   0   0   1   0   0 ...   0   0   0   0   1   0   0   0   0

[5 rows x 45 columns]
Initial Neural Network:
[{'weights': array([[-0.006, -0.005,  0.001,  0.007, -0.003,  0.004, -0.003,  0.004,
         0.008, -0.005, -0.008,  0.   ,  0.009, -0.01 ,  0.01 , -0.007,
         0.006,  0.006,  0.002, -0.01 , -0.007, -0.003, -0.01 ,  0.004,
         0.01 ,  0.007, -0.005, -0.002, -0.001,  0.004,  0.009, -0.004,
        -0.009, -0.007, -0.001,  0.009,  0.01 ,  0.004,  0.006, -0.008,
         0.001,  0.004,  0.01 , -0.004],
       [-0.004,  0.004,  0.001,  0.001,  0.005,  0.004, -0.003, -0.007,
         0.006,  0.005, -0.005,  0.002,  0.005, -0.008, -0.007, -0.007,
        -0.002,  0.   ,  0.006, -0.009, -0.007, -0.001, -0.001,  0.001,
         0.009, -0.009,  0.005,  0.01 , -0.005, -0.002, -0.006,  0.008,
        -0.006,  0.003, -0.008,  0.01 ,  0.01 ,  0.009,  0.003,  0.   ,
        -0.001,  0.005,  0.   ,  0.001],
       [ 0.008, -0.002, -0.009, -0.001, -0.008, -0.002,  0.01 ,  0.006,
        -0.005, -0.01 ,  0.008, -0.003,  0.007, -0.002,  0.002,  0.006,
        -0.007, -0.01 , -0.002,  0.001,  0.01 , -0.009, -0.008, -0.007,
         0.   ,  0.008, -0.005, -0.002, -0.003,  0.002, -0.002, -0.002,
        -0.01 ,  0.002, -0.005,  0.01 ,  0.009,  0.004,  0.003,  0.001,
        -0.007, -0.005, -0.002, -0.001],
       [ 0.01 , -0.008, -0.002, -0.001, -0.004, -0.006,  0.   , -0.008,
         0.01 , -0.01 ,  0.007,  0.   ,  0.01 , -0.008,  0.001,  0.001,
        -0.008,  0.006, -0.002, -0.004,  0.006, -0.008,  0.   , -0.009,
         0.005, -0.004,  0.   , -0.007, -0.006, -0.009,  0.003,  0.009,
         0.006,  0.   ,  0.003,  0.   , -0.003, -0.002,  0.   ,  0.004,
         0.001, -0.004, -0.009,  0.007],
       [ 0.002,  0.003,  0.001, -0.004,  0.01 , -0.004,  0.   , -0.007,
        -0.009, -0.008,  0.005,  0.   , -0.009, -0.007, -0.007,  0.004,
        -0.004,  0.001,  0.004,  0.004, -0.005, -0.009, -0.005,  0.001,
         0.006,  0.002,  0.008, -0.01 ,  0.002,  0.005, -0.008,  0.   ,
         0.003,  0.006, -0.005, -0.01 ,  0.008, -0.001,  0.004,  0.004,
         0.003, -0.008,  0.008,  0.002],
       [-0.007,  0.007, -0.01 , -0.01 , -0.005,  0.007,  0.002, -0.008,
         0.007,  0.004, -0.008,  0.004,  0.009,  0.007, -0.01 , -0.002,
         0.007,  0.007,  0.008,  0.006,  0.008,  0.   ,  0.01 ,  0.003,
         0.   , -0.01 ,  0.005, -0.005,  0.006, -0.002, -0.005, -0.01 ,
        -0.01 ,  0.004, -0.005,  0.007, -0.005, -0.01 , -0.002, -0.001,
        -0.009,  0.007,  0.001,  0.004]]), 'deltas': array([[0.],
       [0.],
       [0.],
       [0.],
       [0.],
       [0.]]), 'outputs': array([[0.],
       [0.],
       [0.],
       [0.],
       [0.],
       [0.]]), 'errors': array([[0.],
       [0.],
       [0.],
       [0.],
       [0.],
       [0.]])}]
Training complete!
Training done. epoch: 7 , total error: 0.009793893324065807
[{'weights': array([[ 6.67262758e-02, -8.16979013e-01,  4.18524864e-01,
        -6.25038191e-01, -3.50068333e-02, -3.45640983e-01,
        -2.93766073e-02, -4.08839936e-01, -1.88915371e-01,
        -5.00000000e-03, -1.27653908e+00, -6.47016492e-01,
        -3.23047498e-01,  1.00232412e+00,  2.59506052e-01,
         5.63922099e-01,  1.44968560e-01, -1.44282330e+00,
        -6.34653175e-02, -1.91374942e-01, -6.97182979e-01,
         6.18443655e-01, -8.48340357e-01,  1.44847889e-01,
        -2.09541104e-01, -7.39850737e-01, -1.90819390e-01,
        -1.49411803e-02, -4.11615893e-02, -4.28108064e-01,
        -1.76425012e-02,  2.63560788e-01, -2.14040446e-01,
        -5.96542675e-01, -8.72593880e-01,  2.11220582e-01,
        -1.65824745e-01, -1.19534011e-01, -1.10408433e-02,
        -2.28653529e-01,  4.19812254e-01, -6.66490696e-01,
        -4.94020408e-01, -1.34205181e-02],
       [-3.47049227e-01, -1.90021521e-01, -1.57031455e+00,
         1.53122018e+00,  1.74645560e-01,  5.59405580e-01,
         2.38476683e-01, -6.88693609e-01, -5.17708209e-01,
         5.00000000e-03, -8.14161379e-01,  2.05350550e-01,
        -1.02040783e+00,  9.65876385e-02,  1.11111147e+00,
        -5.33530256e-01,  3.68207359e-01,  5.13344607e-01,
        -2.33386083e-01, -5.35155182e-01,  7.74893659e-02,
        -4.37885576e-01,  1.65275082e-01, -1.94145041e-01,
        -1.82533858e-02,  3.79378131e-01, -2.12867333e-01,
        -1.58304682e-01, -4.15725671e-01, -1.61497302e-02,
        -1.03759488e+00, -1.09392615e+00,  6.19068046e-01,
         1.11708316e+00,  3.41616315e-01, -2.46238877e-01,
        -4.71305428e-01, -7.18451416e-02,  6.32535764e-02,
        -5.33497389e-01, -8.98895945e-02,  5.33518274e-01,
         9.70929265e-02, -4.10743771e-01],
       [-4.39752945e-01, -6.13541910e-02, -1.37988302e-01,
        -2.22169637e-01, -6.67199910e-02, -2.08703927e-01,
        -4.02743344e-01,  5.92782075e-02, -3.54816002e-01,
        -1.00000000e-02, -8.62789569e-01, -2.17738320e-01,
        -3.18341835e-01,  3.30054899e-01,  1.64829759e-01,
         3.22476264e-01, -4.84535013e-01, -3.80382052e-01,
        -1.81285896e-01, -2.04258369e-01, -3.14135838e-01,
         2.12460105e-01, -1.92923170e-01, -5.30086606e-01,
        -1.05299557e-01, -5.84187088e-01, -2.11661798e-01,
        -5.33321831e-02, -6.88039964e-02, -3.33168120e-01,
         3.20944408e-01, -6.95953423e-01, -1.26045985e-01,
        -9.17619459e-02, -1.98859743e-01, -2.92377070e-01,
        -2.22584519e-01, -1.04612476e-01, -7.65512581e-02,
        -4.02349136e-01, -3.43473362e-01, -3.34220431e-01,
         2.28406501e-01, -7.83486380e-02],
       [ 2.15501478e-01, -4.73314444e-01,  3.13776555e-01,
        -2.61385874e-01, -3.60947802e-01, -9.57044847e-02,
         1.13020127e+00, -8.13734584e-01, -7.86132291e-01,
        -1.00000000e-02,  2.50622936e-01,  2.76168836e-01,
         6.45033060e-01, -1.03938974e+00, -6.83805182e-01,
        -9.06520957e-01, -4.11039675e-01,  3.63537000e-01,
        -2.08338298e-01,  5.93991843e-01, -1.67937531e-01,
        -4.92357485e-01, -1.74556391e-01,  3.70732305e-01,
        -1.03250986e-01, -8.33354497e-01, -5.02944171e-04,
        -5.67225032e-02,  3.12209857e-01,  2.34413628e-01,
        -1.13521807e+00,  7.78723474e-01, -5.92484382e-02,
        -3.71040682e-01, -4.84520195e-02, -2.20484654e-01,
        -2.33281917e-01,  3.05291956e-01, -3.66443452e-01,
        -6.09021306e-02, -5.85412878e-01, -1.14503613e-01,
        -2.25145510e-01,  4.23594044e-01],
       [-1.05815555e-01,  2.68610315e-02, -5.71935914e-01,
        -2.15606472e-01, -8.94719876e-02, -3.07284793e-01,
        -8.17128941e-01,  1.77173807e-01, -4.07289700e-02,
        -8.00000000e-03, -3.04666561e-01,  9.54051012e-02,
         4.90348571e-01, -6.93825044e-01, -5.73230964e-01,
        -2.41825957e-01, -9.14383346e-02, -2.02216718e-01,
        -1.88333187e-01, -2.35154700e-01, -4.49811818e-01,
        -4.86984325e-01, -4.87952770e-02, -1.40097710e-01,
         1.45720233e-01, -5.34287010e-01, -2.96685803e-01,
        -7.37835249e-02, -6.12125589e-02, -4.10963817e-01,
        -7.45459779e-01,  4.71807922e-01, -1.63117390e-01,
        -1.14235833e-01, -1.38425460e-01, -2.41177967e-01,
        -2.66873916e-01, -1.43652778e-01, -1.81838776e-01,
        -3.03260382e-01, -3.55084397e-01, -2.06093348e-01,
        -8.48880638e-02, -9.64270619e-03],
       [ 2.86997108e-02, -6.57886981e-02,  2.30168820e-01,
        -2.87676555e-01, -2.99156144e-01, -1.32120370e-01,
        -1.24694970e+00,  6.43162109e-02,  9.54000990e-01,
         4.00000000e-03,  1.10123609e+00,  1.06463276e-01,
         1.90781771e-02, -7.34880179e-01, -8.58650226e-01,
        -7.49935405e-01, -6.32531354e-01,  1.51593160e-01,
         1.21442699e+00, -3.26306257e-01, -2.48510637e-01,
        -7.59572971e-01, -6.15638129e-02,  4.08990119e-01,
         3.12904436e-01, -8.86093477e-01,  2.07299926e-01,
         4.55575303e-01, -1.49534618e-01, -4.04434113e-02,
         9.76817614e-01, -5.29178320e-01, -5.81196812e-01,
        -2.17751936e-01, -1.49905223e+00,  7.62295678e-01,
         8.17102835e-01, -4.32242598e-01, -3.18565486e-02,
         4.64768589e-01, -2.66447333e-01, -3.95402954e-01,
        -1.39525565e-01, -3.01456035e-02]]), 'deltas': array([[-0.00122055],
       [-0.00110787],
       [-0.00483376],
       [-0.00226404],
       [-0.00811087],
       [ 0.00061103]]), 'outputs': array([[0.03557489],
       [0.033863  ],
       [0.07217896],
       [0.04878691],
       [0.09465109],
       [0.97496566]]), 'errors': array([[-0.03557489],
       [-0.033863  ],
       [-0.07217896],
       [-0.04878691],
       [-0.09465109],
       [ 0.02503434]])}]
Accuracy: 54.761904761904766 %

train_data group 2 length:  172
   0   1   2   3   4   5   6   7   8  ...  36  37  38  39  40  41  42  43  44
0   0   1   0   0   0   0   0   1   0 ...   0   0   0   1   0   0   0   0   0
1   0   1   0   0   0   0   1   0   0 ...   0   0   0   0   1   0   0   0   0
2   0   0   1   0   0   0   0   1   0 ...   0   0   0   1   0   0   0   0   0
3   0   1   0   0   0   0   0   1   0 ...   0   0   0   1   0   0   0   0   0
4   0   0   1   0   0   0   1   0   0 ...   0   0   0   0   1   0   0   0   0

[5 rows x 45 columns]
Initial Neural Network:
[{'weights': array([[-0.002,  0.002, -0.007,  0.006,  0.006, -0.009, -0.002,  0.004,
         0.007,  0.007,  0.005, -0.006, -0.009,  0.004,  0.003,  0.003,
        -0.001,  0.005,  0.002, -0.009, -0.008, -0.006,  0.003,  0.001,
         0.005, -0.01 , -0.006, -0.001,  0.01 , -0.002,  0.001, -0.006,
        -0.008, -0.005, -0.008, -0.002,  0.   , -0.004,  0.008, -0.005,
        -0.006,  0.009,  0.009, -0.009],
       [-0.004, -0.008,  0.003, -0.005, -0.001,  0.009,  0.002,  0.006,
         0.001,  0.002,  0.004, -0.003,  0.009, -0.005,  0.009,  0.001,
         0.004, -0.004,  0.003,  0.004, -0.005,  0.001,  0.005, -0.003,
         0.007, -0.003,  0.   ,  0.007,  0.001,  0.   , -0.009, -0.004,
         0.006,  0.01 ,  0.001,  0.001,  0.008,  0.001, -0.005, -0.001,
         0.004,  0.002,  0.001, -0.001],
       [ 0.002, -0.007,  0.003,  0.005, -0.001,  0.003,  0.01 , -0.01 ,
        -0.01 , -0.007, -0.008,  0.007, -0.007,  0.007,  0.001,  0.009,
        -0.003,  0.   ,  0.01 ,  0.003, -0.004,  0.008, -0.006,  0.008,
        -0.004, -0.006,  0.009, -0.002, -0.008,  0.01 ,  0.003,  0.003,
        -0.004, -0.005,  0.009, -0.001,  0.003, -0.01 ,  0.01 , -0.008,
         0.008,  0.004, -0.005,  0.008],
       [-0.009,  0.008, -0.002, -0.003, -0.007,  0.006, -0.003,  0.   ,
         0.005, -0.005, -0.002, -0.005, -0.003,  0.007, -0.005, -0.004,
         0.006, -0.007,  0.008, -0.001,  0.004,  0.01 ,  0.009,  0.007,
        -0.005,  0.004,  0.008, -0.008,  0.   ,  0.002, -0.006, -0.009,
         0.001, -0.001,  0.01 ,  0.002, -0.006, -0.006,  0.005, -0.007,
        -0.005, -0.005,  0.006,  0.009],
       [ 0.005, -0.005, -0.003,  0.005, -0.008,  0.006, -0.002, -0.003,
         0.001,  0.002, -0.008, -0.007, -0.006, -0.006, -0.005, -0.008,
         0.005, -0.01 ,  0.004, -0.003,  0.001,  0.001, -0.007,  0.007,
         0.008,  0.003,  0.002,  0.008, -0.007, -0.005, -0.007, -0.006,
         0.004,  0.01 ,  0.003,  0.   ,  0.006,  0.002,  0.002,  0.005,
        -0.004, -0.001,  0.005,  0.002],
       [-0.001,  0.006,  0.002,  0.009,  0.01 , -0.006,  0.007, -0.002,
         0.006, -0.007,  0.006, -0.006,  0.01 ,  0.002, -0.009,  0.003,
         0.01 ,  0.007,  0.   , -0.006,  0.001,  0.002,  0.008, -0.005,
         0.008, -0.001, -0.002,  0.003, -0.009, -0.003, -0.003,  0.003,
         0.003, -0.006,  0.007,  0.01 ,  0.   ,  0.001, -0.007,  0.01 ,
         0.005, -0.005, -0.007, -0.002]]), 'deltas': array([[0.],
       [0.],
       [0.],
       [0.],
       [0.],
       [0.]]), 'outputs': array([[0.],
       [0.],
       [0.],
       [0.],
       [0.],
       [0.]]), 'errors': array([[0.],
       [0.],
       [0.],
       [0.],
       [0.],
       [0.]])}]
Training complete!
Training done. epoch: 9 , total error: 0.00952148484073958
[{'weights': array([[ 0.31758528, -1.11068272,  0.3854516 , -0.75135443, -0.03116568,
        -0.54391549,  0.00992697, -0.37245436, -0.24428008, -0.037443  ,
        -1.53009441, -0.54748353, -0.95218548,  1.2934051 ,  0.53819238,
         0.73898433,  0.24810586, -1.61990794, -0.4010341 , -0.1613141 ,
        -0.86881827,  0.40465075, -0.88309326,  0.30344609, -0.15635126,
        -0.76710359, -0.40260636, -0.01469577, -0.01776023, -0.70344342,
        -0.09103052,  0.48902331, -0.24661208, -0.66310324, -0.93039764,
         0.20986491, -0.3613    , -0.11157769, -0.00775554, -0.09751036,
        -0.27390335, -0.62024558, -0.18831685, -0.01718981],
       [-0.56851072, -0.4147431 , -1.52849045,  1.90414268,  0.19758399,
         0.72419164,  0.22974558, -0.66531908, -0.52875507, -0.13488069,
        -0.8075867 , -0.44091708, -0.40341988, -0.01642284,  1.28732889,
        -0.75947577,  0.18861875,  0.91417825, -0.36489579, -0.36544305,
         0.3987073 , -0.45937646,  0.17689967, -0.12778873, -0.37845938,
         0.30500209, -0.31406059, -0.16356448, -0.21739463,  0.05049006,
        -0.54328035, -1.43215042,  0.22795609,  1.30496702,  0.42649785,
        -0.31840495, -0.43639081, -0.10980312,  0.04908342, -0.69987995,
         0.39207982,  0.21964702,  0.25882525, -0.56068975],
       [-0.52959381, -0.05341567, -0.33088024, -0.17933965, -0.0711246 ,
        -0.24494798, -0.53415355, -0.05739234, -0.30556191, -0.0382982 ,
        -0.91706836, -0.25175598, -0.39934193,  0.62590422, -0.22409191,
         0.28754144, -0.50629248, -0.42577253, -0.33503956, -0.16779085,
        -0.30174958, -0.04709522,  0.08922005, -0.7360479 , -0.16868132,
        -0.63930338, -0.40642952, -0.08253228, -0.04508879, -0.53049513,
         0.16143557, -0.54123855, -0.14608991, -0.10296594, -0.20162143,
        -0.3975189 , -0.35820229, -0.10888447, -0.08912688, -0.43488425,
        -0.39356798, -0.11440172, -0.16076409, -0.05573592],
       [ 0.07275646, -0.60514807,  0.57139558, -0.30303244, -0.46344006,
        -0.27067739,  1.37333976, -0.69921304, -0.96594902, -0.14896883,
         0.23306307,  0.87207328,  0.3412288 , -1.21862967, -0.950204  ,
        -1.15417114, -0.22225768,  0.31364787, -0.32159191,  0.67190434,
        -0.26520388, -0.74814702, -0.06728766,  0.62785846, -0.23668842,
        -0.93551326,  0.05157914, -0.06316946,  0.23663506,  0.06990101,
        -1.46482623,  0.63733882,  0.48887711, -0.45875922, -0.07018632,
        -0.29719192, -0.33353751,  0.45717595, -0.46572871,  0.14843476,
        -0.76773162, -0.2480067 , -0.39141684,  0.54225188],
       [ 0.30490242, -0.18601952, -0.75906146, -0.29343107, -0.13572267,
        -0.48820501, -0.95995608, -0.01773097, -0.1320529 ,  0.53861267,
        -0.35611157,  0.26200089,  0.57625436, -0.90613098, -0.67134499,
        -0.03349461, -0.36273436,  0.06085548, -0.42134345, -0.31861535,
        -0.58490592, -0.62114946, -0.08988515, -0.62908342,  0.87169165,
        -0.32614925, -0.48283525, -0.16123018, -0.08711761, -0.1316014 ,
        -0.55758507,  0.04397681, -0.23610961, -0.18601302,  0.13533796,
        -0.40003547, -0.34731196, -0.19830724, -0.24001559, -0.21003243,
        -0.49506775, -0.22561851, -0.09792111, -0.02769249],
       [ 0.05509426,  0.10360993,  0.15120065, -0.28957966, -0.29896804,
        -0.05727032, -1.21097214, -0.01065669,  1.13244563, -0.16018936,
         1.11916097,  0.20898923, -0.11726656, -0.77029685, -0.74222966,
        -0.72727603, -0.77321439,  0.11269919,  1.49499139, -0.39784302,
        -0.22902795, -0.63041942, -0.18368425,  0.37657316,  0.37591559,
        -1.10271468,  0.34652882,  0.56954413, -0.12700114, -0.02216607,
         0.92401806, -0.44114442, -0.5304173 , -0.24093313, -1.64456832,
         0.89002563,  1.0666623 , -0.56457021, -0.04119227,  0.60517217,
        -0.36131113, -0.40727494, -0.11671616, -0.0235128 ]]), 'deltas': array([[-0.0006731 ],
       [-0.00086306],
       [-0.00194714],
       [-0.00116133],
       [-0.01212189],
       [ 0.00047815]]), 'outputs': array([[0.02629214],
       [0.02982609],
       [0.04515781],
       [0.03468511],
       [0.11717873],
       [0.97788758]]), 'errors': array([[-0.02629214],
       [-0.02982609],
       [-0.04515781],
       [-0.03468511],
       [-0.11717873],
       [ 0.02211242]])}]
Accuracy: 54.761904761904766 %

train_data group 3 length:  170
   0   1   2   3   4   5   6   7   8  ...  36  37  38  39  40  41  42  43  44
0   0   1   0   0   0   0   0   1   0 ...   0   0   0   1   0   0   0   0   0
1   0   1   0   0   0   0   1   0   0 ...   0   0   0   0   1   0   0   0   0
2   0   0   1   0   0   0   0   1   0 ...   0   0   0   1   0   0   0   0   0
3   0   1   0   0   0   0   0   1   0 ...   0   0   0   1   0   0   0   0   0
4   0   0   1   0   0   0   1   0   0 ...   0   0   0   0   1   0   0   0   0

[5 rows x 45 columns]
Initial Neural Network:
[{'weights': array([[-0.007, -0.006, -0.01 ,  0.005,  0.008, -0.007,  0.002, -0.01 ,
         0.01 ,  0.001,  0.   , -0.01 ,  0.005, -0.004, -0.008, -0.006,
         0.008, -0.001,  0.   , -0.003,  0.004,  0.01 , -0.003, -0.008,
         0.004, -0.008, -0.007,  0.01 ,  0.01 ,  0.01 , -0.005, -0.002,
         0.001,  0.008,  0.004,  0.004, -0.002, -0.009,  0.009,  0.009,
         0.005, -0.007, -0.006,  0.004],
       [ 0.01 , -0.009, -0.009,  0.004,  0.   ,  0.003, -0.009, -0.004,
        -0.004,  0.009,  0.005, -0.002,  0.004, -0.003,  0.01 , -0.008,
        -0.002,  0.003, -0.008, -0.008,  0.009, -0.006, -0.001, -0.009,
         0.002, -0.001, -0.001, -0.005, -0.006,  0.003,  0.   ,  0.01 ,
         0.005, -0.003, -0.005,  0.007,  0.005,  0.01 ,  0.001,  0.007,
         0.009, -0.008,  0.01 ,  0.003],
       [ 0.001,  0.004, -0.01 ,  0.004,  0.009,  0.004,  0.009,  0.009,
         0.001,  0.   ,  0.006,  0.001,  0.   ,  0.005, -0.003, -0.003,
         0.009,  0.007, -0.009,  0.003,  0.008, -0.004,  0.008, -0.004,
         0.009, -0.005,  0.003, -0.009, -0.004,  0.003, -0.005, -0.002,
        -0.002,  0.007, -0.009, -0.007, -0.007,  0.008,  0.005, -0.005,
        -0.007,  0.001, -0.004, -0.005],
       [ 0.003, -0.008,  0.004,  0.001, -0.004, -0.009,  0.   , -0.009,
         0.008, -0.002,  0.007, -0.007, -0.008, -0.007,  0.005, -0.002,
         0.009, -0.01 , -0.01 , -0.008,  0.003, -0.009, -0.004, -0.009,
        -0.002,  0.003, -0.008,  0.   , -0.007, -0.004, -0.003,  0.001,
        -0.01 ,  0.007, -0.002, -0.008,  0.008, -0.005, -0.001, -0.01 ,
        -0.009,  0.006, -0.009,  0.01 ],
       [-0.002, -0.002,  0.002, -0.005, -0.005,  0.008, -0.007,  0.009,
         0.006,  0.007, -0.003,  0.006,  0.001, -0.004, -0.005,  0.002,
         0.009,  0.01 ,  0.008, -0.009, -0.009,  0.003,  0.007, -0.008,
        -0.002,  0.01 ,  0.007, -0.01 , -0.006,  0.009, -0.003, -0.006,
         0.006, -0.01 ,  0.008,  0.009,  0.01 , -0.007,  0.004, -0.005,
        -0.006,  0.008,  0.002,  0.009],
       [ 0.004, -0.008, -0.007,  0.009, -0.004, -0.01 ,  0.004, -0.004,
        -0.002,  0.002,  0.005,  0.004,  0.004, -0.005, -0.002, -0.008,
        -0.002,  0.008,  0.01 ,  0.01 ,  0.01 ,  0.007, -0.006,  0.004,
        -0.001,  0.007, -0.004, -0.007,  0.003, -0.006,  0.002,  0.002,
        -0.002, -0.003,  0.008, -0.003,  0.002,  0.002,  0.006, -0.01 ,
        -0.005,  0.002,  0.002, -0.001]]), 'deltas': array([[0.],
       [0.],
       [0.],
       [0.],
       [0.],
       [0.]]), 'outputs': array([[0.],
       [0.],
       [0.],
       [0.],
       [0.],
       [0.]]), 'errors': array([[0.],
       [0.],
       [0.],
       [0.],
       [0.],
       [0.]])}]
Training complete!
Training done. epoch: 10 , total error: 0.009893950729174261
[{'weights': array([[-3.36143275e-01, -5.43789000e-01,  6.27178649e-01,
        -9.05806511e-01, -3.67815207e-02, -4.27022904e-01,
         2.75436939e-02, -5.78553416e-01, -1.70932436e-01,
        -4.03765952e-02, -1.24949728e+00, -6.29920138e-01,
        -9.94871494e-01,  1.42962878e+00,  2.42318476e-01,
         8.58561110e-01,  1.05664354e-01, -1.55919688e+00,
        -4.63667898e-01, -1.28702345e-01, -7.36829015e-01,
         6.61857633e-01, -9.67552663e-01,  8.04036685e-02,
        -2.16221281e-01, -7.69416291e-01, -4.11088540e-01,
         1.00000000e-02, -9.83682609e-03, -6.43333635e-01,
        -2.10887997e-01,  1.81236748e-01, -2.21596335e-01,
        -2.78760438e-01, -9.18414350e-01,  2.75247699e-01,
        -4.48237913e-01, -9.69370934e-02,  9.00000000e-03,
        -3.41203898e-01, -1.79214904e-01, -3.20015366e-01,
        -3.33959845e-01, -5.94764452e-03],
       [-1.49592908e-01, -7.86264152e-01, -1.47516010e+00,
         1.76170805e+00,  1.91623038e-01,  1.21156874e-01,
         3.84515763e-01, -3.11646507e-01, -5.55239141e-01,
        -9.74730564e-02, -1.30194166e+00,  2.33274188e-01,
        -8.77024833e-01,  2.15607272e-01,  1.29039896e+00,
        -1.69487343e+00,  5.74291490e-01,  1.51737601e+00,
        -3.20969509e-01, -5.52510635e-01,  2.64484047e-01,
        -3.52412816e-01, -3.31496006e-02, -4.82784558e-01,
         1.45176860e-01,  1.16194360e-01, -1.90584826e-01,
        -5.00000000e-03, -3.87295602e-01, -4.55448016e-02,
        -8.50851542e-01, -6.65139547e-01,  4.47525948e-01,
         6.75323874e-01,  4.24937874e-01, -1.86939363e-01,
        -5.53313596e-01, -1.21370983e-01,  1.00000000e-03,
        -4.87735013e-01,  8.68913263e-01, -3.89250793e-02,
        -3.96025448e-02, -7.35336694e-01],
       [-4.42088747e-01,  2.03607136e-02, -4.02964343e-01,
        -1.57783438e-01, -9.29186025e-03, -1.34708583e-01,
        -8.30825572e-01,  4.71255092e-01, -4.32620689e-01,
        -4.98679229e-02, -9.91709129e-01, -1.63239846e-01,
        -6.02768075e-01,  3.92900279e-01,  3.74049097e-01,
         1.02533001e+00, -6.83406250e-01, -5.87893808e-01,
        -5.25073316e-01, -2.21724312e-01, -3.12815674e-01,
        -1.20306051e-01,  1.82798418e-01, -6.68497469e-01,
        -6.39468986e-02, -6.68372901e-01, -3.02151256e-01,
        -9.00000000e-03, -3.52435181e-02, -4.52381713e-01,
         4.18142864e-01, -8.06616116e-01, -9.01301282e-02,
        -6.77825811e-02, -1.36249427e-01, -3.33870387e-01,
        -4.17511371e-01, -1.27136490e-01,  5.00000000e-03,
        -4.94250257e-01, -9.31983692e-01,  5.09407548e-02,
         4.54430722e-01, -9.89052022e-02],
       [ 1.49926245e-01, -5.32956555e-01,  4.92958367e-01,
        -2.62165776e-01, -3.38798739e-01,  4.39136710e-01,
         1.32181613e+00, -1.21555082e+00, -8.61263296e-01,
        -1.83175176e-01,  4.12314141e-01,  7.28095856e-01,
         3.61044581e-01, -1.11953985e+00, -8.78951186e-01,
        -1.14836483e+00,  3.91931210e-02,  3.25404674e-01,
        -3.52277869e-01,  6.28008449e-01, -2.45392084e-01,
        -5.87318674e-01, -1.31511051e-02,  5.48118593e-01,
        -2.10293187e-01, -1.10406095e+00,  3.85723170e-01,
         0.00000000e+00,  2.19301320e-01,  3.68009583e-01,
        -1.32951706e+00,  8.43957287e-01,  1.45179633e-01,
        -5.23665898e-01, -3.80400283e-01, -1.95866964e-01,
        -3.49943577e-01,  4.32174367e-01, -1.00000000e-03,
         2.08328397e-01, -7.22497247e-01, -1.35161044e-01,
        -4.90332550e-01,  6.40625988e-01],
       [-3.74219004e-02,  2.51414527e-01, -1.06300845e+00,
        -2.33737308e-01, -3.69078345e-02, -3.12494612e-01,
        -1.06827000e+00,  2.35331473e-01, -6.04067396e-01,
         6.64839567e-01, -2.60497973e-01, -2.05501812e-01,
         1.25913439e+00, -1.05659588e+00, -8.49199693e-01,
         1.98919978e-01, -4.15031546e-01,  1.26826288e-01,
        -5.00430027e-01, -4.97945664e-01, -6.79248918e-01,
        -6.83842831e-01,  2.73745221e-01, -2.90819693e-01,
         2.63505250e-01, -6.15106247e-01, -4.04103437e-01,
        -1.00000000e-02, -7.74512869e-02,  4.67266277e-02,
        -9.63880483e-01,  8.64880188e-02, -1.29713728e-01,
        -1.51281405e-01,  9.57563234e-02, -3.13664067e-01,
        -5.25489855e-01, -3.44263372e-01,  4.00000000e-03,
        -1.49214561e-01, -6.31217314e-01, -1.91962697e-01,
        -1.21024141e-01, -6.24225874e-03],
       [-3.76433894e-01, -1.40337104e-01,  3.38792190e-01,
        -2.49858943e-01, -2.44597742e-02, -3.95209439e-01,
        -1.27734777e+00, -1.53215472e-01,  1.45859256e+00,
        -8.91174134e-02,  1.02243663e+00, -1.06009562e-01,
         3.34811114e-02, -5.94685595e-01, -7.95520112e-01,
        -9.55875147e-01, -1.07298064e+00, -5.00880734e-03,
         1.75423997e+00, -1.48672907e-01,  2.70389782e-01,
        -4.98660925e-01, -2.80410822e-01,  2.63897217e-01,
        -1.87512777e-01, -2.69388799e-01, -5.68143389e-02,
        -7.00000000e-03, -1.14094388e-01, -3.58652236e-01,
         5.85602773e-01, -2.33859015e-01, -2.33165307e-01,
        -2.13223741e-01, -1.59565829e+00,  4.31681612e-01,
         1.16665717e+00, -4.39978013e-01,  6.00000000e-03,
         3.55144264e-01, -4.37321634e-01, -1.56391151e-01,
        -1.89443272e-01, -3.02857329e-02]]), 'deltas': array([[-9.03938600e-05],
       [-7.98058545e-04],
       [-6.89471838e-03],
       [-9.43119274e-04],
       [-7.58592354e-03],
       [ 1.91234449e-03]]), 'outputs': array([[0.00955331],
       [0.02866372],
       [0.08689565],
       [0.03120085],
       [0.09137157],
       [0.95525723]]), 'errors': array([[-0.00955331],
       [-0.02866372],
       [-0.08689565],
       [-0.03120085],
       [-0.09137157],
       [ 0.04474277]])}]
Accuracy: 50.0 %

train_data group 4 length:  171
   0   1   2   3   4   5   6   7   8  ...  36  37  38  39  40  41  42  43  44
0   0   1   0   0   0   0   0   1   0 ...   0   0   0   1   0   0   0   0   0
1   0   1   0   0   0   0   1   0   0 ...   0   0   0   0   1   0   0   0   0
2   0   0   1   0   0   0   0   1   0 ...   0   0   0   1   0   0   0   0   0
3   0   1   0   0   0   0   0   1   0 ...   0   0   0   1   0   0   0   0   0
4   0   0   1   0   0   0   1   0   0 ...   0   0   0   0   1   0   0   0   0

[5 rows x 45 columns]
Initial Neural Network:
[{'weights': array([[ 0.002,  0.001,  0.006, -0.003, -0.007, -0.005, -0.004, -0.01 ,
         0.008,  0.006,  0.002, -0.001,  0.001,  0.004,  0.006, -0.002,
        -0.008,  0.009, -0.008,  0.007, -0.004,  0.01 , -0.003,  0.009,
         0.006, -0.009, -0.003,  0.006,  0.007, -0.001,  0.006, -0.005,
         0.005,  0.001,  0.002,  0.003,  0.008,  0.001,  0.   ,  0.004,
         0.002,  0.   ,  0.001,  0.   ],
       [ 0.   , -0.001,  0.   , -0.004, -0.006, -0.003, -0.002,  0.003,
        -0.007,  0.004,  0.002,  0.001, -0.001, -0.002, -0.007, -0.001,
        -0.009,  0.006, -0.003, -0.01 ,  0.005,  0.007, -0.01 , -0.006,
        -0.007,  0.009,  0.001,  0.004, -0.007, -0.003,  0.   , -0.007,
         0.009,  0.006,  0.002,  0.008, -0.001,  0.002, -0.008,  0.006,
        -0.01 ,  0.005, -0.007, -0.004],
       [ 0.004,  0.008,  0.002, -0.006,  0.01 ,  0.003, -0.001,  0.009,
         0.009, -0.004,  0.008, -0.005,  0.007,  0.009, -0.003,  0.007,
        -0.001,  0.009,  0.007, -0.007, -0.007, -0.008, -0.008, -0.001,
        -0.004, -0.007, -0.005,  0.006, -0.009,  0.008, -0.004, -0.007,
        -0.009, -0.001, -0.01 ,  0.   , -0.003,  0.007,  0.007,  0.005,
         0.002, -0.005,  0.006, -0.006],
       [ 0.001,  0.006,  0.008,  0.01 ,  0.004, -0.01 , -0.002, -0.003,
         0.001,  0.002,  0.   ,  0.003,  0.009,  0.004,  0.005, -0.008,
         0.004,  0.002,  0.007, -0.01 ,  0.004,  0.006, -0.01 ,  0.009,
         0.008,  0.001,  0.004,  0.004,  0.005, -0.007, -0.007, -0.004,
        -0.009,  0.006, -0.005,  0.001, -0.005,  0.004,  0.   , -0.007,
         0.005,  0.009, -0.005, -0.007],
       [-0.004,  0.008,  0.003,  0.01 , -0.009, -0.001, -0.003,  0.002,
        -0.002, -0.006,  0.01 ,  0.001,  0.003, -0.002, -0.009,  0.001,
        -0.008,  0.008, -0.007,  0.01 ,  0.006,  0.   ,  0.009, -0.001,
         0.009, -0.001,  0.004,  0.004,  0.007,  0.008, -0.003,  0.007,
        -0.004, -0.006,  0.001, -0.007,  0.005,  0.002, -0.009,  0.   ,
         0.004,  0.   ,  0.002,  0.001],
       [ 0.005, -0.01 , -0.01 ,  0.008,  0.003,  0.006, -0.009, -0.009,
        -0.009,  0.001,  0.009,  0.005,  0.004,  0.005, -0.009,  0.002,
        -0.009, -0.007,  0.002,  0.005,  0.009,  0.01 , -0.003, -0.007,
         0.009,  0.01 , -0.006,  0.005, -0.001, -0.006, -0.001,  0.006,
        -0.009, -0.003, -0.001, -0.001,  0.009,  0.01 ,  0.004,  0.009,
        -0.01 ,  0.005,  0.004,  0.002]]), 'deltas': array([[0.],
       [0.],
       [0.],
       [0.],
       [0.],
       [0.]]), 'outputs': array([[0.],
       [0.],
       [0.],
       [0.],
       [0.],
       [0.]]), 'errors': array([[0.],
       [0.],
       [0.],
       [0.],
       [0.],
       [0.]])}]
Training complete!
Training done. epoch: 91 , total error: 0.0098923655254566
[{'weights': array([[ 9.99252849e-01, -2.77686351e+00, -6.13045401e-01,
         6.08725698e-01, -1.67904143e-02, -1.06991863e+00,
        -2.91605658e-01, -4.67896198e-01,  8.35459276e-02,
        -5.68462164e-02, -3.40011650e+00, -2.03910762e+00,
        -1.36536460e+00,  2.44252816e+00,  2.57633979e+00,
         1.20808236e+00,  3.25273026e-01, -1.66202686e+00,
        -1.37794283e+00, -2.93106467e-01, -3.50729394e-01,
        -5.74692060e-01, -8.21217809e-01,  5.72660790e-01,
        -6.05742302e-01, -5.49881596e-01, -1.19610837e+00,
        -6.55837559e-03, -4.41724337e-02, -2.60220585e+00,
         8.74955074e-01,  1.39936316e+00, -3.02715747e-01,
        -1.16111741e+00, -1.72447205e+00,  5.04097265e-01,
        -3.32727169e-01, -2.18831972e-01, -1.17868510e-02,
         7.09315147e-01, -5.23276286e-01, -4.66666019e-01,
        -1.51009362e+00,  0.00000000e+00],
       [-1.69703881e+00, -1.65289581e+00, -1.89391681e+00,
         3.43687148e+00,  5.85735696e-01,  8.61497514e-02,
         3.02503190e-01, -3.24462973e-01, -1.14945726e+00,
        -1.29976969e-01, -2.19864508e+00,  1.59649003e+00,
        -2.32443032e+00, -3.29359762e-02,  1.74227709e+00,
        -3.40320229e+00,  2.72110588e-01,  3.10746142e+00,
        -5.04131786e-01, -6.99482193e-01, -1.27687428e-01,
        -7.78371690e-01,  3.68828246e-01,  6.46283044e-01,
        -1.33029643e+00,  5.71170133e-01, -1.05855655e+00,
        -1.37459892e-01, -5.78397956e-01,  2.35420987e-01,
        -1.42507115e+00, -3.19101124e+00, -6.45783497e-01,
         3.82120064e+00,  2.06630494e+00, -2.34663921e+00,
        -1.03839327e+00, -8.19360743e-02,  1.93419350e-01,
        -1.47157130e+00,  2.89659888e-01,  2.50563140e-01,
        -2.84895983e-01, -4.00000000e-03],
       [-1.58681276e+00,  1.55453428e+00, -2.17132479e+00,
        -8.12768481e-01, -4.41692205e-02, -4.66791033e-01,
        -5.97198587e-02,  1.33495330e-01, -2.61915565e+00,
        -5.03697677e-02, -1.65248059e+00, -4.44980426e-01,
        -1.04498578e+00,  1.60034151e+00, -1.52043570e+00,
         2.24957339e+00, -2.09726114e+00, -1.73731220e+00,
        -1.19254238e+00, -2.85998661e-01, -2.52138626e-01,
         1.34690394e+00, -2.59287616e-01, -3.51628612e+00,
        -4.25732567e-01, -1.49271802e+00, -1.31737986e+00,
        -2.10290674e-01, -7.31524302e-02, -1.48662509e+00,
         9.67328616e-01, -2.04997676e+00, -1.62331091e-01,
        -3.59936655e-01,  2.89648053e-01, -1.85156149e+00,
        -1.31604233e+00, -9.48668108e-02, -1.04718401e-01,
        -9.89923301e-01, -1.54486160e+00, -1.86006413e+00,
         1.32430805e+00, -6.00000000e-03],
       [ 6.11327030e-02, -1.22536593e+00,  9.79155336e-01,
        -9.86999628e-01, -6.19452416e-01,  2.41682281e-01,
         2.20174435e+00, -1.41375066e+00, -2.60517631e+00,
        -2.57029593e-01,  9.09881586e-02,  1.20290674e-01,
         1.78760770e+00, -2.27279958e+00, -1.52561689e+00,
        -2.29813740e+00, -5.79318997e-01,  1.14621368e-01,
        -3.46058792e-01,  1.28336389e+00, -1.44563491e+00,
        -1.49000779e+00, -1.21700351e-01,  1.74756997e+00,
        -4.93756846e-01, -1.86923937e+00, -2.29336233e-01,
        -1.81122307e-01,  4.73167975e-01, -9.71525119e-02,
        -3.24456069e+00,  5.54700244e-02,  2.16393724e+00,
        -7.19223995e-01, -3.87022131e-01, -5.34644466e-01,
        -4.27412264e-01,  8.57880571e-01, -1.33433164e+00,
         1.64947778e+00, -8.76512460e-01,  2.24389182e-02,
        -2.61393417e+00, -7.00000000e-03],
       [ 1.36965697e+00, -3.74217147e-02, -3.53479435e+00,
        -8.89712036e-01, -1.13325207e-01, -1.70279991e+00,
        -4.10354152e+00,  2.81955485e-01,  4.01251525e-01,
         1.89953809e+00, -9.89187183e-02,  9.28333342e-01,
         1.58115298e+00, -3.18448970e+00, -2.43667424e+00,
        -1.87985275e-01,  1.39553501e-01,  6.45969547e-01,
        -2.97069256e+00, -8.36441549e-01, -1.73123283e+00,
        -2.29184440e+00,  3.77551857e-01,  8.67597395e-01,
        -4.12668359e-01, -9.77218796e-01, -1.44811528e+00,
        -6.18333481e-01, -1.55928776e-01, -9.90172239e-01,
        -1.18007699e+00,  1.72713312e-01, -6.02718769e-01,
        -6.11341650e-01,  1.44909630e+00, -1.50456360e+00,
        -1.79029918e+00, -5.32252471e-01, -8.43577386e-01,
        -5.32782584e-01, -2.10387487e+00, -4.29683289e-01,
        -1.41255596e-01,  1.00000000e-03],
       [-6.34674013e-01, -1.18323861e+00,  2.03377785e+00,
        -4.26169010e-01, -4.06492653e-01,  1.43312497e-01,
        -1.88900686e+00,  3.82598477e-02,  1.27771500e+00,
        -2.03076931e-01,  1.22155375e+00,  2.66026484e-01,
        -1.04715891e+00,  1.29464250e-01, -1.16868202e+00,
        -1.32179225e+00, -8.01564508e-01, -4.01824629e-01,
         2.53678441e+00, -6.31399460e-01, -6.76393760e-01,
        -2.09804670e+00,  7.70258409e-01,  1.05085840e+00,
         3.58527205e-01, -2.42106787e+00,  7.47709948e-01,
         1.34393331e+00, -2.75371834e-01,  1.46133421e-01,
         2.40538969e+00, -1.13582463e+00, -1.65591169e+00,
        -3.85583244e-01, -2.33818672e+00,  1.28573170e+00,
         1.52397570e+00, -1.17437716e+00,  1.11060039e-01,
         1.00430338e+00, -7.84178082e-01, -5.46029001e-01,
        -2.78892743e-01,  2.00000000e-03]]), 'deltas': array([[-1.16842458e-02],
       [-1.43816937e-03],
       [-3.08422517e-07],
       [-2.92690578e-03],
       [-4.58552761e-05],
       [ 1.85621328e-03]]), 'outputs': array([[1.14895514e-01],
       [3.86785970e-02],
       [5.55512326e-04],
       [5.56728076e-02],
       [6.79477623e-03],
       [9.55934379e-01]]), 'errors': array([[-0.11489551],
       [-0.0386786 ],
       [-0.00055551],
       [-0.05567281],
       [-0.00679478],
       [ 0.04406562]])}]
Accuracy: 55.81395348837209 %

Feedforward Neural Network AVG Accuracy (%): 53.76522702104097 %
