Namespace(max_epochs=100, num_layers=3, num_nodes_per_hidden_layer=6, training_rate=0.5)

train_data group 0 length:  171
   0   1   2   3   4   5   6   7   8  ...  36  37  38  39  40  41  42  43  44
0   0   0   1   0   0   0   1   0   0 ...   0   0   0   1   0   0   0   0   0
1   0   1   0   0   0   0   1   0   0 ...   0   0   0   0   0   1   0   0   0
2   0   0   1   0   0   0   0   1   0 ...   0   0   0   1   0   0   0   0   0
3   0   1   0   0   0   0   1   0   0 ...   0   0   0   0   0   1   0   0   0
4   0   0   1   0   0   0   0   1   0 ...   0   0   0   1   0   0   0   0   0

[5 rows x 45 columns]
Initial Neural Network:
[{'weights': array([[ 0.008, -0.002, -0.005,  0.001, -0.003, -0.008, -0.002,  0.001,
        -0.006, -0.005,  0.003,  0.001,  0.01 , -0.009, -0.005,  0.006,
        -0.001,  0.006,  0.002, -0.005,  0.01 ,  0.   ,  0.001, -0.005,
         0.004, -0.006, -0.005, -0.008, -0.004,  0.009, -0.001,  0.009,
        -0.009,  0.002,  0.004,  0.009, -0.008,  0.006, -0.009, -0.008,
         0.01 , -0.001,  0.009, -0.002],
       [-0.001,  0.005,  0.007,  0.007,  0.003, -0.003, -0.005,  0.006,
        -0.007,  0.008, -0.005,  0.007, -0.009, -0.007,  0.01 , -0.004,
         0.009,  0.007, -0.001, -0.006,  0.007, -0.005,  0.007, -0.002,
        -0.007, -0.008, -0.009,  0.004, -0.008,  0.003,  0.01 , -0.009,
        -0.007, -0.004,  0.001,  0.005, -0.01 , -0.001,  0.   , -0.006,
         0.007, -0.007, -0.005, -0.009],
       [-0.008,  0.001, -0.001,  0.009,  0.005,  0.001, -0.01 , -0.005,
        -0.01 ,  0.004, -0.007, -0.005, -0.01 ,  0.009,  0.005,  0.003,
        -0.008,  0.   , -0.009, -0.004, -0.007,  0.007,  0.002, -0.001,
        -0.008,  0.   , -0.005,  0.   , -0.008,  0.007,  0.003, -0.008,
         0.003, -0.008,  0.006, -0.006, -0.001,  0.008, -0.005,  0.001,
        -0.009,  0.007,  0.002,  0.01 ],
       [-0.005, -0.008, -0.002,  0.007,  0.009,  0.002,  0.007, -0.006,
         0.009, -0.006, -0.008, -0.008, -0.005,  0.009,  0.01 , -0.004,
        -0.002,  0.004,  0.004, -0.01 ,  0.002,  0.006, -0.003, -0.006,
        -0.005,  0.005, -0.01 ,  0.007, -0.002,  0.004,  0.01 ,  0.004,
         0.006, -0.009,  0.004, -0.004, -0.008, -0.01 , -0.002, -0.01 ,
         0.007, -0.008, -0.006,  0.002],
       [-0.006, -0.007,  0.01 ,  0.   , -0.009,  0.   , -0.002,  0.001,
        -0.003, -0.002, -0.007, -0.004, -0.004, -0.01 , -0.009, -0.007,
         0.001, -0.009, -0.004,  0.002, -0.01 ,  0.009,  0.001,  0.004,
        -0.008,  0.006,  0.002,  0.002, -0.003,  0.005, -0.007, -0.004,
        -0.004,  0.003,  0.001, -0.003,  0.009,  0.003,  0.009, -0.009,
        -0.01 , -0.006, -0.003,  0.002],
       [ 0.005, -0.009,  0.001, -0.001,  0.005, -0.008, -0.006,  0.002,
         0.007,  0.   , -0.004, -0.009, -0.008, -0.003, -0.009,  0.01 ,
         0.004,  0.002, -0.001,  0.009, -0.002,  0.004,  0.003,  0.01 ,
        -0.002, -0.001, -0.007, -0.008,  0.001,  0.006,  0.007, -0.001,
        -0.005,  0.009, -0.002,  0.007, -0.009,  0.008, -0.003,  0.003,
         0.008, -0.004, -0.003,  0.007]]), 'deltas': array([[0.],
       [0.],
       [0.],
       [0.],
       [0.],
       [0.]]), 'outputs': array([[0.],
       [0.],
       [0.],
       [0.],
       [0.],
       [0.]]), 'errors': array([[0.],
       [0.],
       [0.],
       [0.],
       [0.],
       [0.]])}, {'weights': array([[-0.006,  0.   ,  0.008,  0.009,  0.008,  0.003],
       [ 0.009, -0.006, -0.002, -0.007,  0.006, -0.007],
       [ 0.003, -0.005,  0.008, -0.01 , -0.008,  0.005],
       [ 0.005, -0.001,  0.006, -0.01 , -0.002, -0.001],
       [ 0.005,  0.007,  0.005, -0.008,  0.003, -0.009],
       [ 0.003, -0.004,  0.005, -0.006, -0.005,  0.009]]), 'deltas': array([[0.],
       [0.],
       [0.],
       [0.],
       [0.],
       [0.]]), 'outputs': array([[0.],
       [0.],
       [0.],
       [0.],
       [0.],
       [0.]]), 'errors': array([[0.],
       [0.],
       [0.],
       [0.],
       [0.],
       [0.]])}, {'weights': array([[-0.003, -0.003,  0.008,  0.   , -0.004,  0.007],
       [ 0.01 ,  0.007, -0.001,  0.003,  0.006,  0.008],
       [-0.008,  0.01 ,  0.006,  0.009,  0.008,  0.007],
       [ 0.008, -0.006, -0.009,  0.002,  0.006, -0.01 ],
       [-0.008,  0.005,  0.005, -0.002, -0.006,  0.004],
       [ 0.006,  0.003, -0.003,  0.004, -0.009, -0.006]]), 'deltas': array([[0.],
       [0.],
       [0.],
       [0.],
       [0.],
       [0.]]), 'outputs': array([[0.],
       [0.],
       [0.],
       [0.],
       [0.],
       [0.]]), 'errors': array([[0.],
       [0.],
       [0.],
       [0.],
       [0.],
       [0.]])}]
Training complete!
Training done. epoch: 100 , total error: 0.4145131559380351
[{'weights': array([[-1.61533128e+00, -1.24857262e+00, -3.30636975e+00,
         3.77164055e-01,  3.36236877e+00, -4.07460547e-01,
         1.48085232e+00, -2.46560003e+00, -1.01444837e+00,
        -4.30841858e-02, -2.90418267e+00, -6.66483383e-01,
        -1.27019423e+00,  2.73810839e+00, -3.26988918e-01,
         4.62128543e-01, -6.22328166e-01,  1.60652652e-01,
        -1.01708494e+00, -1.40510891e+00,  3.40339868e+00,
        -3.26786919e+00, -3.33387800e+00,  1.11896897e+00,
        -3.40361287e-01, -4.62459162e-01, -3.14736016e-01,
        -2.71436729e-01, -1.40410891e+00, -1.73892911e+00,
        -1.33787032e+00, -7.68010731e-01,  7.03092570e-01,
         7.21976772e-01, -1.58422658e+00, -6.64407358e-01,
        -1.12572893e+00,  6.00000000e-03,  9.40622053e-01,
         3.96912684e-01,  2.13891746e-02, -2.35280849e+00,
        -3.48721902e-01, -1.38512282e-01],
       [-2.67849491e+00, -1.64365147e-01, -3.67359833e+00,
         4.46576761e-01,  3.10898261e+00, -8.52694947e-01,
         2.61096314e+00, -3.60105449e+00, -1.11247677e+00,
        -2.76359418e-02, -3.27375047e+00, -7.17414230e-01,
        -1.41796436e+00,  3.34816500e+00, -9.24934943e-01,
         1.91620156e-01,  1.20298542e+00, -1.91518200e+00,
        -1.02230710e+00, -1.43401548e+00,  3.14454795e+00,
        -3.80025420e+00, -2.77312400e+00,  8.64962715e-01,
        -4.18031474e-01, -9.28107291e-01, -3.08543521e-01,
        -3.30232715e-01, -1.43601548e+00, -1.76019495e+00,
        -1.60935321e+00, -6.78307952e-01,  3.28619192e-01,
         7.30337901e-01, -1.70555076e+00, -6.64763515e-01,
        -1.21827188e+00, -1.00000000e-03,  6.02687144e-01,
         1.36809304e+00,  1.25427220e-01, -3.86908034e+00,
        -4.82779829e-01, -1.43559096e-01],
       [-2.52963687e+00, -2.83454018e-01, -3.67909543e+00,
         3.84208441e-01,  3.26020247e+00, -6.38458351e-01,
         2.42009899e+00, -3.48032738e+00, -1.14228097e+00,
        -3.28076986e-02, -3.21625012e+00, -7.26075676e-01,
        -1.45210964e+00,  3.33117901e+00, -7.98518991e-01,
         2.31090659e-01,  1.02160035e+00, -1.64114895e+00,
        -1.03987606e+00, -1.44344140e+00,  3.19382033e+00,
        -3.72253554e+00, -2.71621175e+00,  7.95867069e-01,
        -4.11715515e-01, -7.83262282e-01, -3.10951380e-01,
        -3.25120343e-01, -1.44744140e+00, -1.77520048e+00,
        -1.49544217e+00, -7.85860414e-01,  5.75087848e-01,
         6.24639812e-01, -1.76116772e+00, -6.82312766e-01,
        -1.24807844e+00,  8.00000000e-03,  8.31783516e-01,
         1.39885542e+00, -1.08026057e-01, -3.56104848e+00,
        -4.47384175e-01, -1.25172120e-01],
       [-2.25389395e+00, -4.98242300e-01, -3.62928734e+00,
         3.45876149e-01,  3.38662504e+00, -4.57369641e-01,
         2.08661366e+00, -3.08610439e+00, -1.14416427e+00,
        -4.28977629e-02, -3.15725140e+00, -7.25441215e-01,
        -1.44634117e+00,  3.02666575e+00, -3.49554373e-01,
         2.90726967e-01,  6.27006735e-01, -1.08575656e+00,
        -1.03565055e+00, -1.45424900e+00,  3.27353175e+00,
        -3.59240198e+00, -2.76263278e+00,  8.19883324e-01,
        -3.94302719e-01, -5.85457168e-01, -3.15210628e-01,
        -3.03005611e-01, -1.44624900e+00, -1.78235739e+00,
        -1.32532470e+00, -8.59396393e-01,  7.60045521e-01,
         5.72110551e-01, -1.72240450e+00, -6.90620279e-01,
        -1.26079869e+00, -1.00000000e-02,  1.01390107e+00,
         1.26224416e+00, -2.88410983e-01, -3.08497596e+00,
        -4.20032278e-01, -1.33747342e-01],
       [-2.70606925e+00, -1.25561791e-01, -3.63260283e+00,
         4.71682198e-01,  2.95676273e+00, -9.59871087e-01,
         2.66476065e+00, -3.62200713e+00, -1.07545209e+00,
        -3.72192711e-02, -3.30798922e+00, -7.17844339e-01,
        -1.37891280e+00,  3.31889673e+00, -9.71939305e-01,
         1.91581400e-01,  1.21616763e+00, -2.01934696e+00,
        -1.02935148e+00, -1.39983953e+00,  3.05266895e+00,
        -3.80912262e+00, -2.77251294e+00,  9.12521534e-01,
        -4.11343859e-01, -9.84674574e-01, -3.01604506e-01,
        -3.25670331e-01, -1.40483953e+00, -1.73566330e+00,
        -1.61933208e+00, -6.39283524e-01,  1.90966745e-01,
         7.72523222e-01, -1.63620442e+00, -6.69693932e-01,
        -1.16696366e+00,  3.00000000e-03,  4.65073078e-01,
         1.33865811e+00,  1.60977079e-01, -3.92688232e+00,
        -4.89341163e-01, -1.33200650e-01],
       [-2.63308920e+00, -2.05506812e-01, -3.66479879e+00,
         4.25754151e-01,  3.12362299e+00, -8.19994322e-01,
         2.55968831e+00, -3.55518244e+00, -1.10825443e+00,
        -3.62747746e-02, -3.26863050e+00, -7.28361422e-01,
        -1.42353995e+00,  3.33347102e+00, -9.00956814e-01,
         2.08786179e-01,  1.15348954e+00, -1.84344051e+00,
        -1.02812767e+00, -1.42172520e+00,  3.13492499e+00,
        -3.77701651e+00, -2.74958216e+00,  8.51240506e-01,
        -4.01584473e-01, -9.00330100e-01, -3.09896157e-01,
        -3.30066201e-01, -1.42972520e+00, -1.76389613e+00,
        -1.56763537e+00, -6.93545875e-01,  3.66579277e-01,
         7.19480442e-01, -1.70246884e+00, -6.66832997e-01,
        -1.22416638e+00,  8.00000000e-03,  6.31450563e-01,
         1.36858686e+00,  6.37504290e-02, -3.77837761e+00,
        -4.70200158e-01, -1.27777180e-01]]), 'deltas': array([[-6.52646554e-07],
       [-1.10175540e-07],
       [-2.08611333e-07],
       [-5.18140146e-07],
       [-9.11005984e-08],
       [-1.32173212e-07]]), 'outputs': array([[1.50924709e-06],
       [2.54780944e-07],
       [4.82413832e-07],
       [1.19820025e-06],
       [2.10670131e-07],
       [3.05650577e-07]]), 'errors': -0.4324325301814366}, {'weights': array([[0.80239   , 0.6721414 , 0.61746066, 0.65650013, 0.64559308,
        0.63233919],
       [0.82193977, 0.66859924, 0.60954628, 0.6423183 , 0.64599387,
        0.62464922],
       [0.81585983, 0.6701368 , 0.62013396, 0.64000029, 0.63256352,
        0.63720108],
       [0.81732867, 0.67332711, 0.61738872, 0.63931034, 0.63773226,
        0.63041545],
       [0.81647475, 0.68042874, 0.61559077, 0.6405916 , 0.64181744,
        0.62155539],
       [0.81445672, 0.66991459, 0.6159706 , 0.64285942, 0.63436081,
        0.64000682]]), 'deltas': array([[-0.01793961],
       [-0.01793961],
       [-0.01793961],
       [-0.01793961],
       [-0.01793961],
       [-0.01793961]]), 'outputs': array([[0.5000007],
       [0.5000007],
       [0.5000007],
       [0.5000007],
       [0.5000007],
       [0.5000007]]), 'errors': -0.07175845300012859}, {'weights': array([[-0.40040617, -0.46815285, -0.44907446, -0.45039503, -0.44158499,
        -0.4366044 ],
       [-0.18313332, -0.22923509, -0.233951  , -0.22630317, -0.21601931,
        -0.2148548 ],
       [-0.75480003, -0.73667139, -0.74029037, -0.73750997, -0.73868848,
        -0.73962078],
       [-0.77541903, -0.78588903, -0.78904079, -0.77847841, -0.77519349,
        -0.79100001],
       [-0.92635386, -0.90944348, -0.90953997, -0.91703584, -0.921823  ,
        -0.91166514],
       [-0.42891696, -0.41313281, -0.42059854, -0.4155532 , -0.43210516,
        -0.42800779]]), 'deltas': array([[-0.03624325],
       [-0.08179812],
       [-0.008698  ],
       [-0.00701425],
       [-0.00342219],
       [ 0.12903379]]), 'outputs': array([[0.21485108],
       [0.35654296],
       [0.09821031],
       [0.08768352],
       [0.06034879],
       [0.20327746]]), 'errors': array([[-0.21485108],
       [-0.35654296],
       [-0.09821031],
       [-0.08768352],
       [-0.06034879],
       [ 0.79672254]])}]
target: 0 prediction: 1
target: 0 prediction: 1
target: 0 prediction: 1
target: 0 prediction: 1
target: 0 prediction: 1
target: 0 prediction: 1
target: 0 prediction: 1
target: 0 prediction: 1
target: 0 prediction: 1
target: 0 prediction: 1
target: 0 prediction: 1
target: 0 prediction: 1
target: 0 prediction: 1
target: 0 prediction: 1
target: 1 prediction: 1
target: 1 prediction: 1
target: 1 prediction: 1
target: 1 prediction: 1
target: 1 prediction: 1
target: 1 prediction: 1
target: 1 prediction: 1
target: 1 prediction: 1
target: 1 prediction: 1
target: 1 prediction: 1
target: 1 prediction: 1
target: 1 prediction: 1
target: 1 prediction: 1
target: 1 prediction: 1
target: 1 prediction: 1
target: 2 prediction: 1
target: 2 prediction: 1
target: 2 prediction: 1
target: 3 prediction: 1
target: 3 prediction: 1
target: 3 prediction: 1
target: 4 prediction: 1
target: 4 prediction: 1
target: 5 prediction: 1
target: 5 prediction: 1
target: 5 prediction: 1
target: 5 prediction: 1
target: 5 prediction: 1
target: 5 prediction: 1
Accuracy: 34.883720930232556 %

train_data group 1 length:  172
   0   1   2   3   4   5   6   7   8  ...  36  37  38  39  40  41  42  43  44
0   0   1   0   0   0   0   0   1   0 ...   0   0   0   1   0   0   0   0   0
1   0   1   0   0   0   0   1   0   0 ...   0   0   0   0   1   0   0   0   0
2   0   0   1   0   0   0   0   1   0 ...   0   0   0   1   0   0   0   0   0
3   0   1   0   0   0   0   0   1   0 ...   0   0   0   1   0   0   0   0   0
4   0   0   1   0   0   0   1   0   0 ...   0   0   0   0   1   0   0   0   0

[5 rows x 45 columns]
Initial Neural Network:
[{'weights': array([[-0.006, -0.004,  0.006,  0.002, -0.004,  0.007, -0.005, -0.002,
         0.01 ,  0.002, -0.009, -0.001,  0.   , -0.01 , -0.008, -0.002,
         0.009,  0.   , -0.007,  0.008,  0.004,  0.008, -0.008, -0.002,
        -0.001,  0.004,  0.009, -0.005,  0.009, -0.006, -0.008, -0.01 ,
         0.007,  0.004, -0.007,  0.007, -0.009,  0.008,  0.   , -0.001,
         0.004,  0.002, -0.007, -0.005],
       [ 0.01 ,  0.008,  0.006, -0.001,  0.   ,  0.009,  0.007,  0.003,
        -0.01 ,  0.004, -0.007,  0.01 ,  0.008, -0.001,  0.002,  0.003,
        -0.002,  0.002, -0.001, -0.005, -0.001,  0.01 , -0.007, -0.002,
         0.007,  0.007, -0.006,  0.001,  0.007, -0.003,  0.002, -0.001,
         0.01 , -0.009,  0.003, -0.002, -0.006,  0.007, -0.005,  0.006,
        -0.01 , -0.001, -0.006,  0.   ],
       [ 0.005, -0.008, -0.008, -0.004,  0.008, -0.001, -0.01 ,  0.004,
         0.006, -0.005,  0.001,  0.003,  0.005, -0.004,  0.01 ,  0.002,
         0.01 ,  0.007, -0.001,  0.004,  0.005, -0.009, -0.005, -0.006,
        -0.006,  0.002, -0.007,  0.006,  0.009, -0.007,  0.004,  0.003,
         0.001, -0.01 , -0.001,  0.004, -0.01 ,  0.006,  0.009,  0.   ,
        -0.001,  0.   ,  0.001, -0.005],
       [ 0.006, -0.006, -0.006, -0.005,  0.006, -0.005,  0.006,  0.006,
        -0.004, -0.002,  0.007, -0.008, -0.002, -0.004, -0.007, -0.004,
        -0.002,  0.   , -0.004,  0.009, -0.008,  0.002,  0.002, -0.01 ,
        -0.003, -0.003,  0.005, -0.005,  0.004,  0.01 ,  0.003, -0.01 ,
         0.007,  0.008,  0.007,  0.01 , -0.004, -0.007,  0.007, -0.004,
        -0.008, -0.009,  0.004, -0.005],
       [ 0.009,  0.005,  0.   , -0.008, -0.005,  0.004,  0.007, -0.006,
        -0.001, -0.01 , -0.007,  0.003,  0.001,  0.008, -0.005,  0.006,
        -0.008,  0.   , -0.007, -0.009, -0.01 ,  0.003, -0.01 , -0.008,
        -0.006, -0.01 ,  0.002, -0.01 ,  0.01 ,  0.01 , -0.004, -0.002,
        -0.003,  0.007,  0.   , -0.001, -0.005,  0.002,  0.004, -0.002,
         0.006,  0.001, -0.003,  0.01 ],
       [-0.009,  0.008, -0.002, -0.001,  0.009, -0.008,  0.008, -0.006,
        -0.003,  0.008, -0.007, -0.008,  0.   , -0.01 , -0.008, -0.005,
        -0.007,  0.004,  0.003, -0.005,  0.008,  0.002, -0.005, -0.005,
         0.006, -0.006,  0.006, -0.001,  0.007, -0.008,  0.004,  0.003,
         0.008,  0.008, -0.005, -0.009, -0.006,  0.009,  0.   ,  0.001,
         0.006,  0.008,  0.   ,  0.008]]), 'deltas': array([[0.],
       [0.],
       [0.],
       [0.],
       [0.],
       [0.]]), 'outputs': array([[0.],
       [0.],
       [0.],
       [0.],
       [0.],
       [0.]]), 'errors': array([[0.],
       [0.],
       [0.],
       [0.],
       [0.],
       [0.]])}, {'weights': array([[ 0.008,  0.002,  0.007,  0.007, -0.008, -0.003],
       [-0.007, -0.008, -0.005,  0.003,  0.004, -0.008],
       [-0.002, -0.005,  0.001, -0.003,  0.005, -0.003],
       [ 0.007, -0.01 ,  0.006, -0.009,  0.008,  0.007],
       [-0.003, -0.006,  0.004, -0.007, -0.01 ,  0.002],
       [ 0.005,  0.001,  0.002, -0.002, -0.007, -0.001]]), 'deltas': array([[0.],
       [0.],
       [0.],
       [0.],
       [0.],
       [0.]]), 'outputs': array([[0.],
       [0.],
       [0.],
       [0.],
       [0.],
       [0.]]), 'errors': array([[0.],
       [0.],
       [0.],
       [0.],
       [0.],
       [0.]])}, {'weights': array([[-0.005,  0.002,  0.006,  0.006, -0.009, -0.005],
       [-0.001, -0.003,  0.004,  0.002,  0.007,  0.   ],
       [-0.01 ,  0.001,  0.009,  0.006,  0.004,  0.005],
       [ 0.01 ,  0.003,  0.   , -0.004,  0.007, -0.01 ],
       [ 0.002,  0.01 , -0.01 ,  0.004,  0.002, -0.009],
       [-0.005, -0.005, -0.008,  0.006,  0.004, -0.008]]), 'deltas': array([[0.],
       [0.],
       [0.],
       [0.],
       [0.],
       [0.]]), 'outputs': array([[0.],
       [0.],
       [0.],
       [0.],
       [0.],
       [0.]]), 'errors': array([[0.],
       [0.],
       [0.],
       [0.],
       [0.],
       [0.]])}]
Training complete!
Training done. epoch: 100 , total error: 0.4162946333167792
[{'weights': array([[-1.96380338e-01,  4.59206927e-01, -3.27112306e+00,
        -7.27700122e-01,  1.97147070e+00, -3.30564087e-01,
        -9.11878839e-01, -2.35677257e+00,  1.85068961e+00,
         2.00000000e-03, -2.52501071e+00, -3.70673137e-01,
        -1.15693394e+00, -8.86782465e-01,  3.15287436e+00,
        -9.97552570e-01,  9.93656693e-01, -1.87688871e-01,
        -5.48049251e-01, -1.01089189e+00,  7.24661169e-01,
         1.35287078e+00, -4.02825863e+00,  4.33924816e-01,
        -2.40724028e-01, -3.82920117e-01, -2.98871372e-01,
        -2.18829904e-01, -8.40904500e-01,  1.93009490e-01,
        -1.26404880e+00, -2.11491270e+00,  7.71130342e-01,
         6.43295778e-01, -7.50805019e-01, -1.52161332e-01,
        -8.81533314e-01, -1.36859158e-01,  1.61832930e-01,
        -2.56130895e+00, -1.54993465e+00,  2.87869891e+00,
        -2.96924897e-01, -2.36056298e-01],
       [-4.09205129e-01,  9.38020001e-01, -3.49629845e+00,
        -6.17266595e-01,  1.83492960e+00, -2.82701129e-01,
        -1.26888649e+00, -2.19338779e+00,  1.98115482e+00,
         4.00000000e-03, -2.31115428e+00, -3.70531076e-01,
        -1.05926302e+00, -1.32369729e+00,  3.30382509e+00,
        -1.07492006e+00,  1.08999287e+00, -3.95469157e-01,
        -4.79232391e-01, -9.16191841e-01,  7.46273534e-01,
         1.47289492e+00, -4.01666720e+00,  2.92269226e-01,
        -2.60591059e-01, -4.85486796e-01, -2.99194170e-01,
        -2.40750384e-01, -7.38389231e-01,  2.23662487e-01,
        -1.33567789e+00, -2.07041671e+00,  8.19569784e-01,
         5.89041744e-01, -8.51710554e-01, -1.41218271e-01,
        -8.29186319e-01, -1.34858430e-01,  1.81152992e-01,
        -2.81490535e+00, -1.86620938e+00,  3.57033097e+00,
        -4.64037078e-01, -2.08999748e-01],
       [-2.76303626e-01,  6.28821155e-01, -3.37740377e+00,
        -6.84971984e-01,  1.93479050e+00, -3.23007777e-01,
        -1.04862226e+00, -2.29162848e+00,  1.89419079e+00,
        -5.00000000e-03, -2.45044327e+00, -3.67638161e-01,
        -1.12447650e+00, -1.02847562e+00,  3.21796582e+00,
        -1.02689673e+00,  1.05033352e+00, -2.67369262e-01,
        -5.20538537e-01, -9.81596725e-01,  7.38497282e-01,
         1.38895791e+00, -4.03466648e+00,  3.72255752e-01,
        -2.54112189e-01, -4.22616508e-01, -3.09812216e-01,
        -2.16248907e-01, -8.09390102e-01,  1.99860383e-01,
        -1.28521929e+00, -2.08681368e+00,  7.77608969e-01,
         6.17495891e-01, -7.89514672e-01, -1.47710663e-01,
        -8.66378148e-01, -1.37066832e-01,  1.80602582e-01,
        -2.66781300e+00, -1.67960765e+00,  3.15042893e+00,
        -3.47593552e-01, -2.28482466e-01],
       [-1.90574246e+00, -4.71025832e-01, -2.28136117e+00,
        -4.99756090e-01,  1.36779274e+00, -4.95371167e-01,
         3.05547866e+00, -6.09842430e+00, -2.43776008e-01,
        -2.00000000e-03, -3.52542457e+00, -3.81154006e-01,
        -1.43562484e+00,  5.30387867e+00, -3.76076807e+00,
        -1.45924382e+00,  1.79796569e+00, -2.44768661e+00,
        -3.88884231e-01, -1.28824384e+00, -1.22828482e-01,
        -2.65960803e+00, -1.68062620e+00,  1.02160804e+00,
        -3.60638146e-01, -1.82538054e+00, -4.57052375e-01,
        -3.35959922e-01, -1.16569998e+00, -8.06282293e-01,
        -1.38853424e+00, -2.29039238e+00,  7.46888849e-01,
        -2.87727528e-02, -2.47352431e+00, -2.54054436e-01,
        -1.16433396e+00, -1.09278232e-01,  2.29098116e-01,
         2.10653053e+00, -5.87773050e-01, -4.82855735e+00,
        -1.99540518e-01, -2.97752431e-01],
       [-2.83481394e+00,  1.11658114e+00, -2.67556241e+00,
        -1.13061546e+00,  1.55118604e+00, -8.49558671e-01,
         2.52269890e+00, -6.33872713e+00,  6.95362283e-01,
        -1.00000000e-02, -5.31549831e+00, -4.39575781e-01,
        -2.16253430e+00,  1.75472488e+00,  2.18865889e+00,
        -7.02996597e-01, -1.33424057e-01, -1.16955072e+00,
        -5.94403718e-01, -1.39184952e+00, -5.16167570e-01,
        -1.70854974e+00, -2.11422997e+00,  9.99764228e-01,
        -6.66041577e-01, -1.77998751e+00, -3.08007310e-01,
        -6.43854262e-01, -1.25037553e+00, -5.57417932e-01,
        -4.97146480e-01, -3.34380615e+00,  7.16984783e-01,
        -2.84838844e-01, -2.09361838e+00, -1.01368614e-01,
        -1.90652399e+00, -9.46993695e-02,  2.21985734e-01,
         4.34421841e+00, -3.67474577e+00, -1.94411588e+00,
        -2.35597846e+00, -3.31602932e-01],
       [-2.68729957e+00,  2.19431128e-01, -2.25982256e+00,
        -5.09196846e-01,  1.47279957e+00, -5.12911612e-01,
         2.57966026e+00, -5.63827907e+00, -2.06557860e-01,
         8.00000000e-03, -3.61153651e+00, -3.88148218e-01,
        -1.44593876e+00,  4.80331718e+00, -3.15978198e+00,
        -1.38228997e+00,  2.56265614e-01, -9.81610893e-01,
        -3.77900815e-01, -1.29355222e+00,  2.72962938e-02,
        -2.49160360e+00, -2.00694815e+00,  1.06326923e+00,
        -3.55102058e-01, -1.83352046e+00, -4.37750570e-01,
        -3.35523654e-01, -1.15629360e+00, -8.30848222e-01,
        -1.29574046e+00, -2.40675356e+00,  7.33181224e-01,
         4.60727347e-02, -2.47067434e+00, -2.62316403e-01,
        -1.17675674e+00, -9.11131963e-02,  2.20772396e-01,
         2.70748756e+00, -2.17131919e+00, -3.65671060e+00,
        -3.34903863e-01, -2.90642191e-01]]), 'deltas': array([[-3.55596793e-07],
       [-2.99397797e-07],
       [-3.27591806e-07],
       [-1.38126200e-07],
       [-1.05293423e-07],
       [-1.31980522e-07]]), 'outputs': array([[8.19222652e-07],
       [6.89751511e-07],
       [7.54704812e-07],
       [3.18214498e-07],
       [2.42574482e-07],
       [3.04056109e-07]]), 'errors': -0.43406646937677607}, {'weights': array([[0.94724788, 1.33738842, 1.05441822, 0.4741356 , 0.36909619,
        0.52901996],
       [0.94067493, 1.3366223 , 1.05115815, 0.47454566, 0.38860598,
        0.52820036],
       [0.94216532, 1.33564559, 1.05348668, 0.46646448, 0.38708516,
        0.53115705],
       [0.94861186, 1.32801561, 1.05591295, 0.45856168, 0.38824697,
        0.53913816],
       [0.94228887, 1.33603749, 1.05765578, 0.46374459, 0.37167853,
        0.5375751 ],
       [0.94668833, 1.33896398, 1.05190457, 0.46655761, 0.37216731,
        0.53243474]]), 'deltas': array([[-0.01534709],
       [-0.01534709],
       [-0.01534709],
       [-0.01534709],
       [-0.01534709],
       [-0.01534709]]), 'outputs': array([[0.50000072],
       [0.50000072],
       [0.50000072],
       [0.50000072],
       [0.50000072],
       [0.50000072]]), 'errors': -0.06138837205169007}, {'weights': array([[-0.49303354, -0.37198538, -0.40949342, -0.39270471, -0.51767257,
        -0.51372767],
       [-0.32474284, -0.11650706, -0.13458287, -0.08555114, -0.33491957,
        -0.32588808],
       [-0.72895468, -0.70859572, -0.70591176, -0.70898839, -0.71305334,
        -0.71495752],
       [-0.72360061, -0.74143744, -0.74280732, -0.7496755 , -0.72383036,
        -0.74242618],
       [-0.89059243, -0.88433931, -0.9049541 , -0.89374454, -0.88645618,
        -0.89978173],
       [-0.39851551, -0.4691278 , -0.45860266, -0.46005845, -0.37898675,
        -0.39610834]]), 'deltas': array([[-0.03492542],
       [-0.08104446],
       [-0.01003757],
       [-0.00887822],
       [-0.00387356],
       [ 0.12847128]]), 'outputs': array([[0.21030026],
       [0.35427204],
       [0.10595841],
       [0.09928153],
       [0.06434227],
       [0.20148234]]), 'errors': array([[-0.21030026],
       [-0.35427204],
       [-0.10595841],
       [-0.09928153],
       [-0.06434227],
       [ 0.79851766]])}]
Accuracy: 35.714285714285715 %

train_data group 2 length:  172
   0   1   2   3   4   5   6   7   8  ...  36  37  38  39  40  41  42  43  44
0   0   1   0   0   0   0   0   1   0 ...   0   0   0   1   0   0   0   0   0
1   0   1   0   0   0   0   1   0   0 ...   0   0   0   0   1   0   0   0   0
2   0   0   1   0   0   0   0   1   0 ...   0   0   0   1   0   0   0   0   0
3   0   1   0   0   0   0   0   1   0 ...   0   0   0   1   0   0   0   0   0
4   0   0   1   0   0   0   1   0   0 ...   0   0   0   0   1   0   0   0   0

[5 rows x 45 columns]
Initial Neural Network:
[{'weights': array([[ 0.004,  0.006, -0.006, -0.006, -0.002, -0.005, -0.002, -0.004,
         0.008,  0.003,  0.007,  0.009,  0.005, -0.009, -0.003,  0.002,
         0.01 ,  0.007,  0.006, -0.007,  0.006, -0.008, -0.003, -0.006,
        -0.002,  0.002, -0.001, -0.006, -0.004,  0.001, -0.008,  0.004,
        -0.007, -0.006,  0.006,  0.001, -0.002, -0.004, -0.004,  0.006,
        -0.01 ,  0.002,  0.006, -0.008],
       [ 0.002, -0.007,  0.002,  0.01 , -0.003,  0.01 , -0.001,  0.006,
         0.009, -0.005,  0.004,  0.002,  0.   , -0.009,  0.006, -0.001,
         0.006, -0.005,  0.002,  0.008, -0.01 ,  0.003, -0.007,  0.004,
         0.003, -0.003,  0.   ,  0.009,  0.005,  0.006,  0.003,  0.001,
        -0.009, -0.01 ,  0.006,  0.003, -0.009,  0.009,  0.01 ,  0.006,
         0.008, -0.003,  0.   , -0.007],
       [-0.009, -0.004,  0.001,  0.004,  0.002,  0.001, -0.005, -0.009,
         0.002,  0.004,  0.006,  0.004, -0.002,  0.01 , -0.009,  0.   ,
        -0.003, -0.009, -0.007, -0.005,  0.005, -0.006,  0.01 ,  0.005,
        -0.003, -0.001,  0.   , -0.004, -0.001, -0.002, -0.009,  0.005,
         0.01 ,  0.001,  0.009, -0.009, -0.007,  0.005,  0.   , -0.009,
        -0.008, -0.006,  0.002,  0.004],
       [ 0.004, -0.001,  0.006, -0.005,  0.   ,  0.01 ,  0.002, -0.005,
         0.003,  0.001, -0.003, -0.002,  0.006,  0.002, -0.006,  0.007,
         0.006, -0.004, -0.007, -0.001, -0.003, -0.01 ,  0.009,  0.004,
        -0.01 , -0.009,  0.01 , -0.006,  0.004,  0.004, -0.001,  0.005,
         0.008, -0.006,  0.003,  0.01 , -0.008,  0.003, -0.01 ,  0.01 ,
         0.004, -0.007, -0.003,  0.001],
       [ 0.007,  0.001,  0.007, -0.005,  0.008,  0.007, -0.003,  0.006,
         0.004,  0.007,  0.005, -0.008,  0.006,  0.003,  0.01 ,  0.009,
         0.008, -0.01 , -0.007,  0.001,  0.007, -0.007,  0.007,  0.008,
         0.   ,  0.005,  0.004,  0.01 , -0.004, -0.004,  0.004,  0.01 ,
        -0.003, -0.001, -0.008, -0.008, -0.008,  0.007,  0.008,  0.005,
         0.001,  0.008, -0.007,  0.003],
       [ 0.004,  0.002, -0.004,  0.006,  0.006,  0.01 , -0.005,  0.006,
         0.006, -0.009, -0.003,  0.004, -0.006,  0.005, -0.002, -0.007,
        -0.007,  0.008,  0.01 , -0.009, -0.01 ,  0.003, -0.006, -0.003,
        -0.004, -0.003, -0.009, -0.007,  0.006, -0.001, -0.005, -0.004,
         0.008,  0.   , -0.002,  0.01 ,  0.001,  0.007,  0.01 ,  0.001,
        -0.002,  0.   ,  0.01 ,  0.009]]), 'deltas': array([[0.],
       [0.],
       [0.],
       [0.],
       [0.],
       [0.]]), 'outputs': array([[0.],
       [0.],
       [0.],
       [0.],
       [0.],
       [0.]]), 'errors': array([[0.],
       [0.],
       [0.],
       [0.],
       [0.],
       [0.]])}, {'weights': array([[ 0.002,  0.006,  0.008, -0.009, -0.001, -0.002],
       [ 0.005,  0.004, -0.002, -0.007, -0.005,  0.001],
       [-0.005, -0.007, -0.008, -0.002,  0.008,  0.005],
       [-0.005,  0.008, -0.006, -0.006, -0.006,  0.009],
       [-0.01 ,  0.009,  0.005, -0.001, -0.01 , -0.002],
       [ 0.008,  0.004, -0.01 , -0.001, -0.009,  0.005]]), 'deltas': array([[0.],
       [0.],
       [0.],
       [0.],
       [0.],
       [0.]]), 'outputs': array([[0.],
       [0.],
       [0.],
       [0.],
       [0.],
       [0.]]), 'errors': array([[0.],
       [0.],
       [0.],
       [0.],
       [0.],
       [0.]])}, {'weights': array([[ 0.004, -0.006, -0.006,  0.003,  0.004, -0.006],
       [ 0.   ,  0.002, -0.002, -0.009,  0.009, -0.002],
       [-0.008, -0.008, -0.005,  0.004,  0.005,  0.   ],
       [ 0.007,  0.009, -0.01 , -0.004,  0.009, -0.005],
       [-0.007, -0.001, -0.008,  0.008,  0.004,  0.   ],
       [ 0.004, -0.007, -0.004,  0.009,  0.005, -0.007]]), 'deltas': array([[0.],
       [0.],
       [0.],
       [0.],
       [0.],
       [0.]]), 'outputs': array([[0.],
       [0.],
       [0.],
       [0.],
       [0.],
       [0.]]), 'errors': array([[0.],
       [0.],
       [0.],
       [0.],
       [0.],
       [0.]])}]
Training complete!
Training done. epoch: 100 , total error: 0.41595385731296597
[{'weights': array([[-1.4134178 , -0.47110669, -1.9448947 , -0.9394759 ,  2.66476489,
        -0.62023836,  1.26723017, -2.86822878,  0.1728721 , -0.05176533,
        -2.41568917, -0.94607722, -1.03169024,  0.58271883,  1.71960759,
        -0.01292452, -2.09083497,  1.78879397, -0.77755586, -0.98960883,
         1.7465715 , -1.17949082, -3.15803727,  0.70275998, -0.22493359,
        -0.59837287, -0.55263984, -0.16648123, -0.79163627,  0.32909701,
        -1.26995647, -2.86185796,  0.37238279,  1.31420443, -0.3375977 ,
        -0.52897401, -0.78132987, -0.16791576, -0.28731286, -1.57745256,
         0.04545041,  0.09452494, -0.16771245, -0.49894055],
       [-1.40242402, -0.45050796, -1.93593485, -0.91473537,  2.549589  ,
        -0.76277692,  1.32637133, -2.84030702,  0.1970889 , -0.0593895 ,
        -2.48604749, -0.95416933, -1.01182132,  0.502356  ,  1.79466895,
        -0.017466  , -2.05449542,  1.67655099, -0.78622066, -0.96638211,
         1.64108152, -1.16528502, -3.12848651,  0.70762508, -0.21994828,
        -0.66712454, -0.55605951, -0.15179907, -0.77203008,  0.3374256 ,
        -1.23829303, -2.83002422,  0.20356729,  1.36031117, -0.2498581 ,
        -0.52934919, -0.78015018, -0.15708858, -0.42256714, -1.57884459,
         0.03594132,  0.06708988, -0.18339915, -0.49480066],
       [-1.95454911,  1.5335024 , -4.22998579, -0.62391994,  1.66221041,
        -0.73187106,  2.78199013, -5.30798356, -0.31638133, -0.0394962 ,
        -4.24887912, -0.70962932, -1.37417164,  1.91956386,  0.8153742 ,
        -0.97591941,  0.95533658, -1.36592634, -1.10834856, -1.1358843 ,
         0.64048916, -2.42839443, -1.59396454,  0.39620057, -0.61007278,
        -1.45995119, -0.62880379, -0.56128285, -0.9627042 , -0.22724224,
        -1.05565325, -2.93497177,  0.32698135,  0.28914389, -1.81201524,
        -0.71799765, -1.03656681, -0.13199764,  0.08983532,  2.14162083,
         2.31873023, -5.66308018, -2.11104112, -0.30997178],
       [-1.22001189, -0.12203306, -1.85745788, -0.51649095,  1.11292222,
        -0.702915  ,  0.93897745, -3.1624233 ,  0.37860512, -0.04831583,
        -3.14704339, -0.86827377, -0.91998293,  1.15147924,  1.1737493 ,
         0.31023679, -3.01125283,  1.68323229, -0.81998818, -0.76829963,
         0.48779187, -0.99703791, -3.05348752,  1.17677081, -0.23110882,
        -1.25274065, -0.61000148, -0.17004806, -0.57528136,  0.57265127,
        -1.1552893 , -2.47106396,  0.09364818,  0.36298225, -0.65618574,
        -0.57083237, -0.80179968, -0.15366816, -0.42658562, -0.88351842,
         0.29201462, -1.3224051 , -0.2696853 , -0.41847736],
       [-1.93468068,  0.77820106, -2.90224808, -0.47736803,  1.79371089,
        -0.58611875,  2.33321471, -4.3092273 , -0.14034759, -0.0369059 ,
        -3.68276026, -0.73772193, -1.2001611 ,  4.51686917, -1.6406107 ,
        -0.84764057,  0.62278314, -0.43287373, -1.05197498, -1.04967869,
         0.98593175, -2.73976211, -2.05714058,  1.51475004, -0.44916393,
        -0.81070773, -0.66323768, -0.38865979, -0.88277964, -0.10677471,
        -0.82512286, -2.59555449,  0.32406594,  0.44900128, -1.07020403,
        -0.63335913, -1.02354206, -0.13238488,  0.09010526, -0.52368967,
         5.29753999, -6.00662404, -1.19679915, -0.32081197],
       [-1.40556324, -0.51939658, -1.84288399, -0.95527083,  2.71350223,
        -0.40089091,  1.19035805, -2.87830988,  0.13663235, -0.06340202,
        -2.29714135, -0.98367223, -1.04892095,  0.60626667,  1.69785544,
        -0.05129039, -2.10163843,  1.88704202, -0.7764533 , -0.98627231,
         1.76150858, -1.17771334, -3.10812034,  0.70699064, -0.22627794,
        -0.52894787, -0.56197512, -0.16710933, -0.77858008,  0.3179892 ,
        -1.29786548, -2.91155957,  0.63147164,  1.2343518 , -0.36172464,
        -0.52474624, -0.78497596, -0.15446557, -0.17169999, -1.6431035 ,
         0.03484363,  0.14496069, -0.03264125, -0.50967197]]), 'deltas': array([[-2.06562726e-07],
       [-1.96604062e-07],
       [-1.02779174e-07],
       [-1.07013381e-07],
       [-6.09239094e-08],
       [-2.39376523e-07]]), 'outputs': array([[4.52859317e-07],
       [4.31026357e-07],
       [2.25328630e-07],
       [2.34611525e-07],
       [1.33566940e-07],
       [5.24798926e-07]]), 'errors': -0.45613021843012574}, {'weights': array([[0.80524929, 0.79844387, 0.30745718, 0.73993291, 0.62429098,
        0.80379019],
       [0.80934099, 0.79761669, 0.295572  , 0.744111  , 0.61906999,
        0.80787479],
       [0.80048443, 0.78768218, 0.2911456 , 0.74904276, 0.63418165,
        0.81302384],
       [0.79962108, 0.80192257, 0.29063742, 0.74577963, 0.61742328,
        0.8161532 ],
       [0.79537079, 0.80357749, 0.30400868, 0.75037611, 0.61485842,
        0.80590212],
       [0.81199746, 0.79732744, 0.28408685, 0.7508308 , 0.61217794,
        0.81151742]]), 'deltas': array([[-0.01866183],
       [-0.01866183],
       [-0.01866183],
       [-0.01866183],
       [-0.01866183],
       [-0.01866183]]), 'outputs': array([[0.50000036],
       [0.50000036],
       [0.50000036],
       [0.50000036],
       [0.50000036],
       [0.50000036]]), 'errors': -0.07464732398248433}, {'weights': array([[-0.31218046, -0.47193215, -0.37124523, -0.52019449, -0.42497398,
        -0.62413609],
       [-0.11234334, -0.23682888, -0.19018994, -0.2962828 , -0.20030527,
        -0.36112595],
       [-0.73468777, -0.74748787, -0.73324495, -0.74046678, -0.73101093,
        -0.75336155],
       [-0.7704556 , -0.75840297, -0.78233725, -0.76762504, -0.76102469,
        -0.76295181],
       [-0.93209293, -0.92100816, -0.92958665, -0.91018235, -0.91664174,
        -0.9160357 ],
       [-0.49912889, -0.44285642, -0.47537909, -0.40117741, -0.4480341 ,
        -0.37772663]]), 'deltas': array([[-0.03428415],
       [-0.07804298],
       [-0.00875309],
       [-0.00760301],
       [-0.00333056],
       [ 0.12641111]]), 'outputs': array([[0.20806661],
       [0.34524512],
       [0.09853879],
       [0.09147987],
       [0.05950881],
       [0.19513849]]), 'errors': array([[-0.20806661],
       [-0.34524512],
       [-0.09853879],
       [-0.09147987],
       [-0.05950881],
       [ 0.80486151]])}]
Accuracy: 38.095238095238095 %

train_data group 3 length:  170
   0   1   2   3   4   5   6   7   8  ...  36  37  38  39  40  41  42  43  44
0   0   1   0   0   0   0   0   1   0 ...   0   0   0   1   0   0   0   0   0
1   0   1   0   0   0   0   1   0   0 ...   0   0   0   0   1   0   0   0   0
2   0   0   1   0   0   0   0   1   0 ...   0   0   0   1   0   0   0   0   0
3   0   1   0   0   0   0   0   1   0 ...   0   0   0   1   0   0   0   0   0
4   0   0   1   0   0   0   1   0   0 ...   0   0   0   0   1   0   0   0   0

[5 rows x 45 columns]
Initial Neural Network:
[{'weights': array([[-0.005, -0.005, -0.007,  0.006, -0.008,  0.008,  0.004, -0.005,
         0.001,  0.008,  0.007,  0.003,  0.005,  0.005,  0.002, -0.007,
        -0.01 ,  0.007,  0.009,  0.005, -0.003,  0.006, -0.001,  0.003,
         0.006, -0.008,  0.001, -0.002,  0.   , -0.007,  0.004, -0.006,
         0.008,  0.007,  0.004, -0.006,  0.003, -0.01 ,  0.01 ,  0.007,
         0.002,  0.006,  0.004,  0.007],
       [-0.01 , -0.003, -0.002, -0.01 ,  0.   ,  0.003, -0.005, -0.004,
         0.003,  0.007, -0.001,  0.005,  0.008, -0.005, -0.003,  0.007,
        -0.006,  0.001,  0.008, -0.002, -0.002, -0.003,  0.007,  0.009,
         0.002, -0.005,  0.01 ,  0.001,  0.005,  0.003, -0.004,  0.001,
        -0.006,  0.007,  0.009, -0.006, -0.005, -0.002,  0.006,  0.001,
        -0.009,  0.001, -0.004, -0.005],
       [-0.001, -0.01 , -0.001,  0.008, -0.008,  0.002, -0.007,  0.003,
         0.   ,  0.006,  0.   ,  0.003,  0.001,  0.007,  0.007, -0.006,
         0.006, -0.009,  0.005,  0.006,  0.   , -0.01 , -0.003,  0.003,
        -0.006,  0.003,  0.004, -0.003,  0.001,  0.007,  0.001,  0.004,
         0.009,  0.009,  0.005, -0.005,  0.004,  0.002, -0.009,  0.003,
        -0.007,  0.003, -0.004, -0.005],
       [-0.007,  0.006, -0.008,  0.006,  0.007, -0.009,  0.005, -0.003,
         0.007,  0.008,  0.008,  0.   ,  0.009, -0.003, -0.009,  0.009,
        -0.001, -0.005, -0.002, -0.004,  0.009,  0.009,  0.01 , -0.001,
        -0.007,  0.004, -0.005,  0.01 ,  0.001,  0.   , -0.01 , -0.001,
        -0.002,  0.002,  0.009,  0.004,  0.002, -0.005,  0.003, -0.01 ,
        -0.007,  0.002,  0.007,  0.006],
       [-0.006, -0.001,  0.008,  0.009, -0.006, -0.004,  0.   ,  0.003,
        -0.008,  0.005, -0.003, -0.008, -0.003,  0.   , -0.008, -0.008,
         0.008,  0.01 , -0.01 , -0.002,  0.002, -0.004,  0.006,  0.009,
        -0.003,  0.009,  0.005, -0.008, -0.008,  0.003, -0.009, -0.007,
         0.004, -0.01 ,  0.002,  0.007,  0.003, -0.007, -0.005,  0.006,
         0.01 ,  0.006,  0.01 ,  0.005],
       [ 0.003,  0.009, -0.002,  0.003, -0.005, -0.005, -0.001, -0.003,
         0.001, -0.009, -0.005, -0.01 ,  0.005,  0.005,  0.01 ,  0.003,
         0.002, -0.01 , -0.008,  0.008,  0.004, -0.008,  0.006,  0.003,
         0.006, -0.01 ,  0.001, -0.001, -0.008, -0.006, -0.006,  0.001,
         0.008, -0.006,  0.001, -0.002,  0.005,  0.003, -0.003,  0.002,
         0.01 , -0.005, -0.003,  0.007]]), 'deltas': array([[0.],
       [0.],
       [0.],
       [0.],
       [0.],
       [0.]]), 'outputs': array([[0.],
       [0.],
       [0.],
       [0.],
       [0.],
       [0.]]), 'errors': array([[0.],
       [0.],
       [0.],
       [0.],
       [0.],
       [0.]])}, {'weights': array([[-0.002,  0.007,  0.003, -0.01 , -0.009,  0.002],
       [-0.004,  0.   ,  0.007, -0.007,  0.007, -0.01 ],
       [-0.009, -0.006, -0.01 , -0.01 ,  0.001, -0.001],
       [ 0.01 , -0.004, -0.002,  0.009,  0.001, -0.01 ],
       [-0.001,  0.004,  0.004,  0.006,  0.   , -0.001],
       [-0.004,  0.006, -0.008, -0.002, -0.006, -0.005]]), 'deltas': array([[0.],
       [0.],
       [0.],
       [0.],
       [0.],
       [0.]]), 'outputs': array([[0.],
       [0.],
       [0.],
       [0.],
       [0.],
       [0.]]), 'errors': array([[0.],
       [0.],
       [0.],
       [0.],
       [0.],
       [0.]])}, {'weights': array([[ 0.008, -0.004,  0.004,  0.001,  0.009,  0.004],
       [-0.003,  0.003, -0.001,  0.003,  0.004,  0.003],
       [-0.005,  0.   ,  0.003,  0.008, -0.002,  0.004],
       [ 0.006,  0.005,  0.009, -0.002,  0.01 , -0.007],
       [-0.001, -0.01 ,  0.01 ,  0.   ,  0.007, -0.006],
       [-0.004,  0.01 ,  0.007,  0.008,  0.005, -0.007]]), 'deltas': array([[0.],
       [0.],
       [0.],
       [0.],
       [0.],
       [0.]]), 'outputs': array([[0.],
       [0.],
       [0.],
       [0.],
       [0.],
       [0.]]), 'errors': array([[0.],
       [0.],
       [0.],
       [0.],
       [0.],
       [0.]])}]
Training complete!
Training done. epoch: 100 , total error: 0.4185308889278582
[{'weights': array([[-1.89174954e+00, -9.80689144e-01, -2.83560273e+00,
         9.02939738e-01,  2.02442637e+00, -1.69313346e+00,
         2.58405585e+00, -3.23334432e+00, -3.42940423e-01,
        -6.03129622e-02, -3.53052269e+00, -6.47187612e-01,
        -1.30522943e+00,  4.07470092e+00, -1.33143649e+00,
        -2.03767905e-01,  1.31373756e+00, -1.40765679e+00,
        -1.03966582e+00, -1.42032235e+00,  1.99122049e+00,
        -1.53369539e+00, -3.48172872e+00,  3.59617466e-01,
        -8.60891594e-02, -8.76243905e-01, -6.41248583e-01,
        -2.00000000e-03, -1.25118282e+00, -1.10595184e+00,
        -1.81266203e+00, -6.08927709e-01,  1.62703107e-01,
         6.09163160e-01, -7.58347257e-01, -4.87932115e-01,
        -1.36585923e+00, -1.58536707e-01,  1.00000000e-02,
         7.64956195e-01, -5.21350320e-02, -1.98220269e+00,
        -1.27799480e+00, -1.88298985e-01],
       [-1.88593879e+00, -9.56390166e-01, -2.87284040e+00,
         8.91677598e-01,  2.03630104e+00, -1.69972326e+00,
         2.57224975e+00, -3.25518258e+00, -3.13422648e-01,
        -6.21119725e-02, -3.53637062e+00, -6.40998055e-01,
        -1.30771453e+00,  4.03773589e+00, -1.31084340e+00,
        -1.70841112e-01,  1.28537172e+00, -1.39713283e+00,
        -1.04235676e+00, -1.42923173e+00,  2.00151553e+00,
        -1.55038744e+00, -3.47486319e+00,  3.65402787e-01,
        -9.08583993e-02, -8.72110674e-01, -6.33353733e-01,
         1.00000000e-03, -1.24672631e+00, -1.08334021e+00,
        -1.79691601e+00, -6.41576380e-01,  1.48920587e-01,
         6.11721298e-01, -7.56973504e-01, -4.86355948e-01,
        -1.37091586e+00, -1.51945404e-01,  6.00000000e-03,
         7.54597783e-01, -6.98535226e-02, -1.98011915e+00,
        -1.28294189e+00, -1.99873936e-01],
       [-1.87530268e+00, -1.07242407e+00, -2.72093241e+00,
         8.97935802e-01,  2.02648663e+00, -1.71704331e+00,
         2.53777416e+00, -3.14941748e+00, -3.36452122e-01,
        -6.30979676e-02, -3.55193902e+00, -6.61392702e-01,
        -1.34304478e+00,  4.13214073e+00, -1.29000095e+00,
        -2.55986683e-01,  1.36598006e+00, -1.36714018e+00,
        -1.04659988e+00, -1.42649003e+00,  1.95074121e+00,
        -1.43546489e+00, -3.50209429e+00,  3.37606275e-01,
        -9.90250223e-02, -8.19641123e-01, -6.51088936e-01,
        -3.00000000e-03, -1.25350666e+00, -1.07996130e+00,
        -1.89043432e+00, -5.15185656e-01,  1.67826259e-01,
         6.15518298e-01, -7.15252671e-01, -4.85243763e-01,
        -1.37539884e+00, -1.50341444e-01, -9.00000000e-03,
         7.80660805e-01, -6.94215441e-02, -1.97427548e+00,
        -1.28076281e+00, -1.98437685e-01],
       [-1.88420105e+00, -1.01434286e+00, -2.79133211e+00,
         9.07526430e-01,  2.03602007e+00, -1.71365810e+00,
         2.56126615e+00, -3.21041080e+00, -3.18301411e-01,
        -6.12253374e-02, -3.54713154e+00, -6.53831316e-01,
        -1.32596116e+00,  4.09457950e+00, -1.31298498e+00,
        -2.21141317e-01,  1.33761536e+00, -1.38736451e+00,
        -1.04994021e+00, -1.43249883e+00,  1.97547351e+00,
        -1.47330828e+00, -3.48478096e+00,  3.52359047e-01,
        -1.00072821e-01, -8.45940309e-01, -6.51598541e-01,
         1.00000000e-02, -1.25279066e+00, -1.08199800e+00,
        -1.86067156e+00, -5.77377638e-01,  1.55208919e-01,
         6.03508777e-01, -7.32190099e-01, -4.79440995e-01,
        -1.37463501e+00, -1.54063402e-01,  3.00000000e-03,
         7.65992808e-01, -6.51428795e-02, -1.98812339e+00,
        -1.27655611e+00, -1.88499943e-01],
       [-1.86963897e+00, -1.04928150e+00, -2.74552548e+00,
         9.01515829e-01,  2.03239603e+00, -1.71115095e+00,
         2.53337178e+00, -3.15752232e+00, -3.38921285e-01,
        -6.43113163e-02, -3.54687788e+00, -6.68854180e-01,
        -1.34072993e+00,  4.09361363e+00, -1.29368573e+00,
        -2.42589431e-01,  1.34823306e+00, -1.35345459e+00,
        -1.05670255e+00, -1.43202058e+00,  1.96646523e+00,
        -1.45552620e+00, -3.48473211e+00,  3.45427744e-01,
        -9.61687529e-02, -8.20985546e-01, -6.47105557e-01,
        -8.00000000e-03, -1.26044299e+00, -1.06933674e+00,
        -1.88541706e+00, -5.62732245e-01,  1.63168152e-01,
         6.00783804e-01, -7.22780001e-01, -4.74355467e-01,
        -1.37354142e+00, -1.58857199e-01, -5.00000000e-03,
         7.72899115e-01, -4.77067213e-02, -1.96766146e+00,
        -1.26444569e+00, -1.90619334e-01],
       [-1.88056676e+00, -9.96162054e-01, -2.80280141e+00,
         9.07962346e-01,  2.02895698e+00, -1.70633150e+00,
         2.56761391e+00, -3.22667929e+00, -3.24737023e-01,
        -7.74769920e-02, -3.54328722e+00, -6.59379392e-01,
        -1.32541159e+00,  4.09871009e+00, -1.31624278e+00,
        -2.17670387e-01,  1.33712907e+00, -1.39976370e+00,
        -1.05377801e+00, -1.42152787e+00,  1.98014816e+00,
        -1.49886619e+00, -3.48789031e+00,  3.53416427e-01,
        -8.64189827e-02, -8.60463189e-01, -6.46429607e-01,
        -1.00000000e-03, -1.26071810e+00, -1.09466764e+00,
        -1.84869555e+00, -5.83632978e-01,  1.61532560e-01,
         6.05852713e-01, -7.41715944e-01, -4.83940244e-01,
        -1.36983159e+00, -1.48123121e-01, -3.00000000e-03,
         7.69274180e-01, -5.47987342e-02, -1.98443998e+00,
        -1.28518049e+00, -1.84465868e-01]]), 'deltas': array([[-8.23099861e-08],
       [-8.17682134e-08],
       [-8.64333526e-08],
       [-8.16842133e-08],
       [-8.78870606e-08],
       [-8.01066583e-08]]), 'outputs': array([[1.69757866e-07],
       [1.68640502e-07],
       [1.78261986e-07],
       [1.68467259e-07],
       [1.81260145e-07],
       [1.65213675e-07]]), 'errors': -0.4848670755895103}, {'weights': array([[0.66101593, 0.66214583, 0.67089839, 0.66514131, 0.65073679,
        0.68200598],
       [0.65873237, 0.65486301, 0.67460888, 0.66785336, 0.66644803,
        0.6697188 ],
       [0.65804165, 0.65315403, 0.66192926, 0.6691891 , 0.66475881,
        0.68306422],
       [0.67101048, 0.64914854, 0.66388706, 0.68212309, 0.65873033,
        0.66798349],
       [0.65876946, 0.65591298, 0.66864274, 0.67787427, 0.65648876,
        0.67573196],
       [0.66057017, 0.66269327, 0.66145599, 0.67470475, 0.65529086,
        0.67657319]]), 'deltas': array([[-0.02024337],
       [-0.02024337],
       [-0.02024337],
       [-0.02024337],
       [-0.02024337],
       [-0.02024337]]), 'outputs': array([[0.50000017],
       [0.50000017],
       [0.50000017],
       [0.50000017],
       [0.50000017],
       [0.50000017]]), 'errors': -0.08097347302253924}, {'weights': array([[-0.43162035, -0.44283474, -0.46076622, -0.42650777, -0.41137249,
        -0.44499892],
       [-0.21419613, -0.20749617, -0.23528167, -0.19755565, -0.18983848,
        -0.21673516],
       [-0.77943429, -0.774601  , -0.7694491 , -0.76743684, -0.77804917,
        -0.76966967],
       [-0.78987367, -0.79100269, -0.78457333, -0.7989929 , -0.78769084,
        -0.80199489],
       [-0.9188029 , -0.9280387 , -0.90478027, -0.91930284, -0.91322795,
        -0.92263567],
       [-0.43737987, -0.42389884, -0.41670131, -0.43002362, -0.43595264,
        -0.43670626]]), 'deltas': array([[-0.03696572],
       [-0.0835126 ],
       [-0.00736897],
       [-0.00665952],
       [-0.0033882 ],
       [ 0.12799816]]), 'outputs': array([[0.21732453],
       [0.36171752],
       [0.08998697],
       [0.08532742],
       [0.06003844],
       [0.19999424]]), 'errors': array([[-0.21732453],
       [-0.36171752],
       [-0.08998697],
       [-0.08532742],
       [-0.06003844],
       [ 0.80000576]])}]
Accuracy: 34.090909090909086 %

train_data group 4 length:  171
   0   1   2   3   4   5   6   7   8  ...  36  37  38  39  40  41  42  43  44
0   0   1   0   0   0   0   0   1   0 ...   0   0   0   1   0   0   0   0   0
1   0   1   0   0   0   0   1   0   0 ...   0   0   0   0   1   0   0   0   0
2   0   0   1   0   0   0   0   1   0 ...   0   0   0   1   0   0   0   0   0
3   0   1   0   0   0   0   0   1   0 ...   0   0   0   1   0   0   0   0   0
4   0   0   1   0   0   0   1   0   0 ...   0   0   0   0   1   0   0   0   0

[5 rows x 45 columns]
Initial Neural Network:
[{'weights': array([[ 0.   , -0.001, -0.008,  0.01 ,  0.01 ,  0.002, -0.002, -0.009,
        -0.003,  0.   ,  0.01 ,  0.008,  0.004, -0.003,  0.003, -0.005,
         0.008, -0.007, -0.003, -0.003,  0.002, -0.01 ,  0.003,  0.006,
        -0.01 , -0.004, -0.01 ,  0.004,  0.009,  0.   , -0.01 , -0.006,
         0.005, -0.007, -0.009,  0.01 , -0.002, -0.008,  0.007,  0.001,
        -0.007, -0.007, -0.007,  0.009],
       [-0.009,  0.006, -0.002,  0.009, -0.002,  0.   , -0.005, -0.009,
         0.001,  0.002,  0.001,  0.005,  0.008,  0.006, -0.003,  0.007,
        -0.001, -0.003,  0.005, -0.007,  0.005,  0.007, -0.005,  0.001,
         0.002,  0.   ,  0.001, -0.004,  0.008,  0.001,  0.003,  0.002,
         0.003,  0.01 ,  0.   ,  0.003, -0.001, -0.001, -0.002, -0.003,
         0.002,  0.007, -0.006, -0.008],
       [ 0.005,  0.009,  0.009, -0.009,  0.006, -0.003, -0.008,  0.004,
         0.001,  0.007,  0.01 , -0.002, -0.006,  0.008, -0.008,  0.   ,
         0.   ,  0.003,  0.001,  0.009,  0.008,  0.002,  0.004,  0.003,
         0.005, -0.007, -0.005, -0.003, -0.01 ,  0.006, -0.001,  0.006,
         0.005,  0.007, -0.01 , -0.005, -0.002, -0.006,  0.01 , -0.009,
         0.007,  0.007,  0.004, -0.004],
       [ 0.01 ,  0.   ,  0.002,  0.002, -0.009,  0.002,  0.001,  0.   ,
         0.008, -0.003,  0.003, -0.001,  0.004, -0.006, -0.008, -0.002,
        -0.004, -0.007,  0.01 ,  0.002,  0.002,  0.003,  0.008, -0.008,
        -0.004,  0.007,  0.   ,  0.001,  0.003,  0.   , -0.007,  0.01 ,
         0.009,  0.002, -0.004,  0.005, -0.006,  0.004,  0.01 ,  0.003,
         0.001,  0.005, -0.003,  0.005],
       [-0.007,  0.006, -0.002, -0.003, -0.007, -0.002,  0.005,  0.006,
         0.005,  0.006,  0.001,  0.004,  0.007, -0.003,  0.009,  0.008,
         0.007, -0.001, -0.008,  0.005,  0.006, -0.001, -0.004,  0.   ,
        -0.003,  0.006,  0.005,  0.005, -0.009,  0.   ,  0.002, -0.01 ,
         0.003, -0.002, -0.003,  0.009,  0.   ,  0.004,  0.006, -0.007,
        -0.006, -0.006,  0.005,  0.008],
       [ 0.005,  0.009,  0.003,  0.004, -0.007, -0.002, -0.002,  0.001,
         0.007,  0.002,  0.009,  0.003,  0.006,  0.001, -0.002, -0.004,
         0.007, -0.003, -0.007,  0.008,  0.008,  0.004,  0.009,  0.008,
        -0.004,  0.006,  0.003,  0.01 , -0.006,  0.004,  0.008,  0.009,
        -0.004, -0.001, -0.003,  0.005, -0.005,  0.004,  0.005, -0.002,
        -0.009,  0.01 , -0.002, -0.003]]), 'deltas': array([[0.],
       [0.],
       [0.],
       [0.],
       [0.],
       [0.]]), 'outputs': array([[0.],
       [0.],
       [0.],
       [0.],
       [0.],
       [0.]]), 'errors': array([[0.],
       [0.],
       [0.],
       [0.],
       [0.],
       [0.]])}, {'weights': array([[ 0.006,  0.005,  0.   ,  0.001, -0.005,  0.005],
       [-0.006,  0.004,  0.009, -0.001, -0.007, -0.002],
       [-0.006, -0.001, -0.004,  0.006, -0.01 , -0.008],
       [ 0.007, -0.01 ,  0.002,  0.004,  0.002,  0.003],
       [-0.008,  0.001, -0.005,  0.009,  0.007, -0.005],
       [ 0.005,  0.005,  0.001, -0.008,  0.001,  0.006]]), 'deltas': array([[0.],
       [0.],
       [0.],
       [0.],
       [0.],
       [0.]]), 'outputs': array([[0.],
       [0.],
       [0.],
       [0.],
       [0.],
       [0.]]), 'errors': array([[0.],
       [0.],
       [0.],
       [0.],
       [0.],
       [0.]])}, {'weights': array([[ 0.008,  0.006, -0.004,  0.007, -0.009,  0.   ],
       [ 0.001,  0.005,  0.004,  0.006,  0.009, -0.006],
       [-0.004, -0.007,  0.009,  0.008,  0.005,  0.002],
       [-0.002, -0.002, -0.006, -0.005, -0.007, -0.002],
       [-0.001,  0.003,  0.003, -0.001,  0.007,  0.005],
       [ 0.   ,  0.01 , -0.009, -0.002, -0.002, -0.009]]), 'deltas': array([[0.],
       [0.],
       [0.],
       [0.],
       [0.],
       [0.]]), 'outputs': array([[0.],
       [0.],
       [0.],
       [0.],
       [0.],
       [0.]]), 'errors': array([[0.],
       [0.],
       [0.],
       [0.],
       [0.],
       [0.]])}]
Training complete!
Training done. epoch: 100 , total error: 0.4325144987963299
[{'weights': array([[ 1.33222782e+00, -8.36797524e-01, -2.70877122e+00,
        -8.65732601e-01,  9.87234222e-01,  2.22362830e-01,
         6.80381680e-01, -3.92127795e+00,  1.00876128e+00,
        -1.05067133e-01, -3.73789165e+00, -3.99067952e-01,
        -8.57544431e-01,  1.14832169e+00,  1.76534305e+00,
         9.94368354e-01, -1.61312921e+00,  1.03111365e+00,
        -1.61959009e+00, -9.05601995e-01, -9.04910494e-02,
        -3.55274181e-01, -3.41575940e+00,  2.09991588e+00,
        -3.50230541e-01, -6.52554395e-01, -5.17168032e-01,
        -1.90850174e-01, -7.43266694e-01, -2.03453324e-01,
         8.26293206e-02, -2.36220463e+00,  1.25674248e+00,
        -8.94553140e-01, -8.55555377e-01, -1.01484950e+00,
        -1.03703314e+00, -1.27632511e-01,  9.30231233e-01,
        -1.56306662e+00, -8.18883979e-01,  3.39057533e-01,
        -7.99462245e-02,  9.00000000e-03],
       [ 1.28828262e+00, -7.65776282e-01, -2.76773538e+00,
        -8.23087072e-01,  6.21861163e-01, -9.34947107e-02,
         6.21832757e-01, -4.00747647e+00,  1.12136516e+00,
        -1.01681692e-01, -3.99163671e+00, -3.98746617e-01,
        -8.58871629e-01,  1.03397332e+00,  1.78382669e+00,
         1.07816844e+00, -2.14225645e+00,  1.08259271e+00,
        -1.57871816e+00, -8.87241493e-01, -4.10815917e-01,
        -3.57208938e-01, -2.94462836e+00,  1.61434672e+00,
        -3.40148456e-01, -1.00098056e+00, -5.17753393e-01,
        -2.01988715e-01, -7.22732277e-01, -1.90581079e-01,
         8.40108837e-02, -2.37889555e+00,  8.86267203e-01,
        -8.30256408e-01, -8.10933698e-01, -1.03081435e+00,
        -1.05635264e+00, -1.19658805e-01,  5.68304550e-01,
        -8.58486928e-01, -8.32508953e-01, -6.94002874e-01,
        -6.34561938e-02, -8.00000000e-03],
       [ 1.30100835e+00, -7.87405942e-01, -2.77981453e+00,
        -8.45506109e-01,  7.21381475e-01, -8.40159055e-03,
         6.33105551e-01, -4.01649500e+00,  1.08215782e+00,
        -9.97035313e-02, -3.95866362e+00, -4.08181343e-01,
        -8.83534885e-01,  9.86261987e-01,  1.85578111e+00,
         1.04624341e+00, -2.08771166e+00,  1.12434188e+00,
        -1.58676554e+00, -8.93444833e-01, -3.40839192e-01,
        -3.83581777e-01, -2.89867893e+00,  1.57876049e+00,
        -3.43997338e-01, -9.37988841e-01, -5.31552020e-01,
        -2.04658229e-01, -7.61137666e-01, -2.10620593e-01,
         7.34991658e-02, -2.39921644e+00,  9.88867266e-01,
        -8.39866158e-01, -8.49442206e-01, -1.04178117e+00,
        -1.07611093e+00, -1.26023423e-01,  6.70020969e-01,
        -8.33879673e-01, -8.48730634e-01, -6.68148774e-01,
        -5.05776756e-02, -4.00000000e-03],
       [ 1.31056209e+00, -6.59067786e-01, -2.91517788e+00,
        -8.19455301e-01,  5.33688349e-01, -1.61225208e-01,
         8.20972801e-01, -4.15448677e+00,  1.05737422e+00,
        -1.09085584e-01, -4.16827987e+00, -4.04636897e-01,
        -8.89804083e-01,  7.54312244e-01,  2.14595807e+00,
         9.51294013e-01, -2.05997743e+00,  1.04987441e+00,
        -1.57843406e+00, -9.18207469e-01, -5.32538959e-01,
        -5.23453897e-01, -2.35595580e+00,  1.21152782e+00,
        -3.53029699e-01, -1.03390226e+00, -5.42983861e-01,
        -2.01133567e-01, -7.65430844e-01, -2.43701251e-01,
         2.05855555e-01, -2.48470187e+00,  8.09250368e-01,
        -8.27153336e-01, -7.67753612e-01, -1.05284095e+00,
        -1.10646866e+00, -1.16539657e-01,  4.98152336e-01,
        -3.95099520e-01, -1.14135250e+00, -9.25682434e-01,
        -8.63160805e-02,  5.00000000e-03],
       [ 1.30286278e+00, -8.26594998e-01, -3.14467489e+00,
        -8.13472902e-01,  3.49498594e-01, -3.58429994e-01,
         1.16708963e+00, -4.74585220e+00,  9.42639607e-01,
        -1.04828474e-01, -4.63453765e+00, -3.94108205e-01,
        -9.83568959e-01,  1.21325288e+00,  1.69758052e+00,
         8.93894712e-01, -2.87764490e+00,  1.45487042e+00,
        -1.57598997e+00, -1.00351169e+00, -7.94731386e-01,
        -9.23626888e-01, -1.68670439e+00,  6.57680630e-01,
        -3.73999392e-01, -1.33388206e+00, -6.98994325e-01,
        -2.13595864e-01, -8.65909171e-01, -4.96416247e-01,
         2.86009966e-01, -2.68066991e+00,  5.94414955e-01,
        -8.29720190e-01, -8.34918602e-01, -1.21412253e+00,
        -1.24612817e+00, -1.16070919e-01,  3.07858797e-01,
         1.16549475e+00, -2.31530008e+00, -1.91572438e+00,
        -6.78517105e-02,  8.00000000e-03],
       [ 1.28192529e+00, -6.62733173e-01, -2.87031421e+00,
        -8.12314906e-01,  5.37157365e-01, -1.64280819e-01,
         7.49445392e-01, -4.10828893e+00,  1.09087321e+00,
        -1.02028491e-01, -4.11214768e+00, -4.00867054e-01,
        -8.79236483e-01,  8.44058669e-01,  2.02491290e+00,
         9.94783627e-01, -2.10835317e+00,  1.04983653e+00,
        -1.58095888e+00, -8.94587754e-01, -5.06307074e-01,
        -4.60531214e-01, -2.52667871e+00,  1.33022678e+00,
        -3.51989419e-01, -1.04640372e+00, -5.31009130e-01,
        -1.93173668e-01, -7.56693120e-01, -2.16994731e-01,
         1.63909612e-01, -2.44380071e+00,  7.96857433e-01,
        -8.24251248e-01, -7.70393424e-01, -1.04543764e+00,
        -1.09629519e+00, -1.16553266e-01,  4.94399884e-01,
        -5.46834927e-01, -1.04507968e+00, -8.87325741e-01,
        -6.40392956e-02, -3.00000000e-03]]), 'deltas': array([[-0.00058213],
       [-0.00155212],
       [-0.00158912],
       [-0.00260122],
       [-0.01827998],
       [-0.00219501]]), 'outputs': array([[0.00080707],
       [0.00215478],
       [0.00220627],
       [0.00361654],
       [0.02599913],
       [0.00305004]]), 'errors': -0.7218675709544936}, {'weights': array([[0.7272731 , 0.75777404, 0.73376112, 0.71055995, 0.69113939,
        0.72820213],
       [0.71754007, 0.75915492, 0.74512305, 0.71091817, 0.6915425 ,
        0.72357095],
       [0.72084021, 0.75741998, 0.73536317, 0.72114901, 0.69176624,
        0.72081324],
       [0.72900001, 0.74350236, 0.73648038, 0.71425092, 0.6987761 ,
        0.72690907],
       [0.71525178, 0.75592908, 0.73089394, 0.72063873, 0.70516433,
        0.72031536],
       [0.72656328, 0.75808786, 0.73506858, 0.70184446, 0.6974232 ,
        0.72949866]]), 'deltas': array([[-0.0276656 ],
       [-0.02766559],
       [-0.02766559],
       [-0.02766553],
       [-0.02766547],
       [-0.02766555]]), 'outputs': array([[0.50665169],
       [0.50665615],
       [0.50665909],
       [0.50669783],
       [0.50674093],
       [0.50668638]]), 'errors': -0.11068197921257518}, {'weights': array([[-0.45086576, -0.45962925, -0.47751861, -0.45542441, -0.47682854,
        -0.4621876 ],
       [-0.25171786, -0.26453346, -0.28440175, -0.24096089, -0.24333514,
        -0.25518825],
       [-0.78618934, -0.78849266, -0.77181817, -0.77286305, -0.77430533,
        -0.7793496 ],
       [-0.86978711, -0.86783724, -0.86918097, -0.87273325, -0.87398846,
        -0.86980696],
       [-0.95256857, -0.94638612, -0.94344466, -0.95237034, -0.94337759,
        -0.94649377],
       [-0.51521183, -0.49907184, -0.51007487, -0.51859827, -0.51721336,
        -0.52501284]]), 'deltas': array([[-0.03205199],
       [-0.07171869],
       [-0.00677131],
       [-0.00411584],
       [-0.00268358],
       [ 0.11334885]]), 'outputs': array([[0.20018565],
       [0.32626611],
       [0.08607587],
       [0.06639698],
       [0.05323987],
       [0.16104051]]), 'errors': array([[-0.20018565],
       [-0.32626611],
       [-0.08607587],
       [-0.06639698],
       [-0.05323987],
       [ 0.83895949]])}]
Accuracy: 34.883720930232556 %

Feedforward Neural Network AVG Accuracy (%): 35.533574952179606 %
