Namespace(max_epochs=100, num_layers=3, num_nodes_per_hidden_layer=10, training_rate=0.5)

train_data group 0 length:  171
   0   1   2   3   4   5   6   7   8  ...  36  37  38  39  40  41  42  43  44
0   0   0   1   0   0   0   1   0   0 ...   0   0   0   1   0   0   0   0   0
1   0   1   0   0   0   0   1   0   0 ...   0   0   0   0   0   1   0   0   0
2   0   0   1   0   0   0   0   1   0 ...   0   0   0   1   0   0   0   0   0
3   0   1   0   0   0   0   1   0   0 ...   0   0   0   0   0   1   0   0   0
4   0   0   1   0   0   0   0   1   0 ...   0   0   0   1   0   0   0   0   0

[5 rows x 45 columns]
Initial Neural Network:
[{'weights': array([[ 0.01 , -0.004,  0.008, -0.001,  0.   , -0.002,  0.008,  0.001,
         0.001,  0.001,  0.004,  0.008,  0.009,  0.004,  0.007, -0.005,
        -0.006,  0.006,  0.005,  0.002, -0.008, -0.008,  0.004,  0.002,
        -0.007, -0.009,  0.006,  0.004,  0.008,  0.008,  0.008,  0.007,
        -0.009, -0.001, -0.005,  0.009, -0.003, -0.008,  0.008,  0.004,
        -0.002, -0.004, -0.003, -0.005],
       [ 0.007,  0.009, -0.007,  0.009, -0.009, -0.008,  0.007, -0.006,
         0.001, -0.004, -0.01 ,  0.001,  0.   ,  0.008, -0.003,  0.01 ,
         0.006,  0.007, -0.01 , -0.005,  0.   , -0.008, -0.004, -0.005,
         0.   , -0.002,  0.002, -0.002,  0.001,  0.008,  0.002, -0.002,
         0.002,  0.005,  0.003,  0.006, -0.01 ,  0.003, -0.001, -0.008,
        -0.002, -0.002,  0.008,  0.001],
       [-0.004, -0.006,  0.008,  0.007, -0.009,  0.002,  0.007,  0.   ,
        -0.006,  0.005, -0.001,  0.008, -0.006,  0.008,  0.01 ,  0.004,
        -0.01 , -0.003,  0.009,  0.002,  0.005,  0.001, -0.003, -0.001,
         0.005,  0.01 , -0.007,  0.008, -0.008, -0.01 , -0.01 ,  0.004,
        -0.004, -0.005,  0.006,  0.01 , -0.002,  0.006, -0.006,  0.007,
         0.007,  0.004,  0.006,  0.005],
       [ 0.007, -0.007, -0.001,  0.004,  0.005, -0.01 ,  0.   ,  0.01 ,
        -0.009, -0.005, -0.003, -0.005,  0.001,  0.01 , -0.003, -0.007,
        -0.008,  0.008,  0.007, -0.001,  0.008, -0.01 , -0.004, -0.002,
        -0.003,  0.005, -0.007, -0.002,  0.001,  0.001,  0.004,  0.005,
         0.005,  0.001, -0.002,  0.002,  0.009, -0.004, -0.006, -0.006,
        -0.008,  0.007,  0.009, -0.003],
       [ 0.004,  0.001, -0.005,  0.007, -0.001, -0.006, -0.001, -0.008,
        -0.007,  0.007, -0.006,  0.005,  0.009, -0.004,  0.002,  0.001,
        -0.002,  0.009, -0.003,  0.002,  0.001, -0.008,  0.003, -0.001,
        -0.003, -0.005,  0.001,  0.002, -0.001, -0.009, -0.001,  0.006,
        -0.007,  0.009, -0.006, -0.004, -0.007, -0.01 ,  0.01 ,  0.004,
        -0.009,  0.007,  0.002, -0.006],
       [-0.007,  0.005,  0.004, -0.003,  0.002,  0.   , -0.01 ,  0.009,
         0.006,  0.009,  0.002,  0.004, -0.009,  0.009,  0.   ,  0.008,
         0.005, -0.006, -0.004,  0.004,  0.005, -0.003, -0.004,  0.01 ,
        -0.003,  0.005, -0.007, -0.01 ,  0.003,  0.01 , -0.003, -0.01 ,
        -0.009, -0.006, -0.008,  0.007,  0.003, -0.003, -0.007,  0.008,
         0.006, -0.008,  0.008, -0.002],
       [ 0.007, -0.007, -0.002, -0.008, -0.003, -0.01 , -0.008, -0.006,
         0.003,  0.004,  0.002, -0.009,  0.002, -0.001,  0.004, -0.01 ,
        -0.01 ,  0.007, -0.001, -0.009,  0.003, -0.007, -0.004,  0.006,
         0.008, -0.001, -0.007,  0.008,  0.006,  0.009, -0.004, -0.004,
         0.009,  0.002, -0.008, -0.004,  0.   , -0.005,  0.002,  0.002,
        -0.004, -0.004, -0.001,  0.002],
       [ 0.005, -0.002,  0.007, -0.005,  0.   ,  0.003, -0.01 , -0.008,
         0.004,  0.004, -0.001, -0.009, -0.007,  0.005,  0.01 , -0.005,
        -0.003, -0.009, -0.005, -0.003,  0.004, -0.008,  0.004, -0.01 ,
        -0.003,  0.   , -0.001,  0.002, -0.005, -0.007, -0.007, -0.007,
        -0.003, -0.009,  0.007,  0.009,  0.006,  0.008,  0.003, -0.006,
         0.01 ,  0.008,  0.002,  0.002],
       [-0.01 , -0.005, -0.005,  0.008,  0.   , -0.002,  0.003,  0.01 ,
        -0.005,  0.001, -0.002, -0.005,  0.01 ,  0.001, -0.008, -0.007,
        -0.01 ,  0.006,  0.005,  0.003, -0.002, -0.009,  0.008,  0.   ,
        -0.006, -0.01 , -0.006,  0.008,  0.01 ,  0.009, -0.001, -0.006,
         0.003,  0.003,  0.006, -0.002, -0.01 ,  0.   ,  0.003,  0.004,
        -0.001,  0.005,  0.003, -0.005],
       [ 0.   , -0.01 ,  0.   ,  0.002,  0.004, -0.001,  0.005, -0.009,
        -0.003,  0.   , -0.01 ,  0.001, -0.01 , -0.004, -0.01 , -0.001,
        -0.001, -0.007,  0.003,  0.007,  0.005,  0.009, -0.009, -0.01 ,
         0.01 , -0.007, -0.006,  0.003, -0.003,  0.005, -0.006,  0.008,
         0.007,  0.005, -0.005,  0.007, -0.003, -0.002,  0.004,  0.   ,
        -0.004,  0.008,  0.   , -0.006]]), 'deltas': array([[0.],
       [0.],
       [0.],
       [0.],
       [0.],
       [0.],
       [0.],
       [0.],
       [0.],
       [0.]]), 'outputs': array([[0.],
       [0.],
       [0.],
       [0.],
       [0.],
       [0.],
       [0.],
       [0.],
       [0.],
       [0.]]), 'errors': array([[0.],
       [0.],
       [0.],
       [0.],
       [0.],
       [0.],
       [0.],
       [0.],
       [0.],
       [0.]])}, {'weights': array([[ 0.005, -0.004,  0.01 ,  0.009,  0.004, -0.001,  0.002,  0.005,
        -0.009,  0.008],
       [ 0.   , -0.006,  0.006, -0.004,  0.   ,  0.007,  0.002,  0.008,
         0.008, -0.01 ],
       [ 0.   , -0.007,  0.005, -0.005,  0.004, -0.007,  0.008, -0.003,
         0.006, -0.005],
       [-0.008, -0.01 ,  0.   , -0.004, -0.006, -0.002, -0.008, -0.002,
         0.006,  0.009],
       [-0.009,  0.01 , -0.007,  0.004,  0.01 , -0.003,  0.007, -0.003,
        -0.007, -0.01 ],
       [ 0.001,  0.001,  0.004, -0.007, -0.001,  0.007,  0.   ,  0.004,
        -0.004, -0.001],
       [ 0.009,  0.   , -0.01 , -0.003, -0.003,  0.002,  0.01 ,  0.009,
        -0.01 , -0.004],
       [ 0.002,  0.007, -0.01 ,  0.001, -0.003,  0.01 ,  0.002, -0.009,
         0.006,  0.006],
       [-0.01 ,  0.004,  0.01 ,  0.004,  0.009,  0.005, -0.006,  0.008,
         0.   , -0.007],
       [ 0.003, -0.007, -0.005,  0.01 , -0.006, -0.006,  0.   ,  0.01 ,
        -0.004, -0.001]]), 'deltas': array([[0.],
       [0.],
       [0.],
       [0.],
       [0.],
       [0.],
       [0.],
       [0.],
       [0.],
       [0.]]), 'outputs': array([[0.],
       [0.],
       [0.],
       [0.],
       [0.],
       [0.],
       [0.],
       [0.],
       [0.],
       [0.]]), 'errors': array([[0.],
       [0.],
       [0.],
       [0.],
       [0.],
       [0.],
       [0.],
       [0.],
       [0.],
       [0.]])}, {'weights': array([[ 0.004, -0.005, -0.005,  0.008, -0.005,  0.004, -0.003,  0.006,
        -0.008,  0.008],
       [ 0.005, -0.008,  0.008, -0.008,  0.008, -0.008, -0.008,  0.006,
        -0.006,  0.007],
       [-0.01 , -0.007, -0.005, -0.007, -0.006,  0.002,  0.005,  0.01 ,
         0.007, -0.006],
       [-0.003,  0.006, -0.009,  0.009,  0.005, -0.003, -0.007, -0.003,
         0.006, -0.009],
       [-0.008, -0.002,  0.008,  0.001, -0.002, -0.002,  0.008, -0.002,
         0.   ,  0.008],
       [ 0.009,  0.01 ,  0.001, -0.004, -0.005, -0.007,  0.   ,  0.006,
         0.007,  0.006]]), 'deltas': array([[0.],
       [0.],
       [0.],
       [0.],
       [0.],
       [0.]]), 'outputs': array([[0.],
       [0.],
       [0.],
       [0.],
       [0.],
       [0.]]), 'errors': array([[0.],
       [0.],
       [0.],
       [0.],
       [0.],
       [0.]])}]
Training complete!
Training done. epoch: 100 , total error: 0.3628121907199765
[{'weights': array([[-3.82072020e+00, -6.03551712e-02, -4.34525160e+00,
         5.41070080e-01,  3.81565642e+00, -8.47948664e-01,
         3.27838618e+00, -4.62050845e+00, -1.66988703e+00,
        -1.36425118e-02, -3.89973244e+00, -9.98846277e-01,
        -1.42898843e+00,  4.55612386e+00, -2.07915718e+00,
        -1.90721951e-02,  1.36998260e+00, -2.42671676e+00,
        -1.13056240e+00, -1.67423171e+00,  3.70287504e+00,
        -4.79720176e+00, -3.93837914e+00,  1.57671530e+00,
        -4.43609899e-01, -1.60230459e+00, -2.31993384e-01,
        -3.71070783e-01, -1.66823171e+00, -1.92086760e+00,
        -2.08683756e+00, -1.30764667e+00,  5.59335621e-01,
         8.86415741e-01, -2.60949630e+00, -7.45470934e-01,
        -1.40124075e+00, -8.00000000e-03,  8.82607523e-01,
         2.38078462e+00, -2.99190230e-01, -5.49310729e+00,
        -3.66428580e-01, -1.14658978e-01],
       [-3.81359582e+00,  5.40862216e-01, -3.94726145e+00,
        -2.19229682e-01,  3.43236970e+00, -1.26563715e+00,
         3.63381840e+00, -4.75989331e+00, -1.61590979e+00,
        -1.82331821e-02, -3.51973944e+00, -1.00439790e+00,
        -1.22158252e+00,  4.04439510e+00, -2.31853028e+00,
        -6.88702506e-01,  2.17926897e+00, -2.81712252e+00,
        -1.25492649e+00, -1.42637249e+00,  2.53214262e+00,
        -4.19976494e+00, -4.64284105e+00,  2.83304363e+00,
        -5.55435295e-01, -1.86651692e+00, -2.31506226e-01,
        -4.98459399e-01, -1.42037249e+00, -1.66111190e+00,
        -1.87676864e+00, -2.00274476e+00,  2.04777784e-01,
         1.33499248e+00, -2.44538790e+00, -8.60081881e-01,
        -1.23053221e+00,  3.00000000e-03,  5.18146956e-01,
         1.92010320e+00, -7.70656029e-01, -4.64678591e+00,
        -4.14387469e-01, -1.07128827e-01],
       [-3.69363781e+00, -2.49563353e-01, -4.51544545e+00,
         4.61675852e-01,  4.60295458e+00,  1.23185411e-01,
         3.01691223e+00, -4.66693512e+00, -1.84490533e+00,
        -1.02733690e-02, -3.47240998e+00, -1.03215631e+00,
        -1.66548861e+00,  4.58311664e+00, -1.78407792e+00,
         1.33380028e-01,  1.40126748e+00, -2.07157749e+00,
        -1.09975835e+00, -1.75132785e+00,  4.27172948e+00,
        -4.68305925e+00, -3.74718683e+00,  1.24961736e+00,
        -4.74116937e-01, -9.82820772e-01, -2.37717371e-01,
        -4.05150186e-01, -1.76132785e+00, -2.00931859e+00,
        -2.11942429e+00, -1.38863825e+00,  1.72301500e+00,
         3.79349951e-01, -3.11004156e+00, -7.37653743e-01,
        -1.58481889e+00,  6.00000000e-03,  2.05049802e+00,
         2.20906147e+00, -3.37183183e-01, -4.78147179e+00,
        -3.46744756e-01, -1.04677923e-01],
       [-3.57619572e+00, -3.08950779e-01, -4.47854586e+00,
         4.58190097e-01,  4.58092797e+00,  9.43038900e-02,
         2.96168873e+00, -4.54100853e+00, -1.84126940e+00,
        -2.02889822e-02, -3.51457680e+00, -1.04496416e+00,
        -1.65519445e+00,  4.50310191e+00, -1.62094079e+00,
         1.53106166e-01,  1.30193013e+00, -1.93684434e+00,
        -1.09494701e+00, -1.75681923e+00,  4.23943261e+00,
        -4.65514491e+00, -3.78861782e+00,  1.31933288e+00,
        -4.58577058e-01, -9.51772684e-01, -2.38276497e-01,
        -3.90705882e-01, -1.75481923e+00, -2.00138471e+00,
        -2.01062295e+00, -1.38543333e+00,  1.69783310e+00,
         3.83033587e-01, -3.03116184e+00, -7.41066209e-01,
        -1.57324703e+00, -4.00000000e-03,  2.01590079e+00,
         2.11378000e+00, -3.15984683e-01, -4.67722904e+00,
        -3.42089848e-01, -1.12050725e-01],
       [-3.77356414e+00, -2.05088905e-01, -4.53863961e+00,
         4.66219634e-01,  4.64643587e+00,  1.47439280e-01,
         3.04953164e+00, -4.73714068e+00, -1.87751592e+00,
        -7.95146530e-03, -3.47543995e+00, -1.05192209e+00,
        -1.64347821e+00,  4.63468847e+00, -1.86848536e+00,
         1.21015364e-01,  1.46160364e+00, -2.11987100e+00,
        -1.12832452e+00, -1.73806063e+00,  4.27857503e+00,
        -4.69998842e+00, -3.78573916e+00,  1.29487089e+00,
        -5.06355490e-01, -1.00891243e+00, -2.25829201e-01,
        -4.37834887e-01, -1.74106063e+00, -1.99084130e+00,
        -2.16191514e+00, -1.43618877e+00,  1.75284422e+00,
         4.23463838e-01, -3.16098460e+00, -7.66063475e-01,
        -1.59601133e+00, -1.00000000e-02,  2.10542226e+00,
         2.27782770e+00, -3.19776824e-01, -4.90599679e+00,
        -3.49991648e-01, -1.14699586e-01],
       [-3.78304957e+00,  3.09004794e-02, -4.33042405e+00,
         5.86216320e-01,  3.56585098e+00, -1.05247365e+00,
         3.21685803e+00, -4.44620570e+00, -1.63004783e+00,
        -5.63667780e-03, -3.98822071e+00, -1.03611719e+00,
        -1.39515011e+00,  4.41961082e+00, -1.92562864e+00,
        -5.59422887e-02,  1.28387160e+00, -2.38715238e+00,
        -1.13988967e+00, -1.62539309e+00,  3.55413147e+00,
        -4.77530874e+00, -4.00834405e+00,  1.73595781e+00,
        -4.32942317e-01, -1.69290051e+00, -2.42743093e-01,
        -3.78469139e-01, -1.62639309e+00, -1.86977286e+00,
        -2.06223730e+00, -1.24566453e+00,  3.63817637e-01,
         8.64351214e-01, -2.50034617e+00, -7.48000238e-01,
        -1.36032864e+00, -3.00000000e-03,  6.72169220e-01,
         2.42731758e+00, -1.32421902e-01, -5.71581948e+00,
        -3.89557355e-01, -1.09024671e-01],
       [-3.66582927e+00, -2.61111018e-01, -4.50226279e+00,
         4.40736720e-01,  4.61114731e+00,  1.22433170e-01,
         3.00332984e+00, -4.63972559e+00, -1.85595877e+00,
        -1.13976974e-02, -3.49346644e+00, -1.05599438e+00,
        -1.64789259e+00,  4.57192467e+00, -1.74089030e+00,
         1.51455038e-01,  1.37587383e+00, -2.03613228e+00,
        -1.12116009e+00, -1.75735555e+00,  4.24829961e+00,
        -4.66662466e+00, -3.77169169e+00,  1.30571019e+00,
        -4.74012504e-01, -9.71302882e-01, -2.35952486e-01,
        -4.08708135e-01, -1.74235555e+00, -1.98370573e+00,
        -2.09139222e+00, -1.41119610e+00,  1.73747937e+00,
         3.96495622e-01, -3.09761164e+00, -7.60525906e-01,
        -1.58626459e+00, -5.00000000e-03,  2.07008309e+00,
         2.19059847e+00, -3.19087667e-01, -4.78362330e+00,
        -3.50223951e-01, -1.06982603e-01],
       [-3.76956527e+00, -2.03980603e-01, -4.54194598e+00,
         4.56060371e-01,  4.65097968e+00,  1.57851194e-01,
         3.04658076e+00, -4.74402770e+00, -1.86984286e+00,
        -1.10131998e-02, -3.47083939e+00, -1.06286389e+00,
        -1.66042148e+00,  4.64100278e+00, -1.86232983e+00,
         1.20278554e-01,  1.45572824e+00, -2.13373582e+00,
        -1.13395065e+00, -1.74677213e+00,  4.27843752e+00,
        -4.69499733e+00, -3.78146068e+00,  1.28077818e+00,
        -5.09209497e-01, -9.99846213e-01, -2.28513969e-01,
        -4.40319493e-01, -1.74877213e+00, -1.99329930e+00,
        -2.17668209e+00, -1.43684409e+00,  1.75769637e+00,
         4.02677298e-01, -3.15566973e+00, -7.55501903e-01,
        -1.58549368e+00,  8.00000000e-03,  2.10821351e+00,
         2.28170865e+00, -3.21356727e-01, -4.90281189e+00,
        -3.48921609e-01, -1.06070228e-01],
       [-3.81802859e+00, -2.05113874e-01, -4.52077601e+00,
         4.77720963e-01,  4.62321123e+00,  1.08365735e-01,
         3.05362577e+00, -4.72169851e+00, -1.85056454e+00,
        -1.37147323e-02, -3.47445699e+00, -1.05558154e+00,
        -1.61108645e+00,  4.61616559e+00, -1.91002690e+00,
         6.19403707e-02,  1.46946202e+00, -2.10051750e+00,
        -1.12739134e+00, -1.73747983e+00,  4.27355415e+00,
        -4.72746344e+00, -3.80554531e+00,  1.32402421e+00,
        -5.04555895e-01, -1.03534113e+00, -2.35188430e-01,
        -4.27976893e-01, -1.73047983e+00, -1.97538300e+00,
        -2.16929250e+00, -1.45435226e+00,  1.67906540e+00,
         4.96976069e-01, -3.10821808e+00, -7.65215504e-01,
        -1.57218748e+00,  0.00000000e+00,  2.01163478e+00,
         2.27402469e+00, -3.13323927e-01, -4.91728679e+00,
        -3.54941206e-01, -1.13459053e-01],
       [-3.79150657e+00, -2.01903721e-01, -4.54756433e+00,
         4.66231457e-01,  4.65425294e+00,  1.53250165e-01,
         3.05952389e+00, -4.74554364e+00, -1.87676040e+00,
        -1.49602386e-02, -3.47922824e+00, -1.05851222e+00,
        -1.65773909e+00,  4.63613867e+00, -1.89014933e+00,
         1.12110378e-01,  1.47026826e+00, -2.13475990e+00,
        -1.12643283e+00, -1.73667613e+00,  4.28310264e+00,
        -4.70059797e+00, -3.78504736e+00,  1.28944934e+00,
        -4.98396874e-01, -1.00696587e+00, -2.33766660e-01,
        -4.42081563e-01, -1.74667613e+00, -1.98140303e+00,
        -2.17082563e+00, -1.43291715e+00,  1.76407374e+00,
         4.23581850e-01, -3.16875547e+00, -7.57836737e-01,
        -1.59027453e+00, -2.00000000e-03,  2.10337651e+00,
         2.28905189e+00, -3.21890989e-01, -4.92203710e+00,
        -3.49125220e-01, -1.14488813e-01]]), 'deltas': array([[-2.98013757e-09],
       [-8.88198688e-10],
       [-9.43980336e-09],
       [-1.15961467e-08],
       [-7.36271526e-09],
       [-3.04703927e-09],
       [-9.31107870e-09],
       [-7.43007033e-09],
       [-6.77172186e-09],
       [-7.25264030e-09]]), 'outputs': array([[3.52378167e-09],
       [1.05022610e-09],
       [1.11618359e-08],
       [1.37115447e-08],
       [8.70584013e-09],
       [3.60288775e-09],
       [1.10096289e-08],
       [8.78548228e-09],
       [8.00703623e-09],
       [8.57568502e-09]]), 'errors': -0.845721402259873}, {'weights': array([[0.5175215 , 0.57344784, 0.59668308, 0.64563988, 0.59154502,
        0.55213657, 0.60585081, 0.60368926, 0.54790863, 0.6013437 ],
       [0.5134934 , 0.572215  , 0.5949303 , 0.63514855, 0.58951273,
        0.56113512, 0.60816937, 0.60874573, 0.56642199, 0.58528799],
       [0.51550201, 0.57333798, 0.59504977, 0.63514339, 0.59482192,
        0.54910514, 0.61526261, 0.59901528, 0.56598663, 0.59162232],
       [0.50921931, 0.57207284, 0.59213073, 0.63833875, 0.58681994,
        0.55590523, 0.60138565, 0.60205188, 0.56784445, 0.60761888],
       [0.50624221, 0.58982094, 0.58375151, 0.64500764, 0.60133477,
        0.55304379, 0.61497555, 0.59955417, 0.5533004 , 0.58711595],
       [0.51469915, 0.57917505, 0.5939041 , 0.63327649, 0.58933137,
        0.56139063, 0.60717141, 0.60559596, 0.55506678, 0.59509255],
       [0.52320094, 0.57867427, 0.58037539, 0.63769396, 0.58785432,
        0.55686406, 0.61761615, 0.61110283, 0.54962963, 0.59262237],
       [0.5144125 , 0.58365692, 0.57957447, 0.64107993, 0.58678963,
        0.5630981 , 0.60886531, 0.5921045 , 0.56421132, 0.60152456],
       [0.50304792, 0.58178065, 0.59805185, 0.64222619, 0.59769278,
        0.55878631, 0.5992728 , 0.60789532, 0.55777639, 0.5874719 ],
       [0.51875189, 0.5736752 , 0.58525916, 0.65029025, 0.58509312,
        0.55041126, 0.60744923, 0.61226748, 0.55631382, 0.5959002 ]]), 'deltas': array([[-0.01449437],
       [-0.01449437],
       [-0.01449437],
       [-0.01449437],
       [-0.01449437],
       [-0.01449437],
       [-0.01449437],
       [-0.01449437],
       [-0.01449437],
       [-0.01449437]]), 'outputs': array([[0.50000001],
       [0.50000001],
       [0.50000001],
       [0.50000001],
       [0.50000001],
       [0.50000001],
       [0.50000001],
       [0.50000001],
       [0.50000001],
       [0.50000001]]), 'errors': -0.05797747268116655}, {'weights': array([[-0.32580828, -0.32938295, -0.34670973, -0.33901658, -0.31987527,
        -0.30823172, -0.32021924, -0.28854238, -0.32288119, -0.33535356],
       [-0.18402676, -0.20435032, -0.19163836, -0.21546999, -0.19534809,
        -0.20771013, -0.20878064, -0.1924971 , -0.2004188 , -0.19378763],
       [-0.45451197, -0.4506106 , -0.44802677, -0.44904711, -0.44885152,
        -0.44127396, -0.43813811, -0.43358096, -0.43691897, -0.44897093],
       [-0.47066716, -0.46076426, -0.4747739 , -0.45560911, -0.46084707,
        -0.46950755, -0.47322745, -0.47006704, -0.46120669, -0.47467706],
       [-0.56661581, -0.55931304, -0.54814899, -0.55357916, -0.55786794,
        -0.55880334, -0.5484752 , -0.5594079 , -0.55776539, -0.54799443],
       [-0.20617662, -0.20294342, -0.20760667, -0.20870186, -0.21568316,
        -0.22008319, -0.21176233, -0.21013019, -0.20792539, -0.20206842]]), 'deltas': array([[-0.02389737],
       [-0.05774096],
       [-0.00874614],
       [-0.00720655],
       [-0.00324278],
       [ 0.13601624]]), 'outputs': array([[0.16964592],
       [0.2839732 ],
       [0.0984974 ],
       [0.08893848],
       [0.05869392],
       [0.22854222]]), 'errors': array([[-0.16964592],
       [-0.2839732 ],
       [-0.0984974 ],
       [-0.08893848],
       [-0.05869392],
       [ 0.77145778]])}]
target: 0 prediction: 1
target: 0 prediction: 1
target: 0 prediction: 1
target: 0 prediction: 1
target: 0 prediction: 1
target: 0 prediction: 1
target: 0 prediction: 1
target: 0 prediction: 1
target: 0 prediction: 1
target: 0 prediction: 1
target: 0 prediction: 1
target: 0 prediction: 1
target: 0 prediction: 1
target: 0 prediction: 1
target: 1 prediction: 1
target: 1 prediction: 1
target: 1 prediction: 1
target: 1 prediction: 1
target: 1 prediction: 1
target: 1 prediction: 1
target: 1 prediction: 1
target: 1 prediction: 1
target: 1 prediction: 1
target: 1 prediction: 1
target: 1 prediction: 1
target: 1 prediction: 1
target: 1 prediction: 1
target: 1 prediction: 1
target: 1 prediction: 1
target: 2 prediction: 1
target: 2 prediction: 1
target: 2 prediction: 1
target: 3 prediction: 1
target: 3 prediction: 1
target: 3 prediction: 1
target: 4 prediction: 1
target: 4 prediction: 1
target: 5 prediction: 1
target: 5 prediction: 1
target: 5 prediction: 1
target: 5 prediction: 1
target: 5 prediction: 1
target: 5 prediction: 1
Accuracy: 34.883720930232556 %

train_data group 1 length:  172
   0   1   2   3   4   5   6   7   8  ...  36  37  38  39  40  41  42  43  44
0   0   1   0   0   0   0   0   1   0 ...   0   0   0   1   0   0   0   0   0
1   0   1   0   0   0   0   1   0   0 ...   0   0   0   0   1   0   0   0   0
2   0   0   1   0   0   0   0   1   0 ...   0   0   0   1   0   0   0   0   0
3   0   1   0   0   0   0   0   1   0 ...   0   0   0   1   0   0   0   0   0
4   0   0   1   0   0   0   1   0   0 ...   0   0   0   0   1   0   0   0   0

[5 rows x 45 columns]
Initial Neural Network:
[{'weights': array([[ 0.009, -0.001, -0.005, -0.009,  0.004,  0.001, -0.004, -0.001,
         0.001,  0.009,  0.006,  0.   ,  0.005,  0.008,  0.004,  0.002,
         0.004, -0.005,  0.009,  0.004,  0.009, -0.002, -0.006,  0.003,
        -0.001,  0.008, -0.005,  0.002, -0.001, -0.01 ,  0.01 , -0.004,
         0.009, -0.006,  0.004, -0.008,  0.01 ,  0.006, -0.009, -0.008,
         0.007, -0.005, -0.007, -0.002],
       [ 0.009,  0.003, -0.007, -0.004, -0.005, -0.009, -0.003, -0.007,
         0.008,  0.002, -0.01 ,  0.004,  0.01 ,  0.001, -0.002,  0.001,
         0.   , -0.01 ,  0.   , -0.01 , -0.003, -0.006,  0.006, -0.007,
        -0.001,  0.002,  0.008,  0.006,  0.001,  0.007,  0.005,  0.006,
        -0.01 ,  0.008,  0.003,  0.01 ,  0.009, -0.004,  0.004, -0.01 ,
         0.008,  0.006, -0.004, -0.007],
       [ 0.001, -0.007,  0.01 ,  0.007, -0.001,  0.006, -0.005,  0.007,
         0.001,  0.001,  0.   ,  0.006,  0.005,  0.009,  0.007,  0.008,
        -0.01 ,  0.007,  0.01 ,  0.01 ,  0.01 , -0.008, -0.009, -0.008,
         0.009,  0.002,  0.002,  0.008,  0.006,  0.007, -0.005,  0.   ,
        -0.008, -0.007,  0.009,  0.007, -0.002, -0.01 , -0.007, -0.008,
        -0.001, -0.005, -0.006, -0.003],
       [ 0.   ,  0.003,  0.002,  0.004, -0.006, -0.01 ,  0.009, -0.008,
         0.005, -0.008,  0.009, -0.003,  0.   , -0.009, -0.01 ,  0.009,
        -0.008,  0.001,  0.006,  0.   , -0.002,  0.008,  0.007,  0.008,
         0.006,  0.006,  0.009,  0.001,  0.005,  0.001,  0.003,  0.01 ,
        -0.009,  0.001, -0.003, -0.004, -0.007, -0.009,  0.001,  0.001,
         0.008,  0.005,  0.01 ,  0.003],
       [-0.005, -0.008, -0.004,  0.01 ,  0.   ,  0.007,  0.002,  0.007,
        -0.001, -0.009, -0.01 , -0.003, -0.007, -0.003, -0.008, -0.005,
        -0.003, -0.008, -0.004, -0.009,  0.001, -0.008, -0.001, -0.001,
         0.006, -0.007,  0.004, -0.003,  0.004, -0.005,  0.01 , -0.009,
        -0.005,  0.003, -0.007, -0.002, -0.006,  0.008,  0.008,  0.004,
         0.004,  0.006,  0.002,  0.001],
       [ 0.008, -0.001,  0.009,  0.003,  0.006, -0.002, -0.005,  0.001,
        -0.01 , -0.002, -0.009,  0.004, -0.007,  0.006, -0.01 , -0.007,
        -0.006,  0.001,  0.   ,  0.006, -0.007,  0.006,  0.   , -0.008,
        -0.006, -0.01 , -0.003,  0.007, -0.006, -0.009, -0.005, -0.009,
         0.001,  0.   ,  0.   , -0.003,  0.001, -0.01 ,  0.007,  0.004,
        -0.005, -0.009, -0.009,  0.009],
       [ 0.008, -0.009,  0.   ,  0.01 , -0.007,  0.007, -0.009,  0.009,
        -0.01 ,  0.007, -0.007,  0.01 ,  0.007,  0.002, -0.001, -0.002,
        -0.001,  0.008,  0.008,  0.008, -0.009,  0.006,  0.008,  0.009,
         0.008,  0.002, -0.001, -0.002,  0.005,  0.001, -0.01 ,  0.002,
         0.008,  0.009,  0.   ,  0.   ,  0.002, -0.008,  0.001,  0.001,
        -0.009,  0.001, -0.001, -0.004],
       [ 0.006,  0.003, -0.01 , -0.004,  0.008, -0.007,  0.01 ,  0.004,
        -0.002, -0.009,  0.008,  0.01 , -0.005,  0.007, -0.009, -0.001,
         0.003, -0.002, -0.01 ,  0.002,  0.007,  0.   ,  0.   ,  0.005,
        -0.01 ,  0.006, -0.003, -0.006,  0.007,  0.002,  0.005,  0.007,
        -0.002, -0.003, -0.005, -0.007,  0.008,  0.009,  0.004,  0.004,
        -0.01 , -0.005,  0.004, -0.003],
       [ 0.01 ,  0.01 , -0.005,  0.005,  0.007, -0.003, -0.01 , -0.001,
         0.005, -0.005,  0.01 , -0.006, -0.005,  0.01 ,  0.002,  0.007,
         0.004, -0.009, -0.003,  0.008,  0.002, -0.002, -0.004,  0.006,
         0.005, -0.006, -0.006,  0.   ,  0.001, -0.003,  0.004, -0.006,
        -0.01 ,  0.   , -0.009,  0.009,  0.002, -0.001, -0.004,  0.01 ,
        -0.009,  0.005, -0.01 , -0.009],
       [ 0.004, -0.007, -0.001,  0.007, -0.003,  0.006, -0.009,  0.009,
         0.   , -0.005,  0.009, -0.009,  0.008, -0.001, -0.002, -0.002,
         0.002,  0.009,  0.   ,  0.007, -0.004, -0.002, -0.004,  0.009,
        -0.003,  0.   ,  0.   ,  0.003, -0.001, -0.003,  0.003,  0.002,
         0.002,  0.005, -0.002, -0.005, -0.002, -0.005, -0.008,  0.004,
         0.001,  0.008,  0.002, -0.003]]), 'deltas': array([[0.],
       [0.],
       [0.],
       [0.],
       [0.],
       [0.],
       [0.],
       [0.],
       [0.],
       [0.]]), 'outputs': array([[0.],
       [0.],
       [0.],
       [0.],
       [0.],
       [0.],
       [0.],
       [0.],
       [0.],
       [0.]]), 'errors': array([[0.],
       [0.],
       [0.],
       [0.],
       [0.],
       [0.],
       [0.],
       [0.],
       [0.],
       [0.]])}, {'weights': array([[ 0.002,  0.002, -0.009, -0.009, -0.009, -0.009, -0.001, -0.006,
         0.009,  0.01 ],
       [ 0.002, -0.009, -0.008, -0.001,  0.   , -0.009,  0.002,  0.004,
        -0.001, -0.007],
       [-0.009,  0.005,  0.001,  0.001,  0.009, -0.002, -0.001,  0.009,
         0.   , -0.004],
       [ 0.004,  0.008,  0.001, -0.009,  0.007,  0.   , -0.01 ,  0.003,
        -0.004, -0.009],
       [ 0.007, -0.009,  0.004,  0.001,  0.001,  0.008, -0.001, -0.001,
        -0.001, -0.008],
       [-0.006, -0.003,  0.008,  0.007,  0.005, -0.003, -0.001,  0.01 ,
        -0.003,  0.001],
       [ 0.003, -0.007, -0.002,  0.001,  0.005,  0.008,  0.003,  0.004,
        -0.005, -0.007],
       [-0.005, -0.008, -0.001, -0.006, -0.006,  0.   , -0.005,  0.001,
         0.006, -0.007],
       [-0.002,  0.003,  0.008,  0.005, -0.002, -0.01 , -0.006,  0.006,
        -0.006,  0.003],
       [ 0.005,  0.007, -0.01 ,  0.003,  0.003, -0.005, -0.006, -0.008,
        -0.005, -0.003]]), 'deltas': array([[0.],
       [0.],
       [0.],
       [0.],
       [0.],
       [0.],
       [0.],
       [0.],
       [0.],
       [0.]]), 'outputs': array([[0.],
       [0.],
       [0.],
       [0.],
       [0.],
       [0.],
       [0.],
       [0.],
       [0.],
       [0.]]), 'errors': array([[0.],
       [0.],
       [0.],
       [0.],
       [0.],
       [0.],
       [0.],
       [0.],
       [0.],
       [0.]])}, {'weights': array([[-0.008,  0.009, -0.005, -0.004, -0.007, -0.006,  0.008, -0.009,
        -0.003, -0.007],
       [-0.001, -0.01 ,  0.005,  0.002,  0.009, -0.004,  0.007, -0.006,
         0.   , -0.001],
       [-0.01 ,  0.004, -0.002, -0.009,  0.002, -0.009,  0.002,  0.005,
         0.004,  0.003],
       [ 0.008, -0.003, -0.007,  0.   , -0.003,  0.003, -0.003, -0.005,
         0.002,  0.01 ],
       [-0.008,  0.004,  0.003, -0.01 ,  0.003, -0.004, -0.006,  0.   ,
         0.008,  0.001],
       [ 0.01 ,  0.008,  0.   , -0.009, -0.009,  0.005,  0.   ,  0.001,
        -0.007,  0.005]]), 'deltas': array([[0.],
       [0.],
       [0.],
       [0.],
       [0.],
       [0.]]), 'outputs': array([[0.],
       [0.],
       [0.],
       [0.],
       [0.],
       [0.]]), 'errors': array([[0.],
       [0.],
       [0.],
       [0.],
       [0.],
       [0.]])}]
Training complete!
Training done. epoch: 100 , total error: 0.37017167820609326
[{'weights': array([[ 8.21885839e-02,  7.56775170e-01, -4.30854977e+00,
        -9.00216041e-01,  2.36040280e+00, -1.75627595e-01,
        -9.16762724e-01, -2.72066581e+00,  1.80265687e+00,
         9.00000000e-03, -3.25328738e+00, -4.77316036e-01,
        -1.09245576e+00, -1.84141583e+00,  4.68007575e+00,
        -1.69847770e+00,  7.28696896e-01,  9.20460926e-01,
        -7.46784553e-01, -1.19729482e+00,  8.23031104e-01,
         1.50425503e+00, -5.84848957e+00,  1.70307480e+00,
        -1.86270623e-01, -5.45060258e-01, -3.46936288e-01,
        -1.58057947e-01, -9.53344761e-01,  3.36722078e-01,
        -1.14855827e+00, -2.82681554e+00,  1.03961511e+00,
         5.90637368e-01, -1.30897550e+00, -6.30284201e-02,
        -9.05245605e-01, -2.12695749e-01,  4.85546022e-01,
        -2.88750310e+00, -2.28444084e+00,  3.95993580e+00,
        -6.00189901e-01, -2.10201214e-01],
       [ 1.10166114e-01, -1.78407195e+00, -2.61169606e+00,
        -1.12666988e+00,  2.97071977e+00, -3.27961795e-01,
         1.84959851e+00, -3.33365931e+00, -6.36529408e-01,
         2.00000000e-03, -3.98427676e+00, -3.73959081e-01,
        -1.20622323e+00,  1.95249914e+00,  1.17740791e+00,
        -1.80336554e+00,  7.25701643e-01,  1.01208998e+00,
        -8.95073771e-01, -1.49590432e+00,  1.04861886e+00,
        -1.24688670e+00, -5.73488451e+00,  3.64450159e+00,
        -1.59901257e-01, -6.83419890e-01, -3.49496747e-01,
        -1.33019706e-01, -1.25461566e+00, -6.29716073e-01,
        -5.74564823e-01, -3.11527009e+00,  1.15995209e+00,
         7.38046885e-01, -1.76273197e+00, -7.59850249e-02,
        -1.05343322e+00, -2.04288066e-01,  6.80886268e-01,
        -1.05325258e+00, -4.20938064e-01, -2.56098264e-01,
        -4.45855815e-01, -2.68407289e-01],
       [-4.69858470e+00,  2.25216560e+00, -3.15671104e+00,
        -1.35747259e+00,  1.47593830e+00, -1.07844778e+00,
         3.49662453e+00, -8.02607522e+00,  1.22234043e-01,
         1.00000000e-03, -6.79133083e+00, -5.35601191e-01,
        -2.62970021e+00,  1.93857825e+00,  2.55038955e+00,
        -1.23268957e+00, -6.45685324e-01, -1.58327304e+00,
        -4.59053204e-01, -1.54896329e+00, -1.10198222e+00,
        -2.04534227e+00, -2.91706426e+00,  1.55777709e+00,
        -9.94052760e-01, -2.79339568e+00, -2.91515650e-01,
        -9.63700755e-01, -1.42805234e+00, -1.15713900e+00,
        -1.33661639e-02, -4.53631135e+00,  9.17499794e-01,
        -7.18347710e-01, -3.54750631e+00,  9.51162182e-02,
        -2.36646866e+00, -1.01079793e-01,  4.22274117e-01,
         6.54866336e+00, -6.29465395e+00, -2.70746227e+00,
        -2.72084554e+00, -3.43366018e-01],
       [-3.47354564e-01,  1.47926909e+00, -4.51648848e+00,
        -7.93269639e-01,  2.09972845e+00, -1.72465575e-01,
        -1.53769528e+00, -2.46935405e+00,  2.09439976e+00,
        -8.00000000e-03, -2.99535923e+00, -4.18928806e-01,
        -1.01099592e+00, -2.54319345e+00,  4.87436226e+00,
        -1.65801941e+00,  9.39043441e-01,  2.36082127e-01,
        -5.59004280e-01, -1.03121702e+00,  7.87505638e-01,
         1.63667795e+00, -5.61260242e+00,  1.36043052e+00,
        -2.26126832e-01, -7.54125890e-01, -3.08849264e-01,
        -2.03081076e-01, -7.94058913e-01,  4.64611104e-01,
        -1.29809389e+00, -2.73859183e+00,  9.95272197e-01,
         5.01687280e-01, -1.44895468e+00, -5.46918417e-02,
        -8.50069488e-01, -2.10659356e-01,  4.61260227e-01,
        -3.00702270e+00, -3.08231219e+00,  5.24691613e+00,
        -1.03027196e+00, -1.81424432e-01],
       [-3.10982627e+00, -1.09474788e-01, -3.57157188e+00,
        -7.73374958e-01,  1.43888291e+00, -7.82993276e-01,
         5.42629412e+00, -9.82681161e+00, -9.19854226e-01,
        -9.00000000e-03, -4.39348371e+00, -3.83411633e-01,
        -1.54625002e+00,  7.62195841e+00, -7.44817804e+00,
        -2.81062705e+00,  2.95147429e+00, -4.32819481e+00,
        -3.07368576e-01, -1.65264885e+00, -9.08143604e-01,
        -4.29284974e+00, -1.92479761e+00,  1.76006580e+00,
        -7.55639833e-01, -3.40305810e+00, -4.66518322e-01,
        -7.32279739e-01, -1.51850883e+00, -1.44843194e+00,
        -1.82782042e+00, -3.54355857e+00,  8.99712947e-01,
        -2.04267003e-01, -4.91155573e+00, -1.86625331e-01,
        -1.36951926e+00, -8.18880167e-02,  4.32223346e-01,
         5.49482509e+00, -1.03239301e+00, -9.26543053e+00,
        -1.04056847e+00, -2.57798069e-01],
       [-4.68360728e+00,  2.25872688e+00, -3.13853832e+00,
        -1.36876203e+00,  1.47025167e+00, -1.08375436e+00,
         3.49878175e+00, -8.02748130e+00,  1.09524832e-01,
        -2.00000000e-03, -6.79107218e+00, -5.40325488e-01,
        -2.62657213e+00,  1.91733086e+00,  2.53770986e+00,
        -1.23711396e+00, -6.55029304e-01, -1.58892296e+00,
        -4.69914251e-01, -1.54194860e+00, -1.12258890e+00,
        -2.03101808e+00, -2.90404759e+00,  1.56358260e+00,
        -1.00785710e+00, -2.81230258e+00, -2.92809456e-01,
        -9.63378762e-01, -1.43043829e+00, -1.17582865e+00,
         1.54775424e-05, -4.53884124e+00,  9.16103568e-01,
        -7.10378240e-01, -3.54283346e+00,  8.14959865e-02,
        -2.36111895e+00, -1.00081082e-01,  4.30608417e-01,
         6.55520039e+00, -6.29895164e+00, -2.69766180e+00,
        -2.71973766e+00, -3.35778377e-01],
       [-2.66059854e-02, -1.85898750e+00, -2.52042416e+00,
        -1.12475374e+00,  3.01191773e+00, -3.33632746e-01,
         1.92955379e+00, -3.29531443e+00, -8.24460277e-01,
         7.00000000e-03, -3.87646440e+00, -3.78526798e-01,
        -1.20875356e+00,  2.03287866e+00,  9.21012429e-01,
        -1.83311671e+00,  6.43974672e-01,  9.69892244e-01,
        -8.09763611e-01, -1.47084025e+00,  1.11291659e+00,
        -1.43617699e+00, -5.59971457e+00,  3.57698161e+00,
        -1.52860308e-01, -7.67993358e-01, -3.54460114e-01,
        -1.41036843e-01, -1.25336334e+00, -8.66948264e-01,
        -4.97217271e-01, -3.09172867e+00,  1.19793064e+00,
         7.47109905e-01, -1.84272981e+00, -9.80813679e-02,
        -1.06673065e+00, -1.97703447e-01,  6.79391621e-01,
        -8.91373251e-01, -6.95470704e-01, -3.13317596e-01,
        -3.57050291e-01, -2.75641815e-01],
       [-2.89111515e-01,  1.39074060e+00, -4.50358125e+00,
        -8.03993555e-01,  2.13728406e+00, -1.64699045e-01,
        -1.47224945e+00, -2.48857241e+00,  2.05885924e+00,
        -9.00000000e-03, -3.02322254e+00, -4.10333970e-01,
        -1.02215704e+00, -2.45946881e+00,  4.85452070e+00,
        -1.65661600e+00,  9.29239657e-01,  2.90851986e-01,
        -5.87742169e-01, -1.05539514e+00,  7.89498459e-01,
         1.61838221e+00, -5.63325269e+00,  1.38776529e+00,
        -2.32054928e-01, -7.27530843e-01, -3.24698813e-01,
        -2.00583411e-01, -8.14848596e-01,  4.40894004e-01,
        -1.27297147e+00, -2.74474797e+00,  1.00437156e+00,
         5.09792201e-01, -1.43300204e+00, -5.81285884e-02,
        -8.45100671e-01, -1.96279796e-01,  4.69849428e-01,
        -3.00627687e+00, -3.00480723e+00,  5.11999466e+00,
        -1.00051975e+00, -1.90052467e-01],
       [ 1.72264837e+00, -3.61340425e+00, -2.45515517e+00,
        -1.04794983e+00,  2.95486178e+00, -3.08648551e-01,
         1.61191343e+00, -3.19274259e+00, -5.85521386e-01,
        -5.00000000e-03, -3.92085730e+00, -4.46931968e-01,
        -1.18385935e+00,  1.58870726e+00,  1.50794226e+00,
        -1.74492324e+00, -1.12136791e+00,  3.15440745e+00,
        -1.06507481e+00, -1.68204059e+00,  9.11347468e-01,
        -8.97114298e-01, -5.54000044e+00,  3.21327540e+00,
        -1.46507226e-01, -4.08007435e-01, -5.31350036e-01,
        -1.29602618e-01, -1.40803901e+00, -7.65108551e-01,
        -7.93017833e-01, -2.86096140e+00,  1.09052710e+00,
         8.47561578e-01, -1.66215183e+00, -2.19462147e-01,
        -9.29506665e-01, -2.51232867e-01,  5.93354412e-01,
        -1.47563087e+00, -5.75130231e-01,  2.38494714e-01,
        -3.37779301e-01, -3.28953414e-01],
       [-8.76532624e-02,  1.01667048e+00, -4.38283576e+00,
        -8.51050454e-01,  2.27226942e+00, -1.64457922e-01,
        -1.15192575e+00, -2.62721582e+00,  1.91699992e+00,
        -5.00000000e-03, -3.14633895e+00, -4.63122262e-01,
        -1.06557701e+00, -2.09481142e+00,  4.74225008e+00,
        -1.68726449e+00,  8.40034723e-01,  6.42298019e-01,
        -6.69506101e-01, -1.14216172e+00,  8.03979248e-01,
         1.56279579e+00, -5.74255899e+00,  1.54110939e+00,
        -2.01925002e-01, -6.17274708e-01, -3.35702566e-01,
        -1.69638312e-01, -9.07983985e-01,  3.73421159e-01,
        -1.20596848e+00, -2.78826880e+00,  1.03495718e+00,
         5.62259364e-01, -1.36297062e+00, -5.92546382e-02,
        -8.94284926e-01, -2.16396662e-01,  4.78307273e-01,
        -2.94485316e+00, -2.57517581e+00,  4.47266148e+00,
        -7.68538013e-01, -2.04694060e-01]]), 'deltas': array([[-3.22249094e-08],
       [-7.97564864e-08],
       [-4.70599850e-09],
       [-3.33253928e-08],
       [-3.06167424e-09],
       [-4.72191820e-09],
       [-1.14594575e-07],
       [-3.36872496e-08],
       [-3.02410106e-07],
       [-3.32250598e-08]]), 'outputs': array([[3.63094185e-08],
       [8.98656303e-08],
       [5.30248391e-09],
       [3.75493883e-08],
       [3.44974151e-09],
       [5.32042143e-09],
       [1.29119456e-07],
       [3.79571104e-08],
       [3.40740708e-07],
       [3.74363380e-08]]), 'errors': -0.8875083079794766}, {'weights': array([[0.82268331, 0.39225447, 0.17998242, 1.26940271, 0.78876022,
        0.20984664, 0.36367385, 1.18936716, 0.65097399, 0.92304978],
       [0.82320517, 0.38433315, 0.1830311 , 1.27658364, 0.80003477,
        0.21188106, 0.36973272, 1.19876623, 0.64200028, 0.90623474],
       [0.81081595, 0.39588885, 0.1952356 , 1.27690104, 0.80334522,
        0.22202841, 0.36438392, 1.20213587, 0.63544718, 0.90796415],
       [0.82568659, 0.4010339 , 0.20016589, 1.26961562, 0.80154764,
        0.2289599 , 0.35743913, 1.19875283, 0.63254426, 0.90501983],
       [0.82670657, 0.38327892, 0.20835782, 1.276495  , 0.79242752,
        0.24213802, 0.3657645 , 1.19180546, 0.63462322, 0.9037682 ],
       [0.81131043, 0.38852052, 0.20598185, 1.27908473, 0.79899559,
        0.22477245, 0.3650777 , 1.19949105, 0.63312586, 0.91007116],
       [0.82240807, 0.38564272, 0.198719  , 1.27614283, 0.79867366,
        0.2385055 , 0.37013908, 1.19644118, 0.63100276, 0.90443703],
       [0.81825112, 0.38479093, 0.19961302, 1.27381768, 0.78835232,
        0.23043541, 0.3621298 , 1.19803569, 0.64592339, 0.90843792],
       [0.81576072, 0.39586484, 0.20552393, 1.27784944, 0.79486377,
        0.21734542, 0.36135976, 1.19620372, 0.63299365, 0.91251248],
       [0.82594564, 0.40033344, 0.1816971 , 1.28087247, 0.80263748,
        0.21653612, 0.36173499, 1.1869766 , 0.63589527, 0.91015646]]), 'deltas': array([[-0.013031],
       [-0.013031],
       [-0.013031],
       [-0.013031],
       [-0.013031],
       [-0.013031],
       [-0.013031],
       [-0.013031],
       [-0.013031],
       [-0.013031]]), 'outputs': array([[0.50000012],
       [0.50000012],
       [0.50000012],
       [0.50000011],
       [0.50000012],
       [0.50000011],
       [0.50000011],
       [0.50000012],
       [0.50000012],
       [0.50000012]]), 'errors': -0.05212399349483944}, {'weights': array([[-0.44584335, -0.36175341, -0.27936043, -0.27610597, -0.30186569,
        -0.29954056, -0.27261171, -0.37634447, -0.35385459, -0.34680686],
       [-0.51263058, -0.44510832, -0.15898789, -0.0834281 ,  0.08011436,
        -0.08534223, -0.01939067, -0.1519029 , -0.20492413, -0.39078392],
       [-0.45075638, -0.42442607, -0.41584408, -0.4187241 , -0.40676033,
        -0.42280294, -0.40801945, -0.41538006, -0.41911469, -0.42212916],
       [-0.41374322, -0.43124844, -0.4520468 , -0.44903755, -0.45996159,
        -0.44639278, -0.45521107, -0.44804062, -0.4389485 , -0.42119593],
       [-0.53899898, -0.52901771, -0.53936043, -0.55291052, -0.54391441,
        -0.54848264, -0.55097277, -0.53914292, -0.53195114, -0.53376099],
       [-0.07817954, -0.12474357, -0.24114535, -0.27586997, -0.32117997,
        -0.25954661, -0.2842419 , -0.22319833, -0.21636127, -0.14793882]]), 'deltas': array([[-0.02247885],
       [-0.05852624],
       [-0.01080997],
       [-0.00900875],
       [-0.00371855],
       [ 0.13436794]]), 'outputs': array([[0.16397489],
       [0.28637927],
       [0.11022287],
       [0.10005147],
       [0.06299645],
       [0.22198035]]), 'errors': array([[-0.16397489],
       [-0.28637927],
       [-0.11022287],
       [-0.10005147],
       [-0.06299645],
       [ 0.77801965]])}]
Accuracy: 35.714285714285715 %

train_data group 2 length:  172
   0   1   2   3   4   5   6   7   8  ...  36  37  38  39  40  41  42  43  44
0   0   1   0   0   0   0   0   1   0 ...   0   0   0   1   0   0   0   0   0
1   0   1   0   0   0   0   1   0   0 ...   0   0   0   0   1   0   0   0   0
2   0   0   1   0   0   0   0   1   0 ...   0   0   0   1   0   0   0   0   0
3   0   1   0   0   0   0   0   1   0 ...   0   0   0   1   0   0   0   0   0
4   0   0   1   0   0   0   1   0   0 ...   0   0   0   0   1   0   0   0   0

[5 rows x 45 columns]
Initial Neural Network:
[{'weights': array([[-0.001, -0.006,  0.006,  0.005, -0.007, -0.005, -0.009, -0.006,
        -0.003,  0.002, -0.007,  0.002,  0.007,  0.008,  0.009, -0.006,
         0.009, -0.003, -0.01 , -0.002, -0.001, -0.007,  0.002, -0.001,
         0.009,  0.007, -0.003, -0.005, -0.006,  0.005,  0.001, -0.005,
         0.008, -0.008,  0.   ,  0.006, -0.006, -0.009,  0.005, -0.007,
        -0.009, -0.009,  0.002,  0.003],
       [ 0.003,  0.001,  0.001, -0.006, -0.003, -0.01 ,  0.001, -0.004,
         0.006, -0.01 , -0.003, -0.002,  0.004, -0.002, -0.006, -0.006,
         0.009,  0.005,  0.009, -0.004,  0.01 ,  0.007,  0.008, -0.005,
        -0.002,  0.004, -0.002,  0.004, -0.005,  0.008, -0.002,  0.003,
        -0.008,  0.005, -0.006, -0.01 ,  0.008, -0.002, -0.005, -0.005,
        -0.001,  0.009, -0.007, -0.006],
       [-0.007, -0.008, -0.008,  0.002,  0.01 , -0.005,  0.004, -0.004,
        -0.002, -0.001, -0.005,  0.006,  0.001, -0.005,  0.   ,  0.005,
         0.005,  0.008, -0.001,  0.01 ,  0.   ,  0.008, -0.004,  0.009,
        -0.004,  0.007, -0.007,  0.009,  0.001, -0.004, -0.01 ,  0.002,
        -0.002,  0.01 ,  0.   ,  0.01 , -0.008,  0.004, -0.009, -0.007,
        -0.002,  0.007, -0.01 , -0.004],
       [-0.01 , -0.002, -0.004, -0.002, -0.001,  0.004,  0.002, -0.007,
         0.001,  0.002,  0.004,  0.009, -0.005,  0.01 , -0.008,  0.005,
         0.003, -0.006,  0.006, -0.009,  0.001,  0.002,  0.002,  0.009,
        -0.003,  0.006,  0.01 , -0.008,  0.   ,  0.004,  0.006,  0.007,
         0.01 ,  0.007, -0.002, -0.005, -0.001,  0.   ,  0.009,  0.   ,
        -0.009, -0.01 , -0.007, -0.001],
       [ 0.003, -0.007, -0.004,  0.005, -0.005, -0.009,  0.   , -0.009,
         0.   ,  0.005,  0.   ,  0.008,  0.009, -0.004,  0.009,  0.01 ,
        -0.003, -0.007, -0.01 , -0.01 ,  0.001, -0.01 ,  0.008,  0.007,
         0.007,  0.004,  0.   , -0.001, -0.002,  0.002,  0.005, -0.002,
         0.   ,  0.002,  0.009,  0.008,  0.009,  0.004,  0.007, -0.002,
         0.006,  0.   , -0.005, -0.003],
       [ 0.005, -0.009,  0.003, -0.005,  0.001,  0.007,  0.002,  0.003,
         0.007, -0.004, -0.003,  0.001, -0.004, -0.006,  0.   ,  0.003,
        -0.004,  0.006,  0.006,  0.001, -0.006,  0.   , -0.003, -0.005,
         0.   , -0.009,  0.008,  0.003,  0.01 ,  0.002,  0.   , -0.005,
        -0.01 , -0.009,  0.009,  0.   , -0.004,  0.006, -0.007,  0.   ,
        -0.009, -0.002, -0.009,  0.001],
       [-0.004, -0.006,  0.001, -0.004,  0.004,  0.003,  0.   , -0.009,
         0.001, -0.006, -0.003,  0.001, -0.009,  0.001,  0.009,  0.009,
         0.002,  0.003,  0.01 , -0.001,  0.   ,  0.006, -0.006,  0.01 ,
        -0.001, -0.004, -0.006,  0.   , -0.008,  0.004,  0.003, -0.003,
         0.001,  0.001, -0.01 , -0.006,  0.01 ,  0.008, -0.006,  0.003,
         0.006,  0.007,  0.   , -0.006],
       [ 0.002,  0.007, -0.007,  0.003,  0.009, -0.008,  0.003, -0.01 ,
        -0.006, -0.007,  0.01 ,  0.005, -0.004,  0.004,  0.005,  0.002,
        -0.002, -0.006, -0.004,  0.009,  0.005,  0.01 ,  0.005, -0.01 ,
        -0.004, -0.005,  0.002, -0.002, -0.006, -0.009, -0.001,  0.009,
         0.007,  0.003,  0.005,  0.003,  0.006, -0.003, -0.006,  0.01 ,
         0.004, -0.008,  0.01 ,  0.001],
       [ 0.003,  0.006,  0.008,  0.007, -0.008,  0.002, -0.004, -0.006,
        -0.009,  0.009,  0.004, -0.003,  0.007,  0.002,  0.01 ,  0.008,
         0.005, -0.001,  0.001,  0.004, -0.006, -0.009,  0.009, -0.005,
         0.004, -0.004,  0.005, -0.009,  0.008, -0.005,  0.003, -0.006,
         0.01 , -0.009, -0.01 ,  0.01 ,  0.003, -0.007, -0.005, -0.008,
        -0.008,  0.006, -0.005,  0.008],
       [-0.005,  0.006, -0.004, -0.007, -0.005,  0.004, -0.007, -0.006,
         0.005, -0.008, -0.009, -0.004, -0.007, -0.003, -0.002,  0.005,
         0.004,  0.007,  0.009,  0.003,  0.   ,  0.002, -0.001, -0.007,
         0.003, -0.009,  0.009, -0.009, -0.008,  0.009, -0.005,  0.003,
        -0.001, -0.003, -0.002, -0.001, -0.007, -0.01 , -0.001, -0.001,
        -0.002,  0.005, -0.003, -0.004]]), 'deltas': array([[0.],
       [0.],
       [0.],
       [0.],
       [0.],
       [0.],
       [0.],
       [0.],
       [0.],
       [0.]]), 'outputs': array([[0.],
       [0.],
       [0.],
       [0.],
       [0.],
       [0.],
       [0.],
       [0.],
       [0.],
       [0.]]), 'errors': array([[0.],
       [0.],
       [0.],
       [0.],
       [0.],
       [0.],
       [0.],
       [0.],
       [0.],
       [0.]])}, {'weights': array([[ 0.   , -0.001, -0.005, -0.004,  0.01 ,  0.01 ,  0.005,  0.009,
         0.009,  0.007],
       [ 0.002,  0.006,  0.009, -0.009, -0.005,  0.005, -0.01 , -0.005,
        -0.001,  0.01 ],
       [-0.01 ,  0.004,  0.003, -0.008,  0.001,  0.01 , -0.009,  0.   ,
        -0.004, -0.002],
       [ 0.003,  0.005,  0.007,  0.001, -0.001, -0.009, -0.002,  0.   ,
         0.009,  0.009],
       [-0.008,  0.003, -0.006, -0.004,  0.001, -0.001,  0.002, -0.003,
        -0.003,  0.002],
       [-0.007,  0.001,  0.001, -0.006, -0.009, -0.007, -0.009,  0.009,
         0.004, -0.007],
       [ 0.002,  0.01 ,  0.01 , -0.009, -0.003, -0.005, -0.008,  0.003,
         0.004, -0.001],
       [-0.004,  0.005, -0.007, -0.005,  0.005, -0.009, -0.007,  0.01 ,
        -0.006,  0.01 ],
       [ 0.003, -0.009,  0.001,  0.009, -0.006, -0.003,  0.003,  0.002,
         0.01 , -0.002],
       [ 0.01 , -0.001,  0.001,  0.008, -0.001,  0.006,  0.008, -0.006,
        -0.002, -0.001]]), 'deltas': array([[0.],
       [0.],
       [0.],
       [0.],
       [0.],
       [0.],
       [0.],
       [0.],
       [0.],
       [0.]]), 'outputs': array([[0.],
       [0.],
       [0.],
       [0.],
       [0.],
       [0.],
       [0.],
       [0.],
       [0.],
       [0.]]), 'errors': array([[0.],
       [0.],
       [0.],
       [0.],
       [0.],
       [0.],
       [0.],
       [0.],
       [0.],
       [0.]])}, {'weights': array([[-0.008,  0.003,  0.004,  0.004,  0.008, -0.004, -0.006,  0.008,
         0.01 ,  0.   ],
       [ 0.007, -0.006, -0.005, -0.005, -0.008,  0.01 ,  0.004,  0.002,
         0.003,  0.004],
       [ 0.006, -0.004, -0.005,  0.007, -0.003, -0.008, -0.007, -0.002,
        -0.005, -0.004],
       [ 0.004, -0.005,  0.007, -0.002,  0.01 ,  0.006,  0.   ,  0.007,
         0.006, -0.003],
       [ 0.002,  0.009, -0.005, -0.004, -0.008, -0.01 ,  0.007,  0.008,
         0.007, -0.007],
       [ 0.002, -0.01 , -0.007, -0.005, -0.003, -0.01 ,  0.001,  0.002,
         0.001,  0.003]]), 'deltas': array([[0.],
       [0.],
       [0.],
       [0.],
       [0.],
       [0.]]), 'outputs': array([[0.],
       [0.],
       [0.],
       [0.],
       [0.],
       [0.]]), 'errors': array([[0.],
       [0.],
       [0.],
       [0.],
       [0.],
       [0.]])}]
Training complete!
Training done. epoch: 100 , total error: 0.36183006217034114
[{'weights': array([[-2.01431097,  2.59088669, -5.97306355, -0.80663469,  1.54212896,
        -0.7640721 ,  3.53853712, -7.47786124,  0.05063897, -0.0262363 ,
        -5.79020504, -0.69088198, -1.92940901,  2.82687875,  0.94462372,
        -1.15592657,  0.25711922, -0.80684048, -1.62112485, -1.34322086,
         0.18650973, -2.48702341, -1.75915578,  0.13302454, -0.72934862,
        -2.02648784, -0.76777219, -0.69863972, -1.1720938 ,  0.22092417,
        -1.11699271, -4.38066282,  0.59156744,  0.02817038, -2.48927714,
        -0.97893288, -1.30360987, -0.14941888,  0.25924523,  2.81873213,
         3.14430216, -7.08876135, -3.27067559, -0.28159089],
       [-1.62949035, -0.5206996 , -2.17748585, -0.68430653,  3.13423002,
        -0.21618478, -0.10562387, -1.89026356,  0.36286377, -0.04154387,
        -2.0867727 , -1.88316455, -1.09429537,  4.75253136, -1.57105105,
        -1.11407732, -0.63435164,  1.69269189, -0.84083065, -0.96418459,
         2.43967821, -3.08575528, -3.597644  ,  2.54636066, -0.15839189,
        -0.34068594, -0.68392713, -0.10394747, -0.74419177,  0.68854989,
        -1.29239713, -3.57392912,  0.94351474,  1.36650931, -0.49278347,
        -0.6492287 , -0.81559794, -0.18921673,  0.25807452, -4.81627576,
         5.69709966, -1.46316448, -0.70214293, -0.5992688 ],
       [-1.48666025, -0.6423889 , -2.13737104, -1.17028324,  3.2489597 ,
        -0.43915411,  1.41665123, -3.28526686,  0.15749176, -0.03446576,
        -3.0017041 , -1.12748456, -0.9857874 ,  0.67371433,  2.26151799,
        -1.10204948, -1.26995937,  2.26012684, -0.90257094, -1.13529079,
         1.94661684, -1.23072325, -4.36554268,  1.6455216 , -0.16361625,
        -0.66377573, -0.5033981 , -0.10045653, -0.89911338,  0.35633827,
        -0.92739414, -3.70094118,  0.80103829,  1.29021501, -0.88615462,
        -0.5087    , -0.83395015, -0.20738728,  0.2564483 , -1.55525222,
         1.68478399, -1.42009479, -0.39802232, -0.5041584 ],
       [-1.55898219, -2.18314999, -1.56306248,  0.03815913,  3.13255093,
         0.69790486, -1.54478162, -1.17957355, -0.02666747, -0.06036682,
        -1.48845984, -2.24615298, -2.37492648,  6.17902603, -2.17497133,
        -0.82471687, -0.80894002,  1.47069623, -0.80407313, -1.1494508 ,
         3.95619897, -4.21221579, -1.79673108,  0.13783598, -0.18957268,
         0.87633338, -1.97360206, -0.11538985, -0.89482607,  1.64962564,
        -4.36313202, -2.44985089,  3.12476769, -0.04289502,  0.52367782,
        -1.90661088, -0.78710668, -0.21177741,  0.26733256, -4.4240111 ,
         5.00762609, -2.82624677,  0.75918301, -0.65903583],
       [-1.47299086, -0.61997309, -2.13707411, -1.15761656,  3.21740299,
        -0.45323009,  1.39572571, -3.23578874,  0.14720307, -0.02916158,
        -3.00633181, -1.12788959, -0.97634492,  0.59113379,  2.37918091,
        -1.10754423, -1.23287125,  2.22401193, -0.91821627, -1.1476318 ,
         1.94264637, -1.19724507, -4.42804069,  1.6875787 , -0.15419093,
        -0.65805723, -0.49807262, -0.11142399, -0.89369778,  0.35849629,
        -0.88614642, -3.69500498,  0.79255183,  1.27485166, -0.85091759,
        -0.51057004, -0.82660294, -0.20815361,  0.27099256, -1.5809393 ,
         1.74510289, -1.42231245, -0.40758564, -0.50051713],
       [-1.49634342, -0.50344259, -2.15315758, -1.20480805,  3.22267748,
        -0.4607999 ,  1.34643189, -3.07766983,  0.11490984, -0.03794617,
        -3.16290606, -1.11901113, -1.00080841,  0.14673994,  2.99391149,
        -1.09498802, -1.11907196,  2.17623588, -0.92807689, -1.15217317,
         1.90594147, -0.9924441 , -4.74639391,  1.85282247, -0.1640001 ,
        -0.62272081, -0.49154173, -0.11043445, -0.89337718,  0.33432106,
        -0.72778375, -3.76814771,  0.77749034,  1.2320459 , -0.78226431,
        -0.53154213, -0.8583794 , -0.20988986,  0.25600153, -1.58201675,
         1.70068119, -1.35595618, -0.42203442, -0.48974801],
       [-1.45305738, -0.72758021, -2.10034277, -1.13728594,  3.22601723,
        -0.39693097,  1.35665113, -3.29204686,  0.17741864, -0.03934101,
        -2.8640049 , -1.15448544, -0.97499614,  1.00062143,  1.80861599,
        -1.11038656, -1.35354867,  2.3098321 , -0.88421561, -1.12193034,
         1.96754572, -1.27103805, -4.31366995,  1.60386219, -0.16094899,
        -0.69933332, -0.50283482, -0.10982868, -0.88925225,  0.37915002,
        -1.03525435, -3.64772996,  0.82158041,  1.30500481, -0.91912863,
        -0.51570804, -0.81310023, -0.19802671,  0.25871454, -1.67043246,
         1.82426361, -1.44121655, -0.37105334, -0.51481033],
       [-1.49994183, -0.37640221, -2.02889229, -0.90204732,  3.04485936,
        -0.24799675, -0.10630661, -1.67399123,  0.26249151, -0.03862119,
        -2.31997713, -1.8881506 , -0.95576582,  3.97885192, -0.57138265,
        -1.09830558, -0.49817315,  1.64640763, -0.8693449 , -0.95800828,
         2.06758476, -1.91941739, -4.12830742,  2.37092352, -0.16120776,
        -0.40614383, -0.5118472 , -0.1107596 , -0.75867365,  0.4927362 ,
        -0.51486591, -3.9210992 ,  0.87922005,  1.29658457, -0.53267385,
        -0.50030986, -0.8133448 , -0.18330944,  0.25821366, -4.91697297,
         5.24903532, -0.95875755, -0.55428024, -0.57844884],
       [-1.37387352, -0.01586642, -1.94582387, -1.00720079,  2.94459351,
        -0.29126054,  0.93238658, -2.22831279,  0.18858169, -0.02356604,
        -2.80829926, -1.5903731 , -0.89324098,  1.59505012,  2.30269212,
        -0.95145488, -0.31062316,  1.75895256, -0.8882755 , -1.00577012,
         1.85908868, -0.27752392, -5.28525208,  2.43934209, -0.15682586,
        -0.03739796, -0.46737155, -0.12032418, -0.7890774 ,  0.45004279,
         0.11386438, -3.98825646,  0.858564  ,  1.14461419, -0.18804366,
        -0.50146931, -0.80731082, -0.18562691,  0.25927961, -4.45015175,
         4.09777645, -0.15011174, -0.3433002 , -0.57538385],
       [-1.54573642, -2.16408061, -1.54395321,  0.02798527,  3.11714315,
         0.692474  , -1.50204246, -1.19216573, -0.03467825, -0.06922939,
        -1.50426318, -2.25644442, -2.36973023,  6.16533646, -2.15354045,
        -0.81393857, -0.82596894,  1.51298502, -0.80488943, -1.1338299 ,
         3.93784642, -4.22020124, -1.83908509,  0.20843877, -0.18364068,
         0.86150819, -1.95586388, -0.11743028, -0.89885585,  1.62570216,
        -4.31204805, -2.46061715,  3.10368828, -0.04736707,  0.52915329,
        -1.88449317, -0.79228458, -0.22220556,  0.2551882 , -4.39789114,
         5.01331378, -2.81801145,  0.76028083, -0.65633385]]), 'deltas': array([[-1.35543307e-09],
       [-2.28025280e-08],
       [-3.56444445e-08],
       [-3.75329726e-08],
       [-3.56368020e-08],
       [-2.98148522e-08],
       [-3.45613973e-08],
       [-3.12058363e-08],
       [-1.66313991e-08],
       [-3.85284226e-08]]), 'outputs': array([[2.13171468e-09],
       [3.58619590e-08],
       [5.60586807e-08],
       [5.90288042e-08],
       [5.60466611e-08],
       [4.68903721e-08],
       [5.43553522e-08],
       [4.90779987e-08],
       [2.61565099e-08],
       [6.05943669e-08]]), 'errors': -0.6358416941444945}, {'weights': array([[0.91445356, 0.46591895, 0.51180927, 1.01806285, 0.51937881,
        0.54812892, 0.49706477, 0.38283841, 0.33721856, 1.03766514],
       [0.91909638, 0.4753838 , 0.53006841, 1.01496003, 0.50860863,
        0.54739006, 0.48626931, 0.37203894, 0.33085795, 1.04258456],
       [0.90660492, 0.47430697, 0.52523813, 1.01860472, 0.51578439,
        0.55377483, 0.48828032, 0.37747121, 0.32786885, 1.03336175],
       [0.92055194, 0.47341026, 0.52637177, 1.0221954 , 0.51095122,
        0.53161161, 0.49274242, 0.37631047, 0.34059394, 1.03879248],
       [0.90996227, 0.47359308, 0.51689518, 1.02107988, 0.51645018,
        0.54335572, 0.50003824, 0.37520908, 0.33000103, 1.03583257],
       [0.91292258, 0.47440751, 0.52523524, 1.02229552, 0.50784721,
        0.53872776, 0.49048786, 0.38997632, 0.34014003, 1.03006885],
       [0.91959121, 0.48053512, 0.53084302, 1.01737265, 0.51043635,
        0.53720449, 0.48813337, 0.38103786, 0.33702764, 1.03399566],
       [0.9152484 , 0.47501272, 0.51559266, 1.01776685, 0.52018252,
        0.5349528 , 0.4909091 , 0.38834828, 0.32817032, 1.04148685],
       [0.92086283, 0.46114243, 0.52152708, 1.03218929, 0.50708698,
        0.53879582, 0.498827  , 0.379469  , 0.34210559, 1.02980414],
       [0.92574978, 0.46695231, 0.52000572, 1.03054527, 0.5105161 ,
        0.54619754, 0.50223148, 0.36924479, 0.32754891, 1.03004359]]), 'deltas': array([[-0.01020714],
       [-0.01020714],
       [-0.01020714],
       [-0.01020714],
       [-0.01020714],
       [-0.01020714],
       [-0.01020714],
       [-0.01020714],
       [-0.01020714],
       [-0.01020714]]), 'outputs': array([[0.50000007],
       [0.50000007],
       [0.50000007],
       [0.50000007],
       [0.50000007],
       [0.50000007],
       [0.50000007],
       [0.50000007],
       [0.50000007],
       [0.50000007]]), 'errors': -0.04082854085391896}, {'weights': array([[-0.3248568 , -0.32984462, -0.36990618, -0.30641464, -0.3598385 ,
        -0.35323057, -0.3219096 , -0.33014746, -0.3138503 , -0.31452541],
       [-0.18052714, -0.17374748, -0.3117714 , -0.14380011, -0.28200571,
        -0.24992521, -0.1629892 , -0.2124899 , -0.14464948, -0.08176937],
       [-0.41878707, -0.4218689 , -0.43692154, -0.41086736, -0.43146083,
        -0.43380851, -0.4250131 , -0.42550644, -0.42184095, -0.41384816],
       [-0.43846584, -0.4479851 , -0.42838925, -0.44665542, -0.42700846,
        -0.43161643, -0.44311703, -0.4332441 , -0.43802257, -0.45067713],
       [-0.53794888, -0.52857574, -0.53810446, -0.54367762, -0.54166712,
        -0.5429933 , -0.53066743, -0.52767061, -0.53145121, -0.54800882],
       [-0.20385394, -0.22195283, -0.16046863, -0.22877983, -0.16864015,
        -0.18226729, -0.21295692, -0.18843473, -0.21851195, -0.24437216]]), 'deltas': array([[-0.02229476],
       [-0.05957735],
       [-0.01048261],
       [-0.00925093],
       [-0.00384886],
       [ 0.13726646]]), 'outputs': array([[0.16322934],
       [0.2895921 ],
       [0.108432  ],
       [0.10146723],
       [0.06412954],
       [0.23384921]]), 'errors': array([[-0.16322934],
       [-0.2895921 ],
       [-0.108432  ],
       [-0.10146723],
       [-0.06412954],
       [ 0.76615079]])}]
Accuracy: 38.095238095238095 %

train_data group 3 length:  170
   0   1   2   3   4   5   6   7   8  ...  36  37  38  39  40  41  42  43  44
0   0   1   0   0   0   0   0   1   0 ...   0   0   0   1   0   0   0   0   0
1   0   1   0   0   0   0   1   0   0 ...   0   0   0   0   1   0   0   0   0
2   0   0   1   0   0   0   0   1   0 ...   0   0   0   1   0   0   0   0   0
3   0   1   0   0   0   0   0   1   0 ...   0   0   0   1   0   0   0   0   0
4   0   0   1   0   0   0   1   0   0 ...   0   0   0   0   1   0   0   0   0

[5 rows x 45 columns]
Initial Neural Network:
[{'weights': array([[-0.001,  0.008, -0.005, -0.007,  0.002,  0.001,  0.005,  0.005,
        -0.008, -0.007,  0.005, -0.002,  0.006, -0.009,  0.003, -0.001,
        -0.006,  0.003, -0.004, -0.009, -0.007, -0.007, -0.009,  0.01 ,
        -0.007, -0.01 ,  0.009,  0.   ,  0.002,  0.001, -0.003,  0.01 ,
        -0.002,  0.001, -0.003, -0.004, -0.01 , -0.007,  0.01 ,  0.007,
         0.008, -0.001, -0.007,  0.005],
       [ 0.007, -0.001,  0.004,  0.007,  0.001, -0.006,  0.006,  0.009,
         0.007,  0.009, -0.008,  0.008,  0.007,  0.008, -0.01 ,  0.006,
         0.002, -0.009, -0.01 , -0.009, -0.004, -0.002,  0.002,  0.009,
        -0.004,  0.005, -0.009,  0.001,  0.008, -0.01 ,  0.   ,  0.   ,
        -0.009, -0.004,  0.01 , -0.004, -0.003, -0.01 , -0.005,  0.   ,
         0.005, -0.005,  0.008,  0.   ],
       [-0.004,  0.004,  0.008,  0.003,  0.   , -0.004, -0.005,  0.009,
        -0.001,  0.008, -0.01 ,  0.01 ,  0.01 , -0.009, -0.005, -0.009,
         0.008, -0.006, -0.006, -0.004, -0.002, -0.001,  0.004,  0.005,
        -0.009,  0.002,  0.001, -0.01 ,  0.009, -0.001,  0.002,  0.002,
         0.005,  0.005,  0.   ,  0.003, -0.006, -0.004, -0.002,  0.005,
         0.001, -0.003, -0.001,  0.001],
       [-0.002,  0.01 ,  0.   ,  0.001, -0.002, -0.01 , -0.003, -0.008,
        -0.004,  0.   , -0.008, -0.007,  0.007, -0.008, -0.01 ,  0.008,
        -0.008,  0.007, -0.006, -0.001,  0.005,  0.005, -0.004,  0.01 ,
        -0.002, -0.001,  0.005,  0.007,  0.009,  0.009, -0.01 , -0.002,
         0.009,  0.001,  0.001,  0.005,  0.003,  0.006, -0.002, -0.006,
        -0.005, -0.007, -0.007, -0.008],
       [ 0.005,  0.003, -0.002, -0.006,  0.   ,  0.005, -0.008,  0.005,
        -0.005, -0.008, -0.008, -0.009,  0.006,  0.008,  0.005, -0.004,
        -0.005,  0.004,  0.005,  0.008,  0.004,  0.003,  0.004,  0.   ,
        -0.003, -0.009, -0.01 , -0.005,  0.004, -0.004,  0.008,  0.001,
         0.007, -0.003,  0.   , -0.004,  0.007, -0.006,  0.007,  0.01 ,
        -0.004, -0.004,  0.005,  0.   ],
       [ 0.004, -0.007, -0.006,  0.006,  0.008, -0.005,  0.007, -0.001,
         0.007, -0.001, -0.01 , -0.003, -0.005, -0.004, -0.01 ,  0.009,
         0.008, -0.003,  0.007,  0.006, -0.001, -0.005,  0.   , -0.002,
         0.009,  0.002, -0.004, -0.007,  0.001,  0.004, -0.006,  0.   ,
        -0.006,  0.005,  0.   ,  0.01 ,  0.006, -0.001,  0.007, -0.01 ,
         0.009, -0.005, -0.007,  0.006],
       [-0.007,  0.003,  0.004, -0.003, -0.004,  0.002, -0.009,  0.003,
        -0.008,  0.003, -0.009,  0.009,  0.005, -0.005, -0.007,  0.01 ,
         0.005,  0.003, -0.008,  0.   ,  0.003, -0.007, -0.005,  0.007,
        -0.008, -0.003,  0.007, -0.008, -0.004, -0.007,  0.01 , -0.005,
         0.007, -0.01 ,  0.004, -0.002, -0.001, -0.005,  0.005,  0.009,
        -0.001,  0.004,  0.009, -0.003],
       [ 0.008, -0.007,  0.006, -0.008, -0.003,  0.009, -0.007, -0.007,
         0.002, -0.004, -0.005, -0.01 ,  0.01 , -0.001,  0.002,  0.003,
         0.008, -0.008,  0.006,  0.005, -0.007,  0.007, -0.005, -0.004,
        -0.005, -0.003, -0.008,  0.01 ,  0.005,  0.003,  0.01 , -0.008,
         0.009, -0.003,  0.004, -0.001, -0.007,  0.003, -0.002,  0.007,
         0.002, -0.004,  0.003,  0.006],
       [ 0.01 , -0.002, -0.005, -0.004, -0.001,  0.01 ,  0.002,  0.004,
         0.008, -0.003, -0.009,  0.009,  0.004,  0.005, -0.002,  0.   ,
         0.   ,  0.   , -0.004,  0.003,  0.008, -0.001, -0.004, -0.005,
        -0.008,  0.001,  0.01 ,  0.007,  0.002,  0.007, -0.009, -0.003,
         0.006, -0.008,  0.009,  0.004,  0.   ,  0.   ,  0.002,  0.009,
        -0.008, -0.003, -0.004, -0.006],
       [-0.005,  0.005, -0.006,  0.004, -0.006,  0.01 ,  0.003, -0.007,
        -0.01 ,  0.01 , -0.008,  0.002,  0.005, -0.01 , -0.004, -0.001,
         0.002,  0.004,  0.005,  0.002,  0.001, -0.006, -0.001,  0.   ,
        -0.005, -0.002,  0.01 ,  0.002, -0.007, -0.003, -0.006,  0.005,
        -0.004, -0.002, -0.003, -0.006, -0.007,  0.007,  0.009,  0.   ,
         0.002, -0.006, -0.002,  0.006]]), 'deltas': array([[0.],
       [0.],
       [0.],
       [0.],
       [0.],
       [0.],
       [0.],
       [0.],
       [0.],
       [0.]]), 'outputs': array([[0.],
       [0.],
       [0.],
       [0.],
       [0.],
       [0.],
       [0.],
       [0.],
       [0.],
       [0.]]), 'errors': array([[0.],
       [0.],
       [0.],
       [0.],
       [0.],
       [0.],
       [0.],
       [0.],
       [0.],
       [0.]])}, {'weights': array([[ 0.   ,  0.001,  0.008,  0.009, -0.001,  0.008, -0.01 ,  0.01 ,
        -0.003,  0.006],
       [ 0.003,  0.002, -0.001,  0.   , -0.007,  0.004,  0.001,  0.007,
         0.003,  0.007],
       [-0.003,  0.008, -0.009, -0.009,  0.007, -0.005,  0.01 ,  0.   ,
        -0.001,  0.01 ],
       [ 0.008, -0.01 ,  0.002,  0.004,  0.009,  0.006,  0.004,  0.009,
        -0.009, -0.007],
       [ 0.003,  0.   , -0.003,  0.   ,  0.004, -0.008, -0.004,  0.004,
         0.006,  0.005],
       [-0.009,  0.006,  0.008, -0.001,  0.005, -0.003, -0.009,  0.004,
         0.005,  0.004],
       [-0.006,  0.005, -0.008, -0.006, -0.006, -0.008, -0.001,  0.001,
        -0.01 ,  0.01 ],
       [ 0.007,  0.006, -0.01 , -0.001, -0.009,  0.009, -0.009,  0.01 ,
        -0.005, -0.009],
       [ 0.006, -0.002, -0.006, -0.01 , -0.001, -0.004, -0.003, -0.002,
        -0.003, -0.004],
       [-0.006, -0.001, -0.001,  0.001, -0.002,  0.004, -0.004,  0.009,
         0.007,  0.005]]), 'deltas': array([[0.],
       [0.],
       [0.],
       [0.],
       [0.],
       [0.],
       [0.],
       [0.],
       [0.],
       [0.]]), 'outputs': array([[0.],
       [0.],
       [0.],
       [0.],
       [0.],
       [0.],
       [0.],
       [0.],
       [0.],
       [0.]]), 'errors': array([[0.],
       [0.],
       [0.],
       [0.],
       [0.],
       [0.],
       [0.],
       [0.],
       [0.],
       [0.]])}, {'weights': array([[ 0.003, -0.005, -0.007, -0.001, -0.006, -0.009, -0.005,  0.003,
        -0.004,  0.004],
       [ 0.004, -0.003, -0.01 ,  0.01 ,  0.009,  0.006,  0.003,  0.01 ,
        -0.006,  0.006],
       [ 0.005,  0.007, -0.007, -0.001, -0.001,  0.   ,  0.002, -0.009,
         0.008,  0.006],
       [-0.004,  0.006, -0.008, -0.001, -0.004,  0.009,  0.001,  0.009,
         0.007,  0.006],
       [-0.008, -0.001,  0.   , -0.005,  0.009,  0.01 , -0.001,  0.009,
        -0.005,  0.008],
       [ 0.008, -0.009, -0.002,  0.002,  0.005,  0.   ,  0.001, -0.009,
         0.   , -0.006]]), 'deltas': array([[0.],
       [0.],
       [0.],
       [0.],
       [0.],
       [0.]]), 'outputs': array([[0.],
       [0.],
       [0.],
       [0.],
       [0.],
       [0.]]), 'errors': array([[0.],
       [0.],
       [0.],
       [0.],
       [0.],
       [0.]])}]
Training complete!
Training done. epoch: 100 , total error: 0.36649385958642244
[{'weights': array([[-2.69424041e+00, -2.30360284e-01, -3.85994250e+00,
         1.53134277e+00,  1.86427275e+00, -1.80095610e+00,
         3.19331879e+00, -3.99887559e+00, -7.40734865e-01,
        -4.26799061e-02, -3.88565645e+00, -6.18846093e-01,
        -1.14671834e+00,  4.87992690e+00, -2.61163370e+00,
        -4.62638846e-01,  2.15176939e+00, -2.63182534e+00,
        -9.47959528e-01, -1.51227335e+00,  2.60809348e+00,
        -2.87754695e+00, -3.77464773e+00,  7.02378956e-01,
        -6.42054283e-02, -1.45441865e+00, -5.78224154e-01,
         0.00000000e+00, -1.35228487e+00, -1.38598589e+00,
        -1.76166902e+00, -5.96376634e-01,  8.45833267e-02,
         2.80520546e-01, -1.26504752e+00, -6.56144746e-01,
        -1.36400001e+00, -1.24735398e-01,  1.00000000e-02,
         2.06993784e-01, -1.93138550e-01, -1.39746607e+00,
        -1.82642087e+00, -1.63895963e-01],
       [-2.69635707e+00, -2.78660209e-01, -3.82611846e+00,
         1.55712230e+00,  1.86840386e+00, -1.81764939e+00,
         3.20791810e+00, -3.99350823e+00, -7.38313327e-01,
        -2.70567403e-02, -3.91690422e+00, -6.15950474e-01,
        -1.16635468e+00,  4.89879156e+00, -2.58819177e+00,
        -5.01952115e-01,  2.13872429e+00, -2.58852998e+00,
        -9.43426477e-01, -1.51842530e+00,  2.60243627e+00,
        -2.83108060e+00, -3.79611146e+00,  6.93918579e-01,
        -6.17723787e-02, -1.44164959e+00, -5.94412981e-01,
         1.00000000e-03, -1.35354701e+00, -1.40452803e+00,
        -1.79246633e+00, -5.80035322e-01,  8.04387543e-02,
         2.79981347e-01, -1.25522800e+00, -6.53988354e-01,
        -1.36450945e+00, -1.26883779e-01, -5.00000000e-03,
         2.24627042e-01, -2.35357913e-01, -1.39559165e+00,
        -1.81008152e+00, -1.69205540e-01],
       [-2.70232234e+00, -2.29790092e-01, -3.85674157e+00,
         1.54773825e+00,  1.86022167e+00, -1.80966515e+00,
         3.19904963e+00, -4.00854281e+00, -7.38098949e-01,
        -2.76368016e-02, -3.89822313e+00, -6.12222608e-01,
        -1.15111389e+00,  4.88363750e+00, -2.61797195e+00,
        -4.75641349e-01,  2.15534668e+00, -2.63441926e+00,
        -9.46138147e-01, -1.50804200e+00,  2.60905976e+00,
        -2.86601603e+00, -3.77544355e+00,  7.03852531e-01,
        -6.63467902e-02, -1.44935802e+00, -5.83967069e-01,
        -1.00000000e-02, -1.34656899e+00, -1.38797294e+00,
        -1.77328424e+00, -5.92673916e-01,  9.03734556e-02,
         2.84663550e-01, -1.26231492e+00, -6.52693933e-01,
        -1.36282042e+00, -1.21064809e-01, -2.00000000e-03,
         2.05165689e-01, -2.02620575e-01, -1.40008514e+00,
        -1.82265234e+00, -1.68701723e-01],
       [-2.70318849e+00, -2.21654019e-01, -3.86199417e+00,
         1.54437512e+00,  1.85838406e+00, -1.81197003e+00,
         3.19444301e+00, -4.02438899e+00, -7.38113385e-01,
        -3.60481026e-02, -3.90210093e+00, -6.24024928e-01,
        -1.15239098e+00,  4.88305457e+00, -2.62161522e+00,
        -4.62900005e-01,  2.16332239e+00, -2.63615639e+00,
        -9.48125854e-01, -1.50721763e+00,  2.61365560e+00,
        -2.86451645e+00, -3.77447141e+00,  7.07853889e-01,
        -5.95991153e-02, -1.44614791e+00, -5.83185675e-01,
         7.00000000e-03, -1.34874391e+00, -1.37937044e+00,
        -1.77881074e+00, -5.96073387e-01,  9.23769185e-02,
         2.77800157e-01, -1.25719325e+00, -6.48793006e-01,
        -1.35863558e+00, -1.11455656e-01, -2.00000000e-03,
         1.99303082e-01, -2.14089902e-01, -1.40458717e+00,
        -1.82849593e+00, -1.76207577e-01],
       [-2.69722460e+00, -2.56321993e-01, -3.84136332e+00,
         1.53772832e+00,  1.86739940e+00, -1.80103660e+00,
         3.19045518e+00, -4.00204673e+00, -7.44448008e-01,
        -4.37060382e-02, -3.90221693e+00, -6.28400362e-01,
        -1.16112547e+00,  4.89612482e+00, -2.59216425e+00,
        -4.86619915e-01,  2.14729000e+00, -2.60310334e+00,
        -9.36782047e-01, -1.50256689e+00,  2.61076580e+00,
        -2.84894841e+00, -3.78277141e+00,  6.99706665e-01,
        -6.05348387e-02, -1.44834109e+00, -5.99025043e-01,
        -5.00000000e-03, -1.35741605e+00, -1.39653961e+00,
        -1.78112202e+00, -5.82235797e-01,  9.78274027e-02,
         2.81287840e-01, -1.25743743e+00, -6.55116611e-01,
        -1.35665420e+00, -1.23573950e-01,  7.00000000e-03,
         2.13589901e-01, -2.15977468e-01, -1.39903331e+00,
        -1.81380898e+00, -1.67552341e-01],
       [-2.71071299e+00, -2.37241479e-01, -3.86695079e+00,
         1.56208422e+00,  1.85816514e+00, -1.80949189e+00,
         3.22189783e+00, -4.03192646e+00, -7.36173371e-01,
        -3.69620053e-02, -3.91591404e+00, -6.21176489e-01,
        -1.16301322e+00,  4.89565003e+00, -2.62720218e+00,
        -4.74943735e-01,  2.17278275e+00, -2.63741797e+00,
        -9.33336464e-01, -1.49974048e+00,  2.60495810e+00,
        -2.85927547e+00, -3.79355988e+00,  6.97779527e-01,
        -4.85581725e-02, -1.45106396e+00, -5.91470242e-01,
        -7.00000000e-03, -1.35812169e+00, -1.39556925e+00,
        -1.78004507e+00, -5.78582138e-01,  7.32562932e-02,
         2.78284267e-01, -1.26394513e+00, -6.48295111e-01,
        -1.35561291e+00, -1.16802742e-01,  7.00000000e-03,
         2.11503744e-01, -2.27612677e-01, -1.39589588e+00,
        -1.83301816e+00, -1.61632920e-01],
       [-2.69821506e+00, -2.55249771e-01, -3.84475153e+00,
         1.53891540e+00,  1.86577114e+00, -1.80894605e+00,
         3.18861525e+00, -3.99244979e+00, -7.49777768e-01,
        -3.29714838e-02, -3.89760532e+00, -6.13232876e-01,
        -1.16495054e+00,  4.87765630e+00, -2.59539740e+00,
        -4.72076380e-01,  2.14483454e+00, -2.59804565e+00,
        -9.43888725e-01, -1.50735362e+00,  2.61668389e+00,
        -2.86024397e+00, -3.78378252e+00,  6.96598676e-01,
        -6.57859116e-02, -1.44668103e+00, -5.78657673e-01,
        -8.00000000e-03, -1.36119113e+00, -1.39573616e+00,
        -1.76966461e+00, -5.96157922e-01,  9.97304018e-02,
         2.70298456e-01, -1.25551909e+00, -6.50246400e-01,
        -1.36107567e+00, -1.23688676e-01,  5.00000000e-03,
         2.13655168e-01, -2.05713730e-01, -1.39863410e+00,
        -1.80496029e+00, -1.72876886e-01],
       [-2.70842177e+00, -1.90660553e-01, -3.88040504e+00,
         1.52780862e+00,  1.85498151e+00, -1.78812905e+00,
         3.19007709e+00, -4.03505457e+00, -7.26573067e-01,
        -4.00176493e-02, -3.87502144e+00, -6.25391259e-01,
        -1.13827459e+00,  4.88712705e+00, -2.64513700e+00,
        -4.47001923e-01,  2.17422664e+00, -2.66922982e+00,
        -9.40733921e-01, -1.49595821e+00,  2.60540588e+00,
        -2.88705080e+00, -3.76669296e+00,  7.04388314e-01,
        -6.27476729e-02, -1.45984779e+00, -5.89656887e-01,
         1.00000000e-02, -1.34919256e+00, -1.37570032e+00,
        -1.76969040e+00, -6.03193579e-01,  9.01369549e-02,
         2.76750099e-01, -1.26397994e+00, -6.58882894e-01,
        -1.35842415e+00, -1.12410251e-01, -2.00000000e-03,
         1.94909950e-01, -1.80812220e-01, -1.40069635e+00,
        -1.82990381e+00, -1.62194801e-01],
       [-2.70215681e+00, -2.50997586e-01, -3.85405728e+00,
         1.54677100e+00,  1.85920928e+00, -1.80073128e+00,
         3.20820500e+00, -4.01807204e+00, -7.28578800e-01,
        -3.90542762e-02, -3.91184881e+00, -6.16149773e-01,
        -1.16348987e+00,  4.90003696e+00, -2.60077990e+00,
        -4.83682301e-01,  2.15682145e+00, -2.61763278e+00,
        -9.44949209e-01, -1.51078856e+00,  2.60891002e+00,
        -2.85180169e+00, -3.79469584e+00,  6.94060103e-01,
        -6.57039908e-02, -1.44182130e+00, -5.82176889e-01,
         7.00000000e-03, -1.36223320e+00, -1.39184047e+00,
        -1.79132229e+00, -5.85611113e-01,  9.14793768e-02,
         2.71063106e-01, -1.25502926e+00, -6.48597577e-01,
        -1.36410492e+00, -1.18499634e-01,  2.00000000e-03,
         2.13457776e-01, -2.29273841e-01, -1.39737161e+00,
        -1.82428072e+00, -1.73763000e-01],
       [-2.71601017e+00, -1.98393756e-01, -3.88495804e+00,
         1.54956142e+00,  1.84648130e+00, -1.79430429e+00,
         3.22086265e+00, -4.04174596e+00, -7.48687639e-01,
        -2.54440049e-02, -3.89112205e+00, -6.15534230e-01,
        -1.14356829e+00,  4.88719932e+00, -2.64729399e+00,
        -4.50890665e-01,  2.17536656e+00, -2.67690793e+00,
        -9.34704026e-01, -1.49618318e+00,  2.61966192e+00,
        -2.88482564e+00, -3.78284802e+00,  7.03623038e-01,
        -6.19305307e-02, -1.46132843e+00, -5.75028465e-01,
         2.00000000e-03, -1.35796234e+00, -1.39819631e+00,
        -1.75984632e+00, -5.92482176e-01,  7.35752041e-02,
         2.71630360e-01, -1.27513515e+00, -6.59391084e-01,
        -1.36036728e+00, -1.09425734e-01,  9.00000000e-03,
         2.02468618e-01, -2.06293532e-01, -1.39641007e+00,
        -1.83307331e+00, -1.62010950e-01]]), 'deltas': array([[-4.35225985e-09],
       [-4.16838581e-09],
       [-4.20583595e-09],
       [-4.09836992e-09],
       [-4.24304858e-09],
       [-3.99068675e-09],
       [-4.34243508e-09],
       [-4.12834982e-09],
       [-4.04429587e-09],
       [-4.02605150e-09]]), 'outputs': array([[5.79298387e-09],
       [5.54824220e-09],
       [5.59808942e-09],
       [5.45504902e-09],
       [5.64762052e-09],
       [5.31171961e-09],
       [5.77990683e-09],
       [5.49495314e-09],
       [5.38307490e-09],
       [5.35879112e-09]]), 'errors': -0.7512984619426543}, {'weights': array([[0.43279327, 0.4502782 , 0.44987903, 0.45576562, 0.43420556,
        0.48250997, 0.41962682, 0.45464829, 0.45203023, 0.47545091],
       [0.43666233, 0.45215646, 0.44175446, 0.44764552, 0.42907477,
        0.47940978, 0.43148991, 0.45253013, 0.45891447, 0.47734895],
       [0.43174274, 0.45924274, 0.43484248, 0.43973887, 0.44415316,
        0.47152575, 0.44156   , 0.44663119, 0.45601042, 0.4814663 ],
       [0.44197847, 0.44048448, 0.44507498, 0.45196632, 0.44539613,
        0.48174129, 0.4348094 , 0.4548479 , 0.44724156, 0.46367533],
       [0.43782375, 0.4513386 , 0.44092546, 0.44882185, 0.44124073,
        0.46861539, 0.42764879, 0.45070287, 0.46310098, 0.47654701],
       [0.42553046, 0.4570343 , 0.45162888, 0.44752402, 0.4419435 ,
        0.47330754, 0.42235309, 0.45040987, 0.46179753, 0.47524435],
       [0.43223381, 0.45981255, 0.4393622 , 0.44627533, 0.43466392,
        0.47215475, 0.43405314, 0.4511379 , 0.45058536, 0.48506088],
       [0.44352439, 0.45907249, 0.4356394 , 0.44954438, 0.42994836,
        0.48738128, 0.42434724, 0.45841443, 0.45383959, 0.46429929],
       [0.44425462, 0.45283013, 0.44138334, 0.44229666, 0.4396834 ,
        0.47617616, 0.43207139, 0.44816354, 0.45760518, 0.47108497],
       [0.42832166, 0.44982855, 0.44241882, 0.44931291, 0.43473692,
        0.48009331, 0.42714878, 0.45519332, 0.46358802, 0.47602707]]), 'deltas': array([[-0.01667129],
       [-0.01667129],
       [-0.01667129],
       [-0.01667129],
       [-0.01667129],
       [-0.01667129],
       [-0.01667129],
       [-0.01667129],
       [-0.01667129],
       [-0.01667129]]), 'outputs': array([[0.50000001],
       [0.50000001],
       [0.50000001],
       [0.50000001],
       [0.50000001],
       [0.50000001],
       [0.50000001],
       [0.50000001],
       [0.50000001],
       [0.50000001]]), 'errors': -0.0666851511430199}, {'weights': array([[-0.30373417, -0.31666738, -0.32482709, -0.31352222, -0.32363027,
        -0.32540716, -0.34108857, -0.32381629, -0.34022255, -0.31111447],
       [-0.18858652, -0.19852627, -0.20885268, -0.18599003, -0.19033515,
        -0.19246475, -0.20891595, -0.19580319, -0.21769013, -0.19198861],
       [-0.45786621, -0.4553882 , -0.46880343, -0.46321272, -0.46274284,
        -0.46191465, -0.45781486, -0.46978341, -0.45181429, -0.45601507],
       [-0.47963418, -0.4691619 , -0.48260904, -0.47602885, -0.47854163,
        -0.46571481, -0.47168203, -0.46461668, -0.46567524, -0.46881024],
       [-0.5648936 , -0.55724429, -0.55546582, -0.5610483 , -0.54638265,
        -0.54560769, -0.55374717, -0.54506374, -0.55775593, -0.54773959],
       [-0.21177818, -0.22678843, -0.21740832, -0.21530767, -0.21021089,
        -0.21584205, -0.20616418, -0.22015307, -0.20718925, -0.22224317]]), 'deltas': array([[-0.02412185],
       [-0.05827999],
       [-0.00763675],
       [-0.00688892],
       [-0.00331207],
       [ 0.13477635]]), 'outputs': array([[0.17053183],
       [0.28562533],
       [0.09169337],
       [0.08685726],
       [0.05933798],
       [0.2235646 ]]), 'errors': array([[-0.17053183],
       [-0.28562533],
       [-0.09169337],
       [-0.08685726],
       [-0.05933798],
       [ 0.7764354 ]])}]
Accuracy: 34.090909090909086 %

train_data group 4 length:  171
   0   1   2   3   4   5   6   7   8  ...  36  37  38  39  40  41  42  43  44
0   0   1   0   0   0   0   0   1   0 ...   0   0   0   1   0   0   0   0   0
1   0   1   0   0   0   0   1   0   0 ...   0   0   0   0   1   0   0   0   0
2   0   0   1   0   0   0   0   1   0 ...   0   0   0   1   0   0   0   0   0
3   0   1   0   0   0   0   0   1   0 ...   0   0   0   1   0   0   0   0   0
4   0   0   1   0   0   0   1   0   0 ...   0   0   0   0   1   0   0   0   0

[5 rows x 45 columns]
Initial Neural Network:
[{'weights': array([[-0.006, -0.006, -0.004, -0.006,  0.006,  0.003,  0.003,  0.007,
         0.001, -0.007,  0.002, -0.003, -0.008,  0.007, -0.005, -0.007,
        -0.01 ,  0.008,  0.005, -0.01 ,  0.001, -0.001,  0.006, -0.002,
         0.001, -0.008, -0.001,  0.002,  0.003, -0.007, -0.007,  0.007,
        -0.008, -0.001, -0.001,  0.009,  0.   , -0.005,  0.007, -0.005,
        -0.004,  0.005,  0.003,  0.001],
       [-0.008,  0.009, -0.006,  0.003, -0.01 ,  0.008,  0.01 , -0.01 ,
         0.006,  0.004,  0.003,  0.006,  0.006,  0.005, -0.007,  0.01 ,
         0.007,  0.   ,  0.002,  0.006,  0.003,  0.004,  0.   ,  0.004,
         0.003,  0.003,  0.009, -0.005,  0.001, -0.006,  0.002,  0.002,
         0.002, -0.003, -0.009,  0.01 ,  0.009, -0.006,  0.006,  0.003,
         0.007,  0.006,  0.009, -0.005],
       [ 0.008,  0.009, -0.001, -0.01 ,  0.003, -0.003, -0.002, -0.002,
        -0.002, -0.009, -0.006, -0.009,  0.009, -0.007, -0.001,  0.004,
        -0.01 ,  0.005,  0.004, -0.005,  0.008,  0.009, -0.008, -0.001,
        -0.003, -0.01 ,  0.001,  0.002,  0.01 , -0.003, -0.007, -0.002,
         0.01 , -0.01 , -0.009,  0.005, -0.002, -0.002, -0.003,  0.   ,
         0.001,  0.006,  0.001,  0.003],
       [-0.01 ,  0.   ,  0.   ,  0.002,  0.004, -0.001, -0.007,  0.   ,
         0.004, -0.006, -0.004, -0.007, -0.006,  0.008,  0.002, -0.005,
         0.009,  0.009,  0.005, -0.002,  0.   ,  0.003,  0.   , -0.008,
         0.01 ,  0.008, -0.009, -0.01 , -0.007, -0.008,  0.01 , -0.001,
        -0.002, -0.007,  0.009,  0.   , -0.004,  0.008,  0.004, -0.005,
         0.009, -0.001,  0.002, -0.007],
       [ 0.004,  0.001, -0.01 ,  0.002,  0.001, -0.002,  0.   ,  0.   ,
         0.005, -0.006, -0.001,  0.008, -0.009, -0.008, -0.003, -0.006,
         0.001,  0.01 , -0.007,  0.   ,  0.004, -0.006,  0.   , -0.009,
         0.009,  0.009, -0.007, -0.001,  0.009, -0.008, -0.006,  0.004,
         0.001,  0.009, -0.006,  0.009, -0.008,  0.002,  0.005, -0.009,
         0.002,  0.002,  0.002,  0.002],
       [-0.005,  0.001, -0.002,  0.001, -0.001, -0.007, -0.007, -0.007,
         0.008,  0.002, -0.001, -0.009, -0.008, -0.002,  0.008,  0.005,
         0.004, -0.01 , -0.008, -0.006, -0.009,  0.002, -0.009, -0.006,
        -0.005,  0.005, -0.004, -0.007, -0.006,  0.008, -0.007,  0.002,
         0.009,  0.004, -0.004,  0.003, -0.008,  0.004, -0.009,  0.001,
        -0.002,  0.006, -0.005,  0.   ],
       [-0.004,  0.002,  0.001,  0.009, -0.008,  0.01 , -0.005, -0.008,
         0.008,  0.001, -0.009, -0.007,  0.01 ,  0.009,  0.005,  0.008,
         0.007, -0.008, -0.004,  0.003, -0.007,  0.006,  0.002,  0.008,
        -0.009, -0.01 ,  0.009,  0.01 , -0.004,  0.002, -0.005,  0.009,
        -0.003, -0.01 , -0.003,  0.009,  0.007,  0.008,  0.01 , -0.003,
         0.006, -0.005, -0.009,  0.01 ],
       [-0.004,  0.   ,  0.001,  0.003, -0.002,  0.006,  0.007, -0.002,
        -0.01 ,  0.007, -0.007, -0.006, -0.008,  0.002, -0.005,  0.009,
        -0.005, -0.004, -0.01 , -0.008, -0.006,  0.006, -0.008,  0.002,
        -0.008, -0.008, -0.008,  0.   , -0.003,  0.002,  0.008,  0.003,
         0.008, -0.006, -0.005, -0.003,  0.008, -0.01 ,  0.003,  0.002,
         0.01 , -0.001,  0.008,  0.01 ],
       [-0.01 ,  0.003,  0.006,  0.003,  0.005,  0.008, -0.006, -0.002,
         0.01 , -0.005,  0.002,  0.006, -0.004, -0.005,  0.008, -0.003,
        -0.007,  0.008, -0.005,  0.006,  0.002, -0.004,  0.   ,  0.001,
         0.006,  0.006, -0.006, -0.005,  0.007, -0.008, -0.005,  0.009,
        -0.007, -0.006, -0.006, -0.008,  0.001, -0.007, -0.003, -0.01 ,
        -0.006, -0.009, -0.007,  0.007],
       [ 0.002,  0.006, -0.004,  0.002, -0.008, -0.005,  0.005,  0.008,
        -0.003, -0.003, -0.004,  0.005,  0.   , -0.005,  0.006,  0.01 ,
        -0.002,  0.007, -0.002,  0.   , -0.005, -0.002, -0.009,  0.004,
        -0.008, -0.003,  0.004,  0.009,  0.003,  0.   , -0.01 ,  0.005,
         0.005, -0.01 ,  0.001,  0.   , -0.004,  0.008, -0.008, -0.006,
         0.008,  0.003,  0.01 , -0.001]]), 'deltas': array([[0.],
       [0.],
       [0.],
       [0.],
       [0.],
       [0.],
       [0.],
       [0.],
       [0.],
       [0.]]), 'outputs': array([[0.],
       [0.],
       [0.],
       [0.],
       [0.],
       [0.],
       [0.],
       [0.],
       [0.],
       [0.]]), 'errors': array([[0.],
       [0.],
       [0.],
       [0.],
       [0.],
       [0.],
       [0.],
       [0.],
       [0.],
       [0.]])}, {'weights': array([[-0.009, -0.004,  0.01 ,  0.   ,  0.007,  0.001,  0.008,  0.001,
        -0.007, -0.004],
       [-0.01 , -0.004,  0.01 ,  0.004, -0.004,  0.01 , -0.005, -0.005,
         0.005, -0.002],
       [ 0.   , -0.007,  0.002, -0.007, -0.002,  0.001,  0.007,  0.003,
         0.004,  0.01 ],
       [-0.005, -0.001,  0.   ,  0.   ,  0.006,  0.008,  0.004,  0.004,
        -0.005,  0.01 ],
       [ 0.01 ,  0.   ,  0.004, -0.004, -0.007,  0.01 ,  0.004,  0.004,
         0.   ,  0.007],
       [ 0.006, -0.005,  0.008,  0.007,  0.002, -0.008, -0.002,  0.007,
         0.009, -0.005],
       [ 0.006,  0.003, -0.01 ,  0.004, -0.006, -0.005, -0.001, -0.007,
        -0.01 , -0.006],
       [ 0.002, -0.001,  0.01 ,  0.005, -0.004, -0.009,  0.009,  0.007,
        -0.01 ,  0.01 ],
       [ 0.009, -0.003, -0.007,  0.005,  0.006,  0.   ,  0.003, -0.005,
        -0.008,  0.01 ],
       [ 0.003, -0.001,  0.002, -0.005, -0.001, -0.002, -0.01 , -0.003,
         0.001, -0.006]]), 'deltas': array([[0.],
       [0.],
       [0.],
       [0.],
       [0.],
       [0.],
       [0.],
       [0.],
       [0.],
       [0.]]), 'outputs': array([[0.],
       [0.],
       [0.],
       [0.],
       [0.],
       [0.],
       [0.],
       [0.],
       [0.],
       [0.]]), 'errors': array([[0.],
       [0.],
       [0.],
       [0.],
       [0.],
       [0.],
       [0.],
       [0.],
       [0.],
       [0.]])}, {'weights': array([[ 0.002, -0.009, -0.007, -0.004, -0.001, -0.006,  0.01 , -0.008,
         0.005,  0.006],
       [-0.005, -0.002,  0.001,  0.   , -0.008, -0.002,  0.003,  0.005,
        -0.009, -0.004],
       [ 0.002,  0.004, -0.002, -0.006,  0.008, -0.005,  0.01 ,  0.007,
         0.001,  0.005],
       [-0.003, -0.008, -0.007, -0.008,  0.006,  0.001,  0.001, -0.007,
        -0.006, -0.008],
       [-0.01 , -0.01 ,  0.004,  0.002,  0.003,  0.005,  0.001, -0.004,
         0.009, -0.002],
       [-0.002, -0.003, -0.01 ,  0.   , -0.01 ,  0.008, -0.003, -0.004,
         0.008,  0.001]]), 'deltas': array([[0.],
       [0.],
       [0.],
       [0.],
       [0.],
       [0.]]), 'outputs': array([[0.],
       [0.],
       [0.],
       [0.],
       [0.],
       [0.]]), 'errors': array([[0.],
       [0.],
       [0.],
       [0.],
       [0.],
       [0.]])}]
Training complete!
Training done. epoch: 100 , total error: 0.3942424997727549
[{'weights': array([[ 2.54790271e+00, -1.40628994e+00, -4.34048320e+00,
        -1.29293303e+00,  1.52725045e+00,  4.03829836e-01,
         1.30856234e+00, -5.28593359e+00,  8.34968208e-01,
        -2.02979813e-01, -5.52516691e+00, -5.05445667e-01,
        -9.47810042e-01,  2.38959170e-01,  3.78391044e+00,
         1.68467401e+00, -3.63591976e+00,  2.86374963e+00,
        -2.38950132e+00, -1.48555558e+00, -1.31987341e-01,
        -1.22620572e+00, -3.34558041e+00,  2.13863332e+00,
        -3.78412867e-01, -8.77465872e-01, -7.85237097e-01,
        -1.32789578e-01, -1.15706047e+00, -3.72363923e-01,
         4.83257248e-01, -3.56490852e+00,  1.80008673e+00,
        -1.31062456e+00, -1.80118845e+00, -1.30746474e+00,
        -1.03062677e+00, -2.83279081e-01,  1.48400602e+00,
         2.21269325e-01, -1.74833586e+00, -1.31166685e+00,
        -1.10819635e-01,  1.00000000e-03],
       [ 2.83252107e+00, -1.13587905e+00, -4.47034606e+00,
        -1.20787999e+00,  1.44449549e+00,  3.95784288e-01,
         1.18496116e+00, -4.74629505e+00,  8.27602714e-01,
        -1.69141637e-01, -5.11016614e+00, -4.96292865e-01,
        -8.34962262e-01, -6.11687959e-01,  4.54102070e+00,
         1.81217941e+00, -2.89703683e+00,  2.35248713e+00,
        -2.43863694e+00, -1.32908131e+00, -1.04218870e-02,
        -9.00843116e-01, -3.92471129e+00,  2.68035808e+00,
        -3.55470313e-01, -8.05929450e-01, -5.30275792e-01,
        -1.41397718e-01, -1.03948557e+00, -2.96897104e-01,
         4.20094246e-01, -3.15609927e+00,  1.73300801e+00,
        -1.22819442e+00, -1.75563315e+00, -1.07784815e+00,
        -8.35677661e-01, -2.63526202e-01,  1.41759663e+00,
        -1.25356108e+00, -6.31976207e-01, -3.02595344e-01,
        -3.11955901e-01, -5.00000000e-03],
       [ 2.54303632e+00, -1.29037027e+00, -4.38216918e+00,
        -1.28835119e+00,  1.50166873e+00,  3.85290089e-01,
         1.33207196e+00, -5.24279535e+00,  7.90145163e-01,
        -2.07897455e-01, -5.50535385e+00, -5.07132768e-01,
        -9.18978567e-01,  1.19900172e-01,  3.87237942e+00,
         1.73096040e+00, -3.64240594e+00,  2.87064962e+00,
        -2.41602380e+00, -1.47036588e+00, -1.27352508e-01,
        -1.21914722e+00, -3.34880436e+00,  2.16045434e+00,
        -3.85335844e-01, -9.17257674e-01, -7.34059642e-01,
        -1.32827122e-01, -1.13804116e+00, -3.87196315e-01,
         5.18170588e-01, -3.55018209e+00,  1.78998304e+00,
        -1.30796083e+00, -1.82312417e+00, -1.27663874e+00,
        -1.00638858e+00, -2.82174142e-01,  1.45214003e+00,
         2.07567297e-01, -1.70750272e+00, -1.27361760e+00,
        -1.43632583e-01,  3.00000000e-03],
       [ 2.42505214e+00, -1.51277782e+00, -4.10587122e+00,
        -1.26900086e+00,  1.36349170e+00,  2.52430650e-01,
         1.27012573e+00, -5.48277800e+00,  1.04408061e+00,
        -1.88965035e-01, -5.63688658e+00, -4.99900628e-01,
        -9.65211592e-01,  7.18088920e-01,  3.28180382e+00,
         1.86765176e+00, -3.80870882e+00,  2.56275050e+00,
        -2.26289181e+00, -1.43790769e+00, -2.83271694e-01,
        -1.25896978e+00, -3.35750152e+00,  2.16590034e+00,
        -3.56263397e-01, -9.97348495e-01, -8.20765239e-01,
        -1.45064354e-01, -1.14992797e+00, -2.74364032e-01,
         4.24420535e-01, -3.58547790e+00,  1.64310710e+00,
        -1.31079176e+00, -1.68462459e+00, -1.37385014e+00,
        -1.09159671e+00, -2.47722496e-01,  1.31968788e+00,
         2.69185699e-01, -1.75884636e+00, -1.59260553e+00,
        -7.83986271e-03, -7.00000000e-03],
       [ 2.47112542e+00, -1.36953387e+00, -4.28752746e+00,
        -1.30217700e+00,  1.54042810e+00,  4.03735681e-01,
         1.30074063e+00, -5.31802423e+00,  8.64198899e-01,
        -1.99335792e-01, -5.51591332e+00, -4.95487336e-01,
        -9.55639581e-01,  2.85087514e-01,  3.72326791e+00,
         1.73174875e+00, -3.67610968e+00,  2.81808348e+00,
        -2.35483484e+00, -1.46657253e+00, -1.11238920e-01,
        -1.24518867e+00, -3.36368907e+00,  2.13977075e+00,
        -3.67338899e-01, -8.85291472e-01, -7.69289169e-01,
        -1.35634041e-01, -1.14547013e+00, -3.53729493e-01,
         4.78933908e-01, -3.58077255e+00,  1.82962541e+00,
        -1.31974208e+00, -1.80291306e+00, -1.30743888e+00,
        -1.06090250e+00, -2.72881804e-01,  1.50045144e+00,
         2.23664948e-01, -1.74531228e+00, -1.33774071e+00,
        -8.92967736e-02,  2.00000000e-03],
       [ 2.65319223e+00, -1.38524782e+00, -4.27705334e+00,
        -1.18315727e+00,  9.13402593e-01, -1.12291435e-01,
         1.34348436e+00, -5.36447306e+00,  1.04222617e+00,
        -1.92809648e-01, -5.83721506e+00, -4.96722427e-01,
        -9.12937776e-01,  5.83421324e-01,  3.37859033e+00,
         1.97219022e+00, -3.91115589e+00,  2.44140792e+00,
        -2.38047385e+00, -1.40983201e+00, -6.56450692e-01,
        -1.21814744e+00, -3.28814927e+00,  2.24400173e+00,
        -3.81117933e-01, -1.20448198e+00, -8.26363774e-01,
        -1.39634243e-01, -1.11438361e+00, -2.60586130e-01,
         5.21997672e-01, -3.50456968e+00,  1.18915087e+00,
        -1.20285634e+00, -1.55377192e+00, -1.36568929e+00,
        -9.75978672e-01, -2.54443074e-01,  8.63019353e-01,
         2.20971174e-01, -1.74809571e+00, -1.67912371e+00,
        -6.66153614e-02,  0.00000000e+00],
       [ 1.39487195e+00,  1.52225253e+00, -5.36157806e+00,
        -9.72712441e-01,  7.15476020e-01, -2.60875819e-01,
         6.51498059e-01, -3.98417125e+00,  9.57842647e-01,
        -5.99836359e-02, -5.41958595e+00, -5.84043676e-01,
        -7.17927948e-01,  3.06407755e-01,  3.72145982e+00,
        -6.87351862e-01,  1.21809502e+00,  2.61798384e-01,
        -2.51571108e+00, -9.72520452e-01, -3.62550516e-01,
         2.89168230e-01, -7.23586614e+00,  4.92128140e+00,
        -3.13722978e-01, -1.33721245e+00, -4.15138212e-01,
        -1.77240488e-01, -7.67098845e-01,  4.35850371e-02,
        -1.97918390e-02, -2.67678703e+00,  9.78821890e-01,
        -1.03451805e+00, -1.00564467e+00, -1.35267463e+00,
        -8.36467124e-01, -1.67572649e-01,  6.91669074e-01,
        -2.86156890e+00, -1.32825401e+00, -1.86635080e+00,
         3.34348371e+00,  1.00000000e-02],
       [ 1.43138554e+00,  1.48010270e+00, -5.42514514e+00,
        -1.03968672e+00,  8.84256944e-01, -1.31674786e-01,
         6.25066171e-01, -3.97297793e+00,  8.84406458e-01,
        -6.39066032e-02, -5.45811180e+00, -5.62230693e-01,
        -7.56267474e-01,  3.26088690e-01,  3.75943459e+00,
        -5.84380748e-01,  1.18396729e+00,  3.09990820e-01,
        -2.54290452e+00, -1.05175953e+00, -2.73603451e-01,
         2.33330572e-01, -7.11704387e+00,  4.79978768e+00,
        -3.23557617e-01, -1.23014492e+00, -4.48012884e-01,
        -1.86599203e-01, -8.21329684e-01,  4.29589894e-03,
         5.77799797e-02, -2.78612894e+00,  1.15906899e+00,
        -1.08710262e+00, -1.11088632e+00, -1.34048713e+00,
        -8.71593663e-01, -1.98492141e-01,  8.47372564e-01,
        -2.68001306e+00, -1.34151544e+00, -1.91229439e+00,
         3.28573620e+00,  1.00000000e-02],
       [ 2.42945322e+00, -1.36164898e+00, -4.23820202e+00,
        -1.29526468e+00,  1.50245340e+00,  3.72380905e-01,
         1.29287685e+00, -5.34577523e+00,  9.11320364e-01,
        -1.96011941e-01, -5.52764060e+00, -4.95891652e-01,
        -9.49736631e-01,  3.75223576e-01,  3.63483625e+00,
         1.79490984e+00, -3.72710904e+00,  2.74110065e+00,
        -2.33242466e+00, -1.44768584e+00, -1.44653743e-01,
        -1.25187977e+00, -3.36120432e+00,  2.15953143e+00,
        -3.67002650e-01, -9.20763792e-01, -7.68133095e-01,
        -1.38952118e-01, -1.14036005e+00, -3.22231477e-01,
         4.72721148e-01, -3.58480558e+00,  1.77718941e+00,
        -1.33008256e+00, -1.77750015e+00, -1.32685086e+00,
        -1.06338578e+00, -2.76107099e-01,  1.45063484e+00,
         2.21301945e-01, -1.74462239e+00, -1.38978285e+00,
        -8.91057603e-02,  7.00000000e-03],
       [ 2.68713842e+00, -1.16768435e+00, -4.46873503e+00,
        -1.17602775e+00,  1.06154055e+00,  5.32787381e-02,
         1.39655754e+00, -5.13216068e+00,  8.18702332e-01,
        -1.96146106e-01, -5.63202729e+00, -4.92518643e-01,
        -8.86194655e-01,  2.33613978e-02,  3.92761102e+00,
         1.71860401e+00, -3.65344199e+00,  2.74120702e+00,
        -2.44627137e+00, -1.40886586e+00, -4.82297178e-01,
        -1.15315788e+00, -3.26794471e+00,  2.20634075e+00,
        -3.84709161e-01, -1.11967815e+00, -7.06402321e-01,
        -1.25454307e-01, -1.09723340e+00, -3.46738187e-01,
         5.60262768e-01, -3.43059796e+00,  1.34302585e+00,
        -1.19772064e+00, -1.66196155e+00, -1.24261056e+00,
        -9.15320125e-01, -2.63564666e-01,  1.01868872e+00,
         1.43965065e-01, -1.69270048e+00, -1.34860387e+00,
        -1.49428885e-01, -1.00000000e-03]]), 'deltas': array([[-9.23972404e-03],
       [-1.17991770e-03],
       [-9.01725967e-03],
       [-8.25483425e-03],
       [-8.42609176e-03],
       [-9.41706517e-03],
       [-1.62064853e-06],
       [-2.31361391e-06],
       [-8.06258557e-03],
       [-1.05085010e-02]]), 'outputs': array([[5.57917166e-03],
       [7.08990918e-04],
       [5.44410277e-03],
       [4.98147698e-03],
       [5.08535524e-03],
       [5.68687048e-03],
       [9.73128512e-07],
       [1.38922448e-06],
       [4.86489224e-03],
       [6.35021403e-03]]), 'errors': -1.6654019325162983}, {'weights': array([[0.57772691, 0.51557228, 0.62422391, 0.53570064, 0.60463552,
        0.56589706, 0.63680992, 0.39932933, 0.5804213 , 0.58952739],
       [0.57789865, 0.51551656, 0.62541689, 0.54109774, 0.59488131,
        0.57628371, 0.62258802, 0.39143674, 0.59372284, 0.59262494],
       [0.58589496, 0.51173989, 0.61537648, 0.52780569, 0.59478506,
        0.56500516, 0.6348846 , 0.40036619, 0.59055715, 0.60267074],
       [0.58005055, 0.51681836, 0.6125126 , 0.53397932, 0.60193311,
        0.57116553, 0.63083798, 0.40017146, 0.5807088 , 0.60180302],
       [0.59434552, 0.51712006, 0.61580461, 0.52926676, 0.58821441,
        0.57248971, 0.63009584, 0.3993915 , 0.58499491, 0.59813785],
       [0.5914936 , 0.51276511, 0.62099537, 0.54160339, 0.59841977,
        0.55584859, 0.62493159, 0.40308392, 0.59525346, 0.58734433],
       [0.59642272, 0.52588695, 0.60797953, 0.54359852, 0.59540221,
        0.56381336, 0.63081909, 0.39396941, 0.58123081, 0.59125144],
       [0.58681731, 0.51718021, 0.62227558, 0.53868102, 0.59166926,
        0.55389843, 0.63687061, 0.40450264, 0.57543129, 0.60164155],
       [0.59549836, 0.51568467, 0.60700094, 0.54058242, 0.60343012,
        0.56481302, 0.63010621, 0.3912276 , 0.57925027, 0.60329286],
       [0.59264338, 0.52053533, 0.6192007 , 0.53389958, 0.59963582,
        0.56615632, 0.62019713, 0.39600753, 0.59149534, 0.59048655]]), 'deltas': array([[-0.02957657],
       [-0.02957652],
       [-0.02957655],
       [-0.02957655],
       [-0.02957655],
       [-0.02957655],
       [-0.02957656],
       [-0.02957657],
       [-0.02957653],
       [-0.02957654]]), 'outputs': array([[0.50562982],
       [0.50566185],
       [0.50563806],
       [0.50563909],
       [0.50564153],
       [0.50564386],
       [0.50563447],
       [0.50562347],
       [0.50565461],
       [0.50565142]]), 'errors': -0.11832126381530658}, {'weights': array([[-0.31945386, -0.38508876, -0.32395807, -0.32650095, -0.32370504,
        -0.34703528, -0.34789952, -0.30601659, -0.34709296, -0.36985382],
       [-0.19268001, -0.24847905, -0.1860468 , -0.18911502, -0.19426493,
        -0.19635722, -0.23699265, -0.15856026, -0.22700703, -0.25940887],
       [-0.4585362 , -0.45533585, -0.4627144 , -0.46685528, -0.4530254 ,
        -0.46566277, -0.44900765, -0.4543318 , -0.45908404, -0.45386992],
       [-0.51766262, -0.52158325, -0.52235575, -0.5241513 , -0.51071348,
        -0.5147721 , -0.51011681, -0.52329195, -0.52084157, -0.51965646],
       [-0.57588744, -0.57504687, -0.56272864, -0.56574268, -0.56545727,
        -0.56244121, -0.5608786 , -0.57171639, -0.5573897 , -0.56474926],
       [-0.2741204 , -0.26573864, -0.28447014, -0.27634967, -0.28804706,
        -0.26585831, -0.25961737, -0.2834005 , -0.26126036, -0.25534229]]), 'deltas': array([[-0.02044424],
       [-0.05365984],
       [-0.00747559],
       [-0.00432137],
       [-0.00277811],
       [ 0.12046984]]), 'outputs': array([[0.1556007 ],
       [0.27137715],
       [0.09066965],
       [0.06809659],
       [0.05419685],
       [0.17851815]]), 'errors': array([[-0.1556007 ],
       [-0.27137715],
       [-0.09066965],
       [-0.06809659],
       [-0.05419685],
       [ 0.82148185]])}]
Accuracy: 34.883720930232556 %

Feedforward Neural Network AVG Accuracy (%): 35.533574952179606 %
