Namespace(error_threshold=0.001, max_epochs=1000, num_layers=2, num_nodes_per_hidden_layer=6, training_rate=0.5)

train_data group 0 length:  120
   0   1   2   3   4   5   6   7   8   9   10  11  12  13  14  15  16
0   1   0   0   0   0   1   0   0   1   0   0   0   1   0   0   0   0
1   1   0   0   0   0   1   0   0   1   0   0   0   1   0   0   0   0
2   1   0   0   0   0   0   1   0   1   0   0   0   1   0   0   0   0
3   1   0   0   0   0   1   0   0   1   0   0   0   1   0   0   0   0
4   1   0   0   0   0   0   1   0   1   0   0   0   1   0   0   0   0
Initial Neural Network:
[{'weights': array([[ 0.007, -0.01 ,  0.   ,  0.003, -0.005, -0.006, -0.007, -0.005,
        -0.007, -0.001, -0.004, -0.002,  0.006,  0.   , -0.008, -0.005,
        -0.005],
       [ 0.01 ,  0.009, -0.008, -0.007, -0.001, -0.01 ,  0.003,  0.007,
         0.001, -0.003, -0.002, -0.003, -0.001, -0.001, -0.01 , -0.007,
         0.008],
       [-0.007, -0.004,  0.001, -0.006,  0.   ,  0.009,  0.005,  0.003,
        -0.002,  0.009, -0.008, -0.006,  0.002,  0.003, -0.006,  0.003,
        -0.009],
       [ 0.006, -0.001,  0.002,  0.003,  0.004, -0.003, -0.008,  0.002,
         0.001, -0.004,  0.009,  0.   ,  0.004,  0.009, -0.001, -0.007,
        -0.005],
       [ 0.009,  0.003,  0.009, -0.001,  0.001,  0.004, -0.01 , -0.005,
        -0.01 ,  0.   ,  0.002, -0.004, -0.006, -0.007,  0.005, -0.004,
        -0.006],
       [-0.002,  0.002,  0.009, -0.009,  0.   , -0.01 , -0.001,  0.008,
         0.004, -0.005, -0.008,  0.004,  0.009,  0.01 , -0.01 , -0.008,
         0.007],
       [ 0.001, -0.004,  0.   ,  0.004, -0.01 ,  0.   ,  0.005, -0.003,
         0.002, -0.007,  0.005,  0.   ,  0.007,  0.009, -0.009,  0.002,
        -0.008]]), 'deltas': array([[0.],
       [0.],
       [0.],
       [0.],
       [0.],
       [0.],
       [0.]]), 'outputs': array([[0.],
       [0.],
       [0.],
       [0.],
       [0.],
       [0.],
       [0.]]), 'errors': array([[0.],
       [0.],
       [0.],
       [0.],
       [0.],
       [0.],
       [0.]])}, {'weights': array([[-0.002, -0.004,  0.01 ,  0.002, -0.002,  0.007, -0.008],
       [ 0.006,  0.002, -0.004, -0.009,  0.01 , -0.008,  0.001],
       [-0.002,  0.005, -0.005,  0.   ,  0.001,  0.002, -0.002]]), 'deltas': array([[0.],
       [0.],
       [0.],
       [0.]]), 'outputs': array([[0.],
       [0.],
       [0.],
       [0.]]), 'errors': array([[0.],
       [0.],
       [0.],
       [0.]])}]
Training complete!
Training done. epoch: 188 , total error: 0.0006902416556620166
[{'weights': array([[ 9.44804108e-02,  1.50962537e-01,  2.94449494e-02,
        -1.12756218e+00, -1.47026747e+00,  4.06048918e-01,
        -3.91859796e-02,  2.27730251e-01,  2.89742077e+00,
         1.65388086e+00, -1.25210361e+00, -4.16587230e+00,
         2.91042077e+00,  1.43246771e+00, -9.18458111e-01,
        -4.28410465e+00, -8.57674283e-01],
       [-1.27801644e+00,  2.37764667e-01,  6.04646968e-01,
        -1.01514500e+00, -6.65014285e-01, -8.40643850e-01,
        -1.89220789e-01,  2.39129121e-01,  3.46805609e+00,
        -7.21468279e-01, -4.73946672e-01, -3.73439094e+00,
         3.46605609e+00, -1.07170122e-01, -5.53197891e-01,
        -4.27943788e+00, -1.44674980e+00],
       [-3.24037508e-01, -7.23770163e-02,  3.30064152e-01,
        -1.11145548e+00, -1.02074440e+00, -3.01875769e-01,
        -6.09617977e-02,  2.38776119e-01,  2.99890477e+00,
         1.11525566e+00, -1.13875153e+00, -4.14421475e+00,
         3.00290477e+00,  3.20222273e-01, -3.48558259e-01,
        -4.13437463e+00, -1.17080585e+00],
       [-1.94362738e+00,  5.65159717e-01,  7.49167280e-01,
        -9.38653739e-01, -5.75038119e-01, -9.22538899e-01,
        -3.11127773e-01,  2.25750672e-01,  3.98066307e+00,
        -1.74015589e+00, -2.58683234e-01, -3.55377807e+00,
         3.98366307e+00, -2.79828565e-01, -7.39282209e-01,
        -4.53750642e+00, -1.58295412e+00],
       [-1.18286044e+00,  2.07960434e-01,  5.90046315e-01,
        -1.02678156e+00, -6.83267701e-01, -8.30038848e-01,
        -1.60113363e-01,  2.31784663e-01,  3.40332085e+00,
        -3.04706216e-01, -6.66664363e-01, -3.87558552e+00,
         3.40732085e+00, -3.38946684e-01, -3.59578822e-01,
        -4.15243059e+00, -1.43763525e+00],
       [-3.09113760e+00,  2.54602288e+00, -1.88282923e-01,
        -9.15321224e-01,  1.45581855e-01, -1.97011197e+00,
        -5.56802387e-02,  2.28491477e-01,  4.61722563e+00,
        -2.58687513e+00, -1.38293819e-02, -3.67023999e+00,
         4.62222563e+00,  5.34909375e-01, -1.09208167e+00,
        -5.71277220e+00, -1.64171887e+00],
       [ 1.00000000e-03, -4.00000000e-03,  0.00000000e+00,
         4.00000000e-03, -1.00000000e-02,  0.00000000e+00,
         5.00000000e-03, -3.00000000e-03,  2.00000000e-03,
        -7.00000000e-03,  5.00000000e-03,  0.00000000e+00,
         7.00000000e-03,  9.00000000e-03, -9.00000000e-03,
         2.00000000e-03, -8.00000000e-03]]), 'deltas': array([[-0.00098882],
       [-0.00028488],
       [-0.0010242 ],
       [-0.00012373],
       [-0.00032328],
       [-0.00095095],
       [-0.        ]]), 'outputs': array([[0.71337682],
       [0.06285983],
       [0.30451506],
       [0.02627509],
       [0.07203866],
       [0.26899992],
       [1.        ]]), 'errors': -0.004836031155056488}, {'weights': array([[ 1.6073514 ,  1.94442529,  1.7462939 ,  1.82257961,  1.86839308,
         1.57126464, -5.97242856],
       [ 4.80926765, -5.4550214 ,  1.70416821, -2.28611115, -5.62608613,
         5.01368341, -0.82169906],
       [-5.7516013 , -4.80754284, -5.47884321, -4.94437762, -4.74787873,
        -4.80920103,  1.74476938]]), 'deltas': array([[-7.34995771e-04],
       [ 6.04222375e-04],
       [-5.05187569e-06]]), 'outputs': array([[0.02749133],
       [0.97510729],
       [0.00225017]]), 'errors': array([[-0.02749133],
       [ 0.02489271],
       [-0.00225017]])}]
neural_net output [9.88375618e-01 7.30581132e-02 4.67576625e-13]
target: 0 prediction: 0
neural_net output [9.89609375e-01 6.51251147e-02 3.43447621e-13]
target: 0 prediction: 0
neural_net output [9.86074633e-01 6.66918694e-02 7.83790082e-13]
target: 0 prediction: 0
neural_net output [9.88375618e-01 7.30581132e-02 4.67576625e-13]
target: 0 prediction: 0
neural_net output [9.88375618e-01 7.30581132e-02 4.67576625e-13]
target: 0 prediction: 0
neural_net output [9.88375618e-01 7.30581132e-02 4.67576625e-13]
target: 0 prediction: 0
neural_net output [9.89609375e-01 6.51251147e-02 3.43447621e-13]
target: 0 prediction: 0
neural_net output [9.88375618e-01 7.30581132e-02 4.67576625e-13]
target: 0 prediction: 0
neural_net output [9.89609375e-01 6.51251147e-02 3.43447621e-13]
target: 0 prediction: 0
neural_net output [9.89477569e-01 6.54687577e-02 3.56476241e-13]
target: 0 prediction: 0
neural_net output [0.00473915 0.38771975 0.47120835]
target: 1 prediction: 2
neural_net output [0.00473915 0.38771975 0.47120835]
target: 1 prediction: 2
neural_net output [0.00795545 0.72892174 0.16444492]
target: 1 prediction: 1
neural_net output [0.00473915 0.38771975 0.47120835]
target: 1 prediction: 2
neural_net output [0.00456863 0.23763445 0.51173428]
target: 1 prediction: 2
neural_net output [0.00456863 0.23763445 0.51173428]
target: 1 prediction: 2
neural_net output [0.00637195 0.1509387  0.30552152]
target: 1 prediction: 2
neural_net output [0.00473915 0.38771975 0.47120835]
target: 1 prediction: 2
neural_net output [0.00473915 0.38771975 0.47120835]
target: 1 prediction: 2
neural_net output [0.00473915 0.38771975 0.47120835]
target: 1 prediction: 2
neural_net output [0.0026815  0.32592964 0.83002342]
target: 2 prediction: 2
neural_net output [0.00255797 0.30567067 0.84880211]
target: 2 prediction: 2
neural_net output [0.00254404 0.30521979 0.85094252]
target: 2 prediction: 2
neural_net output [0.00473915 0.38771975 0.47120835]
target: 2 prediction: 2
neural_net output [0.0025815  0.30436157 0.84537296]
target: 2 prediction: 2
neural_net output [0.002542   0.30542273 0.85122509]
target: 2 prediction: 2
neural_net output [0.00254334 0.30540793 0.8510251 ]
target: 2 prediction: 2
neural_net output [0.00254213 0.30538334 0.8512109 ]
target: 2 prediction: 2
neural_net output [0.00257881 0.30687489 0.84561084]
target: 2 prediction: 2
neural_net output [0.00795545 0.72892174 0.16444492]
target: 2 prediction: 1
Accuracy: 66.66666666666666 %

train_data group 1 length:  120
   0   1   2   3   4   5   6   7   8   9   10  11  12  13  14  15  16
0   1   0   0   0   0   0   1   0   1   0   0   0   1   0   0   0   0
1   0   1   0   0   0   0   0   1   1   0   0   0   1   0   0   0   0
2   1   0   0   0   0   1   0   0   1   0   0   0   1   0   0   0   0
3   1   0   0   0   0   0   1   0   1   0   0   0   1   0   0   0   0
4   1   0   0   0   0   0   1   0   1   0   0   0   1   0   0   0   0
Initial Neural Network:
[{'weights': array([[ 0.007, -0.003,  0.006, -0.007,  0.01 , -0.007,  0.003, -0.002,
        -0.003,  0.008,  0.006, -0.003, -0.004,  0.001,  0.003, -0.01 ,
        -0.009],
       [-0.005, -0.001, -0.005, -0.002,  0.002,  0.002,  0.001,  0.   ,
         0.002,  0.004, -0.002,  0.   ,  0.006,  0.001,  0.004,  0.008,
        -0.009],
       [ 0.01 , -0.003, -0.006, -0.001, -0.006, -0.01 ,  0.008, -0.009,
         0.008,  0.006, -0.005, -0.007, -0.007,  0.007, -0.008,  0.001,
        -0.004],
       [-0.003,  0.008,  0.004,  0.006,  0.007, -0.006,  0.003,  0.008,
         0.006,  0.009,  0.   ,  0.001, -0.008,  0.009, -0.002, -0.009,
         0.   ],
       [-0.006,  0.001, -0.009, -0.001,  0.   , -0.001,  0.007, -0.007,
        -0.001,  0.007, -0.002,  0.   , -0.01 ,  0.009,  0.   , -0.009,
        -0.001],
       [ 0.002, -0.001, -0.009,  0.004, -0.01 , -0.005,  0.004,  0.   ,
        -0.01 , -0.005,  0.005,  0.001, -0.005,  0.001,  0.003,  0.009,
        -0.009],
       [-0.006, -0.01 , -0.005, -0.006,  0.   ,  0.005,  0.   , -0.002,
        -0.009,  0.003,  0.01 , -0.006,  0.002,  0.002, -0.006, -0.001,
         0.009]]), 'deltas': array([[0.],
       [0.],
       [0.],
       [0.],
       [0.],
       [0.],
       [0.]]), 'outputs': array([[0.],
       [0.],
       [0.],
       [0.],
       [0.],
       [0.],
       [0.]]), 'errors': array([[0.],
       [0.],
       [0.],
       [0.],
       [0.],
       [0.],
       [0.]])}, {'weights': array([[ 0.001,  0.002,  0.008, -0.009, -0.006, -0.006,  0.004],
       [ 0.002,  0.008, -0.004,  0.004, -0.008,  0.   ,  0.004],
       [ 0.005,  0.006, -0.005,  0.01 ,  0.009, -0.007,  0.002]]), 'deltas': array([[0.],
       [0.],
       [0.],
       [0.]]), 'outputs': array([[0.],
       [0.],
       [0.],
       [0.]]), 'errors': array([[0.],
       [0.],
       [0.],
       [0.]])}]
Training complete!
Training done. epoch: 50 , total error: 0.00014939266759621988
[{'weights': array([[-4.50277500e-01,  1.05837667e+00, -6.13801290e-01,
         7.19185048e-01,  8.24487689e-01,  8.23454961e-01,
        -6.02572700e-01, -3.30887019e-01, -2.53595449e+00,
        -9.79676349e-03,  7.61471725e-01,  2.50276246e+00,
        -2.53695449e+00, -2.50737450e-01,  7.57004837e-01,
         2.73117003e+00,  7.01482931e-01],
       [ 4.91212943e-01, -6.49210777e-01, -1.04686867e+00,
         7.63386530e-01,  4.55492049e-01, -8.15622392e-02,
        -5.03960805e-01, -2.93448977e-01, -2.26704511e+00,
        -1.12538917e+00, -2.31835952e-03,  2.97027267e+00,
        -2.26304511e+00, -1.34881522e+00, -7.95559187e-02,
         3.28193628e+00, -4.37479973e-01],
       [ 4.33611642e-01, -6.21583449e-01, -9.89017805e-01,
         7.70900167e-01,  4.45751902e-01, -8.13045928e-02,
        -4.88055088e-01, -2.99481667e-01, -2.25737003e+00,
        -1.05654233e+00, -7.26174681e-02,  2.98244039e+00,
        -2.27237003e+00, -1.28556422e+00, -1.47254919e-01,
         3.29209973e+00, -4.10089445e-01],
       [ 4.60576825e-01, -4.50930664e-01, -1.14574056e+00,
         7.61653206e-01,  4.20447169e-01,  3.95097338e-02,
        -5.47919361e-01, -2.89478733e-01, -2.27860618e+00,
        -1.12529275e+00,  1.04780214e-01,  2.92567752e+00,
        -2.29260618e+00, -1.35842959e+00,  2.89821501e-02,
         3.22261243e+00, -3.89441191e-01],
       [ 4.32742093e-01, -3.40607255e-01, -1.18526557e+00,
         7.53211687e-01,  4.10180997e-01,  1.19738659e-01,
        -5.55225229e-01, -3.00613474e-01, -2.28435493e+00,
        -1.12510911e+00,  1.68335619e-01,  2.92020937e+00,
        -2.29335493e+00, -1.34966888e+00,  9.17523156e-02,
         3.21635245e+00, -3.25919047e-01],
       [ 5.35087718e-01, -6.41407359e-01, -1.09657660e+00,
         7.63309297e-01,  4.42607819e-01, -7.41337836e-02,
        -5.22712630e-01, -2.92348347e-01, -2.27876935e+00,
        -1.18170461e+00,  5.68266557e-02,  2.95906036e+00,
        -2.27376935e+00, -1.39281534e+00, -2.58567203e-02,
         3.26485447e+00, -4.44586941e-01],
       [-6.00000000e-03, -1.00000000e-02, -5.00000000e-03,
        -6.00000000e-03,  0.00000000e+00,  5.00000000e-03,
         0.00000000e+00, -2.00000000e-03, -9.00000000e-03,
         3.00000000e-03,  1.00000000e-02, -6.00000000e-03,
         2.00000000e-03,  2.00000000e-03, -6.00000000e-03,
        -1.00000000e-03,  9.00000000e-03]]), 'deltas': array([[7.25456874e-07],
       [1.13189643e-06],
       [1.07948157e-06],
       [1.24157671e-06],
       [1.20124509e-06],
       [1.18787959e-06],
       [0.00000000e+00]]), 'outputs': array([[0.99943555],
       [0.99911903],
       [0.99915986],
       [0.99903358],
       [0.999065  ],
       [0.99907542],
       [1.        ]]), 'errors': 0.0012859614421321303}, {'weights': array([[-4.60102268, -3.19325149, -3.10763039, -3.35916828, -3.36321927,
        -3.25433124,  2.8532505 ],
       [ 5.41512497, -2.01527852, -2.72355577, -0.41463711, -0.38259111,
        -1.48333991, -2.62997097],
       [ 1.50236311,  1.50377714,  1.49802225,  1.32482098,  1.3025196 ,
         1.49380557, -3.98704035]]), 'deltas': array([[-2.28292523e-16],
       [-2.02629384e-04],
       [ 9.23085225e-05]]), 'outputs': array([[1.51093523e-08],
       [1.43379544e-02],
       [9.90345550e-01]]), 'errors': array([[-1.51093523e-08],
       [-1.43379544e-02],
       [ 9.65444967e-03]])}]
Accuracy: 93.33333333333333 %

train_data group 2 length:  120
   0   1   2   3   4   5   6   7   8   9   10  11  12  13  14  15  16
0   1   0   0   0   0   0   1   0   1   0   0   0   1   0   0   0   0
1   0   1   0   0   0   0   0   1   1   0   0   0   1   0   0   0   0
2   1   0   0   0   0   1   0   0   1   0   0   0   1   0   0   0   0
3   1   0   0   0   0   0   1   0   1   0   0   0   1   0   0   0   0
4   1   0   0   0   0   0   1   0   1   0   0   0   1   0   0   0   0
Initial Neural Network:
[{'weights': array([[ 0.001, -0.006,  0.003,  0.009,  0.005,  0.003, -0.001, -0.01 ,
        -0.004, -0.005, -0.003, -0.009, -0.008,  0.001,  0.001, -0.004,
         0.006],
       [ 0.009, -0.004,  0.002,  0.004,  0.004, -0.004, -0.005,  0.009,
         0.01 ,  0.007, -0.009,  0.002, -0.007,  0.003, -0.003, -0.001,
         0.001],
       [ 0.001, -0.002,  0.004,  0.001,  0.004,  0.008, -0.01 , -0.004,
        -0.004, -0.001, -0.01 , -0.006, -0.004, -0.006,  0.005, -0.004,
        -0.01 ],
       [-0.01 ,  0.01 , -0.006, -0.004,  0.004, -0.005,  0.   ,  0.004,
         0.004,  0.004, -0.008,  0.004,  0.007, -0.006, -0.001,  0.008,
        -0.003],
       [ 0.001, -0.006,  0.   , -0.001, -0.002,  0.007, -0.01 ,  0.005,
         0.005,  0.01 , -0.002, -0.003,  0.001, -0.004, -0.006,  0.009,
         0.001],
       [-0.005,  0.001,  0.   , -0.003,  0.003,  0.007,  0.003,  0.002,
         0.007, -0.003,  0.005,  0.009, -0.008, -0.002,  0.003,  0.001,
         0.009],
       [ 0.003,  0.01 , -0.003, -0.006,  0.01 ,  0.005,  0.   ,  0.004,
         0.009, -0.005, -0.003, -0.008,  0.009, -0.008,  0.003,  0.003,
        -0.005]]), 'deltas': array([[0.],
       [0.],
       [0.],
       [0.],
       [0.],
       [0.],
       [0.]]), 'outputs': array([[0.],
       [0.],
       [0.],
       [0.],
       [0.],
       [0.],
       [0.]]), 'errors': array([[0.],
       [0.],
       [0.],
       [0.],
       [0.],
       [0.],
       [0.]])}, {'weights': array([[-0.006,  0.005,  0.   , -0.008,  0.004,  0.006,  0.008],
       [-0.001,  0.006, -0.002, -0.005,  0.006,  0.   , -0.008],
       [-0.001, -0.006,  0.007, -0.002,  0.007,  0.006, -0.009]]), 'deltas': array([[0.],
       [0.],
       [0.],
       [0.]]), 'outputs': array([[0.],
       [0.],
       [0.],
       [0.]]), 'errors': array([[0.],
       [0.],
       [0.],
       [0.]])}]
Training complete!
Training done. epoch: 335 , total error: 0.000673327271935538
[{'weights': array([[-1.78811372e+00,  6.02356834e-01,  6.03493996e-01,
        -9.49723868e-01, -9.93973167e-01, -8.33136899e-01,
        -1.03897769e-01,  3.89021080e-01,  4.08947967e+00,
        -2.01665602e+00,  3.01866149e-01, -3.93467656e+00,
         4.08547967e+00,  1.81777559e+00, -1.90295480e+00,
        -5.54928721e+00, -1.53298675e+00],
       [-1.58108108e+00,  4.58727554e-01,  4.91668817e-01,
        -1.05730323e+00, -1.16966048e+00, -9.96602847e-01,
         5.04474693e-02,  4.20827923e-01,  3.98873834e+00,
        -5.70450783e-01, -6.22385813e-01, -4.48488968e+00,
         3.97173834e+00, -5.17765844e-01, -5.30599445e-01,
        -4.63036099e+00, -1.69798794e+00],
       [-1.60732358e+00,  4.61953134e-01,  4.94076962e-01,
        -1.04857925e+00, -1.16692702e+00, -9.95162261e-01,
         4.59774745e-02,  4.10239071e-01,  4.01051123e+00,
        -6.64787032e-01, -6.01868427e-01, -4.46872851e+00,
         4.01051123e+00, -5.44155177e-01, -5.39556040e-01,
        -4.63967275e+00, -1.71387274e+00],
       [-1.54920052e+00,  4.50166326e-01,  4.84360954e-01,
        -1.07587430e+00, -1.16064537e+00, -9.85458775e-01,
         5.11732711e-02,  4.17383331e-01,  3.94150806e+00,
        -4.15896946e-01, -6.71771332e-01, -4.53038732e+00,
         3.94450806e+00, -5.16524990e-01, -4.99308638e-01,
        -4.60122197e+00, -1.68354754e+00],
       [-7.53856201e-01,  4.47283264e-01,  5.10154955e-01,
        -1.23249358e+00, -8.13764236e-01, -5.59672747e-01,
        -8.01056674e-02,  4.30631089e-01,  3.23598535e+00,
         3.02539484e+00, -1.94156433e+00, -5.33272742e+00,
         3.23198535e+00,  6.26580642e-01, -3.40978033e-01,
        -4.54049952e+00, -1.02191156e+00],
       [-1.71770908e+00,  4.64957222e-01,  4.93804907e-01,
        -1.01096481e+00, -1.15901097e+00, -9.90388747e-01,
        -3.49672518e-03,  4.04984673e-01,  4.13067940e+00,
        -1.28552603e+00, -3.49240158e-01, -4.24082498e+00,
         4.11567940e+00, -2.87647144e-01, -7.58488376e-01,
        -4.83845565e+00, -1.75391177e+00],
       [ 3.00000000e-03,  1.00000000e-02, -3.00000000e-03,
        -6.00000000e-03,  1.00000000e-02,  5.00000000e-03,
         0.00000000e+00,  4.00000000e-03,  9.00000000e-03,
        -5.00000000e-03, -3.00000000e-03, -8.00000000e-03,
         9.00000000e-03, -8.00000000e-03,  3.00000000e-03,
         3.00000000e-03, -5.00000000e-03]]), 'deltas': array([[-3.87788551e-04],
       [-1.15887069e-04],
       [-1.02426763e-04],
       [-1.35970369e-04],
       [-3.46203121e-04],
       [-7.02902733e-05],
       [-0.00000000e+00]]), 'outputs': array([[0.10692776],
       [0.02940205],
       [0.0258934 ],
       [0.03468629],
       [0.90588956],
       [0.01761966],
       [1.        ]]), 'errors': -0.004060859249604519}, {'weights': array([[ 1.78647226,  1.9337619 ,  1.90909043,  1.91829297,  1.64805667,
         1.8988887 , -5.95202477],
       [ 4.47105014, -2.94975553, -3.17857935, -2.92008168,  4.02268864,
        -1.69951382, -0.4276189 ],
       [-6.72260112, -6.25882532, -6.22163865, -6.26376583, -7.12107279,
        -6.29766355,  1.56510925]]), 'deltas': array([[-2.81823652e-04],
       [ 1.02212766e-03],
       [-3.50408845e-06]]), 'outputs': array([[0.01693155],
       [0.96749667],
       [0.00187368]]), 'errors': array([[-0.01693155],
       [ 0.03250333],
       [-0.00187368]])}]
Accuracy: 83.33333333333334 %

train_data group 3 length:  120
   0   1   2   3   4   5   6   7   8   9   10  11  12  13  14  15  16
0   1   0   0   0   0   0   1   0   1   0   0   0   1   0   0   0   0
1   0   1   0   0   0   0   0   1   1   0   0   0   1   0   0   0   0
2   1   0   0   0   0   1   0   0   1   0   0   0   1   0   0   0   0
3   1   0   0   0   0   0   1   0   1   0   0   0   1   0   0   0   0
4   1   0   0   0   0   0   1   0   1   0   0   0   1   0   0   0   0
Initial Neural Network:
[{'weights': array([[-0.001, -0.01 ,  0.006, -0.004,  0.003, -0.003, -0.002,  0.007,
        -0.002, -0.005, -0.009,  0.008, -0.01 , -0.003, -0.005,  0.004,
         0.009],
       [ 0.007,  0.001,  0.001,  0.001, -0.007, -0.007,  0.003,  0.01 ,
         0.003,  0.004, -0.001, -0.003, -0.001,  0.002, -0.009,  0.007,
        -0.002],
       [ 0.005, -0.002,  0.006,  0.007,  0.005, -0.002,  0.01 ,  0.002,
         0.   ,  0.001, -0.01 , -0.006,  0.001,  0.009, -0.001,  0.005,
        -0.006],
       [ 0.   , -0.002,  0.005,  0.003,  0.   ,  0.009, -0.007, -0.007,
        -0.01 , -0.01 ,  0.   ,  0.008, -0.002,  0.   , -0.002, -0.007,
        -0.004],
       [-0.003, -0.01 , -0.009,  0.008,  0.001,  0.007, -0.007,  0.   ,
         0.004,  0.002, -0.001, -0.004, -0.004, -0.004, -0.006, -0.003,
        -0.002],
       [ 0.006, -0.005, -0.001,  0.007, -0.001, -0.008, -0.008, -0.009,
         0.   ,  0.004,  0.002,  0.004,  0.006, -0.01 , -0.008, -0.005,
         0.004],
       [-0.004,  0.003, -0.004,  0.01 , -0.004, -0.005, -0.007, -0.007,
         0.   , -0.006, -0.006, -0.001,  0.004,  0.002,  0.001,  0.007,
         0.   ]]), 'deltas': array([[0.],
       [0.],
       [0.],
       [0.],
       [0.],
       [0.],
       [0.]]), 'outputs': array([[0.],
       [0.],
       [0.],
       [0.],
       [0.],
       [0.],
       [0.]]), 'errors': array([[0.],
       [0.],
       [0.],
       [0.],
       [0.],
       [0.],
       [0.]])}, {'weights': array([[-0.01 ,  0.008,  0.002, -0.006, -0.002,  0.007, -0.005],
       [-0.001, -0.005,  0.004,  0.003, -0.007, -0.004, -0.001],
       [-0.002, -0.006, -0.008,  0.005,  0.005, -0.002,  0.   ]]), 'deltas': array([[0.],
       [0.],
       [0.],
       [0.]]), 'outputs': array([[0.],
       [0.],
       [0.],
       [0.]]), 'errors': array([[0.],
       [0.],
       [0.],
       [0.]])}]
Training complete!
Training done. epoch: 91 , total error: 0.0009169250624661309
[{'weights': array([[ 1.13803594e+00, -4.80331884e-01, -5.83045308e-01,
        -9.77676866e-01, -5.20460355e-01, -3.66758035e-01,
        -4.79592827e-01,  4.77793094e-01,  2.47132531e+00,
        -2.56593224e+00, -1.61604998e-01, -6.45806194e-01,
         2.46332531e+00, -2.66661579e+00, -1.52109983e+00,
         8.16372195e-01, -8.85018123e-01],
       [ 1.08265863e+00, -6.21419230e-01, -3.62876049e-02,
        -1.30034408e+00, -1.06091710e+00, -3.20660073e-01,
         8.95465606e-03,  4.86230229e-01,  2.44382968e+00,
        -2.12673148e+00,  4.68344534e-01, -1.66783502e+00,
         2.43982968e+00, -2.92094953e+00, -2.66834202e+00,
         2.26306959e+00, -8.87392284e-01],
       [ 1.03489938e+00, -4.11193841e-01, -7.67333305e-01,
        -7.78520713e-01, -3.88682314e-01, -4.12184004e-01,
        -5.99752132e-01,  4.77469973e-01,  2.50989054e+00,
        -2.59662968e+00, -5.13085700e-01, -3.53323633e-01,
         2.51089054e+00, -2.48711751e+00, -1.09668208e+00,
         1.48760583e-01, -9.44148477e-01],
       [ 9.23930119e-01, -1.00375296e-01, -1.38896468e+00,
        -2.06013592e-01,  4.34090713e-01, -1.11901063e+00,
        -5.43724565e-01,  4.46221027e-01,  2.49215320e+00,
        -3.69856488e+00, -2.75034962e+00,  3.16733786e+00,
         2.50015320e+00, -2.30806199e+00,  8.56370034e-01,
        -1.83688469e+00, -7.81423450e-01],
       [ 1.07335488e+00, -3.58808222e-01, -9.92560960e-01,
        -6.80094287e-01, -1.80411315e-01, -5.33889248e-01,
        -7.01804804e-01,  4.72996775e-01,  2.51783906e+00,
        -2.72041494e+00, -7.18710071e-01, -2.18226483e-02,
         2.50983906e+00, -2.48060826e+00, -8.09721690e-01,
        -1.80617708e-01, -9.46108593e-01],
       [ 9.59220522e-01, -4.34203346e-01, -8.91597967e-01,
        -5.13563401e-01, -1.90504962e-01, -4.86783399e-01,
        -6.97956341e-01,  4.62100510e-01,  2.51042852e+00,
        -3.00298531e+00, -1.29022032e+00,  9.05632920e-01,
         2.51642852e+00, -2.39151821e+00, -2.23973291e-01,
        -8.05081204e-01, -8.83144193e-01],
       [-4.00000000e-03,  3.00000000e-03, -4.00000000e-03,
         1.00000000e-02, -4.00000000e-03, -5.00000000e-03,
        -7.00000000e-03, -7.00000000e-03,  0.00000000e+00,
        -6.00000000e-03, -6.00000000e-03, -1.00000000e-03,
         4.00000000e-03,  2.00000000e-03,  1.00000000e-03,
         7.00000000e-03,  0.00000000e+00]]), 'deltas': array([[1.17276032e-04],
       [1.03702435e-05],
       [2.56077220e-04],
       [1.09239012e-03],
       [4.43659939e-04],
       [1.72985248e-03],
       [0.00000000e+00]]), 'outputs': array([[0.01216861],
       [0.00106406],
       [0.026975  ],
       [0.87152713],
       [0.04775468],
       [0.23038191],
       [1.        ]]), 'errors': 0.009756306325034339}, {'weights': array([[ 1.61029137,  1.46239484,  1.78800995,  1.41307567,  1.76311384,
         1.75146438, -5.4293546 ],
       [-3.8127906 , -5.13618311, -3.15038752, -5.33503599, -3.18216112,
        -3.42545251,  2.08663314],
       [-0.97136425,  6.37037787, -5.36215471,  6.85766487, -5.25410448,
        -3.43733034, -1.03157293]]), 'deltas': array([[-0.00063745],
       [-0.00063716],
       [ 0.00051373]]), 'outputs': array([[0.02557688],
       [0.02557118],
       [0.97706993]]), 'errors': array([[-0.02557688],
       [-0.02557118],
       [ 0.02293007]])}]
Accuracy: 90.0 %

train_data group 4 length:  120
   0   1   2   3   4   5   6   7   8   9   10  11  12  13  14  15  16
0   1   0   0   0   0   0   1   0   1   0   0   0   1   0   0   0   0
1   0   1   0   0   0   0   0   1   1   0   0   0   1   0   0   0   0
2   1   0   0   0   0   1   0   0   1   0   0   0   1   0   0   0   0
3   1   0   0   0   0   0   1   0   1   0   0   0   1   0   0   0   0
4   1   0   0   0   0   0   1   0   1   0   0   0   1   0   0   0   0
Initial Neural Network:
[{'weights': array([[ 0.002,  0.002, -0.003,  0.009,  0.005, -0.002, -0.009, -0.005,
        -0.009, -0.008,  0.008,  0.004, -0.003,  0.01 ,  0.01 , -0.002,
         0.002],
       [ 0.01 ,  0.009,  0.008,  0.009,  0.001,  0.008,  0.006,  0.002,
         0.   ,  0.01 ,  0.01 , -0.004, -0.003, -0.01 ,  0.01 ,  0.002,
         0.009],
       [ 0.007, -0.01 ,  0.004, -0.004, -0.01 , -0.007, -0.006, -0.005,
        -0.009,  0.009,  0.006,  0.007,  0.005, -0.005, -0.002,  0.   ,
         0.01 ],
       [-0.007, -0.003, -0.006,  0.   ,  0.005, -0.004, -0.003,  0.003,
        -0.01 ,  0.005,  0.   ,  0.008, -0.005, -0.003,  0.01 ,  0.007,
         0.002],
       [-0.006,  0.003,  0.006,  0.006, -0.009, -0.009,  0.008, -0.009,
        -0.006, -0.002,  0.006, -0.007, -0.002,  0.007, -0.01 ,  0.   ,
        -0.008],
       [ 0.004,  0.005,  0.007,  0.005, -0.004,  0.01 ,  0.007,  0.003,
        -0.006, -0.003,  0.   ,  0.009,  0.008,  0.003, -0.006,  0.001,
        -0.004],
       [-0.008, -0.003,  0.005, -0.006,  0.008, -0.008, -0.002,  0.   ,
        -0.001,  0.002, -0.005, -0.001, -0.004, -0.009, -0.001, -0.004,
        -0.002]]), 'deltas': array([[0.],
       [0.],
       [0.],
       [0.],
       [0.],
       [0.],
       [0.]]), 'outputs': array([[0.],
       [0.],
       [0.],
       [0.],
       [0.],
       [0.],
       [0.]]), 'errors': array([[0.],
       [0.],
       [0.],
       [0.],
       [0.],
       [0.],
       [0.]])}, {'weights': array([[ 0.008,  0.007, -0.002, -0.004, -0.003,  0.005,  0.006],
       [ 0.002,  0.007, -0.008,  0.009, -0.01 ,  0.006,  0.   ],
       [-0.005,  0.004,  0.008,  0.01 , -0.007, -0.01 ,  0.002]]), 'deltas': array([[0.],
       [0.],
       [0.],
       [0.]]), 'outputs': array([[0.],
       [0.],
       [0.],
       [0.]]), 'errors': array([[0.],
       [0.],
       [0.],
       [0.]])}]
Training complete!
Training done. epoch: 190 , total error: 0.0008282080613057246
[{'weights': array([[ 3.25516608e-01,  9.16768127e-02, -1.34195696e-01,
        -1.34578103e+00, -8.30659431e-01, -6.41836161e-01,
         8.13935014e-02,  3.07318787e-01,  3.06493580e+00,
        -4.35433104e-01, -2.22744395e-01, -3.48454160e+00,
         3.07093580e+00,  2.29919379e-01, -2.50039388e-01,
        -4.10859909e+00, -1.07078330e+00],
       [ 4.54916498e-01,  6.01316367e-04, -2.07923260e-01,
        -1.36020781e+00, -8.86869517e-01, -6.75802022e-01,
         1.11008782e-01,  3.20049500e-01,  3.06456839e+00,
        -4.96830429e-01, -2.24052528e-01, -3.47629869e+00,
         3.06156839e+00, -1.34658438e-01, -5.64240554e-02,
        -4.02009916e+00, -1.13961326e+00],
       [ 4.69267939e-01, -1.93175067e-02, -2.26901277e-01,
        -1.37277551e+00, -9.01425612e-01, -6.88089115e-01,
         1.00006133e-01,  3.14782235e-01,  3.05614561e+00,
        -5.14012365e-01, -2.12544270e-01, -3.46331533e+00,
         3.07014561e+00, -1.69549601e-01, -3.93087360e-02,
        -4.01001363e+00, -1.13672636e+00],
       [ 4.14544415e-01,  1.26187327e-02, -1.99497487e-01,
        -1.36717387e+00, -8.74082123e-01, -6.66879586e-01,
         9.95462028e-02,  3.18907294e-01,  3.06457544e+00,
        -4.81460140e-01, -2.26725088e-01, -3.47689842e+00,
         3.06957544e+00, -5.55936460e-02, -9.42396609e-02,
        -4.03425035e+00, -1.12150821e+00],
       [ 1.51916249e-01,  4.02765486e-01,  6.48366845e-02,
        -1.32713516e+00, -5.34241829e-01, -4.86154365e-01,
        -9.67854800e-03,  2.94457999e-01,  3.01913390e+00,
        -2.26187343e-02, -1.99463625e-01, -3.52266829e+00,
         3.02313390e+00,  1.67490704e+00, -1.04282179e+00,
        -4.37683590e+00, -7.24616743e-01],
       [ 3.58470137e-01,  7.03032088e-02, -1.50168127e-01,
        -1.35137567e+00, -8.40734624e-01, -6.44473220e-01,
         9.23576280e-02,  3.15079768e-01,  3.05988912e+00,
        -4.44398210e-01, -2.28214375e-01, -3.48104698e+00,
         3.07388912e+00,  1.18276130e-01, -1.95583831e-01,
        -4.08435186e+00, -1.09777045e+00],
       [-8.00000000e-03, -3.00000000e-03,  5.00000000e-03,
        -6.00000000e-03,  8.00000000e-03, -8.00000000e-03,
        -2.00000000e-03,  0.00000000e+00, -1.00000000e-03,
         2.00000000e-03, -5.00000000e-03, -1.00000000e-03,
        -4.00000000e-03, -9.00000000e-03, -1.00000000e-03,
        -4.00000000e-03, -2.00000000e-03]]), 'deltas': array([[-0.00058062],
       [-0.00042158],
       [-0.00040513],
       [-0.00045099],
       [-0.0010915 ],
       [-0.00053029],
       [-0.        ]]), 'outputs': array([[0.14430458],
       [0.09957092],
       [0.09522591],
       [0.10745812],
       [0.6336888 ],
       [0.12956264],
       [1.        ]]), 'errors': -0.004702143325116771}, {'weights': array([[ 1.73629924,  1.79551298,  1.80899283,  1.75627543,  1.64609099,
         1.79064912, -5.75073241],
       [ 0.21553626, -3.05858247, -3.54553732, -2.33447552,  7.51554618,
        -0.68099782, -0.41212673],
       [-5.8501767 , -5.56792281, -5.49630317, -5.5873291 , -6.38977846,
        -5.76115483,  1.68946602]]), 'deltas': array([[-5.84879777e-04],
       [ 1.01029692e-03],
       [-1.27785245e-05]]), 'outputs': array([[0.02448593],
       [0.96768853],
       [0.00358112]]), 'errors': array([[-0.02448593],
       [ 0.03231147],
       [-0.00358112]])}]
Accuracy: 86.66666666666667 %

Feedforward Neural Network AVG Accuracy (%): 84.00000000000001 %
