Namespace(error_threshold=0.001, max_epochs=1000, num_layers=2, num_nodes_per_hidden_layer=14, training_rate=0.5)

train_data group 0 length:  120
   0   1   2   3   4   5   6   7   8   9   10  11  12  13  14  15  16
0   1   0   0   0   0   1   0   0   1   0   0   0   1   0   0   0   0
1   1   0   0   0   0   1   0   0   1   0   0   0   1   0   0   0   0
2   1   0   0   0   0   0   1   0   1   0   0   0   1   0   0   0   0
3   1   0   0   0   0   1   0   0   1   0   0   0   1   0   0   0   0
4   1   0   0   0   0   0   1   0   1   0   0   0   1   0   0   0   0
Initial Neural Network:
[{'weights': array([[-0.006, -0.004,  0.01 ,  0.007,  0.005,  0.   , -0.007, -0.009,
        -0.006, -0.006,  0.003,  0.006, -0.007, -0.005,  0.003, -0.006,
         0.006],
       [ 0.008,  0.006, -0.006,  0.006, -0.008, -0.008,  0.002,  0.003,
        -0.004, -0.002,  0.   , -0.001,  0.001, -0.004, -0.006, -0.004,
        -0.003],
       [ 0.007,  0.002,  0.006,  0.005, -0.007, -0.001, -0.01 , -0.001,
         0.002,  0.004, -0.009,  0.004,  0.001, -0.004, -0.009,  0.002,
        -0.005],
       [-0.007,  0.001, -0.005, -0.009,  0.008,  0.   , -0.001,  0.002,
        -0.005, -0.001,  0.   , -0.005, -0.009,  0.003,  0.001, -0.01 ,
        -0.003],
       [ 0.008, -0.007,  0.   ,  0.009,  0.005, -0.009, -0.003, -0.006,
         0.004,  0.003, -0.005, -0.007, -0.003, -0.007, -0.004, -0.005,
         0.006],
       [ 0.002,  0.008, -0.006, -0.008,  0.003,  0.004, -0.004,  0.004,
        -0.008, -0.007,  0.005, -0.01 ,  0.   ,  0.002, -0.007, -0.009,
         0.008],
       [ 0.   ,  0.   ,  0.002,  0.005,  0.002,  0.01 ,  0.009,  0.004,
        -0.003, -0.002, -0.005,  0.003,  0.002, -0.004, -0.005,  0.003,
         0.001],
       [ 0.003, -0.005, -0.008,  0.009,  0.   , -0.006, -0.004, -0.003,
        -0.005,  0.001, -0.006,  0.01 , -0.004,  0.004,  0.   , -0.008,
         0.006],
       [-0.003, -0.004,  0.008,  0.01 ,  0.007,  0.006,  0.   ,  0.   ,
        -0.006,  0.007,  0.003,  0.   ,  0.002,  0.009,  0.008, -0.007,
        -0.004],
       [ 0.003,  0.006, -0.009, -0.003, -0.008, -0.006, -0.004, -0.005,
        -0.006,  0.01 ,  0.01 ,  0.006, -0.01 , -0.008, -0.005, -0.006,
         0.004],
       [-0.004,  0.002, -0.003, -0.008,  0.01 , -0.008,  0.003,  0.01 ,
         0.009, -0.008,  0.   , -0.003,  0.009,  0.009,  0.009, -0.006,
        -0.005],
       [-0.001,  0.003,  0.003,  0.001,  0.003, -0.008, -0.002,  0.002,
        -0.005, -0.005, -0.005, -0.004,  0.01 ,  0.009,  0.007, -0.002,
        -0.009],
       [-0.002, -0.005,  0.003,  0.   ,  0.009,  0.008, -0.002,  0.004,
         0.003,  0.003,  0.003,  0.002, -0.003,  0.005,  0.005,  0.003,
        -0.006],
       [ 0.008,  0.01 , -0.001, -0.005, -0.003,  0.009, -0.005, -0.009,
         0.004, -0.009,  0.002,  0.001, -0.002, -0.003, -0.01 ,  0.008,
         0.004],
       [-0.005,  0.006,  0.001,  0.002, -0.002,  0.   , -0.009, -0.005,
        -0.003,  0.01 ,  0.009, -0.001, -0.004, -0.002, -0.008, -0.01 ,
         0.007]]), 'deltas': array([[0.],
       [0.],
       [0.],
       [0.],
       [0.],
       [0.],
       [0.],
       [0.],
       [0.],
       [0.],
       [0.],
       [0.],
       [0.],
       [0.],
       [0.]]), 'outputs': array([[0.],
       [0.],
       [0.],
       [0.],
       [0.],
       [0.],
       [0.],
       [0.],
       [0.],
       [0.],
       [0.],
       [0.],
       [0.],
       [0.],
       [0.]]), 'errors': array([[0.],
       [0.],
       [0.],
       [0.],
       [0.],
       [0.],
       [0.],
       [0.],
       [0.],
       [0.],
       [0.],
       [0.],
       [0.],
       [0.],
       [0.]])}, {'weights': array([[ 0.003, -0.005, -0.006, -0.004,  0.006,  0.004, -0.006, -0.007,
         0.007,  0.01 , -0.007, -0.004,  0.001,  0.001,  0.002],
       [ 0.005,  0.005,  0.006, -0.005, -0.005,  0.009, -0.006,  0.004,
        -0.001,  0.001,  0.006, -0.008, -0.003, -0.001,  0.001],
       [ 0.007,  0.004, -0.001,  0.006,  0.004, -0.002, -0.007, -0.008,
        -0.009,  0.001,  0.01 , -0.002, -0.004, -0.005,  0.006]]), 'deltas': array([[0.],
       [0.],
       [0.],
       [0.]]), 'outputs': array([[0.],
       [0.],
       [0.],
       [0.]]), 'errors': array([[0.],
       [0.],
       [0.],
       [0.]])}]
Training complete!
Training done. epoch: 26 , total error: 0.0003192950339795346
[{'weights': array([[-1.57026470e+00,  3.27607349e-01,  9.36510212e-01,
         7.97995622e-01, -2.20708939e-01,  7.32590158e-01,
         2.39670339e-01, -2.77703071e-01, -2.16445490e+00,
         1.63328081e+00, -4.96436103e-02,  1.06266619e+00,
        -2.16545490e+00,  1.61799732e+00,  1.09827685e+00,
        -8.09707824e-02,  4.90848488e-01],
       [-8.92581239e-01,  8.90234293e-02, -9.01727871e-02,
        -2.77058445e-01, -1.82778795e-01, -8.74363047e-01,
         1.08421848e-01, -2.47069048e-01, -1.90378673e+00,
         2.08739297e+00,  3.99248965e-02, -1.41532017e+00,
        -1.89878673e+00,  2.06661316e+00,  2.29524789e-01,
        -1.59514026e+00, -1.18778904e+00],
       [-7.81352128e-01,  1.26331414e-01, -2.19138410e-01,
        -1.77371594e-01, -1.62264402e-01, -8.12207740e-01,
         1.34610063e-01, -2.50668637e-01, -1.90275310e+00,
         2.07132428e+00, -9.05688445e-02, -1.14853305e+00,
        -1.90375310e+00,  2.08275767e+00,  6.61835552e-02,
        -1.32671884e+00, -1.07653072e+00],
       [-1.13354672e+00,  5.21442331e-01,  3.44688993e-01,
        -4.06328167e-01, -3.37522648e-01, -6.05741848e-02,
         3.62844862e-03, -2.50275180e-01, -1.92040304e+00,
         2.02742322e+00,  1.11042636e+00, -1.88219011e+00,
        -1.92440304e+00,  1.90677120e+00,  1.41066659e+00,
        -2.06177831e+00, -6.56743564e-01],
       [-8.82746048e-01,  8.39176145e-02, -1.05755901e-01,
        -2.61055846e-01, -1.67249948e-01, -8.74880164e-01,
         1.08057522e-01, -2.54567590e-01, -1.89784421e+00,
         2.08831384e+00,  2.02826795e-02, -1.39139249e+00,
        -1.90484421e+00,  2.06586774e+00,  2.07084936e-01,
        -1.56274865e+00, -1.16964018e+00],
       [-1.13263589e+00,  5.32539702e-01,  3.36654745e-01,
        -4.11312974e-01, -3.50872930e-01, -5.57191903e-02,
        -7.23523419e-03, -2.49927060e-01, -1.93011520e+00,
         2.01823073e+00,  1.12051812e+00, -1.89938806e+00,
        -1.92211520e+00,  1.89863362e+00,  1.42062265e+00,
        -2.08189549e+00, -6.62754415e-01],
       [-1.52385319e+00,  3.27207009e-01,  9.20802254e-01,
         7.78133938e-01, -2.33844421e-01,  7.24384306e-01,
         2.93437196e-01, -2.63687069e-01, -2.14124681e+00,
         1.68929121e+00,  1.16465100e-01,  8.23780513e-01,
        -2.13624681e+00,  1.65471042e+00,  9.54447200e-01,
         1.83791981e-02,  4.96290012e-01],
       [-8.00526059e-01,  9.89924394e-02, -2.52847321e-01,
        -7.73562765e-02, -1.66965314e-01, -7.93830711e-01,
         1.70029471e-01, -2.52970663e-01, -1.92473142e+00,
         2.05784663e+00, -1.21612091e-01, -1.04224033e+00,
        -1.92373142e+00,  2.06413194e+00,  3.82493385e-02,
        -1.21738707e+00, -1.02473722e+00],
       [-1.36956051e+00,  3.06571536e-01,  7.17315467e-01,
         6.97099417e-01, -2.00728365e-01,  4.45847334e-01,
         3.68843150e-01, -2.60536212e-01, -2.05133668e+00,
         1.84000935e+00,  2.88088005e-01,  2.67665238e-01,
        -2.04333668e+00,  1.77623959e+00,  1.00445415e+00,
        -3.84931156e-01,  3.36425908e-01],
       [-8.85672129e-01,  8.54084072e-02, -1.39721553e-01,
        -2.19473614e-01, -1.94416338e-01, -8.56276448e-01,
         1.26392572e-01, -2.55158675e-01, -1.91809523e+00,
         2.08735840e+00,  1.00380652e-02, -1.31576013e+00,
        -1.92209523e+00,  2.04218409e+00,  1.90578532e-01,
        -1.49612628e+00, -1.15245889e+00],
       [-1.13122364e+00,  5.26833793e-01,  3.44117045e-01,
        -4.25541326e-01, -3.42612421e-01, -6.05880383e-02,
        -9.86506922e-03, -2.44748603e-01, -1.90918017e+00,
         2.02106059e+00,  1.12854262e+00, -1.91523718e+00,
        -1.90918017e+00,  1.91613687e+00,  1.43496997e+00,
        -2.09374080e+00, -6.77814131e-01],
       [-1.10767565e+00,  4.84653642e-01,  3.88897034e-01,
        -3.72265177e-01, -2.94228621e-01, -9.95181047e-02,
         2.70381749e-02, -2.50681602e-01, -1.92098730e+00,
         2.04297499e+00,  1.06142416e+00, -1.81480200e+00,
        -1.90598730e+00,  1.94152739e+00,  1.35973712e+00,
        -1.98366736e+00, -6.21390153e-01],
       [-9.48946953e-01,  1.69974261e-02, -1.64570283e-01,
         1.17908215e-01, -1.78891204e-01, -7.69997410e-01,
         2.43007960e-01, -2.49730941e-01, -1.95466839e+00,
         2.03949419e+00, -1.41296377e-01, -9.07141020e-01,
        -1.96066839e+00,  1.98835717e+00,  7.72377544e-02,
        -1.06953813e+00, -9.80611595e-01],
       [-8.15515237e-01,  8.73213435e-02, -2.38710868e-01,
        -5.38451716e-02, -1.76829416e-01, -7.78948269e-01,
         1.74970680e-01, -2.59942929e-01, -1.92903277e+00,
         2.04712306e+00, -1.33344269e-01, -1.01949596e+00,
        -1.93503277e+00,  2.04274767e+00,  4.06886272e-02,
        -1.18815346e+00, -1.02874993e+00],
       [-5.00000000e-03,  6.00000000e-03,  1.00000000e-03,
         2.00000000e-03, -2.00000000e-03,  0.00000000e+00,
        -9.00000000e-03, -5.00000000e-03, -3.00000000e-03,
         1.00000000e-02,  9.00000000e-03, -1.00000000e-03,
        -4.00000000e-03, -2.00000000e-03, -8.00000000e-03,
        -1.00000000e-02,  7.00000000e-03]]), 'deltas': array([[0.00027434],
       [0.00063002],
       [0.00061632],
       [0.00020071],
       [0.000628  ],
       [0.00020179],
       [0.00023423],
       [0.00062387],
       [0.00020727],
       [0.00063833],
       [0.00019956],
       [0.00019601],
       [0.00065827],
       [0.00063824],
       [0.        ]]), 'outputs': array([[0.89710047],
       [0.69496153],
       [0.70644583],
       [0.92716074],
       [0.6966948 ],
       [0.9267333 ],
       [0.91374492],
       [0.70019993],
       [0.92456685],
       [0.68765083],
       [0.927613  ],
       [0.92900445],
       [0.66883258],
       [0.68773465],
       [1.        ]]), 'errors': 0.0029719400822523744}, {'weights': array([[-2.42759052, -1.19232807, -1.2493417 , -1.22338886, -1.19335842,
        -1.20980614, -2.17056451, -1.32236538, -1.72255357, -1.26798515,
        -1.17688371, -1.20848893, -1.44473453, -1.34468923,  2.82763998],
       [ 0.30859793,  0.73551834,  0.64580243,  1.23547711,  0.72134897,
         1.28941366,  0.32725513,  0.60476009,  0.50683887,  0.69428068,
         1.29732755,  1.05267589,  0.44610068,  0.54638029, -4.08734271],
       [ 3.20385424, -0.93255791, -0.61202941, -1.27272276, -0.8803702 ,
        -1.3257084 ,  2.18216179, -0.27409457,  0.88422021, -0.51302947,
        -1.48961846, -1.15809784,  0.41428904, -0.05139463, -2.57976159]]), 'deltas': array([[-1.45650787e-12],
       [ 1.14041094e-04],
       [-5.11339980e-04]]), 'outputs': array([[1.20685941e-06],
       [9.89263203e-01],
       [2.28759972e-02]]), 'errors': array([[-1.20685941e-06],
       [ 1.07367974e-02],
       [-2.28759972e-02]])}]
neural_net output [0.93905795 0.01719352 0.07121   ]
target: 0 prediction: 0
neural_net output [0.92803678 0.01864059 0.07384815]
target: 0 prediction: 0
neural_net output [0.93928108 0.0170542  0.07301136]
target: 0 prediction: 0
neural_net output [0.93905795 0.01719352 0.07121   ]
target: 0 prediction: 0
neural_net output [0.93905795 0.01719352 0.07121   ]
target: 0 prediction: 0
neural_net output [0.93905795 0.01719352 0.07121   ]
target: 0 prediction: 0
neural_net output [0.92803678 0.01864059 0.07384815]
target: 0 prediction: 0
neural_net output [0.93905795 0.01719352 0.07121   ]
target: 0 prediction: 0
neural_net output [0.92803678 0.01864059 0.07384815]
target: 0 prediction: 0
neural_net output [0.91709274 0.01963248 0.07895571]
target: 0 prediction: 0
neural_net output [1.62034310e-04 8.85734474e-01 1.24119808e-01]
target: 1 prediction: 1
neural_net output [1.62034310e-04 8.85734474e-01 1.24119808e-01]
target: 1 prediction: 1
neural_net output [1.26366011e-04 9.07700091e-01 6.32321983e-02]
target: 1 prediction: 1
neural_net output [1.62034310e-04 8.85734474e-01 1.24119808e-01]
target: 1 prediction: 1
neural_net output [1.87448895e-04 8.68025550e-01 1.66157679e-01]
target: 1 prediction: 1
neural_net output [1.87448895e-04 8.68025550e-01 1.66157679e-01]
target: 1 prediction: 1
neural_net output [5.56644406e-05 9.26224515e-01 1.01254269e-01]
target: 1 prediction: 1
neural_net output [1.62034310e-04 8.85734474e-01 1.24119808e-01]
target: 1 prediction: 1
neural_net output [1.62034310e-04 8.85734474e-01 1.24119808e-01]
target: 1 prediction: 1
neural_net output [1.62034310e-04 8.85734474e-01 1.24119808e-01]
target: 1 prediction: 1
neural_net output [0.00581255 0.21697049 0.81375303]
target: 2 prediction: 2
neural_net output [0.01060788 0.12133628 0.92960084]
target: 2 prediction: 2
neural_net output [0.04151023 0.05157299 0.95326364]
target: 2 prediction: 2
neural_net output [1.62034310e-04 8.85734474e-01 1.24119808e-01]
target: 2 prediction: 1
neural_net output [0.0187259  0.12368641 0.85443925]
target: 2 prediction: 2
neural_net output [0.04512621 0.04736891 0.96055171]
target: 2 prediction: 2
neural_net output [0.04280382 0.04899853 0.9604219 ]
target: 2 prediction: 2
neural_net output [0.04363506 0.04994981 0.95301265]
target: 2 prediction: 2
neural_net output [0.0236813  0.1343513  0.75855822]
target: 2 prediction: 2
neural_net output [1.26366011e-04 9.07700091e-01 6.32321983e-02]
target: 2 prediction: 1
Accuracy: 93.33333333333333 %

train_data group 1 length:  120
   0   1   2   3   4   5   6   7   8   9   10  11  12  13  14  15  16
0   1   0   0   0   0   0   1   0   1   0   0   0   1   0   0   0   0
1   0   1   0   0   0   0   0   1   1   0   0   0   1   0   0   0   0
2   1   0   0   0   0   1   0   0   1   0   0   0   1   0   0   0   0
3   1   0   0   0   0   0   1   0   1   0   0   0   1   0   0   0   0
4   1   0   0   0   0   0   1   0   1   0   0   0   1   0   0   0   0
Initial Neural Network:
[{'weights': array([[ 0.01 , -0.002,  0.01 , -0.003,  0.001, -0.008, -0.005, -0.007,
        -0.001, -0.005,  0.007, -0.006,  0.001, -0.009,  0.008, -0.003,
         0.01 ],
       [-0.008, -0.001,  0.002, -0.003, -0.007, -0.006,  0.001,  0.001,
        -0.008, -0.01 , -0.003,  0.006, -0.007, -0.008,  0.003,  0.003,
         0.004],
       [-0.002,  0.006,  0.003,  0.007, -0.003,  0.008,  0.01 , -0.009,
         0.004, -0.008, -0.003,  0.009,  0.003, -0.004, -0.007, -0.002,
         0.007],
       [-0.009, -0.001, -0.002, -0.002,  0.008,  0.009,  0.006,  0.003,
        -0.004,  0.005,  0.   , -0.01 ,  0.001,  0.007, -0.01 ,  0.005,
        -0.001],
       [ 0.   , -0.005, -0.009, -0.002,  0.007,  0.   ,  0.01 , -0.009,
        -0.009, -0.002,  0.   ,  0.004, -0.004,  0.001,  0.001, -0.009,
         0.002],
       [ 0.003, -0.008, -0.001, -0.008,  0.004, -0.002,  0.005,  0.   ,
        -0.007, -0.004,  0.004, -0.006,  0.   , -0.005,  0.006, -0.008,
        -0.005],
       [ 0.   ,  0.001, -0.007, -0.004,  0.002, -0.009, -0.009, -0.009,
        -0.007,  0.008, -0.006, -0.008, -0.006,  0.001,  0.001,  0.009,
         0.   ],
       [ 0.002,  0.01 ,  0.009, -0.002,  0.009, -0.008, -0.01 ,  0.008,
        -0.002, -0.005,  0.002,  0.006, -0.005, -0.009, -0.002,  0.   ,
        -0.008],
       [ 0.007,  0.   ,  0.004,  0.009, -0.009, -0.01 ,  0.005, -0.01 ,
         0.001,  0.003, -0.008,  0.009, -0.009,  0.004,  0.009,  0.001,
        -0.009],
       [ 0.002,  0.01 , -0.01 ,  0.006, -0.001,  0.006,  0.009,  0.006,
        -0.003,  0.   ,  0.   , -0.005, -0.006, -0.009,  0.01 , -0.009,
         0.006],
       [-0.01 , -0.005,  0.003,  0.007,  0.004, -0.004, -0.005, -0.003,
         0.006,  0.003,  0.009, -0.008,  0.008,  0.004, -0.003, -0.01 ,
         0.007],
       [-0.006,  0.009, -0.003, -0.007, -0.007,  0.003,  0.01 ,  0.009,
         0.01 ,  0.005,  0.01 ,  0.004,  0.004, -0.007, -0.002,  0.006,
         0.001],
       [-0.01 , -0.005, -0.006,  0.007,  0.01 ,  0.004,  0.01 ,  0.   ,
        -0.006,  0.007,  0.007,  0.01 , -0.005, -0.005,  0.002, -0.003,
         0.007],
       [-0.008,  0.005,  0.007, -0.008,  0.001,  0.001,  0.004, -0.004,
        -0.009,  0.   , -0.009,  0.005, -0.006, -0.006, -0.004,  0.005,
        -0.005],
       [-0.004,  0.005,  0.009, -0.003, -0.003, -0.006,  0.006,  0.002,
         0.004, -0.004,  0.005, -0.008,  0.002,  0.008,  0.009,  0.   ,
        -0.01 ]]), 'deltas': array([[0.],
       [0.],
       [0.],
       [0.],
       [0.],
       [0.],
       [0.],
       [0.],
       [0.],
       [0.],
       [0.],
       [0.],
       [0.],
       [0.],
       [0.]]), 'outputs': array([[0.],
       [0.],
       [0.],
       [0.],
       [0.],
       [0.],
       [0.],
       [0.],
       [0.],
       [0.],
       [0.],
       [0.],
       [0.],
       [0.],
       [0.]]), 'errors': array([[0.],
       [0.],
       [0.],
       [0.],
       [0.],
       [0.],
       [0.],
       [0.],
       [0.],
       [0.],
       [0.],
       [0.],
       [0.],
       [0.],
       [0.]])}, {'weights': array([[ 0.009, -0.008,  0.006,  0.001, -0.008, -0.002, -0.007, -0.004,
        -0.005,  0.005, -0.002, -0.006,  0.001,  0.01 ,  0.008],
       [ 0.009, -0.002,  0.009, -0.003,  0.009, -0.002,  0.   ,  0.001,
        -0.007, -0.006, -0.009, -0.009,  0.006,  0.003, -0.009],
       [-0.003, -0.004,  0.003,  0.007, -0.001, -0.008,  0.006,  0.006,
        -0.005, -0.001,  0.007,  0.008,  0.002,  0.009, -0.001]]), 'deltas': array([[0.],
       [0.],
       [0.],
       [0.]]), 'outputs': array([[0.],
       [0.],
       [0.],
       [0.]]), 'errors': array([[0.],
       [0.],
       [0.],
       [0.]])}]
Training complete!
Training done. epoch: 78 , total error: 0.0009967211277779715
[{'weights': array([[ 9.10793712e-01, -9.36903222e-01, -1.21948545e+00,
         8.07007473e-01,  1.81046750e-01, -2.53426617e-01,
        -6.81192118e-02, -3.32088410e-01, -2.65339591e+00,
        -1.99472451e+00,  6.43243886e-01,  3.54628904e+00,
        -2.65139591e+00, -1.57326256e+00,  5.84090412e-02,
         3.70966193e+00, -4.43587489e-01],
       [ 4.04418899e-01, -4.52620832e-01, -1.10608424e+00,
         8.02840186e-01,  1.62462582e-01,  5.44127927e-02,
        -2.41948677e-01, -3.27372686e-01, -2.56533331e+00,
        -1.37377099e+00,  9.93300177e-02,  3.48332829e+00,
        -2.56433331e+00, -1.19279482e+00, -2.27894576e-01,
         3.63457671e+00, -3.37445988e-01],
       [-6.83686221e-01,  3.63175672e-01, -7.07937508e-01,
         8.04335078e-01, -2.50866533e-02,  5.72829759e-01,
        -4.29746163e-01, -3.50109922e-01, -2.50343268e+00,
        -1.59991250e-01, -9.60446343e-01,  3.38775729e+00,
        -2.50443268e+00, -4.87115909e-01, -7.99090172e-01,
         3.54252578e+00, -2.31112979e-01],
       [-8.49318634e-01,  1.82201021e+00, -1.55673761e+00,
         7.82697447e-01,  2.55408501e-01,  1.27054457e+00,
        -9.18280370e-01, -3.69021285e-01, -2.61432832e+00,
         1.66365459e-01, -6.25299535e-01,  3.27691381e+00,
        -2.60932832e+00,  2.60053159e-01, -8.56850917e-01,
         3.42177749e+00,  2.11651412e-01],
       [ 7.47906583e-01, -7.36136377e-01, -1.22599802e+00,
         8.02430642e-01,  2.41707613e-01, -1.10059766e-01,
        -1.87322577e-01, -3.32122439e-01, -2.62037713e+00,
        -1.68745401e+00,  3.86865544e-01,  3.51816842e+00,
        -2.61537713e+00, -1.36396749e+00, -9.24703248e-02,
         3.66501778e+00, -3.93797169e-01],
       [ 8.01647372e-01, -8.07415336e-01, -1.21630349e+00,
         8.02538393e-01,  2.34233709e-01, -1.64723806e-01,
        -1.43778537e-01, -3.24264423e-01, -2.62907868e+00,
        -1.77146821e+00,  4.56697658e-01,  3.52531618e+00,
        -2.62207868e+00, -1.41519429e+00, -5.46672500e-02,
         3.67940716e+00, -4.10533058e-01],
       [ 3.38441332e-01, -3.97512456e-01, -1.08932624e+00,
         8.03630533e-01,  1.57963663e-01,  9.28712746e-02,
        -2.74381797e-01, -3.36219970e-01, -2.55841865e+00,
        -1.29460592e+00,  3.02857044e-02,  3.47497204e+00,
        -2.55741865e+00, -1.14947358e+00, -2.61515216e-01,
         3.63864063e+00, -3.34766831e-01],
       [ 7.26639367e-01, -7.07292322e-01, -1.19127273e+00,
         8.08301470e-01,  2.42977801e-01, -1.11977045e-01,
        -1.93026330e-01, -3.21598638e-01, -2.60579662e+00,
        -1.64602252e+00,  3.52529195e-01,  3.51766573e+00,
        -2.60879662e+00, -1.34441778e+00, -1.12731349e-01,
         3.66732154e+00, -3.90624212e-01],
       [-2.19282278e-01, -4.11928129e-02, -8.60499500e-01,
         8.13401063e-01, -3.88780008e-02,  3.21710702e-01,
        -2.96250089e-01, -3.38156141e-01, -2.50281300e+00,
        -8.93693586e-01, -3.74527058e-01,  3.44846011e+00,
        -2.51281300e+00, -9.41188068e-01, -4.75147632e-01,
         3.60657517e+00, -3.36573528e-01],
       [ 8.34772167e-01, -6.48954968e-01, -1.43616826e+00,
         7.92827813e-01,  1.15096229e-01,  2.06195860e-02,
        -2.58104178e-01, -3.23134883e-01, -2.63870640e+00,
        -1.97224976e+00,  6.26763489e-01,  3.51066942e+00,
        -2.64170640e+00, -1.59589540e+00,  1.09735573e-01,
         3.64834298e+00, -4.59523246e-01],
       [ 3.34559466e-01, -4.05510670e-01, -1.09088729e+00,
         8.12696381e-01,  1.50003614e-01,  9.16315015e-02,
        -2.60826478e-01, -3.32950754e-01, -2.55545964e+00,
        -1.30493813e+00,  4.92933977e-02,  3.47696225e+00,
        -2.55345964e+00, -1.16015079e+00, -2.57798722e-01,
         3.62626703e+00, -3.37142117e-01],
       [ 6.89913313e-02, -2.14124310e-01, -1.00927443e+00,
         7.98240283e-01,  4.54169315e-02,  2.31465887e-01,
        -2.86647484e-01, -3.24402464e-01, -2.52572935e+00,
        -1.13970626e+00, -1.25389981e-01,  3.47065847e+00,
        -2.53172935e+00, -1.08423875e+00, -3.45980742e-01,
         3.61378172e+00, -3.48167129e-01],
       [ 8.40964475e-01, -8.36781699e-01, -1.26180033e+00,
         8.06863048e-01,  2.24594879e-01, -1.61019734e-01,
        -1.50905485e-01, -3.25424167e-01, -2.63608210e+00,
        -1.83864116e+00,  5.17604441e-01,  3.53836431e+00,
        -2.63508210e+00, -1.47024033e+00, -2.58372803e-02,
         3.68340520e+00, -4.29754507e-01],
       [-8.48436742e-01,  1.08131785e+00, -1.01467388e+00,
         7.86949800e-01, -4.55437543e-02,  1.06404083e+00,
        -6.50851188e-01, -3.56488864e-01, -2.53764471e+00,
         1.56185040e-01, -9.59288227e-01,  3.33690492e+00,
        -2.53464471e+00, -1.59102018e-01, -7.92634156e-01,
         3.48453791e+00,  4.15702483e-03],
       [-4.00000000e-03,  5.00000000e-03,  9.00000000e-03,
        -3.00000000e-03, -3.00000000e-03, -6.00000000e-03,
         6.00000000e-03,  2.00000000e-03,  4.00000000e-03,
        -4.00000000e-03,  5.00000000e-03, -8.00000000e-03,
         2.00000000e-03,  8.00000000e-03,  9.00000000e-03,
         0.00000000e+00, -1.00000000e-02]]), 'deltas': array([[2.28958375e-05],
       [2.50914003e-05],
       [2.20764610e-05],
       [6.70132772e-05],
       [2.65327984e-05],
       [2.50495919e-05],
       [2.55251107e-05],
       [2.56538012e-05],
       [2.20715157e-05],
       [3.82878132e-05],
       [2.55444579e-05],
       [2.48950347e-05],
       [2.64477336e-05],
       [3.28572256e-05],
       [0.00000000e+00]]), 'outputs': array([[0.99602878],
       [0.99564629],
       [0.99617144],
       [0.98828565],
       [0.99539502],
       [0.99565357],
       [0.9955707 ],
       [0.99554827],
       [0.9961723 ],
       [0.99334111],
       [0.99556733],
       [0.99568051],
       [0.99540986],
       [0.99429104],
       [1.        ]]), 'errors': 0.00578842184414446}, {'weights': array([[-2.71114458, -2.67337881, -2.80899876, -3.0950108 , -2.69977893,
        -2.67326718, -2.6806443 , -2.6623773 , -2.67612931, -2.845619  ,
        -2.67565552, -2.68738324, -2.73650652, -2.94862836,  2.72685882],
       [ 0.22119692, -1.54259423, -0.38020557,  3.84924997, -0.56341146,
        -0.68072415, -1.33637017, -1.19466711, -1.87356589,  2.99572777,
        -1.26278396, -1.36613636,  0.05687081,  1.41742542, -1.38762492],
       [ 1.08594794,  0.7413504 ,  0.23246669,  0.21584348,  0.88071668,
         0.91564672,  0.67710974,  0.89034743,  0.5351771 ,  1.04428196,
         0.64292123,  0.61469683,  1.00829011,  0.00920943, -3.13313898]]), 'deltas': array([[-1.08687552e-31],
       [-1.90140104e-03],
       [ 3.25013629e-06]]), 'outputs': array([[3.29677951e-16],
       [4.46115035e-02],
       [9.98195558e-01]]), 'errors': array([[-3.29677951e-16],
       [-4.46115035e-02],
       [ 1.80444218e-03]])}]
Accuracy: 96.66666666666667 %

train_data group 2 length:  120
   0   1   2   3   4   5   6   7   8   9   10  11  12  13  14  15  16
0   1   0   0   0   0   0   1   0   1   0   0   0   1   0   0   0   0
1   0   1   0   0   0   0   0   1   1   0   0   0   1   0   0   0   0
2   1   0   0   0   0   1   0   0   1   0   0   0   1   0   0   0   0
3   1   0   0   0   0   0   1   0   1   0   0   0   1   0   0   0   0
4   1   0   0   0   0   0   1   0   1   0   0   0   1   0   0   0   0
Initial Neural Network:
[{'weights': array([[ 0.003,  0.007,  0.009,  0.009,  0.007,  0.   ,  0.01 ,  0.006,
         0.005,  0.001,  0.01 ,  0.004,  0.006,  0.004, -0.007, -0.004,
         0.007],
       [ 0.   ,  0.009, -0.005, -0.008,  0.004,  0.   ,  0.   ,  0.006,
        -0.002, -0.01 ,  0.001, -0.001, -0.002,  0.002,  0.003,  0.003,
        -0.003],
       [-0.009, -0.003,  0.007,  0.006, -0.01 , -0.01 , -0.004, -0.006,
         0.001,  0.004, -0.004, -0.005,  0.008, -0.005, -0.005,  0.008,
         0.008],
       [-0.003,  0.003,  0.004, -0.01 ,  0.005,  0.004,  0.002, -0.01 ,
        -0.005, -0.01 ,  0.003, -0.01 ,  0.003,  0.001,  0.007,  0.009,
        -0.006],
       [-0.007,  0.002, -0.006,  0.009,  0.001,  0.   ,  0.003,  0.002,
        -0.008, -0.008,  0.01 , -0.003,  0.001, -0.003,  0.   , -0.004,
         0.   ],
       [ 0.007, -0.009,  0.004,  0.009,  0.007,  0.008,  0.001, -0.007,
        -0.01 , -0.004, -0.008, -0.006,  0.008,  0.002,  0.004,  0.   ,
        -0.006],
       [ 0.004, -0.003,  0.008,  0.008,  0.008,  0.007,  0.005,  0.007,
        -0.005,  0.006, -0.002,  0.006,  0.009, -0.001,  0.004, -0.01 ,
         0.008],
       [ 0.004, -0.002,  0.005,  0.001,  0.006,  0.008,  0.002, -0.006,
         0.002, -0.003, -0.005,  0.002, -0.007, -0.003, -0.009,  0.001,
        -0.003],
       [ 0.002, -0.007, -0.002,  0.008, -0.006,  0.   ,  0.004,  0.001,
         0.008,  0.003, -0.006, -0.006, -0.001, -0.002,  0.009,  0.003,
        -0.009],
       [ 0.003,  0.008,  0.006, -0.008,  0.009, -0.004, -0.002,  0.   ,
        -0.008,  0.001, -0.006,  0.006, -0.009,  0.01 , -0.009, -0.004,
        -0.001],
       [-0.009,  0.006,  0.006,  0.006,  0.008, -0.009,  0.01 , -0.006,
         0.002, -0.005, -0.005,  0.   , -0.004,  0.008,  0.01 , -0.01 ,
        -0.01 ],
       [ 0.007,  0.001, -0.008,  0.002,  0.005,  0.009,  0.   ,  0.006,
         0.007, -0.009, -0.009, -0.009,  0.004,  0.008, -0.005,  0.002,
         0.007],
       [ 0.004,  0.004, -0.01 , -0.001, -0.002,  0.004, -0.007, -0.001,
         0.006, -0.005, -0.006,  0.008, -0.008,  0.007,  0.001, -0.002,
         0.003],
       [-0.006,  0.009,  0.003,  0.009,  0.004,  0.007, -0.003, -0.008,
        -0.008, -0.006, -0.004,  0.002,  0.003,  0.007, -0.004,  0.01 ,
        -0.001],
       [ 0.007, -0.01 , -0.008,  0.004,  0.01 ,  0.009, -0.008,  0.002,
        -0.002,  0.01 , -0.01 ,  0.009, -0.007,  0.007,  0.006,  0.01 ,
        -0.001]]), 'deltas': array([[0.],
       [0.],
       [0.],
       [0.],
       [0.],
       [0.],
       [0.],
       [0.],
       [0.],
       [0.],
       [0.],
       [0.],
       [0.],
       [0.],
       [0.]]), 'outputs': array([[0.],
       [0.],
       [0.],
       [0.],
       [0.],
       [0.],
       [0.],
       [0.],
       [0.],
       [0.],
       [0.],
       [0.],
       [0.],
       [0.],
       [0.]]), 'errors': array([[0.],
       [0.],
       [0.],
       [0.],
       [0.],
       [0.],
       [0.],
       [0.],
       [0.],
       [0.],
       [0.],
       [0.],
       [0.],
       [0.],
       [0.]])}, {'weights': array([[ 0.004, -0.005, -0.009, -0.007,  0.009,  0.008, -0.003, -0.001,
         0.006,  0.005, -0.007,  0.007,  0.004,  0.007, -0.002],
       [ 0.007, -0.007, -0.001,  0.006,  0.003, -0.002,  0.007,  0.003,
        -0.005,  0.01 ,  0.006, -0.003,  0.006, -0.003,  0.005],
       [ 0.009,  0.005,  0.002,  0.001,  0.002,  0.006, -0.003,  0.004,
        -0.005,  0.007,  0.003, -0.007,  0.01 , -0.001,  0.001]]), 'deltas': array([[0.],
       [0.],
       [0.],
       [0.]]), 'outputs': array([[0.],
       [0.],
       [0.],
       [0.]]), 'errors': array([[0.],
       [0.],
       [0.],
       [0.]])}]
Training complete!
Training done. epoch: 46 , total error: 8.178452890090205e-05
[{'weights': array([[ 4.07844073e-01, -9.89895945e-01, -6.93208612e-01,
         6.49049582e-01,  6.77398626e-01, -7.56743390e-02,
        -8.25122814e-01, -4.07812375e-01, -2.23006046e+00,
        -1.29632106e+00, -1.21813506e-02,  2.90435197e+00,
        -2.22906046e+00, -1.30580037e+00, -1.68087146e-01,
         3.04773708e+00, -6.47210902e-01],
       [-4.48904057e-01,  4.92265564e-01, -3.74324708e-01,
         6.18447936e-01,  1.18070674e+00,  3.89419385e-01,
        -8.48302847e-01, -4.20338544e-01, -2.30986282e+00,
        -1.18047205e+00,  1.02409957e+00,  2.74572004e+00,
        -2.30986282e+00, -1.02186084e+00,  7.49922072e-01,
         2.87928632e+00,  2.88484735e-01],
       [-1.31791497e-03, -7.19726448e-01, -5.24036287e-01,
         6.54975081e-01,  5.23282217e-01,  1.60854329e-02,
        -7.41546979e-01, -4.18926240e-01, -2.19689861e+00,
        -9.54418243e-01, -3.58742117e-01,  2.91495340e+00,
        -2.18989861e+00, -1.01691090e+00, -4.47455301e-01,
         3.06915924e+00, -5.83105569e-01],
       [-3.51138085e-01,  3.65318213e-01, -4.28535250e-01,
         6.19324922e-01,  1.07534008e+00,  4.25972155e-01,
        -8.59656441e-01, -4.29685989e-01, -2.30204701e+00,
        -1.28778948e+00,  1.01988180e+00,  2.75892449e+00,
        -2.29404701e+00, -1.16135134e+00,  7.84390506e-01,
         2.90197765e+00,  2.04969800e-01],
       [-1.35333943e+00,  1.39047291e+00, -1.20141521e-01,
         6.06705427e-01,  1.48325361e+00,  1.45735614e-01,
        -6.19854157e-01, -4.77437680e-01, -2.48962800e+00,
        -8.42859590e-01,  1.34151415e+00,  2.50767083e+00,
        -2.48062800e+00, -1.83340733e-01,  5.65660097e-01,
         2.61800603e+00,  5.25697392e-01],
       [ 3.29918043e-01, -9.68802318e-01, -6.33774230e-01,
         6.52616602e-01,  6.51605211e-01, -6.47495076e-02,
        -7.94811737e-01, -4.14085869e-01, -2.22645235e+00,
        -1.21817713e+00, -1.19067442e-01,  2.90465502e+00,
        -2.20845235e+00, -1.22904013e+00, -2.47746764e-01,
         3.06819734e+00, -6.37041903e-01],
       [ 4.03568444e-01, -9.96553243e-01, -6.89402466e-01,
         6.47591085e-01,  6.88691911e-01, -8.14338134e-02,
        -8.26839912e-01, -4.05214365e-01, -2.23658214e+00,
        -1.29240582e+00, -2.00430181e-02,  2.90223480e+00,
        -2.22258214e+00, -1.30871345e+00, -1.68764998e-01,
         3.05026441e+00, -6.43796179e-01],
       [ 2.26852579e-01, -8.89887064e-01, -5.94035330e-01,
         6.47212585e-01,  6.06053184e-01, -3.18789512e-02,
        -7.67599642e-01, -4.14431821e-01, -2.20697299e+00,
        -1.12997238e+00, -1.99897475e-01,  2.91498562e+00,
        -2.21597299e+00, -1.15895473e+00, -3.25047023e-01,
         3.06411751e+00, -6.20857230e-01],
       [ 2.40294390e-01, -9.05498639e-01, -6.03835106e-01,
         6.52976989e-01,  6.05696887e-01, -4.26909031e-02,
        -7.71728145e-01, -4.09340205e-01, -2.20357253e+00,
        -1.14086152e+00, -1.84526145e-01,  2.91089783e+00,
        -2.21257253e+00, -1.16373010e+00, -3.03669516e-01,
         3.07190979e+00, -6.26062365e-01],
       [ 3.27757268e-01, -9.47752530e-01, -6.38928278e-01,
         6.37367817e-01,  6.47988857e-01, -6.56791582e-02,
        -7.98989713e-01, -4.10875709e-01, -2.22319479e+00,
        -1.20782128e+00, -1.17437889e-01,  2.91089823e+00,
        -2.22419479e+00, -1.22720323e+00, -2.49779266e-01,
         3.05862156e+00, -6.31555723e-01],
       [ 3.73013994e-01, -9.77640354e-01, -6.69395703e-01,
         6.47557888e-01,  6.62938612e-01, -7.09470316e-02,
        -8.08342442e-01, -4.16113314e-01, -2.21922646e+00,
        -1.26211653e+00, -6.40265125e-02,  2.90190532e+00,
        -2.22522646e+00, -1.26477949e+00, -1.97555593e-01,
         3.05609736e+00, -6.45464175e-01],
       [ 2.51802642e-01, -9.10755740e-01, -6.13376263e-01,
         6.46803713e-01,  6.12276780e-01, -3.69597700e-02,
        -7.75779815e-01, -4.07062843e-01, -2.21354375e+00,
        -1.16001228e+00, -1.81103596e-01,  2.90713398e+00,
        -2.21654375e+00, -1.16882658e+00, -2.99806855e-01,
         3.06665154e+00, -6.20525647e-01],
       [ 3.92456586e-01, -9.69062387e-01, -7.03392799e-01,
         6.37564218e-01,  6.62278905e-01, -6.46938505e-02,
        -8.29730465e-01, -4.13288972e-01, -2.22389556e+00,
        -1.29305550e+00, -2.42059503e-02,  2.90472263e+00,
        -2.23789556e+00, -1.28606903e+00, -1.67740324e-01,
         3.05027053e+00, -6.36434383e-01],
       [ 3.20270427e-01, -9.38177153e-01, -6.50239063e-01,
         6.49260755e-01,  6.29908406e-01, -5.05838531e-02,
        -7.94320373e-01, -4.18889213e-01, -2.22569222e+00,
        -1.21386526e+00, -1.16071779e-01,  2.90574422e+00,
        -2.21469222e+00, -1.21738571e+00, -2.46124084e-01,
         3.06031698e+00, -6.34885033e-01],
       [ 7.00000000e-03, -1.00000000e-02, -8.00000000e-03,
         4.00000000e-03,  1.00000000e-02,  9.00000000e-03,
        -8.00000000e-03,  2.00000000e-03, -2.00000000e-03,
         1.00000000e-02, -1.00000000e-02,  9.00000000e-03,
        -7.00000000e-03,  7.00000000e-03,  6.00000000e-03,
         1.00000000e-02, -1.00000000e-03]]), 'deltas': array([[4.44282527e-06],
       [2.56376310e-06],
       [3.69749199e-06],
       [2.71601791e-06],
       [2.68202518e-06],
       [4.16709287e-06],
       [4.43997544e-06],
       [3.98864930e-06],
       [3.98811558e-06],
       [4.23888212e-06],
       [4.34318709e-06],
       [4.04258137e-06],
       [4.45342944e-06],
       [4.19810984e-06],
       [0.00000000e+00]]), 'outputs': array([[0.99411118],
       [0.99661034],
       [0.99510399],
       [0.99640831],
       [0.99645342],
       [0.9944787 ],
       [0.99411498],
       [0.99471639],
       [0.9947171 ],
       [0.99438304],
       [0.99424402],
       [0.99464457],
       [0.99409704],
       [0.99443737],
       [1.        ]]), 'errors': 0.0007589202912607676}, {'weights': array([[-2.00935887, -2.18242323, -1.9605222 , -2.16260812, -2.9911052 ,
        -1.97461315, -2.02155607, -1.97639911, -1.95246542, -2.01190021,
        -2.01865606, -1.95094432, -2.01445617, -2.01917712,  2.81872536],
       [-0.35370939,  0.23370153, -1.26291342,  0.20288726,  4.42408633,
        -0.80696611, -0.38867153, -0.98257067, -0.95598006, -0.59086656,
        -0.44945832, -0.8834462 , -0.33351603, -0.5554453 , -2.30036576],
       [ 0.54718992,  0.54672891,  0.60158331,  0.5316572 ,  0.8053405 ,
         0.5916285 ,  0.54463223,  0.60580648,  0.57866582,  0.56895751,
         0.54679429,  0.55942656,  0.54985349,  0.57972947, -3.59950215]]), 'deltas': array([[-1.49039745e-23],
       [-4.63690694e-05],
       [ 1.15617357e-04]]), 'outputs': array([[3.86056661e-12],
       [6.83286784e-03],
       [9.89188850e-01]]), 'errors': array([[-3.86056661e-12],
       [-6.83286784e-03],
       [ 1.08111505e-02]])}]
Accuracy: 96.66666666666667 %

train_data group 3 length:  120
   0   1   2   3   4   5   6   7   8   9   10  11  12  13  14  15  16
0   1   0   0   0   0   0   1   0   1   0   0   0   1   0   0   0   0
1   0   1   0   0   0   0   0   1   1   0   0   0   1   0   0   0   0
2   1   0   0   0   0   1   0   0   1   0   0   0   1   0   0   0   0
3   1   0   0   0   0   0   1   0   1   0   0   0   1   0   0   0   0
4   1   0   0   0   0   0   1   0   1   0   0   0   1   0   0   0   0
Initial Neural Network:
[{'weights': array([[ 0.003,  0.009, -0.001,  0.001,  0.004, -0.007, -0.003, -0.01 ,
         0.01 , -0.003,  0.006,  0.003, -0.009,  0.007,  0.002,  0.004,
         0.007],
       [-0.006, -0.007,  0.01 ,  0.005,  0.006,  0.005,  0.007, -0.001,
        -0.01 ,  0.006, -0.004, -0.002,  0.007, -0.006,  0.001, -0.002,
        -0.002],
       [-0.009, -0.002, -0.003,  0.   , -0.005, -0.004,  0.001,  0.009,
        -0.002,  0.   ,  0.004,  0.001, -0.009,  0.003, -0.004, -0.003,
         0.   ],
       [ 0.004,  0.009, -0.009,  0.009,  0.006, -0.009,  0.005,  0.01 ,
         0.009,  0.007, -0.009, -0.008,  0.01 ,  0.002,  0.003, -0.001,
         0.   ],
       [ 0.001, -0.01 ,  0.   ,  0.01 , -0.007, -0.009,  0.004,  0.01 ,
         0.001,  0.009, -0.002,  0.006, -0.003,  0.007,  0.002,  0.006,
        -0.004],
       [-0.009, -0.001, -0.006, -0.005, -0.004, -0.005,  0.   ,  0.004,
        -0.005, -0.003, -0.002, -0.007,  0.008,  0.002, -0.009,  0.008,
         0.001],
       [-0.001, -0.007,  0.006, -0.004, -0.009,  0.004, -0.005,  0.005,
         0.002, -0.008,  0.   ,  0.002, -0.001,  0.01 , -0.007,  0.006,
        -0.005],
       [ 0.007, -0.005,  0.009, -0.01 ,  0.002,  0.007, -0.01 , -0.003,
        -0.009, -0.004, -0.003,  0.003,  0.01 ,  0.007,  0.003,  0.007,
         0.009],
       [ 0.005,  0.008, -0.002, -0.002, -0.005,  0.   , -0.004, -0.009,
        -0.005, -0.007, -0.01 , -0.002,  0.   ,  0.008, -0.001, -0.01 ,
        -0.006],
       [-0.007,  0.004,  0.002,  0.005, -0.005,  0.002, -0.002, -0.009,
        -0.006,  0.003, -0.009,  0.001,  0.008,  0.003,  0.001,  0.002,
        -0.007],
       [ 0.007, -0.009,  0.007, -0.003,  0.001, -0.005, -0.002,  0.008,
        -0.005,  0.008, -0.002,  0.005, -0.001,  0.004,  0.003, -0.007,
         0.006],
       [-0.008, -0.009,  0.003,  0.009, -0.005,  0.004,  0.009, -0.003,
        -0.007,  0.004,  0.009, -0.003, -0.002, -0.003, -0.008, -0.002,
         0.005],
       [ 0.002, -0.003,  0.   ,  0.009,  0.003, -0.004, -0.003, -0.008,
         0.003,  0.002,  0.008, -0.001, -0.001, -0.007,  0.006,  0.009,
         0.002],
       [ 0.005,  0.002,  0.007,  0.001, -0.006,  0.01 , -0.009, -0.009,
         0.004, -0.006, -0.005,  0.007,  0.01 ,  0.009,  0.   , -0.001,
         0.   ],
       [ 0.003, -0.005, -0.01 , -0.003,  0.002,  0.008,  0.007,  0.003,
        -0.008,  0.003, -0.01 , -0.008, -0.004, -0.01 , -0.005, -0.009,
         0.01 ]]), 'deltas': array([[0.],
       [0.],
       [0.],
       [0.],
       [0.],
       [0.],
       [0.],
       [0.],
       [0.],
       [0.],
       [0.],
       [0.],
       [0.],
       [0.],
       [0.]]), 'outputs': array([[0.],
       [0.],
       [0.],
       [0.],
       [0.],
       [0.],
       [0.],
       [0.],
       [0.],
       [0.],
       [0.],
       [0.],
       [0.],
       [0.],
       [0.]]), 'errors': array([[0.],
       [0.],
       [0.],
       [0.],
       [0.],
       [0.],
       [0.],
       [0.],
       [0.],
       [0.],
       [0.],
       [0.],
       [0.],
       [0.],
       [0.]])}, {'weights': array([[ 0.001, -0.002,  0.009,  0.   , -0.002,  0.001, -0.008, -0.01 ,
         0.003, -0.01 ,  0.004,  0.007,  0.004,  0.003, -0.001],
       [-0.01 ,  0.006,  0.001, -0.007,  0.004,  0.008,  0.002,  0.008,
         0.001, -0.001,  0.01 , -0.004,  0.007,  0.   ,  0.005],
       [-0.004, -0.004,  0.003, -0.01 ,  0.   ,  0.   ,  0.007,  0.002,
         0.005,  0.007,  0.007,  0.004, -0.008,  0.001, -0.009]]), 'deltas': array([[0.],
       [0.],
       [0.],
       [0.]]), 'outputs': array([[0.],
       [0.],
       [0.],
       [0.]]), 'errors': array([[0.],
       [0.],
       [0.],
       [0.]])}]
Training complete!
Training done. epoch: 86 , total error: 0.0009597881083568552
[{'weights': array([[-6.43551536e-01,  1.28002689e-01,  8.13310460e-02,
        -9.93721847e-01, -1.46283099e+00, -5.97999010e-01,
         2.47831474e-01,  3.57058877e-01,  2.86492540e+00,
        -5.92994938e-01, -6.01840986e-01, -3.09402912e+00,
         2.84592540e+00, -1.13155961e-01, -4.38833728e-01,
        -3.72987535e+00, -1.43293965e+00],
       [-1.42572773e+00,  1.79178072e-01,  9.68656749e-01,
        -9.55685895e-01, -4.93118267e-01, -9.95008405e-01,
        -9.60829257e-02,  3.65630789e-01,  3.07699221e+00,
        -6.85224882e-01, -4.20766914e-01, -3.21657922e+00,
         3.09399221e+00,  5.12378569e-01, -7.77040163e-01,
        -4.06490942e+00, -1.23757881e+00],
       [-1.75291095e+00, -2.60728201e-01,  1.85238460e+00,
        -9.49581021e-01,  2.22710614e-01, -1.48135858e+00,
        -2.09668349e-01,  3.72480740e-01,  3.15672660e+00,
        -7.42210623e-01, -3.03644454e-01, -3.20470710e+00,
         3.14972660e+00,  1.35384067e+00, -1.30229963e+00,
        -4.31110323e+00, -1.09683558e+00],
       [ 7.93050087e-01, -4.49461358e-02, -3.44312446e-01,
        -1.12214787e+00, -1.45754261e+00,  1.69929817e-01,
         1.94614219e-01,  3.73642208e-01,  2.55496790e+00,
         2.00515452e+00, -1.87734300e+00, -3.41513578e+00,
         2.55596790e+00,  7.19614561e-01, -4.64822675e-01,
        -3.52811615e+00, -7.31356367e-01],
       [-2.05722026e-02, -3.51872268e-02, -1.96878511e-01,
        -1.03748847e+00, -1.56990038e+00, -3.52679802e-01,
         2.50262020e-01,  3.79191754e-01,  2.69963338e+00,
         1.90428576e-01, -9.69269170e-01, -3.19791920e+00,
         2.69563338e+00, -1.13206321e-01, -2.90601018e-01,
        -3.57095246e+00, -1.29512641e+00],
       [-2.31435345e-01,  9.35837996e-03, -1.53794819e-01,
        -1.02928202e+00, -1.61387034e+00, -4.21028755e-01,
         2.73679145e-01,  3.72066149e-01,  2.73327892e+00,
        -1.60871376e-01, -8.28384381e-01, -3.14517697e+00,
         2.74627892e+00, -2.06719308e-01, -3.13996018e-01,
        -3.60071740e+00, -1.38315380e+00],
       [-7.54408796e-01,  1.55173861e-01,  1.59482766e-01,
        -9.90426576e-01, -1.38022421e+00, -6.40776106e-01,
         2.21337339e-01,  3.70484233e-01,  2.89016990e+00,
        -6.59637575e-01, -5.59673743e-01, -3.09903733e+00,
         2.88716990e+00, -5.53999128e-02, -4.75073824e-01,
        -3.77287491e+00, -1.42917875e+00],
       [-1.68335364e-01, -5.78667896e-04, -1.70414995e-01,
        -1.03729114e+00, -1.61590739e+00, -3.96962450e-01,
         2.63937604e-01,  3.67312072e-01,  2.71823629e+00,
        -7.12535334e-02, -8.75213942e-01, -3.16238898e+00,
         2.73723629e+00, -2.07170536e-01, -2.96365319e-01,
        -3.58432060e+00, -1.36862017e+00],
       [-8.90575402e-01,  1.95029039e-01,  2.84530633e-01,
        -9.79883265e-01, -1.23834675e+00, -7.03480779e-01,
         1.66544645e-01,  3.57383889e-01,  2.92375164e+00,
        -7.29854666e-01, -5.04678403e-01, -3.11311757e+00,
         2.92875164e+00,  5.75222094e-02, -5.44199324e-01,
        -3.84497352e+00, -1.40589900e+00],
       [-6.83999251e-01,  1.40977351e-01,  1.12504843e-01,
        -9.91117580e-01, -1.42252154e+00, -6.02960290e-01,
         2.27096858e-01,  3.58750339e-01,  2.86336427e+00,
        -5.26365435e-01, -6.40557451e-01, -3.13307602e+00,
         2.87736427e+00, -1.50277161e-01, -4.10016769e-01,
        -3.72870497e+00, -1.43263464e+00],
       [-8.81151913e-01,  1.90604090e-01,  2.60016811e-01,
        -9.84595320e-01, -1.26631630e+00, -6.84593476e-01,
         1.62248986e-01,  3.73534455e-01,  2.92705351e+00,
        -6.18869065e-01, -5.76081196e-01, -3.14322958e+00,
         2.93105351e+00, -6.33473227e-02, -4.77594016e-01,
        -3.80823850e+00, -1.41112633e+00],
       [-2.30730504e+00, -6.46645011e-01,  2.76564070e+00,
        -9.38570412e-01,  9.73064173e-01, -2.15438929e+00,
        -2.99874766e-01,  3.64320122e-01,  3.34327972e+00,
        -7.02297518e-01, -3.40834563e-01, -3.41902740e+00,
         3.34827972e+00,  1.79546050e+00, -1.51026715e+00,
        -4.77035284e+00, -1.11687976e+00],
       [ 3.99599686e-01, -7.26918982e-02, -2.08070531e-01,
        -1.06172289e+00, -1.32269844e+00, -2.19306303e-01,
         2.16916729e-01,  3.62202385e-01,  2.63664572e+00,
         1.00540977e+00, -1.30880197e+00, -3.27213915e+00,
         2.63264572e+00,  3.97821097e-01, -4.14884381e-01,
        -3.55946807e+00, -9.48885632e-01],
       [-5.57100187e-01,  1.08349497e-01,  2.59498376e-02,
        -1.00037524e+00, -1.51366029e+00, -5.58693255e-01,
         2.61418664e-01,  3.58758790e-01,  2.83007027e+00,
        -5.06911370e-01, -6.56071377e-01, -3.10526362e+00,
         2.83607027e+00, -1.68807625e-01, -3.95582876e-01,
        -3.69185587e+00, -1.43817609e+00],
       [ 3.00000000e-03, -5.00000000e-03, -1.00000000e-02,
        -3.00000000e-03,  2.00000000e-03,  8.00000000e-03,
         7.00000000e-03,  3.00000000e-03, -8.00000000e-03,
         3.00000000e-03, -1.00000000e-02, -8.00000000e-03,
        -4.00000000e-03, -1.00000000e-02, -5.00000000e-03,
        -9.00000000e-03,  1.00000000e-02]]), 'deltas': array([[2.39556162e-04],
       [3.80185501e-04],
       [5.86605719e-04],
       [2.59546274e-05],
       [1.25742419e-04],
       [1.64343135e-04],
       [2.58335382e-04],
       [1.52771668e-04],
       [2.82670756e-04],
       [2.42891704e-04],
       [2.75522527e-04],
       [1.02093735e-03],
       [5.94868639e-05],
       [2.23552195e-04],
       [0.00000000e+00]]), 'outputs': array([[0.95416382],
       [0.92495929],
       [0.87802742],
       [0.99523885],
       [0.97649081],
       [0.96903758],
       [0.95037351],
       [0.97128423],
       [0.94541379],
       [0.95349291],
       [0.94687636],
       [0.75220983],
       [0.98901904],
       [0.9573692 ],
       [1.        ]]), 'errors': 0.005477419599280357}, {'weights': array([[ 0.73420113,  0.70637378,  0.68635911,  0.70894012,  0.73614968,
         0.75016191,  0.7278252 ,  0.72999929,  0.73390768,  0.72111223,
         0.73777253,  0.65862966,  0.72072857,  0.75300693, -5.28869228],
       [-0.99586562, -0.01814131,  1.14157034,  3.46610436, -1.06631416,
        -1.34345343, -0.81257497, -1.42473835, -0.28257046, -1.03949738,
        -0.81540126,  2.44054894, -0.11306071, -1.26250942, -0.62420379],
       [-2.44422976, -2.46053712, -2.5210645 , -2.88429571, -2.43688798,
        -2.42204057, -2.42877435, -2.40678083, -2.48808498, -2.42533152,
        -2.43486674, -2.32941609, -2.52523588, -2.41865933,  1.76211403]]), 'deltas': array([[ 2.03691363e-04],
       [-1.64202093e-03],
       [-1.63769692e-27]]), 'outputs': array([[9.85624246e-01],
       [4.13873643e-02],
       [4.04684682e-14]]), 'errors': array([[ 1.43757535e-02],
       [-4.13873643e-02],
       [-4.04684682e-14]])}]
Accuracy: 73.33333333333333 %

train_data group 4 length:  120
   0   1   2   3   4   5   6   7   8   9   10  11  12  13  14  15  16
0   1   0   0   0   0   0   1   0   1   0   0   0   1   0   0   0   0
1   0   1   0   0   0   0   0   1   1   0   0   0   1   0   0   0   0
2   1   0   0   0   0   1   0   0   1   0   0   0   1   0   0   0   0
3   1   0   0   0   0   0   1   0   1   0   0   0   1   0   0   0   0
4   1   0   0   0   0   0   1   0   1   0   0   0   1   0   0   0   0
Initial Neural Network:
[{'weights': array([[-0.008, -0.005, -0.007,  0.005,  0.003, -0.005, -0.006,  0.005,
        -0.007,  0.003,  0.008,  0.003,  0.007, -0.007,  0.004,  0.007,
         0.01 ],
       [ 0.001,  0.007, -0.006, -0.003, -0.008,  0.008,  0.007,  0.008,
        -0.001, -0.002,  0.007,  0.007, -0.001,  0.002, -0.007,  0.01 ,
         0.006],
       [ 0.008, -0.005, -0.001,  0.   , -0.003, -0.003, -0.004,  0.008,
        -0.007,  0.007, -0.006,  0.003, -0.01 ,  0.   ,  0.009,  0.008,
        -0.009],
       [-0.002, -0.008, -0.001,  0.007,  0.008,  0.003,  0.009, -0.007,
        -0.003, -0.006, -0.002,  0.005,  0.004, -0.009, -0.005, -0.004,
        -0.002],
       [ 0.   ,  0.001, -0.009,  0.004,  0.002, -0.001,  0.001, -0.002,
         0.01 ,  0.003, -0.006, -0.007, -0.007,  0.002, -0.002, -0.002,
        -0.006],
       [ 0.003,  0.004,  0.   ,  0.001,  0.007,  0.005,  0.002, -0.004,
         0.002, -0.001,  0.004,  0.005,  0.005,  0.003, -0.005,  0.005,
         0.007],
       [-0.003, -0.004,  0.003, -0.01 ,  0.008, -0.008, -0.003,  0.01 ,
        -0.006, -0.004,  0.01 , -0.008,  0.01 , -0.001,  0.008,  0.003,
         0.007],
       [ 0.003, -0.001,  0.009, -0.008,  0.01 ,  0.   ,  0.009, -0.007,
        -0.01 ,  0.004,  0.001,  0.004,  0.   , -0.004,  0.004, -0.004,
         0.009],
       [ 0.001,  0.007, -0.005,  0.009, -0.009,  0.002, -0.002,  0.003,
         0.003,  0.002,  0.005,  0.004, -0.009, -0.005, -0.01 , -0.009,
        -0.007],
       [-0.01 ,  0.008,  0.007,  0.002, -0.007,  0.001, -0.003, -0.009,
        -0.006, -0.004,  0.002, -0.006, -0.001, -0.009,  0.007, -0.001,
         0.009],
       [-0.003,  0.   , -0.007, -0.004, -0.008, -0.01 ,  0.007, -0.006,
        -0.002,  0.01 , -0.001, -0.009,  0.001,  0.005,  0.005, -0.007,
         0.002],
       [ 0.002, -0.004, -0.005, -0.001,  0.01 ,  0.003,  0.   , -0.003,
         0.009,  0.005,  0.004, -0.001, -0.001, -0.008,  0.007,  0.009,
        -0.004],
       [-0.01 ,  0.003,  0.009, -0.006,  0.004, -0.001, -0.006,  0.007,
        -0.008, -0.002,  0.003,  0.005, -0.005,  0.004,  0.007, -0.01 ,
         0.007],
       [ 0.007, -0.008,  0.006,  0.009, -0.001,  0.001,  0.003,  0.001,
        -0.002,  0.001, -0.005, -0.005,  0.005, -0.006, -0.002, -0.001,
         0.009],
       [-0.006,  0.002, -0.001,  0.01 , -0.007,  0.004, -0.008,  0.001,
        -0.007,  0.005, -0.006,  0.004, -0.005, -0.006,  0.004, -0.001,
         0.01 ]]), 'deltas': array([[0.],
       [0.],
       [0.],
       [0.],
       [0.],
       [0.],
       [0.],
       [0.],
       [0.],
       [0.],
       [0.],
       [0.],
       [0.],
       [0.],
       [0.]]), 'outputs': array([[0.],
       [0.],
       [0.],
       [0.],
       [0.],
       [0.],
       [0.],
       [0.],
       [0.],
       [0.],
       [0.],
       [0.],
       [0.],
       [0.],
       [0.]]), 'errors': array([[0.],
       [0.],
       [0.],
       [0.],
       [0.],
       [0.],
       [0.],
       [0.],
       [0.],
       [0.],
       [0.],
       [0.],
       [0.],
       [0.],
       [0.]])}, {'weights': array([[-0.001, -0.006,  0.004,  0.008,  0.003,  0.01 ,  0.004, -0.008,
         0.004, -0.003, -0.009,  0.001,  0.006,  0.002, -0.002],
       [-0.005, -0.001, -0.004,  0.009, -0.009, -0.008,  0.002,  0.007,
        -0.002,  0.002, -0.002,  0.01 , -0.004,  0.008, -0.007],
       [-0.004, -0.004,  0.003,  0.002,  0.001,  0.009,  0.003,  0.003,
        -0.003,  0.009,  0.   ,  0.008, -0.007, -0.004,  0.   ]]), 'deltas': array([[0.],
       [0.],
       [0.],
       [0.]]), 'outputs': array([[0.],
       [0.],
       [0.],
       [0.]]), 'errors': array([[0.],
       [0.],
       [0.],
       [0.]])}]
Training complete!
Training done. epoch: 34 , total error: 0.0003698642545799876
[{'weights': array([[-5.08474802e-01, -1.86873949e-02,  2.87294950e-01,
         5.53620776e-01, -3.08074668e-01,  5.83039578e-01,
         3.68230105e-01, -3.17441486e-01, -2.24715631e+00,
         1.20943912e+00,  5.93408797e-01,  7.80061926e-01,
        -2.23315631e+00,  1.70774248e+00,  1.08665751e+00,
        -2.21490152e-01,  3.38753529e-01],
       [-5.78785206e-01,  7.76472775e-02,  3.59138229e-01,
         5.67747010e-01, -1.52613416e-01,  6.17365147e-01,
         2.98161979e-01, -3.21166399e-01, -2.30730898e+00,
         1.15906999e+00,  6.03385257e-01,  9.82601043e-01,
        -2.30730898e+00,  1.62565920e+00,  1.02944747e+00,
         8.29496219e-02,  4.32747310e-01],
       [-1.17088414e-01,  3.34389960e-01, -1.05305057e+00,
        -5.77367973e-01, -1.02362936e+00, -4.90453976e-01,
         3.90694307e-01, -2.93727974e-01, -1.99750606e+00,
         1.45610340e+00,  1.67474362e-01, -1.04418870e+00,
        -2.00050606e+00,  2.17697211e+00, -9.48827426e-02,
        -1.48970031e+00, -1.42411700e+00],
       [-1.37559586e-01,  2.83723047e-01, -1.01720979e+00,
        -5.19544334e-01, -9.71269783e-01, -4.94644671e-01,
         3.99568716e-01, -3.07244927e-01, -2.00414477e+00,
         1.44152546e+00,  1.29162490e-01, -9.59133844e-01,
        -1.99714477e+00,  2.16915567e+00, -1.57483861e-01,
        -1.41511771e+00, -1.38859066e+00],
       [-1.77406909e-01,  3.35531344e-01, -9.04095067e-02,
        -8.57545286e-01, -6.56356838e-01,  1.44672633e-03,
         1.76451932e-01, -3.07372178e-01, -2.00006490e+00,
         1.39381877e+00,  1.62821967e+00, -1.80780390e+00,
        -2.01706490e+00,  1.95692041e+00,  1.67555999e+00,
        -2.41024586e+00, -7.91830357e-01],
       [-4.55594045e-01, -6.42564897e-02,  2.85701530e-01,
         4.64090681e-01, -4.71345970e-01,  5.91350252e-01,
         4.32966060e-01, -3.21028665e-01, -2.20997232e+00,
         1.23635968e+00,  6.00510332e-01,  6.05043984e-01,
        -2.20697232e+00,  1.77214444e+00,  1.09055593e+00,
        -4.25786374e-01,  2.28941677e-01],
       [-1.86187333e-01,  3.51255304e-01, -1.07175338e-01,
        -8.35249461e-01, -7.05933145e-01,  3.20231401e-02,
         2.16334427e-01, -2.98781251e-01, -2.02797836e+00,
         1.38923305e+00,  1.57091629e+00, -1.70352780e+00,
        -2.01197836e+00,  1.96558611e+00,  1.62116884e+00,
        -2.31813341e+00, -7.56356828e-01],
       [-4.94893449e-01, -2.58165403e-02,  3.14262715e-01,
         5.17829977e-01, -3.35138381e-01,  5.96034826e-01,
         3.83826949e-01, -3.24340691e-01, -2.24464466e+00,
         1.21376399e+00,  5.76929446e-01,  7.61333928e-01,
        -2.23464466e+00,  1.71832806e+00,  1.08064510e+00,
        -2.59945793e-01,  3.17382702e-01],
       [-1.74992353e-01,  3.80984955e-01, -1.27491363e-01,
        -8.12969434e-01, -7.38783593e-01,  4.92245052e-02,
         2.41183938e-01, -3.04093047e-01, -2.01569586e+00,
         1.39952814e+00,  1.56436720e+00, -1.68066768e+00,
        -2.02769586e+00,  1.96830851e+00,  1.59169345e+00,
        -2.31177430e+00, -7.53468196e-01],
       [-1.43260086e-01,  2.76070538e-01, -9.94362548e-01,
        -5.14209013e-01, -9.74108206e-01, -5.05633824e-01,
         3.91732294e-01, -3.12751373e-01, -2.00889818e+00,
         1.44207446e+00,  1.06677825e-01, -9.36615210e-01,
        -2.00389818e+00,  2.16568988e+00, -1.61013776e-01,
        -1.38753903e+00, -1.37376111e+00],
       [-1.79369048e-01,  3.28675481e-01, -8.62817466e-02,
        -8.71915211e-01, -6.58209530e-01, -1.02805718e-02,
         1.67580150e-01, -3.10980573e-01, -2.01075265e+00,
         1.39982939e+00,  1.63729599e+00, -1.82326325e+00,
        -2.00775265e+00,  1.95695136e+00,  1.68729735e+00,
        -2.42738659e+00, -7.92890525e-01],
       [-1.17755377e-01,  4.45984335e-01, -1.16569820e+00,
        -6.60214333e-01, -1.11372566e+00, -4.69232430e-01,
         4.08533863e-01, -3.05259343e-01, -1.98640179e+00,
         1.45833423e+00,  2.89417806e-01, -1.23403382e+00,
        -1.99640179e+00,  2.15343952e+00,  5.16566973e-02,
        -1.69137799e+00, -1.49368357e+00],
       [-1.34678379e-01,  3.13598275e-01, -1.02642441e+00,
        -5.75783361e-01, -1.00718477e+00, -5.00041738e-01,
         3.90123215e-01, -2.98184575e-01, -2.00363137e+00,
         1.44605004e+00,  1.54014849e-01, -1.01772139e+00,
        -2.00063137e+00,  2.17575525e+00, -1.15356732e-01,
        -1.48305502e+00, -1.41228787e+00],
       [-1.31555980e-01,  2.97902673e-01, -1.02080427e+00,
        -5.34221793e-01, -9.91663077e-01, -4.99964327e-01,
         3.94111866e-01, -3.01163837e-01, -2.00633321e+00,
         1.44788644e+00,  1.36338925e-01, -9.91571531e-01,
        -1.99933321e+00,  2.17080643e+00, -1.38070701e-01,
        -1.44008190e+00, -1.39367937e+00],
       [-6.00000000e-03,  2.00000000e-03, -1.00000000e-03,
         1.00000000e-02, -7.00000000e-03,  4.00000000e-03,
        -8.00000000e-03,  1.00000000e-03, -7.00000000e-03,
         5.00000000e-03, -6.00000000e-03,  4.00000000e-03,
        -5.00000000e-03, -6.00000000e-03,  4.00000000e-03,
        -1.00000000e-03,  1.00000000e-02]]), 'deltas': array([[0.00027937],
       [0.00026859],
       [0.0007209 ],
       [0.00070496],
       [0.0004861 ],
       [0.00031092],
       [0.00049249],
       [0.00028409],
       [0.00049446],
       [0.00070376],
       [0.0004857 ],
       [0.00078267],
       [0.00072111],
       [0.00070904],
       [0.        ]]), 'outputs': array([[0.91973022],
       [0.9231124 ],
       [0.74391902],
       [0.75240841],
       [0.84863433],
       [0.90967955],
       [0.84620103],
       [0.91824466],
       [0.84545065],
       [0.75303694],
       [0.84878425],
       [0.7077854 ],
       [0.74380718],
       [0.7502642 ],
       [1.        ]]), 'errors': 0.0037842007861455997}, {'weights': array([[-1.91323551, -2.24124111, -1.23297858, -1.24077909, -1.09200142,
        -1.7599659 , -1.15696654, -1.89991657, -1.14014447, -1.29279404,
        -1.10724177, -1.18683493, -1.26411995, -1.23926904,  3.2411313 ],
       [ 0.24116272,  0.12497509,  0.68388615,  0.6217502 ,  1.50700624,
         0.23631322,  1.30007224,  0.28221649,  1.21857419,  0.65231737,
         1.59010032,  0.77217718,  0.70853123,  0.64310543, -4.27025762],
       [ 1.7360347 ,  3.03470948, -0.58719721, -0.40525573, -1.83888809,
         1.38482715, -1.37233725,  1.6605358 , -1.37313738, -0.3215353 ,
        -1.92260233, -0.85002308, -0.5198205 , -0.46040282, -3.06551003]]), 'deltas': array([[-2.93639311e-12],
       [ 1.69055023e-04],
       [-5.54879109e-04]]), 'outputs': array([[1.71359217e-06],
       [9.86911953e-01],
       [2.38418024e-02]]), 'errors': array([[-1.71359217e-06],
       [ 1.30880467e-02],
       [-2.38418024e-02]])}]
Accuracy: 86.66666666666667 %

Feedforward Neural Network AVG Accuracy (%): 89.33333333333334 %
