Namespace(error_threshold=0.001, max_epochs=1000, num_layers=2, num_nodes_per_hidden_layer=4, training_rate=0.5)

train_data group 0 length:  120
   0   1   2   3   4   5   6   7   8   9   10  11  12  13  14  15  16
0   1   0   0   0   0   1   0   0   1   0   0   0   1   0   0   0   0
1   1   0   0   0   0   1   0   0   1   0   0   0   1   0   0   0   0
2   1   0   0   0   0   0   1   0   1   0   0   0   1   0   0   0   0
3   1   0   0   0   0   1   0   0   1   0   0   0   1   0   0   0   0
4   1   0   0   0   0   0   1   0   1   0   0   0   1   0   0   0   0
Initial Neural Network:
[{'weights': array([[ 0.009, -0.008, -0.007, -0.008,  0.008, -0.003, -0.008,  0.001,
         0.008, -0.004, -0.001,  0.009,  0.002,  0.   ,  0.002, -0.004,
        -0.002],
       [ 0.007,  0.004,  0.003, -0.001, -0.001,  0.004,  0.01 ,  0.005,
        -0.01 ,  0.004, -0.01 , -0.007,  0.005,  0.   , -0.003,  0.005,
         0.001],
       [ 0.006, -0.009,  0.003, -0.01 , -0.006,  0.   , -0.006,  0.001,
        -0.004,  0.003, -0.007,  0.   , -0.007, -0.004,  0.003, -0.006,
         0.005],
       [-0.005, -0.008,  0.005, -0.009,  0.   ,  0.004,  0.006, -0.002,
         0.002, -0.008, -0.008, -0.006,  0.002,  0.002,  0.006, -0.003,
         0.005],
       [-0.006, -0.008, -0.009, -0.001,  0.004, -0.005, -0.002,  0.009,
        -0.005, -0.005, -0.002, -0.005, -0.001, -0.003, -0.003, -0.003,
         0.   ]]), 'deltas': array([[0.],
       [0.],
       [0.],
       [0.],
       [0.]]), 'outputs': array([[0.],
       [0.],
       [0.],
       [0.],
       [0.]]), 'errors': array([[0.],
       [0.],
       [0.],
       [0.],
       [0.]])}, {'weights': array([[-0.006,  0.01 , -0.006,  0.   , -0.009],
       [ 0.007, -0.005,  0.006, -0.007, -0.003],
       [-0.006,  0.007, -0.003, -0.007, -0.007]]), 'deltas': array([[0.],
       [0.],
       [0.],
       [0.]]), 'outputs': array([[0.],
       [0.],
       [0.],
       [0.]]), 'errors': array([[0.],
       [0.],
       [0.],
       [0.]])}]
Training complete!
Training done. epoch: 64 , total error: 0.0009729952518676649
[{'weights': array([[ 6.06684968e-01, -1.07567812e+00, -9.36971574e-01,
         7.92063012e-01,  3.97593473e-01, -2.80496310e-01,
        -5.32904845e-01, -1.86094028e-01, -2.30674702e+00,
        -1.25866845e+00, -5.39129374e-02,  3.03142670e+00,
        -2.31274702e+00, -1.32354193e+00, -3.12104575e-01,
         3.34849181e+00, -6.01901710e-01],
       [ 3.31728561e-01, -9.09862333e-01, -7.90737867e-01,
         8.02003439e-01,  3.05946348e-01, -1.96736030e-01,
        -4.89388766e-01, -1.81689753e-01, -2.30530660e+00,
        -1.08029809e+00, -2.44470831e-01,  3.02720732e+00,
        -2.29030660e+00, -1.20724132e+00, -4.33447260e-01,
         3.35812698e+00, -5.78868201e-01],
       [ 3.81215427e-01, -7.75742596e-01, -5.31818900e-01,
         7.68100014e-01,  4.54664802e-02,  7.32129954e-01,
        -7.49575060e-01, -1.87267430e-01, -2.39072756e+00,
        -1.59544208e+00,  9.96178777e-01,  2.83374480e+00,
        -2.39372756e+00, -1.74569071e+00,  8.20382604e-01,
         3.15678961e+00, -1.43246055e-01],
       [-6.76983359e-01,  5.03171908e-01,  1.75952787e-03,
         7.26195984e-01,  1.01511448e+00,  4.87359151e-01,
        -7.20115893e-01, -2.03213678e-01, -2.49426617e+00,
         1.74264493e-01,  4.38425523e-01,  2.43272021e+00,
        -2.49426617e+00, -7.52607244e-01,  1.07903835e+00,
         2.74597912e+00,  5.76144061e-01],
       [-6.00000000e-03, -8.00000000e-03, -9.00000000e-03,
        -1.00000000e-03,  4.00000000e-03, -5.00000000e-03,
        -2.00000000e-03,  9.00000000e-03, -5.00000000e-03,
        -5.00000000e-03, -2.00000000e-03, -5.00000000e-03,
        -1.00000000e-03, -3.00000000e-03, -3.00000000e-03,
        -3.00000000e-03,  0.00000000e+00]]), 'deltas': array([[1.17355792e-05],
       [1.03905612e-05],
       [4.08405760e-06],
       [5.96328801e-06],
       [0.00000000e+00]]), 'outputs': array([[0.99814785],
       [0.99836047],
       [0.99935622],
       [0.99905971],
       [1.        ]]), 'errors': 0.006347949282412452}, {'weights': array([[-4.3849008 , -4.41290092, -4.56728266, -6.03593608,  2.75642416],
       [-3.05583307, -2.98253597, -1.32169472,  5.69557973, -2.13800983],
       [ 2.21215833,  2.21593914,  1.71476737,  1.81465556, -4.71874772]]), 'deltas': array([[-3.66023893e-15],
       [-4.72618099e-04],
       [ 1.40680526e-03]]), 'outputs': array([[6.04999104e-08],
       [2.19827447e-02],
       [9.61754093e-01]]), 'errors': array([[-6.04999104e-08],
       [-2.19827447e-02],
       [ 3.82459075e-02]])}]
neural_net output [0.93517435 0.10343945 0.00918163]
target: 0 prediction: 0
neural_net output [0.93286556 0.11302066 0.00921909]
target: 0 prediction: 0
neural_net output [0.92669303 0.10415874 0.00963151]
target: 0 prediction: 0
neural_net output [0.93517435 0.10343945 0.00918163]
target: 0 prediction: 0
neural_net output [0.93517435 0.10343945 0.00918163]
target: 0 prediction: 0
neural_net output [0.93517435 0.10343945 0.00918163]
target: 0 prediction: 0
neural_net output [0.93286556 0.11302066 0.00921909]
target: 0 prediction: 0
neural_net output [0.93517435 0.10343945 0.00918163]
target: 0 prediction: 0
neural_net output [0.93286556 0.11302066 0.00921909]
target: 0 prediction: 0
neural_net output [0.93583618 0.10982895 0.00907578]
target: 0 prediction: 0
neural_net output [4.97894944e-04 8.42141451e-01 2.38312986e-01]
target: 1 prediction: 1
neural_net output [4.97894944e-04 8.42141451e-01 2.38312986e-01]
target: 1 prediction: 1
neural_net output [4.47742622e-04 8.26511175e-01 2.56974611e-01]
target: 1 prediction: 1
neural_net output [4.97894944e-04 8.42141451e-01 2.38312986e-01]
target: 1 prediction: 1
neural_net output [4.61368569e-04 8.04858675e-01 2.48034620e-01]
target: 1 prediction: 1
neural_net output [4.61368569e-04 8.04858675e-01 2.48034620e-01]
target: 1 prediction: 1
neural_net output [0.00422331 0.76051384 0.12934146]
target: 1 prediction: 1
neural_net output [4.97894944e-04 8.42141451e-01 2.38312986e-01]
target: 1 prediction: 1
neural_net output [4.97894944e-04 8.42141451e-01 2.38312986e-01]
target: 1 prediction: 1
neural_net output [4.97894944e-04 8.42141451e-01 2.38312986e-01]
target: 1 prediction: 1
neural_net output [4.34004500e-07 7.07171311e-02 9.06663478e-01]
target: 2 prediction: 2
neural_net output [1.13675656e-07 3.18615290e-02 9.48787257e-01]
target: 2 prediction: 2
neural_net output [7.15295407e-08 2.29068838e-02 9.59156693e-01]
target: 2 prediction: 2
neural_net output [4.97894944e-04 8.42141451e-01 2.38312986e-01]
target: 2 prediction: 1
neural_net output [3.37311870e-07 5.89072778e-02 9.15870677e-01]
target: 2 prediction: 2
neural_net output [6.04998777e-08 2.19574031e-02 9.61882997e-01]
target: 2 prediction: 2
neural_net output [6.54877244e-08 2.28675213e-02 9.60477863e-01]
target: 2 prediction: 2
neural_net output [6.22189246e-08 2.18213614e-02 9.61509554e-01]
target: 2 prediction: 2
neural_net output [3.95883671e-07 6.82378684e-02 9.09083841e-01]
target: 2 prediction: 2
neural_net output [4.47742622e-04 8.26511175e-01 2.56974611e-01]
target: 2 prediction: 1
Accuracy: 93.33333333333333 %

train_data group 1 length:  120
   0   1   2   3   4   5   6   7   8   9   10  11  12  13  14  15  16
0   1   0   0   0   0   0   1   0   1   0   0   0   1   0   0   0   0
1   0   1   0   0   0   0   0   1   1   0   0   0   1   0   0   0   0
2   1   0   0   0   0   1   0   0   1   0   0   0   1   0   0   0   0
3   1   0   0   0   0   0   1   0   1   0   0   0   1   0   0   0   0
4   1   0   0   0   0   0   1   0   1   0   0   0   1   0   0   0   0
Initial Neural Network:
[{'weights': array([[ 0.   ,  0.01 , -0.004,  0.006, -0.009,  0.002, -0.004, -0.002,
         0.005,  0.004, -0.005,  0.007,  0.01 , -0.006, -0.004, -0.006,
         0.01 ],
       [ 0.01 ,  0.008, -0.009, -0.006,  0.005, -0.004,  0.009, -0.005,
        -0.002, -0.01 , -0.005,  0.01 , -0.003, -0.005,  0.006,  0.001,
        -0.001],
       [-0.005, -0.005,  0.001,  0.003,  0.001,  0.003, -0.01 , -0.004,
         0.001, -0.008,  0.008,  0.002,  0.006,  0.004,  0.003,  0.001,
        -0.007],
       [ 0.002,  0.002, -0.009,  0.009, -0.003,  0.002, -0.005, -0.009,
        -0.001, -0.005,  0.003,  0.01 , -0.002,  0.004,  0.002,  0.001,
         0.   ],
       [ 0.001,  0.   ,  0.004, -0.002, -0.005,  0.009,  0.006,  0.008,
        -0.003,  0.008,  0.005, -0.007, -0.001,  0.004,  0.005, -0.008,
         0.007]]), 'deltas': array([[0.],
       [0.],
       [0.],
       [0.],
       [0.]]), 'outputs': array([[0.],
       [0.],
       [0.],
       [0.],
       [0.]]), 'errors': array([[0.],
       [0.],
       [0.],
       [0.],
       [0.]])}, {'weights': array([[ 0.008, -0.005, -0.005,  0.002,  0.01 ],
       [-0.005,  0.006, -0.005,  0.009,  0.   ],
       [-0.001, -0.01 , -0.006,  0.004, -0.007]]), 'deltas': array([[0.],
       [0.],
       [0.],
       [0.]]), 'outputs': array([[0.],
       [0.],
       [0.],
       [0.]]), 'errors': array([[0.],
       [0.],
       [0.],
       [0.]])}]
Training complete!
Training done. epoch: 62 , total error: 0.0007118649265843187
[{'weights': array([[ 4.05062514e-01, -4.96098657e-01, -9.14526719e-01,
         4.97352976e-01,  4.21191114e-01, -1.49975292e-01,
        -4.80164444e-01, -3.24261265e-01, -2.24880849e+00,
        -1.09931654e+00, -1.66897030e-01,  3.00581217e+00,
        -2.24380849e+00, -1.24672562e+00, -2.53848845e-01,
         3.21817306e+00, -5.10209887e-01],
       [ 4.80112237e-01, -4.91694369e-01, -9.87413662e-01,
         4.81545515e-01,  4.50582792e-01, -1.44434127e-01,
        -4.97695792e-01, -3.23903150e-01, -2.25724574e+00,
        -1.17077798e+00, -9.03640851e-02,  2.99093754e+00,
        -2.25824574e+00, -1.30061454e+00, -1.72298423e-01,
         3.20970843e+00, -5.21450278e-01],
       [-1.44787273e-01,  7.46616153e-01, -6.14277794e-01,
         4.28418006e-01,  8.44874350e-01,  4.35297188e-01,
        -5.26496246e-01, -3.41706201e-01, -2.39798929e+00,
        -9.89483239e-02,  4.19786789e-01,  2.50211992e+00,
        -2.39298929e+00, -6.36408317e-01,  7.43161580e-01,
         2.72220512e+00,  4.14969091e-01],
       [ 4.47681881e-01, -4.16134373e-01, -1.03490465e+00,
         4.87152592e-01,  4.20187946e-01, -1.01796897e-01,
        -5.24824102e-01, -3.28771494e-01, -2.25906836e+00,
        -1.15239092e+00, -7.01393634e-02,  2.96839410e+00,
        -2.26006836e+00, -1.30045962e+00, -1.37079530e-01,
         3.18240296e+00, -5.20204548e-01],
       [ 1.00000000e-03,  0.00000000e+00,  4.00000000e-03,
        -2.00000000e-03, -5.00000000e-03,  9.00000000e-03,
         6.00000000e-03,  8.00000000e-03, -3.00000000e-03,
         8.00000000e-03,  5.00000000e-03, -7.00000000e-03,
        -1.00000000e-03,  4.00000000e-03,  5.00000000e-03,
        -8.00000000e-03,  7.00000000e-03]]), 'deltas': array([[4.57550014e-05],
       [5.05622444e-05],
       [2.05479121e-05],
       [5.32776802e-05],
       [0.00000000e+00]]), 'outputs': array([[0.99052106],
       [0.9895145 ],
       [0.99576557],
       [0.98894502],
       [1.        ]]), 'errors': 0.0048732110058571495}, {'weights': array([[-4.2261468 , -4.29913932, -5.44539105, -4.38736526,  2.68387241],
       [-2.98936378, -2.26918028,  5.38399167, -1.38220369, -2.13088921],
       [ 2.22878923,  2.19727685,  2.04890609,  2.13736583, -4.41021683]]), 'deltas': array([[-3.32426119e-14],
       [-1.13067705e-03],
       [ 2.48970837e-04]]), 'outputs': array([[1.82325582e-07],
       [3.42160039e-02],
       [9.84094186e-01]]), 'errors': array([[-1.82325582e-07],
       [-3.42160039e-02],
       [ 1.59058143e-02]])}]
Accuracy: 93.33333333333333 %

train_data group 2 length:  120
   0   1   2   3   4   5   6   7   8   9   10  11  12  13  14  15  16
0   1   0   0   0   0   0   1   0   1   0   0   0   1   0   0   0   0
1   0   1   0   0   0   0   0   1   1   0   0   0   1   0   0   0   0
2   1   0   0   0   0   1   0   0   1   0   0   0   1   0   0   0   0
3   1   0   0   0   0   0   1   0   1   0   0   0   1   0   0   0   0
4   1   0   0   0   0   0   1   0   1   0   0   0   1   0   0   0   0
Initial Neural Network:
[{'weights': array([[-0.008,  0.005,  0.01 , -0.007,  0.001,  0.   , -0.006,  0.003,
         0.01 , -0.003,  0.   ,  0.   , -0.005, -0.001, -0.002, -0.008,
        -0.008],
       [-0.01 ,  0.004,  0.009, -0.002, -0.01 ,  0.006,  0.007, -0.008,
         0.006, -0.007,  0.002, -0.003,  0.   ,  0.01 , -0.009, -0.007,
         0.   ],
       [ 0.008, -0.004,  0.001,  0.003, -0.009, -0.005, -0.009, -0.005,
        -0.01 , -0.002, -0.005,  0.007,  0.001, -0.006, -0.007,  0.007,
        -0.002],
       [-0.004, -0.007, -0.008, -0.002, -0.001,  0.005, -0.003,  0.01 ,
         0.004, -0.005, -0.007,  0.01 , -0.001,  0.009,  0.006, -0.003,
         0.006],
       [ 0.005,  0.001, -0.009,  0.   ,  0.008,  0.006, -0.007, -0.002,
        -0.001,  0.002, -0.005,  0.003, -0.006,  0.007, -0.009, -0.009,
         0.001]]), 'deltas': array([[0.],
       [0.],
       [0.],
       [0.],
       [0.]]), 'outputs': array([[0.],
       [0.],
       [0.],
       [0.],
       [0.]]), 'errors': array([[0.],
       [0.],
       [0.],
       [0.],
       [0.]])}, {'weights': array([[ 0.001, -0.004,  0.003, -0.008, -0.006],
       [ 0.002, -0.01 , -0.01 ,  0.004,  0.004],
       [-0.007, -0.002, -0.002, -0.003,  0.008]]), 'deltas': array([[0.],
       [0.],
       [0.],
       [0.]]), 'outputs': array([[0.],
       [0.],
       [0.],
       [0.]]), 'errors': array([[0.],
       [0.],
       [0.],
       [0.]])}]
Training complete!
Training done. epoch: 140 , total error: 0.0008556537141208753
[{'weights': array([[-1.11190946e+00,  4.88206963e-01,  4.23874950e-01,
        -4.01449462e-01, -6.49270219e-01, -3.19737531e-01,
         7.45355084e-01, -3.79624341e-01, -2.25638775e+00,
         2.84332756e+00,  1.15490426e+00, -2.33612108e+00,
        -2.27138775e+00,  2.61759717e+00,  1.35686466e+00,
        -2.32035109e+00, -6.09277008e-01],
       [-1.18545087e+00,  2.81078974e-01,  7.22944355e-01,
        -3.72712880e-01, -1.09971940e+00, -1.23862967e-01,
         1.04473226e+00, -3.81290317e-01, -2.25351562e+00,
         3.00551506e+00,  9.95365738e-01, -2.30450560e+00,
        -2.25951562e+00,  2.89473329e+00,  1.08078910e+00,
        -2.27714720e+00, -5.55140422e-01],
       [-1.59720365e+00,  5.19868380e-01,  1.07242713e+00,
         5.56199400e-01, -3.63914032e-01,  5.64761837e-01,
         7.27764376e-01, -4.13320924e-01, -2.52992184e+00,
         2.43166558e+00,  3.72707696e-01,  2.58839816e-01,
        -2.51892184e+00,  2.17889476e+00,  3.25096838e-01,
         5.53221493e-01,  5.41291257e-01],
       [-4.39595648e-01, -1.25518578e-02, -2.58579638e-01,
         5.50627011e-01, -2.57743121e-01, -7.08814847e-01,
         1.20890004e+00, -3.70442202e-01, -2.34015121e+00,
         3.20942454e+00, -1.23450381e+00,  2.28130344e-01,
        -2.34515121e+00,  3.21029475e+00, -1.17941486e+00,
         1.86171182e-01, -1.33100133e-01],
       [ 5.00000000e-03,  1.00000000e-03, -9.00000000e-03,
         0.00000000e+00,  8.00000000e-03,  6.00000000e-03,
        -7.00000000e-03, -2.00000000e-03, -1.00000000e-03,
         2.00000000e-03, -5.00000000e-03,  3.00000000e-03,
        -6.00000000e-03,  7.00000000e-03, -9.00000000e-03,
        -9.00000000e-03,  1.00000000e-03]]), 'deltas': array([[-6.73759755e-05],
       [-1.34713195e-04],
       [-1.64363881e-04],
       [-7.31399430e-04],
       [-0.00000000e+00]]), 'outputs': array([[0.01636113],
       [0.03328555],
       [0.95906428],
       [0.77440442],
       [1.        ]]), 'errors': -0.004186549226545244}, {'weights': array([[-3.56660918, -3.42086177, -5.8539099 , -4.46835125,  3.63818217],
       [ 4.31554808,  2.02478107,  0.78389575,  1.63968204, -5.7528036 ],
       [-2.86574489, -3.04422021,  8.30596038, -1.75015759, -3.02899899]]), 'deltas': array([[-1.32940743e-05],
       [-6.98791945e-04],
       [ 9.49256514e-04]]), 'outputs': array([[0.00365278],
       [0.02679613],
       [0.96869613]]), 'errors': array([[-0.00365278],
       [-0.02679613],
       [ 0.03130387]])}]
Accuracy: 96.66666666666667 %

train_data group 3 length:  120
   0   1   2   3   4   5   6   7   8   9   10  11  12  13  14  15  16
0   1   0   0   0   0   0   1   0   1   0   0   0   1   0   0   0   0
1   0   1   0   0   0   0   0   1   1   0   0   0   1   0   0   0   0
2   1   0   0   0   0   1   0   0   1   0   0   0   1   0   0   0   0
3   1   0   0   0   0   0   1   0   1   0   0   0   1   0   0   0   0
4   1   0   0   0   0   0   1   0   1   0   0   0   1   0   0   0   0
Initial Neural Network:
[{'weights': array([[ 0.002, -0.002, -0.007, -0.01 ,  0.001,  0.007, -0.002,  0.002,
        -0.008,  0.008, -0.007,  0.001, -0.003, -0.002, -0.006,  0.01 ,
         0.009],
       [ 0.005, -0.008,  0.007, -0.008, -0.005,  0.   , -0.008,  0.002,
         0.003, -0.005, -0.001,  0.002, -0.008, -0.007,  0.01 , -0.005,
        -0.009],
       [-0.008,  0.004, -0.009, -0.007, -0.002,  0.001,  0.003, -0.006,
        -0.003,  0.004, -0.007, -0.007,  0.003,  0.009,  0.004,  0.   ,
         0.003],
       [ 0.01 , -0.005,  0.003, -0.001,  0.002, -0.003, -0.004,  0.006,
         0.   ,  0.002, -0.009, -0.002,  0.008, -0.005,  0.01 , -0.001,
        -0.009],
       [-0.002,  0.007, -0.01 ,  0.008, -0.001,  0.005, -0.004, -0.006,
        -0.002,  0.002,  0.01 ,  0.003,  0.006, -0.01 , -0.009, -0.006,
        -0.005]]), 'deltas': array([[0.],
       [0.],
       [0.],
       [0.],
       [0.]]), 'outputs': array([[0.],
       [0.],
       [0.],
       [0.],
       [0.]]), 'errors': array([[0.],
       [0.],
       [0.],
       [0.],
       [0.]])}, {'weights': array([[-0.003, -0.01 ,  0.007, -0.006,  0.005],
       [-0.01 ,  0.005, -0.005,  0.003, -0.01 ],
       [ 0.001,  0.006, -0.006,  0.002, -0.01 ]]), 'deltas': array([[0.],
       [0.],
       [0.],
       [0.]]), 'outputs': array([[0.],
       [0.],
       [0.],
       [0.]]), 'errors': array([[0.],
       [0.],
       [0.],
       [0.]])}]
Training complete!
Training done. epoch: 74 , total error: 0.000850662182217855
[{'weights': array([[ 5.14940437e-01, -7.56918186e-01, -1.11797881e+00,
         8.65080669e-01,  3.22496357e-01,  4.24975421e-02,
        -4.74971564e-01, -3.59898227e-01, -2.39199835e+00,
        -1.17548148e+00, -6.19635569e-02,  3.14556750e+00,
        -2.38699835e+00, -1.49366046e+00, -2.35900518e-01,
         3.63768344e+00, -4.68875892e-01],
       [ 8.43520459e-02,  1.18490219e+00, -1.49360443e+00,
         7.99961634e-01, -6.41811951e-01,  1.88420940e+00,
        -2.78673255e-01, -3.95112755e-01, -2.76376886e+00,
         6.15669275e-01,  1.89977892e-01,  2.53673314e+00,
        -2.77476886e+00, -5.86323852e-01,  8.82685625e-01,
         3.04801853e+00,  5.70611443e-01],
       [ 5.72414482e-01, -6.76781363e-01, -1.27568489e+00,
         8.56031595e-01,  3.91548988e-01, -4.27874176e-03,
        -5.24895900e-01, -3.70394517e-01, -2.40481335e+00,
        -1.22408556e+00, -1.64899097e-03,  3.11352773e+00,
        -2.39881335e+00, -1.57019993e+00, -1.40365320e-01,
         3.62135843e+00, -5.01020172e-01],
       [ 7.36841768e-01, -8.54225355e-01, -1.29572670e+00,
         8.71700282e-01,  3.05262177e-01,  1.85554941e-02,
        -5.15245691e-01, -3.55981980e-01, -2.41076192e+00,
        -1.42508867e+00,  1.18564132e-01,  3.15987645e+00,
        -2.40276192e+00, -1.68366461e+00, -1.07135308e-01,
         3.65715184e+00, -5.57410001e-01],
       [-2.00000000e-03,  7.00000000e-03, -1.00000000e-02,
         8.00000000e-03, -1.00000000e-03,  5.00000000e-03,
        -4.00000000e-03, -6.00000000e-03, -2.00000000e-03,
         2.00000000e-03,  1.00000000e-02,  3.00000000e-03,
         6.00000000e-03, -1.00000000e-02, -9.00000000e-03,
        -6.00000000e-03, -5.00000000e-03]]), 'deltas': array([[6.86972987e-06],
       [7.06313386e-06],
       [7.89510896e-06],
       [7.50306330e-06],
       [0.00000000e+00]]), 'outputs': array([[0.99877607],
       [0.99874157],
       [0.99859313],
       [0.99866309],
       [1.        ]]), 'errors': 0.005619742447900918}, {'weights': array([[-4.77140658, -6.41444319, -4.96415207, -4.70252287,  2.78580354],
       [-3.31573225,  5.93657671, -0.7635033 , -3.16617075, -1.96338194],
       [ 2.19539317,  1.91275833,  2.05844629,  2.34758796, -4.54679367]]), 'deltas': array([[-2.14316679e-16],
       [-1.29871300e-03],
       [ 3.46472137e-04]]), 'outputs': array([[1.46395588e-08],
       [3.67180736e-02],
       [9.81208847e-01]]), 'errors': array([[-1.46395588e-08],
       [-3.67180736e-02],
       [ 1.87911530e-02]])}]
Accuracy: 90.0 %

train_data group 4 length:  120
   0   1   2   3   4   5   6   7   8   9   10  11  12  13  14  15  16
0   1   0   0   0   0   0   1   0   1   0   0   0   1   0   0   0   0
1   0   1   0   0   0   0   0   1   1   0   0   0   1   0   0   0   0
2   1   0   0   0   0   1   0   0   1   0   0   0   1   0   0   0   0
3   1   0   0   0   0   0   1   0   1   0   0   0   1   0   0   0   0
4   1   0   0   0   0   0   1   0   1   0   0   0   1   0   0   0   0
Initial Neural Network:
[{'weights': array([[-0.003,  0.004, -0.002, -0.007, -0.006, -0.009,  0.003,  0.002,
        -0.001,  0.005,  0.007,  0.006, -0.007,  0.009,  0.002,  0.   ,
         0.009],
       [ 0.004,  0.002,  0.008, -0.005,  0.003,  0.   , -0.01 , -0.003,
        -0.006,  0.   , -0.008,  0.006, -0.009, -0.005,  0.006,  0.   ,
        -0.002],
       [-0.002,  0.008, -0.001,  0.002, -0.001, -0.01 ,  0.009,  0.007,
         0.005, -0.009, -0.009,  0.003,  0.004, -0.004, -0.008,  0.004,
         0.006],
       [ 0.004,  0.005,  0.001, -0.01 , -0.009,  0.007,  0.003, -0.001,
        -0.008,  0.005,  0.008,  0.009,  0.01 ,  0.003, -0.008, -0.008,
         0.001],
       [-0.004, -0.009, -0.005,  0.   , -0.008, -0.002, -0.006,  0.009,
        -0.004, -0.005,  0.007,  0.007,  0.003,  0.004,  0.009,  0.006,
         0.003]]), 'deltas': array([[0.],
       [0.],
       [0.],
       [0.],
       [0.]]), 'outputs': array([[0.],
       [0.],
       [0.],
       [0.],
       [0.]]), 'errors': array([[0.],
       [0.],
       [0.],
       [0.],
       [0.]])}, {'weights': array([[ 0.009, -0.001, -0.006,  0.001, -0.01 ],
       [-0.006,  0.005, -0.008,  0.007, -0.002],
       [ 0.008, -0.006,  0.007, -0.003,  0.001]]), 'deltas': array([[0.],
       [0.],
       [0.],
       [0.]]), 'outputs': array([[0.],
       [0.],
       [0.],
       [0.]]), 'errors': array([[0.],
       [0.],
       [0.],
       [0.]])}]
Training complete!
Training done. epoch: 264 , total error: 0.0007714156546960633
[{'weights': array([[ 9.83224361e-02,  5.49241256e-01, -7.64629300e-02,
        -1.38692385e+00, -7.56632479e-01, -4.43576798e-01,
         4.20665426e-02,  3.40319645e-01,  3.24208311e+00,
        -7.61324326e-02, -2.06711641e-01, -3.75006213e+00,
         3.23608311e+00,  1.31309442e+00, -8.13297949e-01,
        -4.53970267e+00, -7.98823090e-01],
       [ 5.32283646e-01,  9.20379851e-02, -4.36945490e-01,
        -1.44087969e+00, -1.11563678e+00, -7.15444170e-01,
         2.04968428e-01,  3.53608968e-01,  3.25002719e+00,
        -5.38537344e-01, -2.77655681e-01, -3.70433772e+00,
         3.24702719e+00, -4.47267006e-01,  1.15259814e-01,
        -4.18552355e+00, -1.26450355e+00],
       [ 4.96656342e-01,  1.08676881e-01, -4.21102709e-01,
        -1.43331147e+00, -1.10283152e+00, -7.04144644e-01,
         1.98162377e-01,  3.57732824e-01,  3.25156412e+00,
        -5.28239847e-01, -2.80455108e-01, -3.70895012e+00,
         3.25056412e+00, -3.87393314e-01,  8.03528337e-02,
        -4.20360460e+00, -1.25008096e+00],
       [ 2.24046863e-01,  3.01245747e-01, -2.43664980e-01,
        -1.39867511e+00, -9.85465614e-01, -6.10594427e-01,
         1.35946674e-01,  3.43065882e-01,  3.26028321e+00,
        -3.90481837e-01, -2.53309420e-01, -3.71953943e+00,
         3.27828321e+00,  2.73964119e-01, -2.90562345e-01,
        -4.38173246e+00, -1.11604748e+00],
       [-4.00000000e-03, -9.00000000e-03, -5.00000000e-03,
         0.00000000e+00, -8.00000000e-03, -2.00000000e-03,
        -6.00000000e-03,  9.00000000e-03, -4.00000000e-03,
        -5.00000000e-03,  7.00000000e-03,  7.00000000e-03,
         3.00000000e-03,  4.00000000e-03,  9.00000000e-03,
         6.00000000e-03,  3.00000000e-03]]), 'deltas': array([[-0.00088976],
       [-0.00012683],
       [-0.00014091],
       [-0.00040355],
       [-0.        ]]), 'outputs': array([[0.55798101],
       [0.03648842],
       [0.04071794],
       [0.12833332],
       [1.        ]]), 'errors': -0.0036075457124168857}, {'weights': array([[ 2.58682186,  2.71544947,  2.74724521,  2.66174123, -5.90245826],
       [ 7.19227147, -5.65887061, -5.02684466,  1.49933678, -0.43370071],
       [-9.09830052, -8.03911472, -8.07716917, -8.6973504 ,  1.56145186]]), 'deltas': array([[-3.81159715e-04],
       [ 1.08911689e-03],
       [-2.69150857e-05]]), 'outputs': array([[0.01971869],
       [0.96642994],
       [0.00520152]]), 'errors': array([[-0.01971869],
       [ 0.03357006],
       [-0.00520152]])}]
Accuracy: 83.33333333333334 %

Feedforward Neural Network AVG Accuracy (%): 91.33333333333333 %
