Namespace(error_threshold=0.001, max_epochs=1000, num_layers=2, num_nodes_per_hidden_layer=18, training_rate=0.5)

train_data group 0 length:  120
   0   1   2   3   4   5   6   7   8   9   10  11  12  13  14  15  16
0   1   0   0   0   0   1   0   0   1   0   0   0   1   0   0   0   0
1   1   0   0   0   0   1   0   0   1   0   0   0   1   0   0   0   0
2   1   0   0   0   0   0   1   0   1   0   0   0   1   0   0   0   0
3   1   0   0   0   0   1   0   0   1   0   0   0   1   0   0   0   0
4   1   0   0   0   0   0   1   0   1   0   0   0   1   0   0   0   0
Initial Neural Network:
[{'weights': array([[-0.01 ,  0.006,  0.007,  0.001, -0.001, -0.009,  0.009,  0.006,
        -0.006,  0.01 ,  0.008,  0.007, -0.008,  0.002, -0.006,  0.003,
         0.01 ],
       [-0.005, -0.008, -0.009,  0.001, -0.008, -0.008,  0.005, -0.003,
        -0.002, -0.009,  0.009, -0.004, -0.005, -0.008,  0.008, -0.003,
        -0.009],
       [-0.008,  0.008,  0.009,  0.006, -0.001,  0.003,  0.007,  0.005,
        -0.009,  0.003, -0.003,  0.009, -0.003,  0.004, -0.001,  0.008,
         0.   ],
       [ 0.008,  0.01 ,  0.008,  0.004,  0.005, -0.008,  0.003, -0.003,
        -0.009,  0.008, -0.009,  0.002, -0.001, -0.004, -0.01 ,  0.009,
         0.002],
       [ 0.008, -0.009, -0.004, -0.008,  0.002, -0.01 , -0.01 ,  0.007,
        -0.008, -0.009, -0.01 ,  0.007,  0.008,  0.008, -0.006, -0.01 ,
        -0.004],
       [-0.002,  0.005,  0.005, -0.01 , -0.001, -0.004, -0.009,  0.007,
        -0.006, -0.003, -0.001, -0.007, -0.009, -0.004,  0.001,  0.008,
        -0.007],
       [-0.003,  0.001, -0.01 , -0.005, -0.004, -0.004, -0.008,  0.006,
         0.009,  0.004, -0.005,  0.01 , -0.005,  0.006, -0.01 ,  0.   ,
        -0.01 ],
       [-0.001, -0.002, -0.005,  0.   ,  0.008,  0.007,  0.008,  0.   ,
         0.006,  0.008, -0.009,  0.009, -0.006,  0.   , -0.001, -0.007,
         0.001],
       [-0.008, -0.007, -0.002, -0.001, -0.005,  0.002,  0.   , -0.005,
         0.008,  0.007,  0.009,  0.007, -0.007, -0.002, -0.006,  0.001,
         0.009],
       [ 0.002,  0.008,  0.006, -0.008, -0.009, -0.001,  0.   , -0.009,
        -0.002, -0.001, -0.01 ,  0.008, -0.005,  0.001,  0.001,  0.008,
        -0.003],
       [-0.009, -0.003,  0.006,  0.007,  0.009, -0.002, -0.006,  0.009,
        -0.008, -0.008, -0.003, -0.008, -0.001, -0.007,  0.002,  0.   ,
        -0.01 ],
       [-0.001, -0.006,  0.004, -0.002,  0.004,  0.01 , -0.005, -0.009,
        -0.007, -0.007, -0.002, -0.002,  0.003, -0.009, -0.003, -0.003,
         0.   ],
       [ 0.   ,  0.003, -0.004,  0.   ,  0.001,  0.006,  0.002,  0.003,
         0.   ,  0.003,  0.003, -0.002,  0.009,  0.005, -0.002, -0.002,
         0.003],
       [ 0.001, -0.005,  0.001,  0.004, -0.008,  0.003,  0.001,  0.005,
         0.009, -0.001, -0.007,  0.007, -0.003, -0.01 , -0.004, -0.002,
        -0.009],
       [-0.01 , -0.006,  0.001,  0.001, -0.006,  0.002, -0.009, -0.007,
         0.002,  0.003,  0.007, -0.009, -0.002,  0.01 , -0.006,  0.008,
        -0.004],
       [ 0.007,  0.001,  0.003,  0.006, -0.005, -0.001, -0.01 , -0.005,
         0.005, -0.008, -0.01 ,  0.   , -0.003,  0.009, -0.005, -0.006,
        -0.001],
       [-0.01 , -0.004, -0.009, -0.001,  0.004, -0.006, -0.005,  0.002,
        -0.009, -0.001,  0.006, -0.01 , -0.004,  0.009,  0.009,  0.007,
         0.004],
       [ 0.002, -0.004,  0.007,  0.008,  0.01 , -0.005,  0.01 , -0.007,
        -0.009, -0.004,  0.004, -0.003,  0.01 ,  0.005,  0.   ,  0.002,
         0.002],
       [ 0.003,  0.003, -0.006, -0.005,  0.001,  0.003,  0.002, -0.007,
        -0.004,  0.   , -0.01 , -0.01 , -0.006, -0.007,  0.   ,  0.01 ,
         0.002]]), 'deltas': array([[0.],
       [0.],
       [0.],
       [0.],
       [0.],
       [0.],
       [0.],
       [0.],
       [0.],
       [0.],
       [0.],
       [0.],
       [0.],
       [0.],
       [0.],
       [0.],
       [0.],
       [0.],
       [0.]]), 'outputs': array([[0.],
       [0.],
       [0.],
       [0.],
       [0.],
       [0.],
       [0.],
       [0.],
       [0.],
       [0.],
       [0.],
       [0.],
       [0.],
       [0.],
       [0.],
       [0.],
       [0.],
       [0.],
       [0.]]), 'errors': array([[0.],
       [0.],
       [0.],
       [0.],
       [0.],
       [0.],
       [0.],
       [0.],
       [0.],
       [0.],
       [0.],
       [0.],
       [0.],
       [0.],
       [0.],
       [0.],
       [0.],
       [0.],
       [0.]])}, {'weights': array([[ 0.009,  0.001,  0.003,  0.01 ,  0.003,  0.009, -0.006, -0.003,
        -0.01 ,  0.006,  0.   , -0.01 ,  0.001,  0.009,  0.006,  0.008,
         0.006,  0.01 , -0.003],
       [ 0.007,  0.008, -0.01 , -0.005,  0.   ,  0.005,  0.003, -0.003,
        -0.003,  0.   , -0.007,  0.01 ,  0.005,  0.007, -0.006,  0.005,
        -0.008, -0.007,  0.004],
       [ 0.001, -0.006,  0.004,  0.01 , -0.006, -0.003,  0.007, -0.006,
         0.004, -0.009, -0.007,  0.006,  0.01 ,  0.006, -0.008,  0.   ,
         0.004, -0.001,  0.   ]]), 'deltas': array([[0.],
       [0.],
       [0.],
       [0.]]), 'outputs': array([[0.],
       [0.],
       [0.],
       [0.]]), 'errors': array([[0.],
       [0.],
       [0.],
       [0.]])}]
Training complete!
Training done. epoch: 46 , total error: 0.0009839886095233971
[{'weights': array([[ 2.77711821e-02, -4.41269583e-01, -5.05575282e-01,
         7.73768654e-01,  6.92927200e-02,  2.47968392e-01,
        -2.68446686e-01, -1.93119455e-01, -2.29423880e+00,
        -8.29577740e-01,  1.79098150e-01,  2.81441336e+00,
        -2.29623880e+00, -9.33494455e-01, -7.08453171e-02,
         3.14227354e+00, -1.39305029e-01],
       [ 3.47697300e-01, -7.02173203e-01, -5.69361040e-01,
         7.69126727e-01,  1.29166341e-01,  1.99509137e-01,
        -2.76347295e-01, -2.00038400e-01, -2.30668678e+00,
        -1.13172133e+00,  4.97351939e-01,  2.80134595e+00,
        -2.30968678e+00, -1.16151000e+00,  1.94077441e-01,
         3.13540912e+00, -1.42710216e-01],
       [-2.65196172e-01, -2.02864311e-01, -4.09756119e-01,
         7.79837861e-01,  2.94054727e-02,  3.24494853e-01,
        -2.59091043e-01, -1.93788023e-01, -2.28061569e+00,
        -5.78439371e-01, -6.56706894e-02,  2.81174701e+00,
        -2.27461569e+00, -7.14436313e-01, -2.60906116e-01,
         3.14497938e+00, -1.12978741e-01],
       [-2.60712452e-01, -1.69825187e-01, -4.14474707e-01,
         7.82158012e-01,  7.25799858e-02,  3.04284380e-01,
        -2.71394829e-01, -2.01323871e-01, -2.28899867e+00,
        -5.34791030e-01, -8.86192949e-02,  2.81155466e+00,
        -2.28099867e+00, -6.90487919e-01, -2.76686741e-01,
         3.14931900e+00, -9.08543349e-02],
       [-3.69872052e-01, -8.20586069e-02, -3.85647388e-01,
         7.73372335e-01,  7.87058678e-02,  3.28620685e-01,
        -2.76830894e-01, -1.92701371e-01, -2.28460398e+00,
        -4.30907941e-01, -1.71667598e-01,  2.81597381e+00,
        -2.26860398e+00, -5.87396369e-01, -3.39605438e-01,
         3.14440008e+00, -5.52057118e-02],
       [ 1.12588069e-01, -5.06295876e-01, -5.17722651e-01,
         7.66784169e-01,  8.28178063e-02,  2.36514393e-01,
        -2.76825575e-01, -1.92152912e-01, -2.29337323e+00,
        -9.17826158e-01,  2.44182885e-01,  2.80737021e+00,
        -2.29637323e+00, -9.92983690e-01, -8.04640677e-03,
         3.15075704e+00, -1.49646288e-01],
       [-6.45305913e-01,  2.61690957e-01, -3.20662503e-01,
         7.74214286e-01,  1.34391343e-01,  4.08270103e-01,
        -2.70484125e-01, -1.95240494e-01, -2.25913102e+00,
        -7.45404248e-02, -3.73532257e-01,  2.81214053e+00,
        -2.27313102e+00, -2.84848699e-01, -4.99582303e-01,
         3.13549885e+00,  7.69368270e-02],
       [-2.35157518e-01, -2.25717615e-01, -4.31645577e-01,
         7.75129684e-01,  6.01866737e-02,  3.12251873e-01,
        -2.61127000e-01, -1.97702572e-01, -2.27631063e+00,
        -5.88008999e-01, -4.63795980e-02,  2.81530821e+00,
        -2.28831063e+00, -7.30815354e-01, -2.47212923e-01,
         3.14294789e+00, -1.08391025e-01],
       [-1.23250081e-01, -3.47860622e-01, -4.60020019e-01,
         7.73481212e-01,  3.52771008e-02,  2.88104439e-01,
        -2.68442749e-01, -2.02588300e-01, -2.27327967e+00,
        -7.18919028e-01,  6.62807649e-02,  2.81726842e+00,
        -2.28827967e+00, -8.40703445e-01, -1.67514807e-01,
         3.14284841e+00, -1.30649510e-01],
       [-3.43849235e-01, -1.23023952e-01, -3.81904013e-01,
         7.70424713e-01,  2.73336255e-02,  3.38372340e-01,
        -2.64402377e-01, -2.06656077e-01, -2.27160494e+00,
        -4.97699009e-01, -1.34988220e-01,  2.81293968e+00,
        -2.27460494e+00, -6.42328983e-01, -3.11643851e-01,
         3.14722528e+00, -8.93524881e-02],
       [-8.57672610e-02, -3.73627387e-01, -4.55674205e-01,
         7.83668479e-01,  5.16708426e-02,  2.85609005e-01,
        -2.69740377e-01, -1.89939845e-01, -2.28359139e+00,
        -7.61023996e-01,  7.86291147e-02,  2.80658590e+00,
        -2.27659139e+00, -8.65026180e-01, -1.46253690e-01,
         3.14947088e+00, -1.42400374e-01],
       [-9.21064592e-02, -3.70359571e-01, -4.56517287e-01,
         7.74832724e-01,  4.39196099e-02,  2.90757743e-01,
        -2.68483779e-01, -2.05344168e-01, -2.28682600e+00,
        -7.59525803e-01,  7.88957637e-02,  2.81030544e+00,
        -2.27682600e+00, -8.66605546e-01, -1.51781202e-01,
         3.14406215e+00, -1.39150594e-01],
       [-3.94836694e-02, -3.99655282e-01, -4.83134778e-01,
         7.74488127e-01,  5.36852840e-02,  2.74559960e-01,
        -2.67221198e-01, -1.95809649e-01, -2.29149460e+00,
        -7.88688549e-01,  1.26081048e-01,  2.81131650e+00,
        -2.28249460e+00, -8.89949025e-01, -1.09428474e-01,
         3.14508649e+00, -1.43785602e-01],
       [-6.65978558e-01,  2.55724077e-01, -2.95789242e-01,
         7.82811370e-01,  1.09666102e-01,  4.24309553e-01,
        -2.62074713e-01, -1.95133296e-01, -2.25434482e+00,
        -8.75918373e-02, -3.81949063e-01,  2.80765337e+00,
        -2.26634482e+00, -2.96661646e-01, -5.11856636e-01,
         3.13163075e+00,  6.67676464e-02],
       [-4.11642770e-01, -6.79562339e-02, -3.73266251e-01,
         7.80008718e-01,  4.43465907e-02,  3.50374829e-01,
        -2.68577428e-01, -2.05000528e-01, -2.26593169e+00,
        -4.16674096e-01, -1.79124048e-01,  2.80587329e+00,
        -2.26993169e+00, -5.75956698e-01, -3.48729748e-01,
         3.14576160e+00, -6.28565367e-02],
       [-5.01960395e-01,  7.07689583e-02, -3.41988375e-01,
         7.84768159e-01,  8.17213896e-02,  3.68284940e-01,
        -2.72368401e-01, -2.04049582e-01, -2.26716096e+00,
        -2.84097139e-01, -2.72880044e-01,  2.80572649e+00,
        -2.27516096e+00, -4.57633737e-01, -4.16250980e-01,
         3.13863402e+00, -6.41165263e-03],
       [ 4.70651747e-01, -8.01190041e-01, -5.90776221e-01,
         7.61605792e-01,  1.63880891e-01,  1.82948004e-01,
        -2.90790676e-01, -1.96746943e-01, -2.33531742e+00,
        -1.23893596e+00,  6.39716716e-01,  2.78482794e+00,
        -2.33031742e+00, -1.24312439e+00,  3.26247833e-01,
         3.13248525e+00, -1.31708723e-01],
       [ 1.09676026e-01, -5.07059103e-01, -5.21454904e-01,
         7.82054444e-01,  1.06249512e-01,  2.28608725e-01,
        -2.73199482e-01, -2.03442293e-01, -2.30597087e+00,
        -8.99756656e-01,  2.34930660e-01,  2.80901333e+00,
        -2.28697087e+00, -9.79686113e-01, -1.63115057e-02,
         3.15018495e+00, -1.47783538e-01],
       [ 3.00000000e-03,  3.00000000e-03, -6.00000000e-03,
        -5.00000000e-03,  1.00000000e-03,  3.00000000e-03,
         2.00000000e-03, -7.00000000e-03, -4.00000000e-03,
         0.00000000e+00, -1.00000000e-02, -1.00000000e-02,
        -6.00000000e-03, -7.00000000e-03,  0.00000000e+00,
         1.00000000e-02,  2.00000000e-03]]), 'deltas': array([[7.38766917e-06],
       [7.15633033e-06],
       [7.44278830e-06],
       [6.92859048e-06],
       [6.70761515e-06],
       [7.40508248e-06],
       [5.62758276e-06],
       [7.20760094e-06],
       [7.55321153e-06],
       [7.32801936e-06],
       [7.47250708e-06],
       [7.58534478e-06],
       [7.53391124e-06],
       [5.82561401e-06],
       [7.00940075e-06],
       [6.39910232e-06],
       [7.02369758e-06],
       [7.10383401e-06],
       [0.00000000e+00]]), 'outputs': array([[0.99872104],
       [0.99876114],
       [0.99871148],
       [0.99880061],
       [0.9988389 ],
       [0.99871802],
       [0.99902604],
       [0.99875225],
       [0.99869234],
       [0.99873138],
       [0.99870633],
       [0.99868677],
       [0.99869568],
       [0.99899173],
       [0.9987866 ],
       [0.99889237],
       [0.99878412],
       [0.99877023],
       [1.        ]]), 'errors': 0.005783686862872863}, {'weights': array([[-2.00130998, -1.93739335, -2.01647509, -2.00981164, -1.99468581,
        -1.96102306, -2.08368418, -2.00717022, -1.99316777, -1.99789876,
        -1.9601946 , -1.96913252, -1.97577749, -2.03165159, -2.01971785,
        -2.02401363, -2.01819481, -1.96229422,  2.49014857],
       [-0.17066014, -0.22471875, -0.27814928, -0.10424155, -0.13990051,
        -0.41853577,  0.6733707 , -0.17093976, -0.45791475, -0.30136307,
        -0.69210931, -0.65005599, -0.30949094,  0.25206333, -0.09656056,
         0.14162309,  0.81330417, -0.3957879 , -0.56151292],
       [ 0.62260101,  0.79587213,  0.54588588,  0.50062469,  0.43044538,
         0.66563395,  0.33425482,  0.50217414,  0.59248796,  0.50166906,
         0.59769237,  0.61430573,  0.59810431,  0.38104253,  0.45084854,
         0.3992876 ,  0.84272172,  0.63968059, -2.9229606 ]]), 'deltas': array([[-9.19093247e-30],
       [-1.88001373e-03],
       [ 7.06770693e-07]]), 'outputs': array([[3.03165507e-15],
       [4.43539159e-02],
       [9.99158950e-01]]), 'errors': array([[-3.03165507e-15],
       [-4.43539159e-02],
       [ 8.41050309e-04]])}]
neural_net output [0.90607697 0.35962294 0.05430246]
target: 0 prediction: 0
neural_net output [0.9054995  0.36132846 0.05393062]
target: 0 prediction: 0
neural_net output [0.8909749  0.35711492 0.05677055]
target: 0 prediction: 0
neural_net output [0.90607697 0.35962294 0.05430246]
target: 0 prediction: 0
neural_net output [0.90607697 0.35962294 0.05430246]
target: 0 prediction: 0
neural_net output [0.90607697 0.35962294 0.05430246]
target: 0 prediction: 0
neural_net output [0.9054995  0.36132846 0.05393062]
target: 0 prediction: 0
neural_net output [0.90607697 0.35962294 0.05430246]
target: 0 prediction: 0
neural_net output [0.9054995  0.36132846 0.05393062]
target: 0 prediction: 0
neural_net output [0.90682875 0.36143769 0.0537272 ]
target: 0 prediction: 0
neural_net output [1.30802528e-06 1.76695281e-01 8.30778230e-01]
target: 1 prediction: 2
neural_net output [1.30802528e-06 1.76695281e-01 8.30778230e-01]
target: 1 prediction: 2
neural_net output [9.05104798e-06 2.00401398e-01 7.49164080e-01]
target: 1 prediction: 2
neural_net output [1.30802528e-06 1.76695281e-01 8.30778230e-01]
target: 1 prediction: 2
neural_net output [6.05085337e-06 1.78051347e-01 7.82980427e-01]
target: 1 prediction: 2
neural_net output [6.05085337e-06 1.78051347e-01 7.82980427e-01]
target: 1 prediction: 2
neural_net output [5.07523455e-04 2.27545198e-01 5.14252839e-01]
target: 1 prediction: 2
neural_net output [1.30802528e-06 1.76695281e-01 8.30778230e-01]
target: 1 prediction: 2
neural_net output [1.30802528e-06 1.76695281e-01 8.30778230e-01]
target: 1 prediction: 2
neural_net output [1.30802528e-06 1.76695281e-01 8.30778230e-01]
target: 1 prediction: 2
neural_net output [6.94285594e-14 5.71300336e-02 9.97947925e-01]
target: 2 prediction: 2
neural_net output [7.54854110e-15 4.65705194e-02 9.98921587e-01]
target: 2 prediction: 2
neural_net output [3.57682629e-15 4.41377296e-02 9.99117723e-01]
target: 2 prediction: 2
neural_net output [1.30802528e-06 1.76695281e-01 8.30778230e-01]
target: 2 prediction: 2
neural_net output [1.79249958e-14 4.96684083e-02 9.98631452e-01]
target: 2 prediction: 2
neural_net output [3.00569971e-15 4.35703826e-02 9.99160846e-01]
target: 2 prediction: 2
neural_net output [3.27085020e-15 4.38529869e-02 9.99139743e-01]
target: 2 prediction: 2
neural_net output [3.08691461e-15 4.36512801e-02 9.99154610e-01]
target: 2 prediction: 2
neural_net output [1.36235349e-14 4.94159446e-02 9.98706608e-01]
target: 2 prediction: 2
neural_net output [9.05104798e-06 2.00401398e-01 7.49164080e-01]
target: 2 prediction: 2
Accuracy: 66.66666666666666 %

train_data group 1 length:  120
   0   1   2   3   4   5   6   7   8   9   10  11  12  13  14  15  16
0   1   0   0   0   0   0   1   0   1   0   0   0   1   0   0   0   0
1   0   1   0   0   0   0   0   1   1   0   0   0   1   0   0   0   0
2   1   0   0   0   0   1   0   0   1   0   0   0   1   0   0   0   0
3   1   0   0   0   0   0   1   0   1   0   0   0   1   0   0   0   0
4   1   0   0   0   0   0   1   0   1   0   0   0   1   0   0   0   0
Initial Neural Network:
[{'weights': array([[-0.007, -0.002, -0.009,  0.001, -0.003, -0.008,  0.005,  0.002,
         0.009, -0.007, -0.004,  0.001,  0.002,  0.002,  0.006,  0.001,
         0.01 ],
       [-0.006,  0.008,  0.005,  0.008, -0.008, -0.009,  0.   ,  0.   ,
         0.01 , -0.008, -0.008,  0.01 ,  0.005, -0.01 ,  0.002,  0.005,
         0.008],
       [ 0.008,  0.01 ,  0.005, -0.01 ,  0.009, -0.005,  0.006,  0.01 ,
        -0.009,  0.007,  0.007, -0.004,  0.008, -0.01 , -0.009,  0.001,
         0.008],
       [ 0.009, -0.005, -0.01 , -0.01 , -0.006,  0.004, -0.007, -0.004,
        -0.006, -0.009,  0.005,  0.008, -0.008,  0.005, -0.004,  0.001,
        -0.008],
       [ 0.004, -0.004,  0.001, -0.009,  0.003, -0.007,  0.005, -0.007,
         0.007,  0.004, -0.009,  0.   , -0.004,  0.008, -0.004, -0.006,
         0.006],
       [ 0.006,  0.   , -0.004, -0.001, -0.001, -0.007, -0.005, -0.001,
         0.005,  0.002,  0.003, -0.005, -0.001,  0.01 , -0.009, -0.005,
        -0.004],
       [ 0.002,  0.001,  0.002,  0.002,  0.002, -0.001, -0.003,  0.007,
        -0.005,  0.01 ,  0.002,  0.009,  0.005,  0.004, -0.009,  0.003,
        -0.009],
       [-0.001, -0.006, -0.001, -0.006, -0.009, -0.006, -0.009, -0.009,
         0.005,  0.001,  0.003,  0.008, -0.004,  0.   ,  0.006, -0.006,
        -0.005],
       [-0.01 ,  0.002, -0.008, -0.007,  0.006, -0.009, -0.003,  0.008,
         0.002,  0.007, -0.004,  0.001,  0.002, -0.001, -0.002,  0.007,
        -0.009],
       [ 0.01 , -0.002, -0.002,  0.001,  0.008,  0.01 , -0.001,  0.003,
         0.003,  0.001,  0.001,  0.   ,  0.005,  0.001, -0.01 , -0.01 ,
         0.007],
       [ 0.005, -0.008, -0.01 , -0.01 ,  0.01 ,  0.002,  0.008, -0.006,
         0.   , -0.003,  0.   , -0.001,  0.005, -0.004,  0.001, -0.006,
        -0.01 ],
       [-0.009,  0.008, -0.008,  0.001,  0.006, -0.006, -0.001, -0.007,
        -0.002,  0.004, -0.009, -0.009,  0.01 , -0.001, -0.004, -0.001,
         0.   ],
       [-0.005, -0.008,  0.004,  0.001,  0.007, -0.002,  0.001, -0.007,
         0.005, -0.007, -0.004, -0.009,  0.004, -0.005,  0.004, -0.009,
         0.002],
       [ 0.008, -0.005,  0.   ,  0.001, -0.002,  0.002, -0.001, -0.01 ,
         0.002, -0.007,  0.01 ,  0.001,  0.004, -0.002,  0.007, -0.005,
         0.008],
       [-0.004,  0.006,  0.005, -0.008, -0.006,  0.003, -0.008,  0.008,
         0.008, -0.009,  0.006,  0.008,  0.01 ,  0.005,  0.003, -0.008,
        -0.005],
       [-0.004,  0.002,  0.007, -0.008, -0.009,  0.009,  0.003, -0.005,
         0.004,  0.   , -0.009,  0.01 ,  0.   ,  0.004,  0.002, -0.003,
        -0.002],
       [ 0.01 ,  0.01 ,  0.008,  0.003,  0.005,  0.004,  0.007, -0.006,
         0.009, -0.006,  0.008, -0.001,  0.007,  0.006, -0.003,  0.003,
        -0.009],
       [-0.004,  0.01 ,  0.   ,  0.002, -0.008, -0.003,  0.002,  0.008,
         0.008, -0.005,  0.01 ,  0.003,  0.007, -0.008,  0.007, -0.007,
         0.01 ],
       [-0.003, -0.01 , -0.003,  0.005,  0.002,  0.007,  0.001,  0.003,
        -0.005,  0.002, -0.009,  0.   , -0.007,  0.002,  0.005, -0.004,
         0.01 ]]), 'deltas': array([[0.],
       [0.],
       [0.],
       [0.],
       [0.],
       [0.],
       [0.],
       [0.],
       [0.],
       [0.],
       [0.],
       [0.],
       [0.],
       [0.],
       [0.],
       [0.],
       [0.],
       [0.],
       [0.]]), 'outputs': array([[0.],
       [0.],
       [0.],
       [0.],
       [0.],
       [0.],
       [0.],
       [0.],
       [0.],
       [0.],
       [0.],
       [0.],
       [0.],
       [0.],
       [0.],
       [0.],
       [0.],
       [0.],
       [0.]]), 'errors': array([[0.],
       [0.],
       [0.],
       [0.],
       [0.],
       [0.],
       [0.],
       [0.],
       [0.],
       [0.],
       [0.],
       [0.],
       [0.],
       [0.],
       [0.],
       [0.],
       [0.],
       [0.],
       [0.]])}, {'weights': array([[-0.006,  0.01 , -0.004, -0.007, -0.005,  0.002,  0.006, -0.002,
        -0.003, -0.007,  0.01 ,  0.001, -0.009, -0.009, -0.007,  0.008,
        -0.003,  0.007, -0.009],
       [ 0.005, -0.01 ,  0.003,  0.006,  0.005,  0.009, -0.002, -0.007,
        -0.01 ,  0.002, -0.006,  0.009, -0.009, -0.009,  0.003,  0.003,
         0.003,  0.002,  0.001],
       [ 0.001,  0.004,  0.   , -0.009, -0.005, -0.001, -0.006, -0.005,
         0.001, -0.01 ,  0.01 , -0.009, -0.007, -0.004, -0.01 ,  0.   ,
         0.002, -0.003, -0.004]]), 'deltas': array([[0.],
       [0.],
       [0.],
       [0.]]), 'outputs': array([[0.],
       [0.],
       [0.],
       [0.]]), 'errors': array([[0.],
       [0.],
       [0.],
       [0.]])}]
Training complete!
Training done. epoch: 28 , total error: 0.0001910318818632162
[{'weights': array([[-8.67520420e-01, -6.25101459e-01,  2.10001686e-01,
         2.10658479e-01, -5.30709999e-01, -6.60022694e-01,
         4.64715644e-01, -3.32944667e-01, -1.94984277e+00,
         2.03265592e+00, -1.79352200e-01, -9.59422659e-01,
        -1.95684277e+00,  2.28546606e+00, -3.05721381e-01,
        -1.06686363e+00, -1.04496172e+00],
       [-1.75775947e+00,  4.15897773e-01,  1.02426691e+00,
         9.17520779e-01, -2.94971479e-01,  8.02452312e-01,
         4.29795222e-01, -3.69350060e-01, -2.25100659e+00,
         1.57364688e+00,  5.27888049e-01,  7.38397647e-01,
        -2.25600659e+00,  1.65306764e+00,  5.31106588e-01,
         6.58758350e-01,  5.92925994e-01],
       [-8.60723112e-01, -6.54592532e-01,  2.97340660e-01,
         5.20053016e-02, -5.91975006e-01, -6.39696360e-01,
         3.97991175e-01, -3.25289492e-01, -1.95578844e+00,
         2.06042909e+00, -9.67565011e-02, -1.18585383e+00,
        -1.93878844e+00,  2.27492399e+00, -2.20076707e-01,
        -1.30502852e+00, -1.17096968e+00],
       [-8.97558243e-01, -7.58345284e-01,  4.34663969e-01,
        -7.51875307e-02, -7.15171976e-01, -5.97757376e-01,
         3.51829591e-01, -3.32327327e-01, -1.92137346e+00,
         2.05270279e+00,  1.71263657e-02, -1.43088278e+00,
        -1.92337346e+00,  2.28854640e+00, -9.55848049e-02,
        -1.55601522e+00, -1.28842709e+00],
       [-9.01457714e-01, -7.60038117e-01,  4.42023519e-01,
        -7.30374428e-02, -7.09903377e-01, -5.97581670e-01,
         3.53220889e-01, -3.36245598e-01, -1.91561692e+00,
         2.06683488e+00,  8.59273366e-03, -1.44232045e+00,
        -1.92661692e+00,  2.29371190e+00, -9.60828222e-02,
        -1.56152191e+00, -1.27850976e+00],
       [-1.34719816e+00,  5.40450937e-01,  3.26159693e-01,
        -2.82304708e-01, -6.27216283e-01,  9.48345754e-02,
         9.43276345e-02, -3.39838165e-01, -1.93756980e+00,
         1.96758482e+00,  1.35391576e+00, -2.14282302e+00,
        -1.94356980e+00,  2.08468567e+00,  1.42160216e+00,
        -2.33161027e+00, -7.67892238e-01],
       [-1.64404127e+00,  3.50440605e-01,  9.79125097e-01,
         8.98397635e-01, -3.60124131e-01,  7.37737271e-01,
         5.56490878e-01, -3.52181952e-01, -2.19694586e+00,
         1.73502885e+00,  6.42255706e-01,  4.12583370e-01,
        -2.18694586e+00,  1.81808374e+00,  4.60586989e-01,
         4.88197193e-01,  5.67922066e-01],
       [-9.93587568e-01, -9.79990908e-01,  7.31295877e-01,
        -1.65520810e-01, -9.70522666e-01, -4.31253863e-01,
         3.13463079e-01, -3.38489959e-01, -1.90727818e+00,
         2.08785984e+00,  1.55537030e-01, -1.71292209e+00,
        -1.91627818e+00,  2.25206742e+00,  1.01589587e-01,
        -1.83518223e+00, -1.39880341e+00],
       [-9.17358183e-01, -7.77928777e-01,  4.60211841e-01,
        -8.25887165e-02, -7.25170355e-01, -5.88686100e-01,
         3.46174656e-01, -3.24982035e-01, -1.91067738e+00,
         2.06710591e+00,  2.77815119e-02, -1.47287388e+00,
        -1.91067738e+00,  2.28259825e+00, -7.33039880e-02,
        -1.58728072e+00, -1.30366383e+00],
       [-9.53892693e-01, -9.17742816e-01,  6.39700535e-01,
        -1.29989315e-01, -8.73149401e-01, -4.73959805e-01,
         3.26647474e-01, -3.28462557e-01, -1.91959943e+00,
         2.08601110e+00,  1.01484790e-01, -1.63182075e+00,
        -1.91759943e+00,  2.26269821e+00,  2.81730273e-02,
        -1.75619610e+00, -1.36192429e+00],
       [-1.34425503e+00,  5.46061144e-01,  3.02019355e-01,
        -2.99770902e-01, -6.00856802e-01,  9.09718385e-02,
         9.24152966e-02, -3.41475767e-01, -1.94264362e+00,
         1.95622677e+00,  1.36729622e+00, -2.15782481e+00,
        -1.93764362e+00,  2.05684826e+00,  1.44618420e+00,
        -2.34233428e+00, -7.82945435e-01],
       [-1.36418806e+00,  4.02652979e-01,  4.71549092e-01,
        -2.40817320e-01, -7.33138679e-01,  1.61201819e-01,
         1.85538888e-01, -3.44405333e-01, -1.94241835e+00,
         2.01387614e+00,  1.26077759e+00, -2.07103868e+00,
        -1.93041835e+00,  2.16580737e+00,  1.29848779e+00,
        -2.25268011e+00, -7.22803304e-01],
       [-1.36552204e+00,  5.25770738e-01,  3.45528571e-01,
        -2.70926660e-01, -6.36752915e-01,  1.08917965e-01,
         1.13810284e-01, -3.44124726e-01, -1.94071003e+00,
         1.96800578e+00,  1.33240792e+00, -2.13185306e+00,
        -1.94171003e+00,  2.09105553e+00,  1.40092219e+00,
        -2.31341708e+00, -7.55149391e-01],
       [-8.93627977e-01, -7.25397768e-01,  3.87097351e-01,
        -2.38438102e-02, -6.78448119e-01, -6.21006710e-01,
         3.68795893e-01, -3.40113267e-01, -1.93395617e+00,
         2.05401567e+00, -1.62716958e-02, -1.35756001e+00,
        -1.93195617e+00,  2.27943305e+00, -1.27970077e-01,
        -1.47527901e+00, -1.25177220e+00],
       [-1.36249648e+00,  5.37076688e-01,  3.47929736e-01,
        -2.82905024e-01, -6.57461480e-01,  1.17152983e-01,
         1.12458342e-01, -3.34544922e-01, -1.94092472e+00,
         1.96722752e+00,  1.33827957e+00, -2.11097746e+00,
        -1.93892472e+00,  2.10243540e+00,  1.39609555e+00,
        -2.30900131e+00, -7.64395077e-01],
       [-1.71110917e+00,  4.02112906e-01,  9.73002687e-01,
         9.16816022e-01, -3.41346964e-01,  7.99640123e-01,
         4.89770204e-01, -3.66240916e-01, -2.21705925e+00,
         1.66156161e+00,  6.12753594e-01,  5.31566497e-01,
        -2.22105925e+00,  1.74165682e+00,  4.63721149e-01,
         6.02503732e-01,  5.81822446e-01],
       [-8.96936548e-01, -7.34284884e-01,  4.27134202e-01,
        -4.50510631e-02, -6.90052305e-01, -6.06348987e-01,
         3.62874729e-01, -3.36611729e-01, -1.92051113e+00,
         2.04987189e+00,  5.83619437e-03, -1.40533525e+00,
        -1.92251113e+00,  2.29060165e+00, -1.08848902e-01,
        -1.52637991e+00, -1.28913829e+00],
       [-9.04128256e-01, -7.32860180e-01,  4.04342992e-01,
        -3.21728915e-02, -6.95019830e-01, -6.20862234e-01,
         3.70574087e-01, -3.28510357e-01, -1.93060965e+00,
         2.05387526e+00, -3.36525446e-03, -1.37671869e+00,
        -1.93160965e+00,  2.27161418e+00, -1.14822384e-01,
        -1.49900048e+00, -1.26281834e+00],
       [-3.00000000e-03, -1.00000000e-02, -3.00000000e-03,
         5.00000000e-03,  2.00000000e-03,  7.00000000e-03,
         1.00000000e-03,  3.00000000e-03, -5.00000000e-03,
         2.00000000e-03, -9.00000000e-03,  0.00000000e+00,
        -7.00000000e-03,  2.00000000e-03,  5.00000000e-03,
        -4.00000000e-03,  1.00000000e-02]]), 'deltas': array([[0.00023045],
       [0.00024913],
       [0.00025896],
       [0.00030953],
       [0.0003037 ],
       [0.00033451],
       [0.00019172],
       [0.00039716],
       [0.00031653],
       [0.00036327],
       [0.0003393 ],
       [0.00032497],
       [0.00033611],
       [0.00029632],
       [0.00033925],
       [0.00022081],
       [0.00030491],
       [0.00030506],
       [0.        ]]), 'outputs': array([[0.86696124],
       [0.85399528],
       [0.84697085],
       [0.80834903],
       [0.81304472],
       [0.78736713],
       [0.89248602],
       [0.72631792],
       [0.80261523],
       [0.76112092],
       [0.78315868],
       [0.79555501],
       [0.78596904],
       [0.81889214],
       [0.78320831],
       [0.87347424],
       [0.81208025],
       [0.8119545 ],
       [1.        ]]), 'errors': 0.0019980086569606195}, {'weights': array([[-1.18680204, -2.20831454, -1.1515418 , -1.10058306, -1.07705859,
        -1.03263657, -1.77793241, -1.06624312, -1.06885533, -1.06730332,
        -1.02393817, -1.04065978, -1.05997173, -1.13491763, -1.06788403,
        -1.93323487, -1.09764365, -1.1116029 ,  2.9662543 ],
       [ 0.4104187 , -0.05752147,  0.5274745 ,  0.5832435 ,  0.59141619,
         1.15122345,  0.14954101,  0.60803647,  0.56823448,  0.62278788,
         1.17339516,  0.8328771 ,  1.05628384,  0.5694219 ,  1.06506314,
         0.18474958,  0.57890404,  0.58147923, -4.04576714],
       [ 0.08583972,  3.25394477, -0.17290493, -0.45048398, -0.51242016,
        -1.07459984,  1.43257568, -0.63429543, -0.51792621, -0.64441086,
        -1.07189529, -0.83150525, -0.96116955, -0.33260944, -0.94398362,
         1.89646597, -0.41903387, -0.34491206, -2.75781555]]), 'deltas': array([[-5.73313599e-14],
       [ 5.56324308e-05],
       [-3.20125283e-04]]), 'outputs': array([[2.39439708e-07],
       [9.92513206e-01],
       [1.80557936e-02]]), 'errors': array([[-2.39439708e-07],
       [ 7.48679379e-03],
       [-1.80557936e-02]])}]
Accuracy: 93.33333333333333 %

train_data group 2 length:  120
   0   1   2   3   4   5   6   7   8   9   10  11  12  13  14  15  16
0   1   0   0   0   0   0   1   0   1   0   0   0   1   0   0   0   0
1   0   1   0   0   0   0   0   1   1   0   0   0   1   0   0   0   0
2   1   0   0   0   0   1   0   0   1   0   0   0   1   0   0   0   0
3   1   0   0   0   0   0   1   0   1   0   0   0   1   0   0   0   0
4   1   0   0   0   0   0   1   0   1   0   0   0   1   0   0   0   0
Initial Neural Network:
[{'weights': array([[ 0.   , -0.003,  0.009, -0.004, -0.003, -0.002,  0.009, -0.004,
         0.001, -0.008, -0.007,  0.002, -0.001, -0.002,  0.003,  0.006,
         0.004],
       [ 0.01 ,  0.004,  0.005,  0.008,  0.004,  0.008, -0.01 , -0.009,
        -0.004,  0.004,  0.007, -0.01 , -0.01 ,  0.   , -0.008,  0.001,
        -0.006],
       [ 0.001, -0.004,  0.   , -0.009,  0.008, -0.002, -0.008,  0.007,
         0.006, -0.005,  0.002,  0.008, -0.002, -0.003, -0.009,  0.007,
         0.006],
       [ 0.002,  0.005,  0.003,  0.006,  0.007,  0.006, -0.004,  0.004,
         0.007,  0.009, -0.008, -0.003, -0.005,  0.01 ,  0.001, -0.007,
         0.01 ],
       [-0.002,  0.   , -0.008,  0.007,  0.009, -0.01 ,  0.008,  0.003,
         0.007,  0.008,  0.002,  0.01 , -0.009,  0.008, -0.004, -0.002,
        -0.004],
       [ 0.004,  0.005,  0.005,  0.01 , -0.009, -0.004,  0.008,  0.003,
         0.001, -0.004, -0.001, -0.006, -0.01 ,  0.   ,  0.01 ,  0.004,
        -0.003],
       [ 0.003,  0.008,  0.009,  0.004, -0.001, -0.007,  0.002, -0.009,
        -0.01 ,  0.003,  0.008, -0.006, -0.004, -0.008, -0.01 , -0.003,
         0.008],
       [ 0.008,  0.005, -0.008, -0.002, -0.008,  0.   ,  0.003, -0.009,
        -0.009, -0.01 , -0.01 , -0.001, -0.002, -0.001,  0.005, -0.004,
        -0.006],
       [ 0.008,  0.009,  0.008, -0.01 ,  0.004, -0.002,  0.008, -0.003,
         0.003, -0.01 , -0.003,  0.004, -0.008, -0.001,  0.01 ,  0.005,
        -0.001],
       [-0.008, -0.001,  0.008, -0.01 , -0.01 , -0.009, -0.001, -0.001,
         0.001,  0.009,  0.005, -0.01 ,  0.008, -0.001, -0.008,  0.004,
         0.004],
       [-0.01 , -0.008, -0.01 , -0.01 , -0.003, -0.002, -0.008,  0.001,
        -0.005,  0.01 ,  0.008, -0.008,  0.006, -0.004, -0.01 ,  0.   ,
         0.01 ],
       [ 0.006, -0.002, -0.008, -0.003, -0.009,  0.01 ,  0.009, -0.003,
        -0.006, -0.001,  0.009, -0.005, -0.008, -0.007, -0.008,  0.002,
        -0.006],
       [-0.005,  0.003,  0.001,  0.003, -0.009, -0.001, -0.004, -0.001,
        -0.008,  0.01 , -0.001,  0.   , -0.007, -0.001,  0.006,  0.002,
        -0.006],
       [ 0.007,  0.008,  0.005,  0.01 , -0.009,  0.008, -0.003,  0.   ,
        -0.01 , -0.004,  0.01 , -0.007,  0.007, -0.001,  0.01 , -0.002,
        -0.002],
       [-0.009,  0.   , -0.01 , -0.01 , -0.003, -0.001,  0.01 , -0.007,
        -0.002,  0.002,  0.001, -0.01 , -0.001, -0.005,  0.005,  0.004,
         0.008],
       [ 0.005,  0.   ,  0.003, -0.001, -0.007, -0.008,  0.007,  0.005,
         0.005, -0.007,  0.009,  0.003, -0.01 , -0.009, -0.008, -0.006,
         0.006],
       [ 0.005,  0.005, -0.003,  0.001, -0.01 ,  0.   ,  0.009,  0.005,
         0.005, -0.005,  0.   , -0.003, -0.007,  0.004,  0.008,  0.009,
        -0.004],
       [ 0.006, -0.004,  0.009, -0.003, -0.01 , -0.009, -0.005, -0.007,
        -0.004, -0.003, -0.006, -0.003,  0.004,  0.004,  0.004, -0.006,
        -0.009],
       [-0.004,  0.008,  0.009,  0.004, -0.007,  0.009,  0.006,  0.001,
         0.009,  0.008,  0.001, -0.007,  0.004, -0.001,  0.003, -0.003,
         0.003]]), 'deltas': array([[0.],
       [0.],
       [0.],
       [0.],
       [0.],
       [0.],
       [0.],
       [0.],
       [0.],
       [0.],
       [0.],
       [0.],
       [0.],
       [0.],
       [0.],
       [0.],
       [0.],
       [0.],
       [0.]]), 'outputs': array([[0.],
       [0.],
       [0.],
       [0.],
       [0.],
       [0.],
       [0.],
       [0.],
       [0.],
       [0.],
       [0.],
       [0.],
       [0.],
       [0.],
       [0.],
       [0.],
       [0.],
       [0.],
       [0.]]), 'errors': array([[0.],
       [0.],
       [0.],
       [0.],
       [0.],
       [0.],
       [0.],
       [0.],
       [0.],
       [0.],
       [0.],
       [0.],
       [0.],
       [0.],
       [0.],
       [0.],
       [0.],
       [0.],
       [0.]])}, {'weights': array([[ 0.002,  0.005, -0.008, -0.004, -0.007, -0.005,  0.003,  0.002,
        -0.003, -0.01 , -0.01 , -0.009, -0.001,  0.008,  0.002, -0.007,
         0.002, -0.007, -0.002],
       [ 0.001,  0.009,  0.007, -0.002, -0.009, -0.006,  0.008, -0.006,
        -0.005,  0.01 , -0.01 , -0.003,  0.004, -0.003, -0.008, -0.007,
        -0.006, -0.004, -0.001],
       [ 0.006,  0.009, -0.004, -0.007, -0.009, -0.006,  0.004,  0.001,
         0.003,  0.006,  0.004,  0.006, -0.009,  0.001,  0.003, -0.007,
         0.005, -0.003,  0.001]]), 'deltas': array([[0.],
       [0.],
       [0.],
       [0.]]), 'outputs': array([[0.],
       [0.],
       [0.],
       [0.]]), 'errors': array([[0.],
       [0.],
       [0.],
       [0.]])}]
Training complete!
Training done. epoch: 163 , total error: 0.0009048402898216026
[{'weights': array([[-1.14545098e+00,  1.68143780e-01,  5.15213842e-01,
        -1.02477900e+00, -1.04049387e+00, -8.63854790e-01,
         5.36690802e-02,  3.61807214e-01,  3.30998669e+00,
        -1.78451506e-01, -5.89518872e-01, -4.04288867e+00,
         3.30798669e+00, -2.31246087e-01, -4.34907557e-01,
        -4.12470541e+00, -1.48487236e+00],
       [-1.36302937e+00,  2.41431452e-01,  5.82734432e-01,
        -9.70433132e-01, -1.01762142e+00, -8.99673394e-01,
         2.12696231e-02,  3.52728573e-01,  3.48478578e+00,
        -9.01335789e-01, -2.81968060e-01, -3.84077855e+00,
         3.47878578e+00, -2.20543810e-02, -7.34872183e-01,
        -4.27515583e+00, -1.54229662e+00],
       [-1.28405464e+00,  2.03947660e-01,  5.48933444e-01,
        -1.00696698e+00, -1.03393840e+00, -8.89449876e-01,
         3.49740455e-02,  3.67273717e-01,  3.41652857e+00,
        -5.93059976e-01, -4.18819542e-01, -3.91978956e+00,
         3.40852857e+00, -1.58538710e-01, -5.87954371e-01,
        -4.19517600e+00, -1.52014051e+00],
       [-1.48832615e+00,  3.36069440e-01,  6.34495077e-01,
        -9.43059145e-01, -8.87189063e-01, -9.16931239e-01,
        -1.65597730e-02,  3.56859293e-01,  3.55957781e+00,
        -1.51017175e+00,  1.39927921e-01, -3.66115476e+00,
         3.54757781e+00,  8.29897913e-01, -1.32666188e+00,
        -4.52863463e+00, -1.46682078e+00],
       [-1.49808121e+00,  4.26737284e-01,  6.94807104e-01,
        -9.31474489e-01, -7.09597847e-01, -9.16175737e-01,
        -2.42276030e-02,  3.54989877e-01,  3.55867397e+00,
        -1.91929267e+00,  6.26404952e-01, -3.54379756e+00,
         3.54267397e+00,  2.13892120e+00, -2.16368427e+00,
        -4.82992221e+00, -1.30901131e+00],
       [-1.21396984e+00,  1.92306292e-01,  5.39060392e-01,
        -1.00191697e+00, -1.04287891e+00, -8.81361376e-01,
         4.71035604e-02,  3.66616602e-01,  3.37078353e+00,
        -3.76525544e-01, -5.16847901e-01, -3.99593021e+00,
         3.35978353e+00, -2.24216973e-01, -4.91019701e-01,
        -4.14906698e+00, -1.51152012e+00],
       [-1.43707065e+00,  2.75205602e-01,  6.06377083e-01,
        -9.54444889e-01, -9.90016881e-01, -9.12593784e-01,
         4.89343383e-03,  3.48784379e-01,  3.52920431e+00,
        -1.20931645e+00, -1.09384856e-01, -3.74943585e+00,
         3.53520431e+00,  2.39041205e-01, -9.48177735e-01,
        -4.38500063e+00, -1.52593285e+00],
       [-2.17198512e-01,  1.11683987e-01,  4.02574457e-01,
        -1.11929320e+00, -7.35245614e-01, -4.46967330e-01,
        -1.50553248e-02,  3.58035003e-01,  2.86180968e+00,
         2.30838281e+00, -1.52049015e+00, -4.50493561e+00,
         2.86880968e+00,  9.09256352e-01, -4.73981687e-01,
        -4.13131761e+00, -8.31233265e-01],
       [-1.25127502e+00,  2.03344426e-01,  5.49247802e-01,
        -1.00835995e+00, -1.03629908e+00, -8.84194147e-01,
         4.47358489e-02,  3.60714631e-01,  3.39837560e+00,
        -5.02803580e-01, -4.66927679e-01, -3.95668708e+00,
         3.38737560e+00, -1.93115704e-01, -5.39722456e-01,
        -4.17058018e+00, -1.52304275e+00],
       [-1.41119900e+00,  2.46842653e-01,  5.85214386e-01,
        -9.71599345e-01, -1.01457269e+00, -9.11447678e-01,
         9.77540720e-03,  3.55503652e-01,  3.51258278e+00,
        -1.03967265e+00, -2.08107543e-01, -3.79954390e+00,
         3.51958278e+00,  6.83666901e-02, -8.10762223e-01,
        -4.31392855e+00, -1.53574131e+00],
       [-1.34659728e+00,  2.12767393e-01,  5.56462992e-01,
        -9.93997253e-01, -1.03023882e+00, -8.99767728e-01,
         2.42421621e-02,  3.60400235e-01,  3.45332836e+00,
        -7.63715936e-01, -3.42017716e-01, -3.87595885e+00,
         3.46432836e+00, -1.04691037e-01, -6.63201739e-01,
        -4.23779973e+00, -1.52336415e+00],
       [ 9.56526655e-01, -6.89729033e-01, -1.36564384e-01,
        -1.24751212e+00, -2.04942386e+00,  4.91007085e-01,
         7.65775427e-02,  3.78560352e-01,  2.74008533e+00,
         2.73316615e+00, -1.85420105e+00, -4.73232932e+00,
         2.73808533e+00,  5.32451932e-01, -3.48406600e-01,
        -4.05340954e+00, -1.11627888e+00],
       [-1.10281481e+00,  1.57341060e-01,  5.04584620e-01,
        -1.02470397e+00, -1.04154178e+00, -8.56405310e-01,
         5.05967065e-02,  3.64757287e-01,  3.28152441e+00,
        -6.38952144e-02, -6.19146651e-01, -4.06507564e+00,
         3.28252441e+00, -2.18624748e-01, -4.11620567e-01,
        -4.11987219e+00, -1.47359310e+00],
       [-1.36583724e+00,  2.40349939e-01,  5.82374791e-01,
        -9.69603982e-01, -1.02377376e+00, -9.04046804e-01,
         2.15182151e-02,  3.59585858e-01,  3.47854087e+00,
        -8.91764534e-01, -2.91714820e-01, -3.84877801e+00,
         3.49554087e+00, -4.24904351e-02, -7.17071076e-01,
        -4.26469585e+00, -1.54471649e+00],
       [-1.15672196e+00,  1.60470737e-01,  5.07681184e-01,
        -1.02859255e+00, -1.03973614e+00, -8.63402408e-01,
         5.49143544e-02,  3.59061609e-01,  3.31197584e+00,
        -1.79038711e-01, -5.86778350e-01, -4.04332137e+00,
         3.31297584e+00, -2.36047425e-01, -4.35282709e-01,
        -4.12680829e+00, -1.48016258e+00],
       [-1.37394783e+00,  2.39196657e-01,  5.80234360e-01,
        -9.77833564e-01, -1.02260350e+00, -9.05884939e-01,
         2.26487658e-02,  3.63489300e-01,  3.49329280e+00,
        -9.18195911e-01, -2.72655069e-01, -3.83179220e+00,
         3.47829280e+00, -2.52908362e-02, -7.44223488e-01,
        -4.28112885e+00, -1.53335038e+00],
       [-6.38687406e-01,  5.52136072e-02,  4.02904248e-01,
        -1.06852050e+00, -9.61018820e-01, -6.89560975e-01,
         2.60238429e-02,  3.71465900e-01,  3.05344632e+00,
         9.04661498e-01, -9.65290084e-01, -4.25290778e+00,
         3.04144632e+00,  1.48503097e-01, -3.38403188e-01,
        -4.09463628e+00, -1.26109005e+00],
       [-1.36623127e+00,  2.38717313e-01,  5.80651289e-01,
        -9.77182149e-01, -1.02686534e+00, -9.07177074e-01,
         1.77203670e-02,  3.53277224e-01,  3.48273651e+00,
        -8.91745861e-01, -2.91852078e-01, -3.84718339e+00,
         3.49073651e+00, -3.82984075e-02, -7.15825931e-01,
        -4.26265699e+00, -1.54104482e+00],
       [-4.00000000e-03,  8.00000000e-03,  9.00000000e-03,
         4.00000000e-03, -7.00000000e-03,  9.00000000e-03,
         6.00000000e-03,  1.00000000e-03,  9.00000000e-03,
         8.00000000e-03,  1.00000000e-03, -7.00000000e-03,
         4.00000000e-03, -1.00000000e-03,  3.00000000e-03,
        -3.00000000e-03,  3.00000000e-03]]), 'deltas': array([[9.58808626e-05],
       [9.24064813e-05],
       [9.45457880e-05],
       [8.75370891e-05],
       [7.68170924e-05],
       [9.48802617e-05],
       [9.00430288e-05],
       [5.21082025e-05],
       [9.45153523e-05],
       [9.10327866e-05],
       [9.30859633e-05],
       [2.54075505e-05],
       [9.61665842e-05],
       [9.19135490e-05],
       [9.57270616e-05],
       [9.17456977e-05],
       [8.05552709e-05],
       [9.20139524e-05],
       [0.00000000e+00]]), 'outputs': array([[0.98272518],
       [0.98336194],
       [0.98296996],
       [0.98425295],
       [0.98620878],
       [0.98290865],
       [0.98379461],
       [0.99068713],
       [0.98297554],
       [0.98361347],
       [0.98323747],
       [0.99548099],
       [0.98267278],
       [0.98345221],
       [0.98275338],
       [0.98348294],
       [0.98552766],
       [0.98343382],
       [1.        ]]), 'errors': 0.005647890287755345}, {'weights': array([[ 0.62345332,  0.60992828,  0.61831598,  0.59377676,  0.57452674,
         0.60779684,  0.606073  ,  0.56201628,  0.61378988,  0.60677513,
         0.60681019,  0.54351377,  0.59707859,  0.61609763,  0.61584032,
         0.61634741,  0.60311788,  0.61265677, -5.41249802],
       [-1.11725612, -0.72306609, -1.1461838 ,  1.23893904,  3.13868568,
        -1.1250483 , -0.08006239,  1.98543427, -1.15629896, -0.53455074,
        -0.93339638,  2.32358129, -0.84444615, -0.85785253, -1.00856995,
        -0.88025849, -0.11843814, -0.87245361, -0.52690533],
       [-2.49049324, -2.50819657, -2.48441085, -2.64316972, -2.73396492,
        -2.50827964, -2.54610466, -2.80454593, -2.48930221, -2.52421403,
        -2.50882612, -2.98517314, -2.54061246, -2.51025841, -2.52132742,
        -2.50521306, -2.59505805, -2.50925812,  1.51744628]]), 'deltas': array([[ 2.72282294e-05],
       [-1.70706468e-03],
       [-4.17805278e-39]]), 'outputs': array([[9.94768229e-01],
       [4.22174034e-02],
       [6.46378588e-20]]), 'errors': array([[ 5.23177125e-03],
       [-4.22174034e-02],
       [-6.46378588e-20]])}]
Accuracy: 90.0 %

train_data group 3 length:  120
   0   1   2   3   4   5   6   7   8   9   10  11  12  13  14  15  16
0   1   0   0   0   0   0   1   0   1   0   0   0   1   0   0   0   0
1   0   1   0   0   0   0   0   1   1   0   0   0   1   0   0   0   0
2   1   0   0   0   0   1   0   0   1   0   0   0   1   0   0   0   0
3   1   0   0   0   0   0   1   0   1   0   0   0   1   0   0   0   0
4   1   0   0   0   0   0   1   0   1   0   0   0   1   0   0   0   0
Initial Neural Network:
[{'weights': array([[ 0.003,  0.   ,  0.007, -0.002, -0.004,  0.002,  0.003, -0.002,
         0.002, -0.003, -0.005, -0.002, -0.004,  0.004, -0.006,  0.   ,
        -0.005],
       [ 0.009, -0.008, -0.003,  0.001,  0.006, -0.004, -0.007, -0.008,
         0.008,  0.007,  0.007,  0.005,  0.002,  0.009,  0.003, -0.007,
         0.004],
       [-0.01 , -0.007,  0.006,  0.008,  0.   ,  0.009, -0.005,  0.   ,
         0.009, -0.006,  0.005,  0.001,  0.003, -0.006, -0.001,  0.01 ,
         0.004],
       [-0.005,  0.007,  0.008, -0.008, -0.007, -0.004,  0.004, -0.002,
         0.001, -0.01 , -0.004,  0.004, -0.005,  0.002,  0.003, -0.004,
        -0.008],
       [ 0.001,  0.008,  0.004,  0.009, -0.002,  0.01 , -0.009,  0.01 ,
        -0.002,  0.004, -0.005,  0.008,  0.01 ,  0.004, -0.009,  0.001,
        -0.003],
       [-0.004,  0.009, -0.001, -0.007, -0.002,  0.008,  0.   ,  0.004,
        -0.01 ,  0.004, -0.001, -0.007, -0.007,  0.009,  0.007,  0.005,
         0.009],
       [ 0.   ,  0.001, -0.007,  0.003,  0.008,  0.001, -0.006,  0.008,
        -0.01 ,  0.002, -0.002, -0.01 , -0.009,  0.008, -0.002,  0.007,
        -0.008],
       [-0.002, -0.001, -0.01 , -0.004,  0.004,  0.004, -0.006, -0.007,
         0.003, -0.002,  0.004, -0.004,  0.01 , -0.002,  0.002, -0.003,
         0.006],
       [ 0.01 , -0.003, -0.001, -0.001,  0.002,  0.007,  0.007,  0.009,
         0.007,  0.001, -0.002, -0.005, -0.005, -0.004, -0.004, -0.006,
         0.008],
       [-0.002,  0.008,  0.006,  0.008, -0.006,  0.001,  0.01 , -0.008,
         0.01 , -0.01 , -0.004, -0.01 , -0.01 ,  0.004, -0.005,  0.005,
        -0.003],
       [-0.01 , -0.001, -0.01 ,  0.008,  0.001, -0.007, -0.009, -0.004,
        -0.008, -0.004, -0.01 ,  0.009,  0.002,  0.006, -0.002,  0.001,
        -0.008],
       [-0.005, -0.008,  0.   , -0.003,  0.003, -0.002,  0.008,  0.006,
        -0.009, -0.002, -0.005, -0.003, -0.009,  0.008,  0.005, -0.005,
        -0.006],
       [ 0.006, -0.009, -0.003, -0.009,  0.005,  0.005,  0.01 , -0.01 ,
        -0.002, -0.002,  0.001, -0.008,  0.002,  0.006, -0.003,  0.01 ,
        -0.01 ],
       [ 0.01 ,  0.007,  0.002,  0.009, -0.001,  0.006,  0.005, -0.002,
         0.009,  0.004, -0.006, -0.001,  0.002, -0.006,  0.01 ,  0.009,
         0.005],
       [ 0.007, -0.001,  0.008,  0.01 , -0.003,  0.009, -0.006, -0.007,
         0.008,  0.   , -0.001,  0.008,  0.003,  0.001, -0.005,  0.006,
        -0.002],
       [-0.005, -0.008,  0.008, -0.01 , -0.01 ,  0.007,  0.007, -0.007,
        -0.008,  0.01 , -0.005, -0.002, -0.009,  0.002, -0.008, -0.001,
        -0.004],
       [ 0.002, -0.01 ,  0.   , -0.01 ,  0.008,  0.01 ,  0.005, -0.005,
         0.01 ,  0.01 ,  0.006, -0.01 ,  0.006,  0.009,  0.01 , -0.002,
        -0.004],
       [-0.006,  0.003,  0.   , -0.005,  0.006, -0.01 , -0.001,  0.   ,
        -0.007,  0.005,  0.006,  0.008,  0.01 , -0.007,  0.004, -0.005,
        -0.007],
       [ 0.005,  0.005, -0.009, -0.003,  0.005,  0.007,  0.   , -0.005,
        -0.006, -0.006,  0.007,  0.008, -0.003, -0.005,  0.002,  0.008,
         0.004]]), 'deltas': array([[0.],
       [0.],
       [0.],
       [0.],
       [0.],
       [0.],
       [0.],
       [0.],
       [0.],
       [0.],
       [0.],
       [0.],
       [0.],
       [0.],
       [0.],
       [0.],
       [0.],
       [0.],
       [0.]]), 'outputs': array([[0.],
       [0.],
       [0.],
       [0.],
       [0.],
       [0.],
       [0.],
       [0.],
       [0.],
       [0.],
       [0.],
       [0.],
       [0.],
       [0.],
       [0.],
       [0.],
       [0.],
       [0.],
       [0.]]), 'errors': array([[0.],
       [0.],
       [0.],
       [0.],
       [0.],
       [0.],
       [0.],
       [0.],
       [0.],
       [0.],
       [0.],
       [0.],
       [0.],
       [0.],
       [0.],
       [0.],
       [0.],
       [0.],
       [0.]])}, {'weights': array([[ 0.009,  0.005,  0.003, -0.007,  0.   ,  0.009,  0.005, -0.001,
         0.004, -0.004,  0.001,  0.005, -0.005,  0.   , -0.008, -0.003,
        -0.004,  0.008, -0.006],
       [ 0.001,  0.003,  0.01 , -0.006, -0.006, -0.006,  0.002, -0.003,
        -0.009,  0.001,  0.   ,  0.004, -0.002, -0.001, -0.008, -0.005,
        -0.005,  0.007,  0.009],
       [-0.009, -0.001,  0.001,  0.009,  0.005,  0.009,  0.001,  0.002,
        -0.003,  0.004,  0.005,  0.009, -0.003, -0.008,  0.003, -0.006,
        -0.005,  0.003,  0.002]]), 'deltas': array([[0.],
       [0.],
       [0.],
       [0.]]), 'outputs': array([[0.],
       [0.],
       [0.],
       [0.]]), 'errors': array([[0.],
       [0.],
       [0.],
       [0.]])}]
Training complete!
Training done. epoch: 34 , total error: 7.499468381631102e-05
[{'weights': array([[-7.47933333e-01, -4.51628449e-01,  2.26481627e-01,
        -2.08394840e-01, -2.74783103e-01, -9.44695401e-01,
         4.36884616e-01, -4.07881107e-01, -1.92384411e+00,
         2.23980355e+00, -1.92175664e-01, -1.32125876e+00,
        -1.92984411e+00,  2.25551449e+00,  3.16112232e-02,
        -1.55275659e+00, -1.19447500e+00],
       [-1.23115069e+00,  1.81399981e-01,  6.32313986e-01,
        -3.62846593e-01, -6.18174437e-01,  9.58390419e-02,
         1.55114985e-01, -4.25062904e-01, -1.95327697e+00,
         2.10693300e+00,  1.10137142e+00, -2.00731076e+00,
        -1.95927697e+00,  1.94543074e+00,  1.45630949e+00,
        -2.21474657e+00, -7.75283314e-01],
       [-1.66654490e+00, -4.53448224e-01,  1.49021338e+00,
         9.43309522e-01, -1.05263347e+00,  1.30761647e+00,
         5.07937944e-01, -4.42391177e-01, -2.17621812e+00,
         1.68963532e+00, -3.85351460e-02,  8.50647712e-01,
        -2.18221812e+00,  1.73705579e+00,  9.21027823e-01,
        -1.53335727e-01,  3.20529773e-01],
       [-1.20541406e+00,  6.98642948e-02,  7.54883074e-01,
        -3.40557051e-01, -6.51060058e-01,  1.21124307e-01,
         2.16454455e-01, -4.18742449e-01, -1.95339003e+00,
         2.11715000e+00,  1.02331282e+00, -1.91929653e+00,
        -1.95939003e+00,  1.99730584e+00,  1.39383629e+00,
        -2.15897584e+00, -7.31223744e-01],
       [-7.07872481e-01, -4.71949690e-01,  1.82542433e-02,
         5.74793968e-01, -3.65563604e-01, -6.32787004e-01,
         8.07006155e-01, -4.08429507e-01, -2.01436725e+00,
         2.23885898e+00, -6.39804321e-01, -1.88461363e-01,
        -2.00236725e+00,  2.22775653e+00, -3.36805821e-01,
        -4.91357413e-01, -6.11773960e-01],
       [-6.97564761e-01, -4.40008379e-01,  6.58252482e-02,
         3.55205798e-02, -3.41873586e-01, -7.88917886e-01,
         5.16580795e-01, -4.09016636e-01, -1.96890581e+00,
         2.23966928e+00, -3.61141958e-01, -9.56848832e-01,
        -1.96590581e+00,  2.24333746e+00, -9.83598930e-02,
        -1.19829908e+00, -1.02422731e+00],
       [-7.77035311e-01, -4.59866740e-01,  2.28263327e-01,
        -2.22470402e-01, -2.85035464e-01, -9.57353206e-01,
         4.25642502e-01, -4.00362958e-01, -1.92998025e+00,
         2.24935620e+00, -1.66156562e-01, -1.40132852e+00,
        -1.92898025e+00,  2.24448587e+00,  6.93530890e-02,
        -1.60896784e+00, -1.23610913e+00],
       [-1.24433594e+00,  2.29748540e-01,  5.84094015e-01,
        -4.08026018e-01, -6.11034368e-01,  8.73957289e-02,
         1.24395772e-01, -4.27276539e-01, -1.95671332e+00,
         2.08913504e+00,  1.14588492e+00, -2.09882604e+00,
        -1.94971332e+00,  1.91295932e+00,  1.50462011e+00,
        -2.28238551e+00, -8.15519406e-01],
       [-1.20183409e+00,  2.49270452e-02,  7.82289251e-01,
        -3.24883404e-01, -6.56340910e-01,  1.32052883e-01,
         2.32441264e-01, -4.07654433e-01, -1.95490745e+00,
         2.13082591e+00,  1.00918746e+00, -1.90860711e+00,
        -1.96690745e+00,  2.00387702e+00,  1.37197268e+00,
        -2.15244345e+00, -7.16501195e-01],
       [-7.11099559e-01, -4.40368110e-01,  1.65829069e-01,
        -1.15783957e-01, -2.86149646e-01, -8.86253705e-01,
         4.62678353e-01, -4.14697559e-01, -1.92693660e+00,
         2.23205982e+00, -2.56071559e-01, -1.18447422e+00,
        -1.94693660e+00,  2.26178153e+00, -2.96716369e-02,
        -1.41259585e+00, -1.12442256e+00],
       [-6.69881735e-01, -4.42654279e-01,  8.01432559e-02,
         2.82482606e-02, -2.98803773e-01, -7.98974006e-01,
         5.00138266e-01, -4.12504984e-01, -1.95157842e+00,
         2.24037518e+00, -3.50828887e-01, -9.42112367e-01,
        -1.94157842e+00,  2.26563091e+00, -1.33127294e-01,
        -1.17506969e+00, -9.99144497e-01],
       [-8.09004387e-01, -4.71708130e-01,  2.56794538e-01,
        -2.50629453e-01, -2.90130351e-01, -9.81745422e-01,
         4.29134646e-01, -4.00806305e-01, -1.93147760e+00,
         2.25442758e+00, -1.37933547e-01, -1.46256386e+00,
        -1.93147760e+00,  2.23847899e+00,  1.01508004e-01,
        -1.66805683e+00, -1.26454743e+00],
       [-8.77659981e-01, -5.46926793e-01,  3.81700818e-01,
        -2.85313660e-01, -2.75253092e-01, -1.02639045e+00,
         4.11895251e-01, -4.13451327e-01, -1.92858821e+00,
         2.26106627e+00, -7.61592008e-02, -1.58051847e+00,
        -1.92458821e+00,  2.22922124e+00,  1.69279036e-01,
        -1.77211168e+00, -1.32319962e+00],
       [-1.63302682e+00, -4.13598751e-01,  1.41399207e+00,
         9.53634566e-01, -1.02194555e+00,  1.21441498e+00,
         5.49550578e-01, -4.41018946e-01, -2.16340273e+00,
         1.72396226e+00, -1.11190233e-01,  8.49631758e-01,
        -2.17040273e+00,  1.77683313e+00,  1.02056317e+00,
        -3.18992516e-01,  2.98001064e-01],
       [-1.64613667e+00, -4.28308492e-01,  1.44776331e+00,
         9.58190124e-01, -1.03090273e+00,  1.26122243e+00,
         5.15376746e-01, -4.45188173e-01, -2.16766573e+00,
         1.70446159e+00, -9.29062035e-02,  8.78618621e-01,
        -2.17266573e+00,  1.76401447e+00,  9.86085323e-01,
        -2.64925781e-01,  3.05508276e-01],
       [-7.03087189e-01, -4.46657569e-01,  1.57718147e-01,
        -1.26698525e-01, -2.88229979e-01, -8.72355771e-01,
         4.64299112e-01, -4.10438499e-01, -1.94009451e+00,
         2.25482523e+00, -2.69251761e-01, -1.15420410e+00,
        -1.94109451e+00,  2.25686255e+00, -4.01820385e-02,
        -1.39531114e+00, -1.10772514e+00],
       [-1.24476355e+00,  2.52926878e-01,  5.69863771e-01,
        -4.57656151e-01, -6.11113323e-01,  8.11121219e-02,
         1.08753914e-01, -4.22381763e-01, -1.94395430e+00,
         2.09294273e+00,  1.18258433e+00, -2.17720181e+00,
        -1.94795430e+00,  1.90818872e+00,  1.55040459e+00,
        -2.34926805e+00, -8.65629049e-01],
       [-1.23275248e+00,  1.86306022e-01,  6.35362826e-01,
        -3.68123222e-01, -6.14452726e-01,  9.69996925e-02,
         1.61357214e-01, -4.20111031e-01, -1.96416599e+00,
         2.10790924e+00,  1.09990293e+00, -2.00285303e+00,
        -1.94716599e+00,  1.93651920e+00,  1.45476823e+00,
        -2.21332829e+00, -7.78206850e-01],
       [ 5.00000000e-03,  5.00000000e-03, -9.00000000e-03,
        -3.00000000e-03,  5.00000000e-03,  7.00000000e-03,
         0.00000000e+00, -5.00000000e-03, -6.00000000e-03,
        -6.00000000e-03,  7.00000000e-03,  8.00000000e-03,
        -3.00000000e-03, -5.00000000e-03,  2.00000000e-03,
         8.00000000e-03,  4.00000000e-03]]), 'deltas': array([[8.57678166e-05],
       [2.05515053e-05],
       [7.48018527e-06],
       [2.01686250e-05],
       [4.29343008e-05],
       [6.66593192e-05],
       [8.98907214e-05],
       [2.15559606e-05],
       [2.01503078e-05],
       [7.72550793e-05],
       [6.47785252e-05],
       [9.42276877e-05],
       [1.06709514e-04],
       [7.49322062e-06],
       [7.43990090e-06],
       [7.47728775e-05],
       [2.22602334e-05],
       [2.06447163e-05],
       [0.00000000e+00]]), 'outputs': array([[0.87037797],
       [0.97219304],
       [0.99006169],
       [0.97272605],
       [0.93991321],
       [0.90288388],
       [0.8629828 ],
       [0.97079188],
       [0.97275153],
       [0.88519814],
       [0.90594265],
       [0.85503747],
       [0.8311085 ],
       [0.9900442 ],
       [0.99011575],
       [0.88941332],
       [0.96980696],
       [0.97206319],
       [1.        ]]), 'errors': 0.0007602170960019984}, {'weights': array([[-1.04271982, -1.08194985, -2.20674207, -1.09818085, -1.30877115,
        -1.17752659, -1.05082401, -1.06836794, -1.08067696, -1.09115123,
        -1.12954083, -1.0487086 , -1.03954161, -2.02281332, -2.12032866,
        -1.10578274, -1.0515476 , -1.08000393,  3.07890671],
       [ 0.5933383 ,  0.97868445,  0.11283519,  0.7071468 ,  0.178637  ,
         0.4881434 ,  0.62275378,  1.16911767,  0.66155541,  0.54165366,
         0.44106689,  0.60728072,  0.54495801,  0.1873446 ,  0.11101092,
         0.53626098,  1.3707148 ,  0.96492134, -4.28296233],
       [-0.6874438 , -0.9817574 ,  2.92993208, -0.75891358,  0.44357756,
        -0.06922068, -0.72915869, -1.19352772, -0.77627422, -0.46270896,
        -0.19960368, -0.69804055, -0.72239559,  2.05644523,  2.48470599,
        -0.4305979 , -1.48989832, -0.93933261, -2.81169848]]), 'deltas': array([[-1.20579857e-16],
       [ 9.08581716e-06],
       [-1.39203964e-04]]), 'outputs': array([[1.09808860e-08],
       [9.96981171e-01],
       [1.18691212e-02]]), 'errors': array([[-1.09808860e-08],
       [ 3.01882903e-03],
       [-1.18691212e-02]])}]
Accuracy: 86.66666666666667 %

train_data group 4 length:  120
   0   1   2   3   4   5   6   7   8   9   10  11  12  13  14  15  16
0   1   0   0   0   0   0   1   0   1   0   0   0   1   0   0   0   0
1   0   1   0   0   0   0   0   1   1   0   0   0   1   0   0   0   0
2   1   0   0   0   0   1   0   0   1   0   0   0   1   0   0   0   0
3   1   0   0   0   0   0   1   0   1   0   0   0   1   0   0   0   0
4   1   0   0   0   0   0   1   0   1   0   0   0   1   0   0   0   0
Initial Neural Network:
[{'weights': array([[-0.003,  0.008,  0.   ,  0.005, -0.006,  0.009, -0.003, -0.003,
        -0.002,  0.007, -0.005,  0.003, -0.01 , -0.009,  0.009, -0.006,
         0.001],
       [ 0.002,  0.003,  0.008, -0.001,  0.003, -0.008, -0.008, -0.003,
         0.006,  0.005, -0.001,  0.001,  0.003,  0.009,  0.003,  0.003,
         0.001],
       [-0.009, -0.008,  0.003,  0.009,  0.004, -0.006, -0.007,  0.003,
        -0.004, -0.009,  0.01 ,  0.01 ,  0.007, -0.002, -0.004, -0.005,
         0.003],
       [ 0.006,  0.008, -0.004, -0.007,  0.003,  0.001,  0.006,  0.005,
         0.008,  0.007, -0.008,  0.005,  0.006, -0.004, -0.004,  0.005,
        -0.002],
       [ 0.006, -0.005, -0.003, -0.003,  0.002, -0.008,  0.006, -0.002,
        -0.008,  0.004, -0.01 , -0.009,  0.01 , -0.004,  0.005, -0.006,
         0.006],
       [ 0.009,  0.006,  0.008,  0.002, -0.001,  0.004, -0.007,  0.005,
         0.   ,  0.009,  0.   ,  0.008,  0.   , -0.003,  0.002, -0.005,
         0.002],
       [-0.005,  0.002,  0.   , -0.01 , -0.001, -0.004,  0.002,  0.001,
         0.009,  0.001,  0.01 , -0.001, -0.003,  0.006, -0.008, -0.005,
        -0.001],
       [ 0.002, -0.002, -0.008, -0.004, -0.005, -0.007, -0.009, -0.005,
         0.008, -0.009,  0.005, -0.004, -0.001,  0.002, -0.006, -0.007,
        -0.001],
       [-0.006,  0.008,  0.006,  0.003,  0.009,  0.001,  0.009, -0.004,
        -0.005,  0.003, -0.007,  0.   ,  0.004, -0.008, -0.005,  0.   ,
         0.007],
       [ 0.006,  0.002, -0.01 , -0.006, -0.008,  0.007, -0.004,  0.001,
         0.01 , -0.006, -0.006, -0.003, -0.003, -0.003, -0.004,  0.007,
         0.001],
       [-0.006, -0.001, -0.005, -0.007,  0.009, -0.001, -0.009, -0.005,
         0.01 ,  0.   ,  0.   ,  0.003, -0.005, -0.01 ,  0.001,  0.008,
         0.001],
       [ 0.01 ,  0.003,  0.005,  0.01 , -0.002, -0.005, -0.009,  0.003,
        -0.01 ,  0.009, -0.003,  0.001, -0.008, -0.005,  0.005,  0.006,
        -0.007],
       [ 0.005, -0.001,  0.009, -0.008,  0.004,  0.005,  0.009,  0.008,
        -0.007, -0.002,  0.005,  0.003, -0.001, -0.01 ,  0.004, -0.008,
        -0.008],
       [-0.01 , -0.002, -0.01 ,  0.   , -0.002, -0.003,  0.008, -0.009,
        -0.005, -0.01 , -0.01 ,  0.008,  0.01 ,  0.009,  0.006, -0.007,
        -0.004],
       [-0.009,  0.008, -0.005, -0.009, -0.001, -0.009,  0.003,  0.001,
         0.002, -0.006, -0.01 ,  0.001,  0.01 ,  0.003, -0.007, -0.007,
        -0.008],
       [-0.002,  0.005,  0.001, -0.001, -0.004, -0.008, -0.009, -0.005,
        -0.01 , -0.001, -0.004, -0.004,  0.   , -0.009,  0.   ,  0.008,
         0.006],
       [-0.009,  0.004,  0.004, -0.004,  0.002, -0.008, -0.004, -0.008,
        -0.009, -0.006,  0.006,  0.005, -0.007, -0.003, -0.005,  0.007,
        -0.008],
       [-0.001,  0.005,  0.008, -0.007,  0.009,  0.002,  0.006, -0.005,
         0.01 ,  0.01 ,  0.001, -0.008,  0.   , -0.003,  0.007,  0.007,
         0.008],
       [ 0.005,  0.001,  0.006,  0.007, -0.009, -0.004, -0.006, -0.007,
         0.002,  0.002,  0.003, -0.006,  0.   ,  0.002,  0.01 ,  0.004,
        -0.001]]), 'deltas': array([[0.],
       [0.],
       [0.],
       [0.],
       [0.],
       [0.],
       [0.],
       [0.],
       [0.],
       [0.],
       [0.],
       [0.],
       [0.],
       [0.],
       [0.],
       [0.],
       [0.],
       [0.],
       [0.]]), 'outputs': array([[0.],
       [0.],
       [0.],
       [0.],
       [0.],
       [0.],
       [0.],
       [0.],
       [0.],
       [0.],
       [0.],
       [0.],
       [0.],
       [0.],
       [0.],
       [0.],
       [0.],
       [0.],
       [0.]]), 'errors': array([[0.],
       [0.],
       [0.],
       [0.],
       [0.],
       [0.],
       [0.],
       [0.],
       [0.],
       [0.],
       [0.],
       [0.],
       [0.],
       [0.],
       [0.],
       [0.],
       [0.],
       [0.],
       [0.]])}, {'weights': array([[ 0.006, -0.008,  0.008, -0.005, -0.007,  0.   , -0.009, -0.001,
         0.006,  0.01 , -0.008,  0.004, -0.007,  0.   , -0.008,  0.004,
        -0.006,  0.   , -0.009],
       [-0.003,  0.003, -0.002, -0.01 ,  0.001,  0.005, -0.008, -0.004,
         0.002, -0.008,  0.007,  0.003, -0.001,  0.   , -0.005, -0.005,
         0.006,  0.005,  0.003],
       [-0.001,  0.008,  0.001, -0.007, -0.005,  0.001,  0.003, -0.002,
         0.005, -0.01 , -0.003, -0.002, -0.01 ,  0.002,  0.   ,  0.005,
        -0.007,  0.002,  0.001]]), 'deltas': array([[0.],
       [0.],
       [0.],
       [0.]]), 'outputs': array([[0.],
       [0.],
       [0.],
       [0.]]), 'errors': array([[0.],
       [0.],
       [0.],
       [0.]])}]
Training complete!
Training done. epoch: 7 , total error: 0.0004768121306361889
[{'weights': array([[ 3.86825219e-01, -4.12411913e-01, -5.99750210e-01,
        -3.28952641e-01, -7.38084559e-01, -3.95115558e-01,
         3.24292555e-02,  1.33481317e-01,  1.26429458e+00,
        -6.18248120e-01, -1.03629589e+00, -5.71040112e-01,
         1.25629458e+00, -7.78435668e-01, -7.97471319e-01,
        -6.60677134e-01, -9.63289545e-01],
       [ 3.86034430e-01, -4.15183737e-01, -5.92731762e-01,
        -3.33400232e-01, -7.35981384e-01, -4.06237015e-01,
         2.59541539e-02,  1.32982944e-01,  1.27000917e+00,
        -6.24345999e-01, -1.02979556e+00, -5.72148910e-01,
         1.26700917e+00, -7.66019916e-01, -7.98765384e-01,
        -6.51505167e-01, -9.66281301e-01],
       [ 3.80769407e-01, -4.24272935e-01, -5.98098075e-01,
        -3.26029189e-01, -7.29680704e-01, -4.04322642e-01,
         2.63115541e-02,  1.39061001e-01,  1.26124154e+00,
        -6.32296030e-01, -1.01907894e+00, -5.65497361e-01,
         1.27224154e+00, -7.70932445e-01, -8.06317016e-01,
        -6.61622875e-01, -9.59630791e-01],
       [ 3.89124636e-01, -4.10479461e-01, -6.02628770e-01,
        -3.40710418e-01, -7.32756344e-01, -3.97721251e-01,
         3.72393993e-02,  1.40544183e-01,  1.26862179e+00,
        -6.20718857e-01, -1.03357531e+00, -5.70021639e-01,
         1.26662179e+00, -7.76496433e-01, -8.03434119e-01,
        -6.51385252e-01, -9.69694012e-01],
       [ 3.88263498e-01, -4.20253819e-01, -6.01828336e-01,
        -3.35410620e-01, -7.35173996e-01, -4.03466077e-01,
         3.81968808e-02,  1.34213915e-01,  1.25419342e+00,
        -6.24702864e-01, -1.03590469e+00, -5.80815144e-01,
         1.27219342e+00, -7.76608740e-01, -7.96121042e-01,
        -6.58692914e-01, -9.58229277e-01],
       [ 3.93375188e-01, -4.13001489e-01, -5.93366468e-01,
        -3.31132175e-01, -7.37721043e-01, -3.99007617e-01,
         2.76177028e-02,  1.40986013e-01,  1.26391126e+00,
        -6.19481084e-01, -1.03031238e+00, -5.66242739e-01,
         1.26391126e+00, -7.76293756e-01, -8.02561705e-01,
        -6.60180742e-01, -9.67124944e-01],
       [ 3.81882858e-01, -4.18173898e-01, -5.99312987e-01,
        -3.40992961e-01, -7.36297337e-01, -4.02193594e-01,
         3.59222748e-02,  1.36971667e-01,  1.27272351e+00,
        -6.25278425e-01, -1.02032412e+00, -5.71717955e-01,
         1.26072351e+00, -7.67090173e-01, -8.09628782e-01,
        -6.57601540e-01, -9.64596988e-01],
       [ 3.88367859e-01, -4.19603913e-01, -6.04202231e-01,
        -3.35218388e-01, -7.38332166e-01, -4.04500402e-01,
         2.70586966e-02,  1.31117197e-01,  1.27072466e+00,
        -6.33598531e-01, -1.02256000e+00, -5.73222805e-01,
         1.26172466e+00, -7.68663739e-01, -8.06167407e-01,
        -6.57550186e-01, -9.59656674e-01],
       [ 3.80980233e-01, -4.11247190e-01, -5.95412962e-01,
        -3.31856619e-01, -7.27033361e-01, -3.98043469e-01,
         3.94610719e-02,  1.32079220e-01,  1.25883184e+00,
        -6.23757072e-01, -1.03590191e+00, -5.76709395e-01,
         1.26783184e+00, -7.79839676e-01, -8.07334787e-01,
        -6.58193912e-01, -9.61536539e-01],
       [ 3.91525493e-01, -4.16122179e-01, -6.07524659e-01,
        -3.39304646e-01, -7.39340015e-01, -3.95261981e-01,
         3.02519027e-02,  1.36924104e-01,  1.27132260e+00,
        -6.30514443e-01, -1.03279968e+00, -5.76434466e-01,
         1.25832260e+00, -7.72499034e-01, -8.04384629e-01,
        -6.47864930e-01, -9.62425990e-01],
       [ 3.81743420e-01, -4.18686945e-01, -6.04375978e-01,
        -3.40287945e-01, -7.25821916e-01, -3.99979988e-01,
         2.60074377e-02,  1.31187018e-01,  1.27443583e+00,
        -6.25106397e-01, -1.02818354e+00, -5.70753338e-01,
         1.25943583e+00, -7.79669380e-01, -8.01123127e-01,
        -6.47250770e-01, -9.61607449e-01],
       [ 3.97463453e-01, -4.12000654e-01, -5.94241523e-01,
        -3.24167446e-01, -7.37896241e-01, -4.02295014e-01,
         2.66235728e-02,  1.39621512e-01,  1.25787531e+00,
        -6.19046970e-01, -1.02951810e+00, -5.73256412e-01,
         1.25987531e+00, -7.76966331e-01, -7.96516676e-01,
        -6.49338474e-01, -9.67946170e-01],
       [ 3.93238286e-01, -4.17534407e-01, -5.93376670e-01,
        -3.39313630e-01, -7.28668451e-01, -3.94515281e-01,
         4.27314833e-02,  1.44465828e-01,  1.25790633e+00,
        -6.26202557e-01, -1.02562188e+00, -5.69068305e-01,
         1.26390633e+00, -7.78437095e-01, -8.01122327e-01,
        -6.61333325e-01, -9.69986421e-01],
       [ 3.78934863e-01, -4.18958999e-01, -6.07312204e-01,
        -3.34634526e-01, -7.33899387e-01, -3.99572919e-01,
         4.00677943e-02,  1.27433645e-01,  1.25911226e+00,
        -6.34081308e-01, -1.03558482e+00, -5.66417004e-01,
         1.27411226e+00, -7.60490389e-01, -7.93853185e-01,
        -6.61739556e-01, -9.63970866e-01],
       [ 3.79621691e-01, -4.10182664e-01, -6.00518442e-01,
        -3.40424267e-01, -7.33104269e-01, -4.02446425e-01,
         3.66126190e-02,  1.36434393e-01,  1.26406125e+00,
        -6.30153978e-01, -1.03371442e+00, -5.69696534e-01,
         1.27206125e+00, -7.67037421e-01, -8.03736825e-01,
        -6.58790685e-01, -9.64503682e-01],
       [ 3.87387050e-01, -4.12778893e-01, -5.98599081e-01,
        -3.34514129e-01, -7.37636528e-01, -4.06274835e-01,
         2.51889917e-02,  1.31217319e-01,  1.25583314e+00,
        -6.26039975e-01, -1.03220596e+00, -5.78092256e-01,
         1.26583314e+00, -7.78623370e-01, -8.01967005e-01,
        -6.47747816e-01, -9.55505053e-01],
       [ 3.84501467e-01, -4.12917439e-01, -5.95825571e-01,
        -3.37049663e-01, -7.30452522e-01, -4.03452400e-01,
         3.08109556e-02,  1.28802761e-01,  1.25993097e+00,
        -6.29175974e-01, -1.02223201e+00, -5.68814193e-01,
         1.26193097e+00, -7.71954712e-01, -8.05515139e-01,
        -6.48752323e-01, -9.64291206e-01],
       [ 3.82510763e-01, -4.16177266e-01, -5.95447295e-01,
        -3.39392625e-01, -7.29831596e-01, -4.00151168e-01,
         3.73714605e-02,  1.31104881e-01,  1.27267812e+00,
        -6.18837961e-01, -1.03236818e+00, -5.81978398e-01,
         1.26267812e+00, -7.76772161e-01, -7.99507229e-01,
        -6.48905150e-01, -9.65506423e-01],
       [ 5.00000000e-03,  1.00000000e-03,  6.00000000e-03,
         7.00000000e-03, -9.00000000e-03, -4.00000000e-03,
        -6.00000000e-03, -7.00000000e-03,  2.00000000e-03,
         2.00000000e-03,  3.00000000e-03, -6.00000000e-03,
         0.00000000e+00,  2.00000000e-03,  1.00000000e-02,
         4.00000000e-03, -1.00000000e-03]]), 'deltas': array([[0.00046129],
       [0.00045914],
       [0.00045976],
       [0.00045595],
       [0.00045501],
       [0.0004595 ],
       [0.00045777],
       [0.00045723],
       [0.00045815],
       [0.00045696],
       [0.00046008],
       [0.00046222],
       [0.00045737],
       [0.00045721],
       [0.00045735],
       [0.00046053],
       [0.00046257],
       [0.0004567 ],
       [0.        ]]), 'outputs': array([[0.87819004],
       [0.87884925],
       [0.87865812],
       [0.87982497],
       [0.88011086],
       [0.8787389 ],
       [0.87926738],
       [0.87943346],
       [0.87915187],
       [0.87951594],
       [0.8785601 ],
       [0.87790468],
       [0.87938854],
       [0.8794374 ],
       [0.87939461],
       [0.87842359],
       [0.87779646],
       [0.87959392],
       [1.        ]]), 'errors': 0.004312232606159631}, {'weights': array([[ 0.43758234,  0.43910666,  0.44608726,  0.46259667,  0.45538674,
         0.4450528 ,  0.44084489,  0.45799407,  0.45186457,  0.4738064 ,
         0.4357523 ,  0.43244923,  0.43437285,  0.45134466,  0.45548005,
         0.44077479,  0.41461899,  0.44909147, -3.12553378],
       [-0.31454448, -0.31233895, -0.32410417, -0.33700522, -0.31703395,
        -0.31188247, -0.31898502, -0.31892013, -0.32005841, -0.33397697,
        -0.31390059, -0.31079834, -0.31596192, -0.31995721, -0.32382477,
        -0.32250213, -0.30684538, -0.31066297,  0.23261272],
       [-0.23887486, -0.23825062, -0.23119084, -0.25701735, -0.25984793,
        -0.24282327, -0.24966059, -0.25648036, -0.23392954, -0.257933  ,
        -0.24051485, -0.23364378, -0.25296248, -0.24080295, -0.25257772,
        -0.23025932, -0.23345421, -0.24817871,  0.0981224 ]]), 'deltas': array([[ 3.67388477e-04],
       [-6.52281215e-05],
       [-5.01596224e-04]]), 'outputs': array([[0.98064438],
       [0.00810934],
       [0.02265443]]), 'errors': array([[ 0.01935562],
       [-0.00810934],
       [-0.02265443]])}]
Accuracy: 66.66666666666666 %

Feedforward Neural Network AVG Accuracy (%): 80.66666666666667 %
