Namespace(error_threshold=0.001, max_epochs=1000, num_layers=2, num_nodes_per_hidden_layer=19, training_rate=0.5)

train_data group 0 length:  120
   0   1   2   3   4   5   6   7   8   9   10  11  12  13  14  15  16
0   1   0   0   0   0   1   0   0   1   0   0   0   1   0   0   0   0
1   1   0   0   0   0   1   0   0   1   0   0   0   1   0   0   0   0
2   1   0   0   0   0   0   1   0   1   0   0   0   1   0   0   0   0
3   1   0   0   0   0   1   0   0   1   0   0   0   1   0   0   0   0
4   1   0   0   0   0   0   1   0   1   0   0   0   1   0   0   0   0
Initial Neural Network:
[{'weights': array([[-0.001,  0.009,  0.   , -0.007, -0.006, -0.01 , -0.006,  0.01 ,
         0.007, -0.004,  0.003,  0.002,  0.002, -0.004,  0.01 ,  0.01 ,
        -0.003],
       [-0.001, -0.007,  0.002, -0.006,  0.007, -0.001,  0.001,  0.005,
         0.006, -0.006,  0.008,  0.003, -0.007, -0.009, -0.009,  0.004,
         0.   ],
       [-0.007, -0.009, -0.01 ,  0.005,  0.   ,  0.007,  0.001, -0.009,
        -0.01 , -0.009,  0.005,  0.   ,  0.007,  0.007,  0.003,  0.   ,
        -0.005],
       [-0.001,  0.007,  0.005,  0.003,  0.003,  0.001, -0.002,  0.001,
        -0.001, -0.008, -0.009,  0.005, -0.005, -0.009,  0.006,  0.01 ,
        -0.008],
       [-0.008,  0.01 ,  0.005,  0.01 ,  0.005, -0.004, -0.005,  0.007,
         0.003,  0.009, -0.004,  0.004, -0.007,  0.002, -0.001, -0.01 ,
         0.004],
       [-0.006, -0.007,  0.   ,  0.008,  0.005,  0.002,  0.   ,  0.005,
        -0.01 , -0.002,  0.001, -0.007, -0.007,  0.007,  0.01 ,  0.002,
         0.   ],
       [-0.006, -0.01 , -0.001,  0.004, -0.003,  0.007,  0.004,  0.005,
         0.001, -0.005,  0.002, -0.006,  0.002, -0.002, -0.006, -0.004,
        -0.004],
       [ 0.005, -0.006, -0.007,  0.006, -0.005,  0.006,  0.003,  0.003,
        -0.008,  0.006,  0.003,  0.007, -0.007,  0.009,  0.   , -0.009,
        -0.003],
       [ 0.005,  0.006,  0.003,  0.001, -0.008, -0.003, -0.006,  0.005,
        -0.004,  0.007,  0.005,  0.005, -0.004, -0.002, -0.002, -0.002,
         0.008],
       [ 0.001, -0.001, -0.001, -0.005, -0.003,  0.007, -0.009, -0.003,
        -0.007, -0.009, -0.001,  0.005, -0.01 , -0.003,  0.005,  0.006,
         0.01 ],
       [ 0.005,  0.01 ,  0.004, -0.01 ,  0.002,  0.005, -0.004, -0.008,
         0.002,  0.01 ,  0.003, -0.007,  0.005,  0.007, -0.009,  0.01 ,
         0.007],
       [-0.006,  0.008, -0.003, -0.006,  0.009, -0.009,  0.002, -0.001,
        -0.002,  0.008, -0.01 ,  0.001, -0.009,  0.   ,  0.001,  0.002,
        -0.005],
       [-0.008,  0.   , -0.009,  0.   , -0.01 , -0.004,  0.   ,  0.003,
         0.   ,  0.   , -0.007, -0.007,  0.   , -0.009,  0.006, -0.002,
        -0.009],
       [ 0.001, -0.007,  0.003,  0.01 , -0.008,  0.003,  0.006, -0.004,
        -0.006,  0.008, -0.009,  0.002, -0.004, -0.007, -0.006,  0.008,
        -0.009],
       [ 0.009, -0.002,  0.007, -0.002,  0.   ,  0.009, -0.007, -0.003,
         0.009,  0.007,  0.009,  0.005,  0.009, -0.01 , -0.01 ,  0.007,
         0.007],
       [ 0.005, -0.006, -0.006, -0.01 ,  0.002,  0.009,  0.009, -0.01 ,
        -0.003, -0.001,  0.   , -0.006, -0.001, -0.007, -0.001, -0.009,
         0.006],
       [ 0.01 , -0.007,  0.006, -0.001,  0.01 , -0.009,  0.009,  0.   ,
         0.01 ,  0.001,  0.006,  0.003,  0.005, -0.001,  0.006, -0.003,
         0.01 ],
       [ 0.002,  0.   , -0.005,  0.001, -0.008,  0.002,  0.005, -0.008,
        -0.009,  0.005,  0.005,  0.005, -0.01 ,  0.004, -0.01 , -0.01 ,
         0.007],
       [-0.008, -0.005, -0.007,  0.007, -0.003,  0.008, -0.007,  0.007,
        -0.01 ,  0.009, -0.004, -0.01 ,  0.006, -0.004,  0.008, -0.009,
        -0.01 ],
       [ 0.006, -0.004,  0.009, -0.008,  0.004, -0.008, -0.006, -0.009,
         0.008,  0.   , -0.007, -0.004,  0.005,  0.007,  0.004, -0.004,
         0.007]]), 'deltas': array([[0.],
       [0.],
       [0.],
       [0.],
       [0.],
       [0.],
       [0.],
       [0.],
       [0.],
       [0.],
       [0.],
       [0.],
       [0.],
       [0.],
       [0.],
       [0.],
       [0.],
       [0.],
       [0.],
       [0.]]), 'outputs': array([[0.],
       [0.],
       [0.],
       [0.],
       [0.],
       [0.],
       [0.],
       [0.],
       [0.],
       [0.],
       [0.],
       [0.],
       [0.],
       [0.],
       [0.],
       [0.],
       [0.],
       [0.],
       [0.],
       [0.]]), 'errors': array([[0.],
       [0.],
       [0.],
       [0.],
       [0.],
       [0.],
       [0.],
       [0.],
       [0.],
       [0.],
       [0.],
       [0.],
       [0.],
       [0.],
       [0.],
       [0.],
       [0.],
       [0.],
       [0.],
       [0.]])}, {'weights': array([[-0.009, -0.01 , -0.008, -0.008,  0.003, -0.01 ,  0.001,  0.008,
         0.008, -0.004,  0.009,  0.007, -0.006, -0.009,  0.007,  0.001,
        -0.009,  0.01 ,  0.002,  0.007],
       [-0.01 ,  0.004,  0.   ,  0.009, -0.005, -0.002, -0.003,  0.003,
        -0.008, -0.002,  0.001,  0.003, -0.005,  0.007, -0.007,  0.006,
        -0.01 ,  0.005,  0.004,  0.006],
       [ 0.003,  0.009, -0.002, -0.01 ,  0.006,  0.01 ,  0.009,  0.005,
        -0.001, -0.003, -0.006, -0.006,  0.01 , -0.003, -0.003, -0.008,
         0.003,  0.002, -0.009, -0.003]]), 'deltas': array([[0.],
       [0.],
       [0.],
       [0.]]), 'outputs': array([[0.],
       [0.],
       [0.],
       [0.]]), 'errors': array([[0.],
       [0.],
       [0.],
       [0.]])}]
Training complete!
Training done. epoch: 64 , total error: 0.0008293773269387559
[{'weights': array([[ 1.24419651, -0.65713765, -0.82630149, -0.85318949, -0.52830011,
        -0.31242778, -0.51301537,  0.24831114,  2.31655042, -2.65983867,
        -0.14066652, -0.60147735,  2.31155042, -2.62040321, -1.29979329,
         0.53321396, -1.09643212],
       [ 1.62797446, -0.74962106, -0.59391241, -1.20505111, -0.48643192,
        -0.42062362, -0.23136301,  0.24180843,  2.23563112, -2.44241597,
         0.63996513, -1.33079039,  2.22263112, -3.15128338, -2.23184394,
         2.23088607, -0.90861012],
       [ 0.77714396, -0.6036887 , -0.6875223 , -0.53809426, -0.47698469,
        -0.32887108, -0.46081335,  0.23450782,  2.3486799 , -2.98666397,
        -1.25865459,  0.85147735,  2.3656799 , -2.24275642, -0.32898318,
        -0.8081016 , -1.03616131],
       [ 0.82138887, -0.60085868, -0.67155288, -0.55169084, -0.44289648,
        -0.34502765, -0.46798882,  0.24219943,  2.35319088, -3.03307247,
        -1.29649955,  0.94666762,  2.34919088, -2.26462402, -0.29605685,
        -0.80322353, -1.02471353],
       [ 0.29299865, -0.58349626, -0.20499556, -0.33861887, -0.43057132,
        -0.52083386, -0.14509163,  0.24838476,  2.39352407, -3.25970055,
        -2.39621639,  2.42328083,  2.38352407, -2.02537199,  0.39226146,
        -1.61752559, -0.84711204],
       [ 0.84305076, -0.60780959, -0.7437569 , -0.56713508, -0.49328338,
        -0.31819866, -0.49483085,  0.24766206,  2.35386989, -2.92628954,
        -1.08194519,  0.56571401,  2.35686989, -2.27774078, -0.45803116,
        -0.67974878, -1.07065082],
       [ 1.1518749 , -0.63603982, -0.81342853, -0.81635669, -0.5528039 ,
        -0.28652947, -0.49407544,  0.24545867,  2.31766348, -2.63978759,
        -0.21547118, -0.57135486,  2.31866348, -2.57924602, -1.26178315,
         0.41141554, -1.10495014],
       [ 0.35649745, -0.58610014, -0.227448  , -0.37745363, -0.43371576,
        -0.50166869, -0.1361685 ,  0.24604864,  2.368414  , -3.22884994,
        -2.26935895,  2.30529058,  2.369414  , -2.04950648,  0.27757074,
        -1.43698258, -0.83550432],
       [ 1.08104337, -0.6268664 , -0.84044759, -0.7278972 , -0.54510873,
        -0.30156944, -0.54019934,  0.24570969,  2.3363091 , -2.71367751,
        -0.4542454 , -0.28455401,  2.3363091 , -2.47190646, -0.99545468,
        -0.00811578, -1.12116782],
       [ 0.99739674, -0.63654303, -0.83370116, -0.63911061, -0.47656165,
        -0.32247183, -0.55411163,  0.23918705,  2.34952571, -2.89284298,
        -0.83259943,  0.25795864,  2.34652571, -2.36049861, -0.62443117,
        -0.469554  , -1.09595806],
       [ 1.64230693, -0.75193979, -0.55327525, -1.26206048, -0.53482204,
        -0.43440577, -0.19972905,  0.22998827,  2.22664665, -2.29969502,
         0.82743055, -1.68035077,  2.22964665, -3.27104478, -2.42523874,
         2.54566828, -0.92696859],
       [ 0.83874955, -0.59665108, -0.72709339, -0.58677962, -0.49597499,
        -0.31809954, -0.49094359,  0.24124357,  2.35837844, -2.91679228,
        -1.08662357,  0.57726287,  2.35137844, -2.2854011 , -0.46784425,
        -0.66890765, -1.06977455],
       [ 0.80833079, -0.59099194, -0.7259887 , -0.57204017, -0.51983796,
        -0.31217965, -0.48747114,  0.24479874,  2.35796184, -2.8950496 ,
        -1.08308513,  0.54248288,  2.35796184, -2.27241525, -0.47686252,
        -0.67737408, -1.07269001],
       [ 1.21015011, -0.63545299, -0.79493881, -0.85786111, -0.54465243,
        -0.29397914, -0.48632708,  0.23685586,  2.30725846, -2.62771827,
        -0.12088272, -0.64876026,  2.30925846, -2.63854756, -1.36256393,
         0.59775024, -1.09410279],
       [ 1.65689842, -0.75304313, -0.57867204, -1.24003337, -0.50596044,
        -0.43206435, -0.22353973,  0.23371439,  2.22954061, -2.36360847,
         0.76095725, -1.52373951,  2.22954061, -3.23358352, -2.34474574,
         2.41793852, -0.91985012],
       [ 1.04903171, -0.62912289, -0.83525743, -0.72719864, -0.54728695,
        -0.28635909, -0.5152936 ,  0.23339239,  2.33423502, -2.70642525,
        -0.47378051, -0.2895765 ,  2.33623502, -2.45834471, -0.99446862,
        -0.02696893, -1.11954725],
       [ 0.88426   , -0.61597965, -0.7643802 , -0.59131752, -0.50655398,
        -0.31921644, -0.5018422 ,  0.24219525,  2.35881834, -2.87823081,
        -0.96888505,  0.41288015,  2.35381834, -2.29965289, -0.54553479,
        -0.59704803, -1.08541737],
       [ 0.91650052, -0.60422216, -0.79753944, -0.63215973, -0.54646678,
        -0.29667926, -0.51711281,  0.23583804,  2.35038629, -2.79305246,
        -0.7850505 ,  0.11829586,  2.34938629, -2.34638494, -0.71773486,
        -0.4266873 , -1.10842081],
       [ 0.44104964, -0.56782456, -0.30574824, -0.42024324, -0.44279095,
        -0.44517639, -0.19500193,  0.24820286,  2.34951888, -3.16427268,
        -2.04825581,  2.00824321,  2.36551888, -2.10699741,  0.1165659 ,
        -1.21385378, -0.84976641],
       [ 0.006     , -0.004     ,  0.009     , -0.008     ,  0.004     ,
        -0.008     , -0.006     , -0.009     ,  0.008     ,  0.        ,
        -0.007     , -0.004     ,  0.005     ,  0.007     ,  0.004     ,
        -0.004     ,  0.007     ]]), 'deltas': array([[7.42881761e-05],
       [3.80252153e-05],
       [9.63314350e-05],
       [9.29950081e-05],
       [8.88861650e-05],
       [9.69107665e-05],
       [7.97994083e-05],
       [8.51146322e-05],
       [8.76525316e-05],
       [9.18962307e-05],
       [3.70758412e-05],
       [9.69594028e-05],
       [9.91981891e-05],
       [7.54976987e-05],
       [3.70507201e-05],
       [8.83020918e-05],
       [9.49381688e-05],
       [9.66839885e-05],
       [8.60536820e-05],
       [0.00000000e+00]]), 'outputs': array([[0.9861109 ],
       [0.9929396 ],
       [0.98191263],
       [0.98255042],
       [0.9833347 ],
       [0.9818018 ],
       [0.98506466],
       [0.98405348],
       [0.98356993],
       [0.98276027],
       [0.99311711],
       [0.98179249],
       [0.98136395],
       [0.98588148],
       [0.99312181],
       [0.98344608],
       [0.98217907],
       [0.98184518],
       [0.98387462],
       [1.        ]]), 'errors': 0.005424000197502119}, {'weights': array([[ 0.56504579,  0.39691494,  0.53465605,  0.50964818,  0.37350228,
         0.53208914,  0.58775922,  0.40517837,  0.59164767,  0.5414511 ,
         0.40021525,  0.56419827,  0.57797381,  0.5463647 ,  0.41031198,
         0.61508061,  0.59826983,  0.59440898,  0.44569433, -5.05129069],
       [-1.44347035, -2.03394603, -1.51494223, -1.57977354, -2.23909559,
        -1.44726163, -1.41007828, -2.10881561, -1.37117472, -1.44666289,
        -2.20517889, -1.44279863, -1.43047869, -1.45990494, -2.17032316,
        -1.33240009, -1.41890866, -1.35174473, -1.90369803,  2.11158213],
       [-1.60146513,  2.3178955 , -0.7924897 , -0.31089108,  4.13651139,
        -1.27811375, -1.81488508,  3.54329015, -2.09833426, -1.46591699,
         2.63259436, -1.30807896, -1.496449  , -1.4165681 ,  2.65197494,
        -2.30126231, -1.73630913, -2.06187847,  2.27925392, -1.20106499]]), 'deltas': array([[ 1.00880620e-04],
       [-1.09341413e-25],
       [-1.49541700e-03]]), 'outputs': array([[9.89904982e-01],
       [3.30668130e-13],
       [3.94568784e-02]]), 'errors': array([[ 1.00950184e-02],
       [-3.30668130e-13],
       [-3.94568784e-02]])}]
neural_net output [9.89915096e-01 3.30636312e-13 3.89087859e-02]
target: 0 prediction: 0
neural_net output [9.87458626e-01 6.81656970e-13 3.99360949e-02]
target: 0 prediction: 0
neural_net output [9.90031785e-01 3.29569794e-13 3.41067394e-02]
target: 0 prediction: 0
neural_net output [9.89915096e-01 3.30636312e-13 3.89087859e-02]
target: 0 prediction: 0
neural_net output [9.89915096e-01 3.30636312e-13 3.89087859e-02]
target: 0 prediction: 0
neural_net output [9.89915096e-01 3.30636312e-13 3.89087859e-02]
target: 0 prediction: 0
neural_net output [9.87458626e-01 6.81656970e-13 3.99360949e-02]
target: 0 prediction: 0
neural_net output [9.89915096e-01 3.30636312e-13 3.89087859e-02]
target: 0 prediction: 0
neural_net output [9.87458626e-01 6.81656970e-13 3.99360949e-02]
target: 0 prediction: 0
neural_net output [9.82555003e-01 1.79635068e-12 6.25278491e-02]
target: 0 prediction: 0
neural_net output [0.00827499 0.78524001 0.20006545]
target: 1 prediction: 1
neural_net output [0.00827499 0.78524001 0.20006545]
target: 1 prediction: 1
neural_net output [0.00796051 0.80156756 0.21759498]
target: 1 prediction: 1
neural_net output [0.00827499 0.78524001 0.20006545]
target: 1 prediction: 1
neural_net output [0.00815231 0.78466546 0.2338337 ]
target: 1 prediction: 1
neural_net output [0.00815231 0.78466546 0.2338337 ]
target: 1 prediction: 1
neural_net output [0.00807013 0.77935332 0.28042673]
target: 1 prediction: 1
neural_net output [0.00827499 0.78524001 0.20006545]
target: 1 prediction: 1
neural_net output [0.00827499 0.78524001 0.20006545]
target: 1 prediction: 1
neural_net output [0.00827499 0.78524001 0.20006545]
target: 1 prediction: 1
neural_net output [0.02421303 0.02925868 0.9862797 ]
target: 2 prediction: 2
neural_net output [0.02764339 0.01885906 0.98736288]
target: 2 prediction: 2
neural_net output [0.02573562 0.02224847 0.97524194]
target: 2 prediction: 2
neural_net output [0.00827499 0.78524001 0.20006545]
target: 2 prediction: 1
neural_net output [0.02384355 0.02043912 0.97207564]
target: 2 prediction: 2
neural_net output [0.02263341 0.06836245 0.73200731]
target: 2 prediction: 2
neural_net output [0.02479644 0.03573551 0.90702707]
target: 2 prediction: 2
neural_net output [0.0228291  0.04874769 0.90834016]
target: 2 prediction: 2
neural_net output [0.02445997 0.02147108 0.95653121]
target: 2 prediction: 2
neural_net output [0.00796051 0.80156756 0.21759498]
target: 2 prediction: 1
Accuracy: 93.33333333333333 %

train_data group 1 length:  120
   0   1   2   3   4   5   6   7   8   9   10  11  12  13  14  15  16
0   1   0   0   0   0   0   1   0   1   0   0   0   1   0   0   0   0
1   0   1   0   0   0   0   0   1   1   0   0   0   1   0   0   0   0
2   1   0   0   0   0   1   0   0   1   0   0   0   1   0   0   0   0
3   1   0   0   0   0   0   1   0   1   0   0   0   1   0   0   0   0
4   1   0   0   0   0   0   1   0   1   0   0   0   1   0   0   0   0
Initial Neural Network:
[{'weights': array([[-0.008,  0.   , -0.006,  0.007,  0.002, -0.006, -0.01 ,  0.01 ,
         0.005, -0.005, -0.007,  0.001, -0.01 ,  0.002, -0.002,  0.007,
         0.006],
       [ 0.003,  0.   , -0.006,  0.001, -0.001, -0.009, -0.002,  0.009,
        -0.005, -0.008, -0.005,  0.   ,  0.002,  0.003,  0.004,  0.004,
         0.   ],
       [ 0.004,  0.004,  0.009, -0.002,  0.003, -0.002,  0.007,  0.   ,
        -0.002, -0.007, -0.002, -0.006,  0.009,  0.005, -0.006, -0.003,
         0.005],
       [-0.003, -0.008, -0.009,  0.005, -0.005,  0.008, -0.007,  0.007,
         0.006, -0.008, -0.002, -0.003, -0.005, -0.001, -0.008,  0.   ,
         0.008],
       [-0.01 ,  0.   ,  0.009, -0.009,  0.002, -0.01 , -0.001,  0.001,
         0.001,  0.003, -0.008, -0.01 , -0.002,  0.01 , -0.001,  0.009,
         0.008],
       [ 0.002,  0.01 ,  0.008,  0.006, -0.001,  0.001,  0.006,  0.01 ,
        -0.01 , -0.005, -0.001, -0.007, -0.007,  0.001,  0.005,  0.01 ,
        -0.009],
       [ 0.01 , -0.006,  0.004, -0.01 , -0.008, -0.006,  0.002, -0.008,
        -0.006, -0.007, -0.008, -0.007, -0.006, -0.007, -0.004,  0.007,
         0.003],
       [-0.006,  0.005, -0.01 ,  0.01 ,  0.003,  0.003, -0.004, -0.007,
         0.   , -0.006, -0.007,  0.009,  0.002,  0.003,  0.003,  0.002,
        -0.003],
       [-0.009, -0.008, -0.003, -0.009,  0.008, -0.01 ,  0.001, -0.005,
        -0.009,  0.005,  0.009, -0.003,  0.001, -0.005,  0.005,  0.004,
        -0.002],
       [ 0.   ,  0.003,  0.007, -0.001, -0.003,  0.007,  0.004,  0.002,
         0.008, -0.001, -0.007, -0.003,  0.006,  0.001,  0.002, -0.001,
         0.   ],
       [-0.002,  0.001, -0.01 ,  0.006,  0.   ,  0.006,  0.009,  0.002,
         0.003, -0.01 ,  0.004,  0.002,  0.01 ,  0.01 ,  0.   , -0.005,
         0.003],
       [ 0.002,  0.   , -0.006,  0.009, -0.001, -0.006, -0.003,  0.007,
         0.007,  0.007,  0.005,  0.007, -0.004,  0.005,  0.   , -0.001,
         0.005],
       [ 0.009, -0.005,  0.001,  0.007, -0.003,  0.   ,  0.004,  0.005,
        -0.007,  0.004, -0.009,  0.001,  0.01 , -0.007,  0.008, -0.004,
         0.   ],
       [ 0.01 ,  0.009,  0.003, -0.006,  0.004,  0.005,  0.003, -0.003,
        -0.001, -0.004, -0.004,  0.009, -0.008, -0.001, -0.01 , -0.007,
         0.005],
       [-0.005,  0.006,  0.006, -0.004,  0.001,  0.009, -0.004,  0.005,
         0.003,  0.007,  0.008, -0.008,  0.   , -0.007, -0.009, -0.008,
        -0.001],
       [-0.008, -0.01 ,  0.008,  0.001,  0.003,  0.007,  0.   ,  0.002,
        -0.003,  0.007,  0.007,  0.007, -0.002, -0.009, -0.001,  0.003,
        -0.008],
       [-0.007, -0.01 ,  0.005, -0.003,  0.01 ,  0.007, -0.003,  0.003,
         0.   ,  0.   ,  0.006,  0.   , -0.005,  0.007,  0.005, -0.007,
         0.005],
       [ 0.   , -0.009,  0.005, -0.007,  0.01 ,  0.009,  0.001,  0.005,
        -0.007, -0.008, -0.006,  0.007, -0.008,  0.003, -0.001, -0.001,
         0.008],
       [ 0.006,  0.001, -0.004,  0.   , -0.002,  0.006, -0.005,  0.002,
        -0.004, -0.004,  0.007, -0.006, -0.002,  0.004,  0.006, -0.007,
        -0.004],
       [-0.009, -0.009,  0.01 , -0.007, -0.005, -0.001,  0.004, -0.001,
        -0.003, -0.01 ,  0.   , -0.009, -0.01 ,  0.   ,  0.01 ,  0.004,
         0.01 ]]), 'deltas': array([[0.],
       [0.],
       [0.],
       [0.],
       [0.],
       [0.],
       [0.],
       [0.],
       [0.],
       [0.],
       [0.],
       [0.],
       [0.],
       [0.],
       [0.],
       [0.],
       [0.],
       [0.],
       [0.],
       [0.]]), 'outputs': array([[0.],
       [0.],
       [0.],
       [0.],
       [0.],
       [0.],
       [0.],
       [0.],
       [0.],
       [0.],
       [0.],
       [0.],
       [0.],
       [0.],
       [0.],
       [0.],
       [0.],
       [0.],
       [0.],
       [0.]]), 'errors': array([[0.],
       [0.],
       [0.],
       [0.],
       [0.],
       [0.],
       [0.],
       [0.],
       [0.],
       [0.],
       [0.],
       [0.],
       [0.],
       [0.],
       [0.],
       [0.],
       [0.],
       [0.],
       [0.],
       [0.]])}, {'weights': array([[ 0.009, -0.002, -0.002,  0.002,  0.003, -0.004, -0.002,  0.   ,
         0.004,  0.009, -0.003,  0.007, -0.008,  0.002, -0.008,  0.002,
        -0.006, -0.002,  0.002, -0.006],
       [ 0.005, -0.01 , -0.01 , -0.008, -0.006, -0.001,  0.01 ,  0.006,
         0.006, -0.003, -0.01 , -0.001, -0.005,  0.01 ,  0.   ,  0.   ,
        -0.005,  0.01 , -0.009,  0.009],
       [ 0.006, -0.007, -0.003, -0.005, -0.006, -0.005, -0.002,  0.003,
         0.01 , -0.009,  0.003,  0.006, -0.002,  0.   , -0.01 ,  0.008,
        -0.002, -0.005,  0.002,  0.003]]), 'deltas': array([[0.],
       [0.],
       [0.],
       [0.]]), 'outputs': array([[0.],
       [0.],
       [0.],
       [0.]]), 'errors': array([[0.],
       [0.],
       [0.],
       [0.]])}]
Training complete!
Training done. epoch: 95 , total error: 0.0008264049196064137
[{'weights': array([[ 4.83504370e-01, -6.40996865e-01, -1.21817841e+00,
         7.81141084e-01,  2.41410930e-01,  8.15637997e-02,
        -6.10978820e-01, -3.03525731e-01, -2.63253019e+00,
        -1.57363208e+00, -4.35001063e-02,  3.65613255e+00,
        -2.64753019e+00, -1.50776801e+00, -3.29996246e-01,
         3.89476463e+00, -5.81529821e-01],
       [ 1.10974241e+00, -1.22465960e+00, -1.23548739e+00,
         7.84933360e-01,  2.08412066e-01, -3.11823057e-01,
        -1.62963437e-01, -3.00096800e-01, -2.75926977e+00,
        -1.84375690e+00,  2.98429405e-01,  3.72312604e+00,
        -2.75226977e+00, -1.44264294e+00, -3.00688203e-01,
         3.94512969e+00, -5.63471227e-01],
       [-4.46407585e-01,  4.33890897e-02, -1.05851366e+00,
         7.71342279e-01, -1.21743623e-01,  5.90459927e-01,
        -8.49869756e-01, -3.16036420e-01, -2.58124848e+00,
        -1.36796862e+00, -3.71923616e-01,  3.59895085e+00,
        -2.57024848e+00, -1.58945148e+00, -3.79728784e-01,
         3.83923887e+00, -7.00189873e-01],
       [-1.57889150e+00,  1.57636866e+00, -1.80156924e+00,
         7.46674531e-01, -3.31297422e-01,  1.66158269e+00,
        -2.02159754e+00, -3.48105285e-01, -2.61222936e+00,
        -1.67907546e+00, -1.60764895e-01,  3.40265216e+00,
        -2.62322936e+00, -2.40210490e+00,  3.42736494e-01,
         3.62618021e+00, -1.03441755e+00],
       [-1.28643967e+00,  2.31139803e+00, -2.14578530e+00,
         7.35565943e-01,  8.97290781e-01,  1.47823344e+00,
        -2.34827977e+00, -4.10505443e-01, -2.72358808e+00,
        -6.45636077e-01, -4.26041794e-01,  3.40600495e+00,
        -2.72658808e+00, -7.24686998e-01, -5.28367668e-01,
         3.62038175e+00, -3.67260998e-01],
       [ 1.14150709e+00, -1.27419098e+00, -1.20469559e+00,
         7.90632811e-01,  1.64741925e-01, -3.40966835e-01,
        -8.25156076e-02, -2.98006147e-01, -2.77114895e+00,
        -1.89225799e+00,  3.42388325e-01,  3.72527196e+00,
        -2.76814895e+00, -1.45917097e+00, -2.83776108e-01,
         3.94734937e+00, -5.81746664e-01],
       [ 2.75755635e-01, -5.12971839e-01, -1.13957506e+00,
         7.70545496e-01,  1.57453276e-01,  1.70219999e-01,
        -6.36083049e-01, -3.15835990e-01, -2.62324574e+00,
        -1.51986331e+00, -1.30036494e-01,  3.64089978e+00,
        -2.62324574e+00, -1.51755087e+00, -3.52954256e-01,
         3.87950510e+00, -6.01245764e-01],
       [ 4.90483454e-01, -6.25049319e-01, -1.24443662e+00,
         7.81084652e-01,  2.42013227e-01,  1.04613573e-01,
        -6.31837705e-01, -3.16706932e-01, -2.63934635e+00,
        -1.59946921e+00, -2.39977027e-02,  3.66189543e+00,
        -2.63734635e+00, -1.52985389e+00, -3.14034623e-01,
         3.89431703e+00, -5.99917838e-01],
       [ 1.07130001e+00, -1.83001103e+00, -6.25712165e-01,
         7.80862557e-01, -2.81085341e-01, -7.88099989e-01,
         7.97110803e-01, -3.08486095e-01, -2.86168607e+00,
        -2.14912995e+00,  7.31363718e-01,  3.70689167e+00,
        -2.85168607e+00, -1.59218358e+00, -3.80611461e-02,
         3.91237017e+00, -5.76560623e-01],
       [-7.27602331e-01,  2.60374112e+00, -2.42006426e+00,
         7.37317413e-01,  1.83834607e+00,  1.47311693e+00,
        -2.62774899e+00, -4.89322066e-01, -2.89645302e+00,
        -4.84890721e-01,  1.12916888e-01,  3.44981880e+00,
        -2.89845302e+00,  1.25648517e+00, -1.66535083e+00,
         3.49971063e+00,  1.84391942e-01],
       [ 6.55154440e-01, -7.44684362e-01, -1.28748211e+00,
         7.79665115e-01,  2.84712634e-01,  2.51330285e-02,
        -5.77292929e-01, -3.07899647e-01, -2.66295432e+00,
        -1.65225632e+00,  4.79866322e-02,  3.67387709e+00,
        -2.65595432e+00, -1.51718400e+00, -3.04327165e-01,
         3.90011857e+00, -5.89346913e-01],
       [ 1.13303225e+00, -1.26912316e+00, -1.22345311e+00,
         7.90474015e-01,  1.79564400e-01, -3.39222873e-01,
        -1.15365135e-01, -3.02046389e-01, -2.75877941e+00,
        -1.86281768e+00,  3.38180144e-01,  3.73534695e+00,
        -2.76977941e+00, -1.45109309e+00, -2.97146106e-01,
         3.94394861e+00, -5.69069998e-01],
       [ 9.39585724e-01, -9.93056970e-01, -1.27805157e+00,
         7.87168237e-01,  3.18355149e-01, -1.68002676e-01,
        -3.97522971e-01, -3.03184078e-01, -2.71535261e+00,
        -1.69857898e+00,  1.49242027e-01,  3.69733499e+00,
        -2.69835261e+00, -1.44408201e+00, -3.31057319e-01,
         3.92413736e+00, -5.56354577e-01],
       [ 8.49263165e-01, -8.80675528e-01, -1.29927562e+00,
         7.74076835e-01,  3.32019421e-01, -8.33109623e-02,
        -5.01555806e-01, -3.10763797e-01, -2.68930873e+00,
        -1.68223984e+00,  1.05614168e-01,  3.69332326e+00,
        -2.69630873e+00, -1.48328081e+00, -3.28916036e-01,
         3.90989444e+00, -5.67611143e-01],
       [-6.34946931e-01,  7.46438448e-01, -1.39168612e+00,
         7.60365798e-01, -2.16757654e-01,  1.25154887e+00,
        -1.22900646e+00, -3.17613565e-01, -2.59666447e+00,
        -1.81025216e+00,  3.70361064e-01,  3.52372676e+00,
        -2.59966447e+00, -2.10873106e+00,  4.40224251e-01,
         3.72134248e+00, -5.23828802e-01],
       [ 6.51286697e-01, -7.63838442e-01, -1.24544480e+00,
         7.79249684e-01,  2.89794392e-01, -4.50707901e-03,
        -5.36792779e-01, -3.06241395e-01, -2.65693930e+00,
        -1.60348741e+00,  3.21390795e-02,  3.67654077e+00,
        -2.65593930e+00, -1.49163476e+00, -3.30314661e-01,
         3.89914186e+00, -5.77746861e-01],
       [ 1.16746553e+00, -1.49342586e+00, -1.06146603e+00,
         7.83736814e-01, -1.65547354e-02, -4.95259599e-01,
         2.42833160e-01, -3.02708373e-01, -2.80371009e+00,
        -2.00066473e+00,  4.84242832e-01,  3.73744244e+00,
        -2.80871009e+00, -1.49760431e+00, -2.24913211e-01,
         3.94253807e+00, -5.83689547e-01],
       [ 1.10422989e+00, -1.21039773e+00, -1.24815953e+00,
         7.76714848e-01,  2.35248645e-01, -2.93408087e-01,
        -1.82321421e-01, -3.01131662e-01, -2.75675766e+00,
        -1.82944197e+00,  2.82690969e-01,  3.72289613e+00,
        -2.75775766e+00, -1.44121813e+00, -3.13905331e-01,
         3.93926859e+00, -5.58612524e-01],
       [ 1.17818945e+00, -1.55035826e+00, -1.00918357e+00,
         7.86921908e-01, -9.23799828e-02, -5.39783314e-01,
         3.39469436e-01, -3.03736614e-01, -2.81939840e+00,
        -2.06853007e+00,  5.43124891e-01,  3.74037310e+00,
        -2.81739840e+00, -1.53504558e+00, -1.86409762e-01,
         3.94242327e+00, -6.01430474e-01],
       [-9.00000000e-03, -9.00000000e-03,  1.00000000e-02,
        -7.00000000e-03, -5.00000000e-03, -1.00000000e-03,
         4.00000000e-03, -1.00000000e-03, -3.00000000e-03,
        -1.00000000e-02,  0.00000000e+00, -9.00000000e-03,
        -1.00000000e-02,  0.00000000e+00,  1.00000000e-02,
         4.00000000e-03,  1.00000000e-02]]), 'deltas': array([[0.00065887],
       [0.00062931],
       [0.00087065],
       [0.0012175 ],
       [0.00090978],
       [0.00063484],
       [0.00068874],
       [0.00066933],
       [0.00048049],
       [0.00084605],
       [0.0006544 ],
       [0.00063234],
       [0.00062098],
       [0.00063038],
       [0.00062941],
       [0.00063803],
       [0.00062071],
       [0.00062677],
       [0.00062064],
       [0.        ]]), 'outputs': array([[0.85398345],
       [0.86179961],
       [0.79192997],
       [0.63993008],
       [0.7789585 ],
       [0.86035101],
       [0.8459074 ],
       [0.85117495],
       [0.89882814],
       [0.79979708],
       [0.85517717],
       [0.86100487],
       [0.86397137],
       [0.86151899],
       [0.86177423],
       [0.85951092],
       [0.86404103],
       [0.86246314],
       [0.86405872],
       [1.        ]]), 'errors': 0.005283819936444892}, {'weights': array([[-2.27376017, -2.30982823, -2.27918002, -2.59449718, -2.68095771,
        -2.35729238, -2.26600428, -2.28656672, -2.54593616, -2.95933668,
        -2.28864133, -2.32710175, -2.29185928, -2.2962222 , -2.45729506,
        -2.29867045, -2.41623418, -2.3365722 , -2.41824039,  2.84398198],
       [-1.46105279, -0.53017484, -1.68946191,  1.12057923,  0.53210474,
        -0.13554874, -1.60903139, -1.37309646,  3.2938638 ,  2.34539299,
        -1.1450602 , -0.22387907, -1.02336663, -1.03133003,  0.72670664,
        -1.33506526,  0.78738942, -0.50505879,  1.24907141, -1.31260965],
       [ 0.39412971,  0.72472439,  0.05675315,  0.89751645,  0.4734826 ,
         0.76314299,  0.32576371,  0.38814289,  0.87794739,  0.45327825,
         0.41835592,  0.75791589,  0.56819776,  0.51005217,  0.29609801,
         0.45721365,  0.83624542,  0.72446579,  0.86805806, -3.26524042]]), 'deltas': array([[-1.81006289e-31],
       [-1.57678830e-03],
       [ 9.37050494e-06]]), 'outputs': array([[4.25448339e-16],
       [4.05390000e-02],
       [9.96934169e-01]]), 'errors': array([[-4.25448339e-16],
       [-4.05390000e-02],
       [ 3.06583132e-03]])}]
Accuracy: 93.33333333333333 %

train_data group 2 length:  120
   0   1   2   3   4   5   6   7   8   9   10  11  12  13  14  15  16
0   1   0   0   0   0   0   1   0   1   0   0   0   1   0   0   0   0
1   0   1   0   0   0   0   0   1   1   0   0   0   1   0   0   0   0
2   1   0   0   0   0   1   0   0   1   0   0   0   1   0   0   0   0
3   1   0   0   0   0   0   1   0   1   0   0   0   1   0   0   0   0
4   1   0   0   0   0   0   1   0   1   0   0   0   1   0   0   0   0
Initial Neural Network:
[{'weights': array([[ 0.007, -0.003, -0.004,  0.002,  0.004,  0.009,  0.003,  0.004,
        -0.008,  0.005, -0.006, -0.006,  0.008,  0.003, -0.008, -0.005,
         0.   ],
       [-0.001, -0.002, -0.003,  0.004, -0.002,  0.007,  0.005,  0.001,
         0.006, -0.01 ,  0.006,  0.005,  0.003, -0.008,  0.003,  0.007,
        -0.003],
       [ 0.009, -0.008,  0.007,  0.001, -0.01 , -0.002,  0.008, -0.01 ,
         0.005,  0.002,  0.006,  0.003,  0.003, -0.007, -0.01 , -0.006,
        -0.006],
       [-0.001,  0.009, -0.003,  0.005, -0.004, -0.009, -0.002,  0.009,
        -0.008,  0.006, -0.006,  0.003,  0.006, -0.004, -0.005,  0.008,
         0.002],
       [ 0.   ,  0.003, -0.008,  0.01 ,  0.005, -0.002,  0.001, -0.005,
        -0.006,  0.   ,  0.005, -0.003, -0.009,  0.001, -0.004, -0.006,
         0.008],
       [ 0.003,  0.009, -0.009, -0.003,  0.004, -0.003,  0.01 , -0.003,
         0.008,  0.007, -0.006, -0.002,  0.001,  0.007, -0.004,  0.001,
        -0.01 ],
       [-0.002,  0.002, -0.008, -0.006, -0.009, -0.008,  0.01 , -0.004,
         0.007,  0.01 , -0.008, -0.006,  0.   , -0.003, -0.008,  0.008,
        -0.009],
       [-0.002, -0.009, -0.001,  0.006,  0.005, -0.001, -0.009,  0.01 ,
        -0.006,  0.01 ,  0.   ,  0.007, -0.009, -0.005, -0.009, -0.007,
        -0.001],
       [ 0.007, -0.003, -0.003, -0.004, -0.007, -0.005, -0.007,  0.009,
         0.005, -0.008, -0.006, -0.007,  0.   ,  0.003,  0.001, -0.003,
        -0.006],
       [ 0.   , -0.004, -0.008, -0.007,  0.006, -0.003, -0.004,  0.003,
        -0.001,  0.008, -0.01 ,  0.002, -0.007,  0.004,  0.   , -0.007,
        -0.01 ],
       [-0.009,  0.002, -0.001,  0.003,  0.009, -0.01 ,  0.008, -0.004,
        -0.009,  0.007, -0.01 , -0.006,  0.002, -0.008, -0.005,  0.009,
        -0.004],
       [-0.01 , -0.009, -0.003,  0.009,  0.01 , -0.006, -0.009, -0.001,
        -0.003, -0.004, -0.007,  0.003,  0.009, -0.007, -0.003,  0.01 ,
        -0.008],
       [ 0.01 ,  0.01 ,  0.001, -0.004,  0.008,  0.005,  0.004,  0.003,
        -0.006, -0.001, -0.007,  0.004, -0.009, -0.005, -0.005,  0.004,
        -0.002],
       [-0.007, -0.007,  0.004,  0.006, -0.004,  0.008,  0.009,  0.009,
         0.006,  0.007,  0.01 ,  0.001,  0.005, -0.009, -0.007,  0.003,
         0.01 ],
       [ 0.001, -0.001,  0.004, -0.009,  0.002,  0.001,  0.001,  0.002,
        -0.009, -0.01 ,  0.009, -0.004,  0.005,  0.01 ,  0.002,  0.   ,
        -0.001],
       [-0.003,  0.004, -0.008, -0.005, -0.001,  0.   , -0.002, -0.009,
        -0.006,  0.001,  0.01 ,  0.004, -0.003, -0.003,  0.004,  0.01 ,
         0.006],
       [ 0.003, -0.007,  0.   ,  0.006, -0.007, -0.003,  0.002,  0.005,
        -0.009, -0.002,  0.003,  0.005, -0.009,  0.01 ,  0.003, -0.005,
         0.003],
       [-0.004, -0.003, -0.002, -0.008,  0.01 ,  0.002,  0.005,  0.007,
         0.008, -0.004,  0.   , -0.007, -0.005, -0.003, -0.007, -0.008,
         0.004],
       [-0.009,  0.004, -0.009, -0.007, -0.007,  0.004,  0.005, -0.006,
         0.003, -0.004, -0.001,  0.004,  0.002,  0.003, -0.001,  0.005,
         0.003],
       [ 0.009,  0.004,  0.001, -0.005,  0.   , -0.008,  0.009, -0.002,
         0.003, -0.003, -0.004,  0.   ,  0.008,  0.01 , -0.007,  0.006,
        -0.006]]), 'deltas': array([[0.],
       [0.],
       [0.],
       [0.],
       [0.],
       [0.],
       [0.],
       [0.],
       [0.],
       [0.],
       [0.],
       [0.],
       [0.],
       [0.],
       [0.],
       [0.],
       [0.],
       [0.],
       [0.],
       [0.]]), 'outputs': array([[0.],
       [0.],
       [0.],
       [0.],
       [0.],
       [0.],
       [0.],
       [0.],
       [0.],
       [0.],
       [0.],
       [0.],
       [0.],
       [0.],
       [0.],
       [0.],
       [0.],
       [0.],
       [0.],
       [0.]]), 'errors': array([[0.],
       [0.],
       [0.],
       [0.],
       [0.],
       [0.],
       [0.],
       [0.],
       [0.],
       [0.],
       [0.],
       [0.],
       [0.],
       [0.],
       [0.],
       [0.],
       [0.],
       [0.],
       [0.],
       [0.]])}, {'weights': array([[ 0.008, -0.004, -0.005,  0.004,  0.006, -0.009,  0.007, -0.009,
        -0.005, -0.002,  0.005, -0.006,  0.008, -0.001, -0.003,  0.009,
        -0.001,  0.006,  0.01 , -0.009],
       [ 0.008, -0.005, -0.004, -0.006,  0.006,  0.003,  0.009,  0.   ,
         0.01 , -0.002,  0.005,  0.   , -0.004, -0.009, -0.007,  0.004,
         0.006,  0.001,  0.005, -0.01 ],
       [-0.009,  0.002, -0.007,  0.009, -0.002,  0.008, -0.001, -0.005,
        -0.002,  0.008,  0.005, -0.001, -0.003,  0.004, -0.007, -0.003,
        -0.006, -0.006,  0.004, -0.002]]), 'deltas': array([[0.],
       [0.],
       [0.],
       [0.]]), 'outputs': array([[0.],
       [0.],
       [0.],
       [0.]]), 'errors': array([[0.],
       [0.],
       [0.],
       [0.]])}]
Training complete!
Training done. epoch: 117 , total error: 0.0008047666854406247
[{'weights': array([[-1.08731052e+00,  3.42950752e-01,  1.86378188e-01,
        -9.34454008e-01, -1.04736639e+00, -8.31754900e-01,
         6.16533718e-02,  3.43032338e-01,  3.10695906e+00,
        -5.22762086e-01, -4.08858282e-01, -3.68477427e+00,
         3.12295906e+00, -1.39695691e-01, -5.61925630e-01,
        -3.91777332e+00, -1.49443559e+00],
       [-4.21108422e-01,  1.54617376e-01, -3.50545752e-03,
        -9.82081507e-01, -9.99908029e-01, -6.06319284e-01,
         2.49126303e-02,  3.42236673e-01,  2.89227367e+00,
         5.77775501e-01, -8.49968007e-01, -3.86315917e+00,
         2.88927367e+00,  1.22105371e-01, -4.14977162e-01,
        -3.84147989e+00, -1.25307801e+00],
       [-4.22870258e-01,  1.60026572e-01,  1.73471566e-03,
        -9.77568231e-01, -1.00534327e+00, -6.13601481e-01,
         2.38402548e-02,  3.33427299e-01,  2.89245232e+00,
         5.71757822e-01, -8.37268111e-01, -3.85861924e+00,
         2.89045232e+00,  1.20223630e-01, -4.24830445e-01,
        -3.85352271e+00, -1.25367720e+00],
       [-5.79797664e-01,  2.03014351e-01,  3.62092203e-02,
        -9.73520560e-01, -1.02698687e+00, -6.73677119e-01,
         2.38470513e-02,  3.46722279e-01,  2.91256396e+00,
         3.52491281e-01, -7.59175226e-01, -3.83497467e+00,
         2.92656396e+00,  1.03401876e-02, -4.08222679e-01,
        -3.84777613e+00, -1.32209465e+00],
       [-1.36391596e+00,  4.63227623e-01,  2.87742594e-01,
        -8.84185463e-01, -9.91708107e-01, -9.08197932e-01,
         6.72434700e-02,  3.29531366e-01,  3.29189712e+00,
        -1.44429357e+00,  1.16376303e-01, -3.47011106e+00,
         3.28889712e+00,  4.65821826e-01, -1.12104459e+00,
        -4.15380556e+00, -1.49413120e+00],
       [-1.25133670e+00,  4.00487560e-01,  2.44876348e-01,
        -9.12568331e-01, -1.03729944e+00, -8.72191514e-01,
         6.58355537e-02,  3.33114280e-01,  3.22672928e+00,
        -9.89326640e-01, -1.79643361e-01, -3.56930040e+00,
         3.21972928e+00,  4.50224371e-02, -7.75066678e-01,
        -4.00322616e+00, -1.52854112e+00],
       [ 1.45881506e+00, -4.31071137e-01, -9.09032032e-01,
        -1.15958421e+00, -2.15897270e+00,  7.49470138e-01,
         2.57123202e-02,  3.45917922e-01,  2.63153921e+00,
         2.72451702e+00, -2.00169633e+00, -4.37823222e+00,
         2.62453921e+00,  5.55197246e-01, -4.49486998e-01,
        -3.76012178e+00, -1.03587232e+00],
       [-1.09601637e+00,  3.43674953e-01,  1.87597694e-01,
        -9.32829957e-01, -1.05254762e+00, -8.38183844e-01,
         5.62388348e-02,  3.47918947e-01,  3.12239803e+00,
        -5.26467982e-01, -3.99717605e-01, -3.67678613e+00,
         3.11939803e+00, -1.51594939e-01, -5.67566684e-01,
        -3.92181009e+00, -1.49257368e+00],
       [-1.03607028e+00,  3.29793363e-01,  1.71316750e-01,
        -9.42799270e-01, -1.05626702e+00, -8.27471780e-01,
         5.22452676e-02,  3.46734089e-01,  3.09230480e+00,
        -4.03813728e-01, -4.65201345e-01, -3.71404917e+00,
         3.08730480e+00, -1.58641137e-01, -5.09489537e-01,
        -3.89293357e+00, -1.48075944e+00],
       [-1.10706331e+00,  3.46503877e-01,  1.90600458e-01,
        -9.38889642e-01, -1.05013421e+00, -8.38866549e-01,
         5.93540869e-02,  3.41798058e-01,  3.13166502e+00,
        -5.60464367e-01, -3.89318961e-01, -3.67273030e+00,
         3.12566502e+00, -1.32449975e-01, -5.72882966e-01,
        -3.92018069e+00, -1.49984862e+00],
       [-2.64096215e-01,  1.14119232e-01, -3.07754487e-02,
        -9.84689977e-01, -9.66095859e-01, -5.46334328e-01,
         1.78630384e-02,  3.37124741e-01,  2.86049831e+00,
         7.87899575e-01, -9.37313159e-01, -3.88952713e+00,
         2.87149831e+00,  2.52703606e-01, -4.43889704e-01,
        -3.84275462e+00, -1.16444241e+00],
       [-1.06738719e+00,  3.32594424e-01,  1.75976991e-01,
        -9.37313974e-01, -1.05128605e+00, -8.27868289e-01,
         5.24848059e-02,  3.37539781e-01,  3.10141102e+00,
        -4.44883347e-01, -4.50093612e-01, -3.70056381e+00,
         3.11341102e+00, -1.79672265e-01, -5.17820485e-01,
        -3.89004802e+00, -1.49112975e+00],
       [-4.22703515e-01,  1.64127750e-01,  6.13695143e-03,
        -9.83682293e-01, -9.96017815e-01, -6.06895784e-01,
         2.57865830e-02,  3.44005910e-01,  2.88627997e+00,
         5.43973196e-01, -8.36992485e-01, -3.85638178e+00,
         2.88327997e+00,  1.34712145e-01, -4.34270507e-01,
        -3.85184271e+00, -1.25512111e+00],
       [-5.51235414e-01,  1.85032523e-01,  1.94871979e-02,
        -9.73847839e-01, -1.01916066e+00, -6.54734098e-01,
         3.05776076e-02,  3.48753619e-01,  2.91565779e+00,
         4.20435408e-01, -7.81546932e-01, -3.84710979e+00,
         2.91465779e+00,  1.68305909e-02, -4.04489883e-01,
        -3.85156202e+00, -1.30656353e+00],
       [-1.45427527e+00,  5.96138916e-01,  3.69948775e-01,
        -8.71453459e-01, -8.42078904e-01, -9.42380491e-01,
         1.02773594e-01,  3.33044759e-01,  3.33101241e+00,
        -2.20791379e+00,  8.68928283e-01, -3.36066794e+00,
         3.34501241e+00,  1.93254437e+00, -2.08312440e+00,
        -4.53207343e+00, -1.35564104e+00],
       [-9.94369133e-01,  3.11516868e-01,  1.51010432e-01,
        -9.52874017e-01, -1.05406971e+00, -8.13549482e-01,
         5.04181282e-02,  3.32485218e-01,  3.06501808e+00,
        -3.00521251e-01, -5.00468867e-01, -3.72774381e+00,
         3.06801808e+00, -1.66320372e-01, -4.83105876e-01,
        -3.88330768e+00, -1.46671585e+00],
       [-1.29546652e+00,  4.19006097e-01,  2.59622343e-01,
        -9.00243117e-01, -1.03533881e+00, -8.91739911e-01,
         6.39641380e-02,  3.41033379e-01,  3.24983415e+00,
        -1.14676263e+00, -8.74623920e-02, -3.53769033e+00,
         3.24983415e+00,  1.59104488e-01, -8.76506094e-01,
        -4.05251375e+00, -1.51608120e+00],
       [-1.33033355e+00,  4.28700407e-01,  2.67099870e-01,
        -9.01249949e-01, -1.01586320e+00, -8.87586546e-01,
         6.80068665e-02,  3.40659655e-01,  3.27605861e+00,
        -1.25221051e+00, -3.02635861e-02, -3.51536774e+00,
         3.26305861e+00,  2.26410796e-01, -9.47986540e-01,
        -4.08326609e+00, -1.51478322e+00],
       [-1.26008835e+00,  3.95883726e-01,  2.40243427e-01,
        -9.18167346e-01, -1.04129323e+00, -8.76984424e-01,
         6.26472181e-02,  3.30501891e-01,  3.22545888e+00,
        -9.97423157e-01, -1.77800886e-01, -3.56936338e+00,
         3.22445888e+00,  4.63208373e-02, -7.77930375e-01,
        -4.00497788e+00, -1.51812854e+00],
       [ 9.00000000e-03,  4.00000000e-03,  1.00000000e-03,
        -5.00000000e-03,  0.00000000e+00, -8.00000000e-03,
         9.00000000e-03, -2.00000000e-03,  3.00000000e-03,
        -3.00000000e-03, -4.00000000e-03,  0.00000000e+00,
         8.00000000e-03,  1.00000000e-02, -7.00000000e-03,
         6.00000000e-03, -6.00000000e-03]]), 'deltas': array([[2.17096315e-05],
       [3.21254839e-05],
       [3.22093678e-05],
       [3.08374531e-05],
       [1.37772254e-05],
       [1.72791616e-05],
       [7.68128913e-05],
       [2.12971450e-05],
       [2.27242210e-05],
       [2.11925243e-05],
       [3.23330478e-05],
       [2.23125641e-05],
       [3.22128278e-05],
       [3.11198599e-05],
       [9.53135693e-06],
       [2.42367706e-05],
       [1.57683732e-05],
       [1.50029783e-05],
       [1.71653333e-05],
       [0.00000000e+00]]), 'outputs': array([[0.99559856],
       [0.99347289],
       [0.99345574],
       [0.99373625],
       [0.9972113 ],
       [0.99649996],
       [0.98424723],
       [0.99568255],
       [0.9953919 ],
       [0.99570385],
       [0.99343044],
       [0.99547576],
       [0.99345503],
       [0.99367852],
       [0.99807239],
       [0.99508366],
       [0.99680697],
       [0.99696243],
       [0.9965231 ],
       [1.        ]]), 'errors': 0.004954193509543844}, {'weights': array([[ 0.57389007,  0.55767236,  0.56055938,  0.5630758 ,  0.548233  ,
         0.55586398,  0.53508352,  0.54532822,  0.56610114,  0.55602136,
         0.55579179,  0.5618933 ,  0.56124293,  0.55797077,  0.52252637,
         0.55939321,  0.5444724 ,  0.56449298,  0.56911463, -5.25798894],
       [-0.8567189 , -0.40753801, -0.31652479, -0.41716024,  0.26067067,
        -0.60236936,  3.54477249, -0.92823514, -0.94539241, -0.85510641,
        -0.06844006, -1.13684088, -0.24381271, -0.44126428,  2.88830923,
        -0.8770552 , -0.39002317, -0.3160545 , -0.66310864, -0.40901311],
       [-2.18738629, -2.21136946, -2.23547694, -2.21104548, -2.22410274,
        -2.18163205, -2.78136438, -2.16653136, -2.17231323, -2.16986317,
        -2.24705   , -2.13716357, -2.23594553, -2.21365836, -2.34952509,
        -2.17518374, -2.1909199 , -2.19965579, -2.16915535,  1.6049412 ]]), 'deltas': array([[ 2.73632284e-05],
       [-1.51910129e-03],
       [-5.16043606e-36]]), 'outputs': array([[9.94755241e-01],
       [3.97746888e-02],
       [2.27165932e-18]]), 'errors': array([[ 5.24475915e-03],
       [-3.97746888e-02],
       [-2.27165932e-18]])}]
Accuracy: 83.33333333333334 %

train_data group 3 length:  120
   0   1   2   3   4   5   6   7   8   9   10  11  12  13  14  15  16
0   1   0   0   0   0   0   1   0   1   0   0   0   1   0   0   0   0
1   0   1   0   0   0   0   0   1   1   0   0   0   1   0   0   0   0
2   1   0   0   0   0   1   0   0   1   0   0   0   1   0   0   0   0
3   1   0   0   0   0   0   1   0   1   0   0   0   1   0   0   0   0
4   1   0   0   0   0   0   1   0   1   0   0   0   1   0   0   0   0
Initial Neural Network:
[{'weights': array([[ 0.003,  0.   ,  0.009,  0.004,  0.006,  0.006, -0.007, -0.007,
         0.007,  0.007, -0.007, -0.003, -0.001,  0.004, -0.007,  0.001,
        -0.007],
       [-0.009,  0.007,  0.008,  0.004, -0.01 ,  0.008, -0.009, -0.008,
        -0.01 , -0.001, -0.008, -0.002,  0.005,  0.002,  0.01 ,  0.005,
        -0.007],
       [-0.007, -0.002,  0.005, -0.01 ,  0.009,  0.005,  0.004, -0.005,
        -0.009,  0.009,  0.009, -0.006,  0.002, -0.005,  0.005, -0.002,
        -0.01 ],
       [-0.002, -0.01 , -0.009,  0.01 ,  0.006,  0.003, -0.01 , -0.007,
        -0.002, -0.003,  0.009, -0.003,  0.008, -0.003,  0.007,  0.009,
        -0.005],
       [-0.003, -0.006, -0.006,  0.   , -0.006, -0.01 , -0.003,  0.005,
        -0.009,  0.001,  0.008,  0.009,  0.003,  0.006,  0.007,  0.01 ,
        -0.009],
       [ 0.   ,  0.002, -0.007, -0.008, -0.002,  0.003, -0.002,  0.007,
        -0.001,  0.009,  0.003, -0.001,  0.007,  0.01 ,  0.002, -0.008,
        -0.01 ],
       [-0.003, -0.006,  0.004, -0.005, -0.009, -0.002, -0.006, -0.007,
         0.008,  0.002,  0.01 ,  0.007,  0.005, -0.009,  0.001,  0.002,
         0.007],
       [-0.009, -0.004, -0.007, -0.004,  0.001,  0.007,  0.009, -0.003,
        -0.008,  0.005,  0.004, -0.009, -0.002,  0.002, -0.001, -0.007,
        -0.01 ],
       [ 0.008,  0.006,  0.007, -0.01 ,  0.007, -0.004, -0.009, -0.002,
         0.008, -0.007,  0.003, -0.007, -0.002,  0.007,  0.008,  0.   ,
         0.006],
       [ 0.   ,  0.01 , -0.001,  0.009, -0.005,  0.009,  0.008, -0.004,
         0.006,  0.002,  0.003, -0.003,  0.008,  0.005, -0.002, -0.008,
        -0.003],
       [ 0.004,  0.006, -0.01 ,  0.005,  0.003, -0.004, -0.005,  0.003,
        -0.002, -0.003, -0.01 , -0.004,  0.006,  0.002,  0.003,  0.008,
        -0.01 ],
       [-0.001,  0.002,  0.   ,  0.009,  0.   ,  0.003,  0.001, -0.004,
         0.004, -0.008,  0.005,  0.009, -0.001, -0.006, -0.003, -0.009,
         0.   ],
       [ 0.002,  0.002,  0.01 ,  0.002, -0.004,  0.01 , -0.005, -0.007,
        -0.008, -0.003,  0.01 ,  0.001, -0.009,  0.001, -0.007,  0.01 ,
         0.001],
       [ 0.   ,  0.003, -0.006,  0.008, -0.009, -0.009,  0.001,  0.004,
         0.01 , -0.006, -0.003,  0.007, -0.009,  0.003, -0.001, -0.005,
        -0.01 ],
       [-0.004,  0.005, -0.008,  0.   ,  0.002,  0.009,  0.001,  0.002,
        -0.003, -0.008, -0.008, -0.009, -0.005,  0.006,  0.008,  0.001,
         0.007],
       [ 0.008,  0.01 , -0.003, -0.005, -0.007,  0.01 , -0.005, -0.003,
         0.003, -0.006, -0.005, -0.009,  0.01 ,  0.002, -0.004, -0.01 ,
        -0.003],
       [ 0.003, -0.008, -0.003, -0.01 ,  0.003, -0.001,  0.006, -0.008,
        -0.004,  0.001, -0.009, -0.007, -0.006,  0.009,  0.008,  0.002,
        -0.009],
       [ 0.   , -0.003, -0.004,  0.01 ,  0.001,  0.002,  0.004, -0.008,
         0.003, -0.009, -0.004,  0.002, -0.002,  0.   ,  0.008, -0.008,
         0.008],
       [-0.003, -0.001,  0.009, -0.007,  0.006, -0.01 ,  0.01 ,  0.005,
        -0.007,  0.007,  0.005, -0.006,  0.   ,  0.003, -0.004,  0.008,
         0.004],
       [ 0.01 , -0.004, -0.001, -0.004,  0.009,  0.   ,  0.003,  0.006,
         0.01 ,  0.003, -0.008,  0.008,  0.01 ,  0.002,  0.   , -0.006,
        -0.004]]), 'deltas': array([[0.],
       [0.],
       [0.],
       [0.],
       [0.],
       [0.],
       [0.],
       [0.],
       [0.],
       [0.],
       [0.],
       [0.],
       [0.],
       [0.],
       [0.],
       [0.],
       [0.],
       [0.],
       [0.],
       [0.]]), 'outputs': array([[0.],
       [0.],
       [0.],
       [0.],
       [0.],
       [0.],
       [0.],
       [0.],
       [0.],
       [0.],
       [0.],
       [0.],
       [0.],
       [0.],
       [0.],
       [0.],
       [0.],
       [0.],
       [0.],
       [0.]]), 'errors': array([[0.],
       [0.],
       [0.],
       [0.],
       [0.],
       [0.],
       [0.],
       [0.],
       [0.],
       [0.],
       [0.],
       [0.],
       [0.],
       [0.],
       [0.],
       [0.],
       [0.],
       [0.],
       [0.],
       [0.]])}, {'weights': array([[ 0.007,  0.01 ,  0.01 , -0.001, -0.009, -0.001,  0.   , -0.005,
        -0.002,  0.001,  0.001,  0.003,  0.003, -0.003,  0.003,  0.006,
         0.007,  0.007, -0.002,  0.003],
       [-0.006, -0.008,  0.006,  0.002,  0.008,  0.01 , -0.003, -0.004,
         0.008,  0.006, -0.001,  0.009,  0.006, -0.008, -0.003,  0.002,
         0.008,  0.006, -0.004,  0.009],
       [-0.004, -0.005,  0.008, -0.004, -0.006, -0.005,  0.   ,  0.008,
        -0.006, -0.002, -0.007, -0.001,  0.004,  0.002, -0.008, -0.003,
        -0.007,  0.002, -0.003, -0.001]]), 'deltas': array([[0.],
       [0.],
       [0.],
       [0.]]), 'outputs': array([[0.],
       [0.],
       [0.],
       [0.]]), 'errors': array([[0.],
       [0.],
       [0.],
       [0.]])}]
Training complete!
Training done. epoch: 90 , total error: 0.0008333809010825969
[{'weights': array([[-1.21225600e+00,  7.23462962e-01, -2.16760075e-01,
         8.98766276e-01,  7.00137942e-01,  6.81632314e-02,
        -1.70555958e-01, -4.22532057e-01, -2.50208086e+00,
         8.16777425e-01, -1.42165456e+00,  3.28817116e+00,
        -2.51008086e+00,  4.11473626e-01, -1.41008205e+00,
         3.68290245e+00,  1.70213159e-01],
       [-1.04655683e+00, -7.82185278e-02,  1.03172009e-01,
         8.97894012e-01, -1.38547903e-01,  4.41983885e-01,
        -5.82061051e-02, -3.97939209e-01, -2.46752377e+00,
        -1.03844779e-01, -9.61979893e-01,  3.37863911e+00,
        -2.45252377e+00, -5.17636680e-01, -8.81063202e-01,
         3.73951432e+00, -1.40709332e-01],
       [ 8.17661025e-01, -9.24094283e-01, -1.25335409e+00,
         8.90089785e-01,  1.89779753e-01, -1.04719516e-01,
        -1.48554154e-01, -3.79203648e-01, -2.70253840e+00,
        -1.79196048e+00,  3.21424804e-01,  3.72037652e+00,
        -2.69153840e+00, -1.39641628e+00, -3.72182241e-01,
         4.00443936e+00, -4.65697566e-01],
       [ 8.91158921e-01, -9.79209497e-01, -1.31573647e+00,
         9.03233642e-01,  1.72702827e-01, -1.17193380e-01,
        -1.71570206e-01, -3.81492641e-01, -2.71459410e+00,
        -1.90368915e+00,  3.82279037e-01,  3.74745081e+00,
        -2.70459410e+00, -1.47498489e+00, -3.30750979e-01,
         4.04177656e+00, -4.94553400e-01],
       [ 7.03095238e-01, -8.83658924e-01, -1.14391905e+00,
         8.94337156e-01,  1.55050244e-01, -7.46645588e-02,
        -1.37181562e-01, -3.72349698e-01, -2.67728786e+00,
        -1.66825354e+00,  2.49348237e-01,  3.69004759e+00,
        -2.66528786e+00, -1.29090314e+00, -4.03179889e-01,
         3.97022532e+00, -4.24145575e-01],
       [-3.72686638e-01, -5.84676267e-01, -2.25055539e-01,
         8.89526951e-01, -2.61549556e-01,  3.96620131e-01,
        -3.49702923e-02, -3.73991776e-01, -2.52052940e+00,
        -9.73209975e-01, -3.06755747e-01,  3.53060363e+00,
        -2.51252940e+00, -9.60035031e-01, -6.05457822e-01,
         3.80913076e+00, -2.89891494e-01],
       [ 1.82987108e-01, -7.50075589e-01, -6.78009646e-01,
         8.91590598e-01, -5.11256189e-02,  1.50483317e-01,
        -8.18975383e-02, -3.84967688e-01, -2.58424689e+00,
        -1.31088207e+00, -2.19579407e-02,  3.60057937e+00,
        -2.58724689e+00, -1.11097881e+00, -5.15944521e-01,
         3.86966269e+00, -3.36507529e-01],
       [-4.36908494e-01, -5.68241751e-01, -1.77964316e-01,
         8.92523991e-01, -2.80010719e-01,  4.29178394e-01,
        -2.20677538e-02, -3.79690491e-01, -2.51548187e+00,
        -9.37410368e-01, -3.38856041e-01,  3.51715771e+00,
        -2.50948187e+00, -9.49401496e-01, -6.14488587e-01,
         3.79878138e+00, -2.76590570e-01],
       [ 9.58147154e-01, -1.01045391e+00, -1.35349477e+00,
         8.90439969e-01,  1.55257389e-01, -1.27347162e-01,
        -1.82709087e-01, -3.79562698e-01, -2.72224402e+00,
        -2.00046217e+00,  4.24409094e-01,  3.76893554e+00,
        -2.73224402e+00, -1.55243559e+00, -2.98274600e-01,
         4.06959266e+00, -5.20361558e-01],
       [-9.87528795e-01, -1.85875768e-01,  1.14113035e-01,
         9.02249683e-01, -2.25993904e-01,  4.87934380e-01,
        -3.74182823e-02, -3.91564039e-01, -2.46320935e+00,
        -2.77595143e-01, -8.34449921e-01,  3.40821257e+00,
        -2.46120935e+00, -6.27587422e-01, -8.20434588e-01,
         3.73718952e+00, -1.78041845e-01],
       [-1.86170643e-01, -6.34467624e-01, -3.75588467e-01,
         8.99963002e-01, -1.85660634e-01,  3.11934583e-01,
        -5.33053499e-02, -3.77232331e-01, -2.54206974e+00,
        -1.09558434e+00, -2.28140158e-01,  3.54553051e+00,
        -2.53406974e+00, -1.01052039e+00, -5.78158052e-01,
         3.84048445e+00, -3.11263732e-01],
       [ 2.39548239e-01, -7.59785083e-01, -7.16857069e-01,
         9.01413622e-01, -2.17590370e-02,  1.36258242e-01,
        -7.88589299e-02, -3.81320566e-01, -2.59447684e+00,
        -1.34601256e+00,  5.88757437e-04,  3.60422035e+00,
        -2.59947684e+00, -1.12462600e+00, -5.10667185e-01,
         3.87008974e+00, -3.45680291e-01],
       [ 6.64812501e-01, -8.55798780e-01, -1.10098865e+00,
         8.98177658e-01,  1.55865718e-01, -5.84975823e-02,
        -1.31370941e-01, -3.81794470e-01, -2.66810467e+00,
        -1.62642034e+00,  2.12342402e-01,  3.67238534e+00,
        -2.66910467e+00, -1.27034177e+00, -4.27030566e-01,
         3.95167974e+00, -4.08797275e-01],
       [-1.09571629e+00,  2.97791305e-02,  9.43276393e-02,
         8.99648825e-01, -3.51539712e-02,  4.04029626e-01,
        -6.78403887e-02, -3.90995960e-01, -2.45348288e+00,
         1.01508480e-01, -1.07645865e+00,  3.35947236e+00,
        -2.47248288e+00, -3.70756921e-01, -9.63615844e-01,
         3.71789495e+00, -8.69606935e-02],
       [ 7.49303604e-01, -8.90941349e-01, -1.19571121e+00,
         8.94398531e-01,  1.85559694e-01, -9.04795949e-02,
        -1.41119868e-01, -3.75910652e-01, -2.68696214e+00,
        -1.72256436e+00,  2.58605244e-01,  3.68697084e+00,
        -2.68896214e+00, -1.32639856e+00, -3.95144342e-01,
         3.98455462e+00, -4.28950422e-01],
       [-1.09594521e+00,  1.96389920e-01,  1.93795988e-02,
         8.92085247e-01,  1.77792720e-01,  3.15044412e-01,
        -9.31197388e-02, -4.02807838e-01, -2.47846806e+00,
         3.59023777e-01, -1.22219337e+00,  3.32654721e+00,
        -2.47146806e+00, -1.55570115e-01, -1.08117318e+00,
         3.70812090e+00, -1.09044537e-03],
       [ 1.72142734e-01, -7.34347626e-01, -6.75617725e-01,
         8.88201429e-01, -3.30684439e-02,  1.54510749e-01,
        -7.18588406e-02, -3.81204653e-01, -2.58668335e+00,
        -1.30219955e+00, -4.85823690e-02,  3.58684408e+00,
        -2.58868335e+00, -1.09196526e+00, -5.16089738e-01,
         3.87811716e+00, -3.40621188e-01],
       [ 7.41726894e-01, -8.97432767e-01, -1.17771190e+00,
         9.01268545e-01,  1.67943745e-01, -8.15838863e-02,
        -1.39382434e-01, -3.83126651e-01, -2.68247467e+00,
        -1.71680868e+00,  2.65310373e-01,  3.69082375e+00,
        -2.68747467e+00, -1.32534910e+00, -3.97706897e-01,
         3.97338144e+00, -4.27149226e-01],
       [ 5.85220332e-01, -8.26728164e-01, -1.04676003e+00,
         8.92490448e-01,  1.46784117e-01, -3.77512555e-02,
        -1.18949454e-01, -3.72860822e-01, -2.65757628e+00,
        -1.55400544e+00,  1.62731447e-01,  3.65407285e+00,
        -2.65057628e+00, -1.23118815e+00, -4.45936537e-01,
         3.94092355e+00, -3.89777415e-01],
       [ 1.00000000e-02, -4.00000000e-03, -1.00000000e-03,
        -4.00000000e-03,  9.00000000e-03,  0.00000000e+00,
         3.00000000e-03,  6.00000000e-03,  1.00000000e-02,
         3.00000000e-03, -8.00000000e-03,  8.00000000e-03,
         1.00000000e-02,  2.00000000e-03,  0.00000000e+00,
        -6.00000000e-03, -4.00000000e-03]]), 'deltas': array([[-4.73787131e-04],
       [-1.78035177e-03],
       [-1.08486322e-04],
       [-8.15670645e-05],
       [-1.41936775e-04],
       [-3.79984964e-04],
       [-2.40887115e-04],
       [-4.00459968e-04],
       [-6.38614026e-05],
       [-1.34190679e-03],
       [-3.25600381e-04],
       [-2.32315351e-04],
       [-1.57310378e-04],
       [-2.16807627e-03],
       [-1.32448890e-04],
       [-2.05846836e-03],
       [-2.54286457e-04],
       [-1.30471294e-04],
       [-1.81825761e-04],
       [-0.00000000e+00]]), 'outputs': array([[0.94391933],
       [0.2739832 ],
       [0.01227163],
       [0.00919799],
       [0.01611821],
       [0.04442918],
       [0.0276802 ],
       [0.04694689],
       [0.0071868 ],
       [0.18366081],
       [0.03780838],
       [0.02666745],
       [0.01789637],
       [0.41188852],
       [0.01502407],
       [0.64145665],
       [0.0292677 ],
       [0.01479632],
       [0.02074554],
       [1.        ]]), 'errors': -0.008950250928279392}, {'weights': array([[-2.94961051, -2.6144926 , -2.39264776, -2.36651877, -2.4111248 ,
        -2.46720886, -2.42538248, -2.48237769, -2.36868592, -2.57141352,
        -2.42824898, -2.4210443 , -2.43271211, -2.63779813, -2.4101131 ,
        -2.70588555, -2.42619033, -2.38862158, -2.42438356,  2.72827439],
       [ 4.37030341,  0.28045731, -0.46256643, -0.74366572, -0.5995305 ,
        -0.5838692 , -0.8046311 , -0.60954599, -0.57503471,  0.06705501,
        -0.8914349 , -0.73821048, -0.49603445,  0.6373208 , -0.41139633,
         1.53796819, -0.6350701 , -0.53742714, -0.51782899, -0.89003591],
       [-0.54755037,  0.13927365,  1.01344368,  1.13987856,  0.9156948 ,
         0.4537235 ,  0.66666529,  0.46690123,  1.20063496,  0.19436479,
         0.54118573,  0.67884283,  0.89159235,  0.03666572,  0.92506673,
        -0.15808048,  0.62164076,  0.94094748,  0.80775002, -2.92602194]]), 'deltas': array([[-5.87298574e-05],
       [ 1.55861871e-04],
       [-1.39453262e-03]]), 'outputs': array([[0.00769319],
       [0.98743636],
       [0.03807534]]), 'errors': array([[-0.00769319],
       [ 0.01256364],
       [-0.03807534]])}]
Accuracy: 73.33333333333333 %

train_data group 4 length:  120
   0   1   2   3   4   5   6   7   8   9   10  11  12  13  14  15  16
0   1   0   0   0   0   0   1   0   1   0   0   0   1   0   0   0   0
1   0   1   0   0   0   0   0   1   1   0   0   0   1   0   0   0   0
2   1   0   0   0   0   1   0   0   1   0   0   0   1   0   0   0   0
3   1   0   0   0   0   0   1   0   1   0   0   0   1   0   0   0   0
4   1   0   0   0   0   0   1   0   1   0   0   0   1   0   0   0   0
Initial Neural Network:
[{'weights': array([[ 0.003,  0.004,  0.003, -0.008,  0.003, -0.002,  0.006,  0.006,
         0.002, -0.008,  0.   ,  0.007, -0.004,  0.001,  0.002,  0.002,
        -0.006],
       [-0.005, -0.005,  0.004, -0.005,  0.01 , -0.001, -0.008, -0.004,
         0.001,  0.009,  0.008, -0.004,  0.004,  0.009, -0.009, -0.009,
        -0.01 ],
       [-0.001, -0.003,  0.003,  0.008,  0.01 ,  0.003,  0.004,  0.006,
         0.003, -0.002,  0.009,  0.008, -0.007, -0.01 ,  0.004,  0.004,
         0.01 ],
       [-0.002, -0.004, -0.005,  0.01 ,  0.002, -0.008,  0.008,  0.008,
         0.005,  0.009,  0.008,  0.007, -0.007,  0.01 , -0.005,  0.008,
         0.004],
       [ 0.01 , -0.006, -0.004,  0.004,  0.01 ,  0.008,  0.002,  0.007,
        -0.006,  0.01 , -0.009, -0.002,  0.008, -0.001, -0.003, -0.007,
        -0.008],
       [ 0.001,  0.004, -0.006,  0.002, -0.007, -0.002,  0.009, -0.007,
         0.003, -0.007,  0.007,  0.009,  0.006, -0.009, -0.01 , -0.002,
         0.01 ],
       [ 0.005, -0.005, -0.003, -0.001, -0.01 , -0.001, -0.005,  0.001,
        -0.002,  0.009,  0.009, -0.003, -0.004, -0.001,  0.004, -0.001,
         0.007],
       [-0.009,  0.007, -0.001,  0.006,  0.002,  0.003, -0.009, -0.001,
         0.009, -0.008, -0.01 , -0.008, -0.003, -0.007,  0.005, -0.009,
         0.006],
       [ 0.005, -0.009, -0.001, -0.001, -0.01 ,  0.008,  0.004, -0.004,
        -0.001, -0.002,  0.003,  0.004,  0.004,  0.009, -0.005,  0.002,
         0.   ],
       [ 0.01 , -0.007,  0.009,  0.002,  0.004,  0.003, -0.001, -0.006,
        -0.008,  0.007, -0.008,  0.01 ,  0.002, -0.009,  0.008,  0.009,
         0.009],
       [ 0.008,  0.009, -0.008,  0.002, -0.009, -0.007, -0.003,  0.006,
         0.   ,  0.   , -0.005,  0.001,  0.008,  0.006,  0.009,  0.   ,
         0.009],
       [-0.005,  0.004,  0.006,  0.007,  0.002,  0.001, -0.006,  0.007,
         0.   , -0.007,  0.007, -0.004, -0.007, -0.001, -0.008,  0.007,
        -0.004],
       [-0.001,  0.007, -0.003, -0.008, -0.009,  0.   , -0.008, -0.007,
         0.003,  0.002,  0.009, -0.005, -0.005, -0.001,  0.009, -0.004,
         0.01 ],
       [-0.002, -0.003, -0.006, -0.009,  0.005, -0.004, -0.007,  0.007,
         0.004,  0.002, -0.004,  0.006,  0.003,  0.007,  0.001, -0.003,
         0.003],
       [ 0.001, -0.004, -0.007,  0.003,  0.007, -0.002,  0.005, -0.004,
         0.   , -0.008,  0.01 ,  0.008, -0.004, -0.001, -0.001, -0.004,
        -0.003],
       [-0.003,  0.01 , -0.004,  0.003, -0.002,  0.009, -0.002, -0.003,
         0.003, -0.007, -0.004, -0.007, -0.003, -0.006, -0.003,  0.004,
         0.001],
       [-0.001,  0.003, -0.001,  0.007,  0.007,  0.   , -0.002,  0.007,
        -0.003,  0.002,  0.001, -0.01 ,  0.01 ,  0.002,  0.001,  0.004,
        -0.002],
       [ 0.009, -0.009,  0.   ,  0.005,  0.006, -0.01 ,  0.006, -0.007,
        -0.005,  0.004,  0.008,  0.008,  0.005,  0.01 , -0.001, -0.003,
         0.006],
       [ 0.003,  0.009, -0.002,  0.   ,  0.003, -0.005, -0.005, -0.003,
         0.01 ,  0.007,  0.003, -0.009, -0.007, -0.009, -0.006,  0.005,
         0.004],
       [ 0.009,  0.008, -0.001,  0.002,  0.008,  0.   , -0.008, -0.006,
         0.006,  0.   , -0.01 , -0.007,  0.007, -0.003,  0.004, -0.008,
         0.008]]), 'deltas': array([[0.],
       [0.],
       [0.],
       [0.],
       [0.],
       [0.],
       [0.],
       [0.],
       [0.],
       [0.],
       [0.],
       [0.],
       [0.],
       [0.],
       [0.],
       [0.],
       [0.],
       [0.],
       [0.],
       [0.]]), 'outputs': array([[0.],
       [0.],
       [0.],
       [0.],
       [0.],
       [0.],
       [0.],
       [0.],
       [0.],
       [0.],
       [0.],
       [0.],
       [0.],
       [0.],
       [0.],
       [0.],
       [0.],
       [0.],
       [0.],
       [0.]]), 'errors': array([[0.],
       [0.],
       [0.],
       [0.],
       [0.],
       [0.],
       [0.],
       [0.],
       [0.],
       [0.],
       [0.],
       [0.],
       [0.],
       [0.],
       [0.],
       [0.],
       [0.],
       [0.],
       [0.],
       [0.]])}, {'weights': array([[ 0.006,  0.008, -0.003, -0.002, -0.002, -0.003, -0.01 , -0.001,
         0.002,  0.01 , -0.007, -0.006, -0.001, -0.01 , -0.006,  0.003,
         0.005,  0.005,  0.004, -0.008],
       [ 0.007,  0.004, -0.004,  0.005,  0.007,  0.009, -0.003,  0.005,
        -0.009, -0.001,  0.001, -0.004,  0.009, -0.006, -0.004, -0.008,
         0.001, -0.008, -0.005, -0.01 ],
       [-0.007,  0.007,  0.007,  0.003, -0.008, -0.008, -0.001, -0.008,
         0.006,  0.006,  0.005,  0.   ,  0.008, -0.01 ,  0.005,  0.001,
        -0.002,  0.002, -0.008,  0.001]]), 'deltas': array([[0.],
       [0.],
       [0.],
       [0.]]), 'outputs': array([[0.],
       [0.],
       [0.],
       [0.]]), 'errors': array([[0.],
       [0.],
       [0.],
       [0.]])}]
Training complete!
Training done. epoch: 49 , total error: 0.0006904359923577904
[{'weights': array([[ 2.74550427e-01, -7.70171509e-01, -1.73378120e-01,
        -2.51482207e-01, -3.02562009e-01, -4.50022588e-01,
        -5.06060074e-01,  3.49163261e-01,  2.42152582e+00,
        -1.64624588e+00, -1.19095297e+00, -5.05808385e-01,
         2.41552582e+00, -2.24252728e+00, -9.17478303e-01,
        -1.77001652e-01, -9.28481410e-01],
       [ 2.66948631e-01, -5.08126445e-01, -1.04911593e-01,
        -4.95663016e-01, -2.73161328e-01, -4.15316573e-01,
        -4.74358663e-01,  3.29084142e-01,  2.35530067e+00,
        -1.61357642e+00, -7.57422253e-02, -1.48273445e+00,
         2.35830067e+00, -2.57653456e+00, -2.12771360e+00,
         1.51019506e+00, -8.40752423e-01],
       [ 2.55652710e-01, -7.33822135e-01, -2.21877518e-01,
        -2.17711205e-01, -2.30146392e-01, -4.95587383e-01,
        -5.22809993e-01,  3.46785620e-01,  2.42453485e+00,
        -1.66366807e+00, -1.29255530e+00, -3.75069630e-01,
         2.41453485e+00, -2.27262187e+00, -7.95873947e-01,
        -2.79797178e-01, -9.14758148e-01],
       [ 2.75127014e-01, -6.93766853e-01, -1.25259695e-01,
        -3.69895253e-01, -3.31541508e-01, -4.16182330e-01,
        -5.02520229e-01,  3.47449280e-01,  2.40111892e+00,
        -1.61763358e+00, -6.35437714e-01, -1.03184242e+00,
         2.38911892e+00, -2.34734869e+00, -1.51338925e+00,
         5.64824225e-01, -9.08794787e-01],
       [ 1.62753517e-01, -7.91108516e-01, -3.36913955e-01,
         2.05619249e-01, -1.46568023e-01, -4.51924050e-01,
        -4.85828978e-01,  3.47671345e-01,  2.37635172e+00,
        -1.72247217e+00, -2.40206711e+00,  9.77537859e-01,
         2.39035172e+00, -2.24428851e+00,  3.14873132e-01,
        -1.22758605e+00, -7.71649706e-01],
       [ 2.80443306e-01, -7.74647211e-01, -1.41468807e-01,
        -2.93362315e-01, -3.51115452e-01, -4.23626071e-01,
        -4.99215188e-01,  3.36921684e-01,  2.40965131e+00,
        -1.62481796e+00, -9.79638184e-01, -7.23230194e-01,
         2.41265131e+00, -2.26506936e+00, -1.15583964e+00,
         6.32226644e-02, -9.20035027e-01],
       [ 2.84460034e-01, -7.66382203e-01, -1.13517967e-01,
        -3.30950058e-01, -3.84577110e-01, -3.95848051e-01,
        -5.01771407e-01,  3.44806374e-01,  2.40308254e+00,
        -1.60708518e+00, -7.88730205e-01, -9.16657341e-01,
         2.40108254e+00, -2.29223885e+00, -1.36157182e+00,
         3.28337931e-01, -9.15390194e-01],
       [ 1.07911165e-01, -7.23980325e-01, -4.89752750e-01,
         4.16324219e-01, -1.44490143e-02, -5.77521370e-01,
        -4.39088261e-01,  3.33560954e-01,  2.38765708e+00,
        -1.79730020e+00, -2.85245118e+00,  1.55259662e+00,
         2.37565708e+00, -2.28530659e+00,  7.83390277e-01,
        -1.58023846e+00, -6.86497692e-01],
       [ 2.79641736e-01, -7.00577758e-01, -1.05759479e-01,
        -3.82557874e-01, -3.55770216e-01, -3.85935523e-01,
        -5.01488561e-01,  3.37940924e-01,  2.38624063e+00,
        -1.61615885e+00, -5.63717788e-01, -1.10561737e+00,
         2.39124063e+00, -2.35495221e+00, -1.60034229e+00,
         6.70800490e-01, -9.03253376e-01],
       [ 1.94578196e-01, -6.85831341e-01, -3.30580109e-01,
        -1.13826315e-02, -9.24321172e-02, -5.44761082e-01,
        -5.42893738e-01,  3.32871052e-01,  2.39540305e+00,
        -1.72142290e+00, -1.99955156e+00,  4.79355526e-01,
         2.40540305e+00, -2.28300225e+00, -6.12035027e-02,
        -8.98413190e-01, -8.38215885e-01],
       [ 1.31809501e-01, -7.68548102e-01, -4.30579944e-01,
         3.66092930e-01, -9.50086946e-02, -5.24883831e-01,
        -4.47910979e-01,  3.42577891e-01,  2.37292687e+00,
        -1.76514532e+00, -2.75944069e+00,  1.43543353e+00,
         2.38092687e+00, -2.24823181e+00,  6.88844111e-01,
        -1.51076479e+00, -7.03225614e-01],
       [ 3.30173025e-01, -4.24445735e-01, -2.91299446e-02,
        -7.42301110e-01, -3.06632363e-01, -5.09949877e-01,
        -3.90681769e-01,  3.33560244e-01,  2.34696766e+00,
        -1.57964366e+00,  4.54029611e-01, -2.10305737e+00,
         2.33996766e+00, -2.83374058e+00, -2.71029093e+00,
         2.31736008e+00, -8.81703765e-01],
       [ 2.77263308e-01, -8.22965892e-01, -1.47253196e-01,
        -2.39418246e-01, -3.77237710e-01, -4.11193757e-01,
        -5.02259329e-01,  3.39316769e-01,  2.42195504e+00,
        -1.62032601e+00, -1.15448584e+00, -5.65517213e-01,
         2.41395504e+00, -2.22339453e+00, -9.70583601e-01,
        -1.48350934e-01, -9.17374027e-01],
       [ 1.53075126e-01, -7.43863295e-01, -3.63930971e-01,
         1.67792765e-01, -1.05990854e-01, -5.04262496e-01,
        -4.99592764e-01,  3.43919741e-01,  2.38638906e+00,
        -1.73971412e+00, -2.40831147e+00,  1.00271016e+00,
         2.38538906e+00, -2.25301556e+00,  3.32069330e-01,
        -1.22336920e+00, -7.63926373e-01],
       [ 2.25092442e-01, -8.00133429e-01, -2.53144742e-01,
        -5.29889815e-02, -2.25912919e-01, -4.54448449e-01,
        -5.28008347e-01,  3.40195004e-01,  2.41332318e+00,
        -1.68494022e+00, -1.76113766e+00,  1.68579992e-01,
         2.40932318e+00, -2.22908625e+00, -3.10710151e-01,
        -7.53701488e-01, -8.77174710e-01],
       [ 2.72981347e-01, -5.98577539e-01, -1.29612899e-01,
        -4.20032993e-01, -2.80197066e-01, -4.29834743e-01,
        -5.02526093e-01,  3.33315818e-01,  2.37981439e+00,
        -1.63112978e+00, -4.52168693e-01, -1.19275800e+00,
         2.37381439e+00, -2.43179498e+00, -1.71759198e+00,
         8.86330480e-01, -8.80242084e-01],
       [ 2.73796880e-01, -6.38496569e-01, -1.23272822e-01,
        -3.98714705e-01, -3.03814400e-01, -4.20433332e-01,
        -5.02151535e-01,  3.43712051e-01,  2.37940986e+00,
        -1.62343081e+00, -5.23662002e-01, -1.13700427e+00,
         2.39240986e+00, -2.39332870e+00, -1.63732637e+00,
         7.60557996e-01, -8.96687216e-01],
       [ 2.35850257e-01, -8.45796552e-01, -2.19898008e-01,
        -5.66662153e-02, -2.90002026e-01, -4.20191164e-01,
        -5.25855776e-01,  3.39538448e-01,  2.41054628e+00,
        -1.66442006e+00, -1.68968181e+00,  6.70450701e-02,
         2.42054628e+00, -2.20718395e+00, -3.91054035e-01,
        -7.02818811e-01, -8.85510518e-01],
       [ 3.08281275e-01, -4.44188220e-01, -4.57647265e-02,
        -6.58587343e-01, -3.07230106e-01, -4.77514460e-01,
        -4.00504359e-01,  3.24989912e-01,  2.34522251e+00,
        -1.58157787e+00,  3.26038265e-01, -1.92894192e+00,
         2.32822251e+00, -2.77773060e+00, -2.58058123e+00,
         2.16283031e+00, -8.46259013e-01],
       [ 9.00000000e-03,  8.00000000e-03, -1.00000000e-03,
         2.00000000e-03,  8.00000000e-03,  0.00000000e+00,
        -8.00000000e-03, -6.00000000e-03,  6.00000000e-03,
         0.00000000e+00, -1.00000000e-02, -7.00000000e-03,
         7.00000000e-03, -3.00000000e-03,  4.00000000e-03,
        -8.00000000e-03,  8.00000000e-03]]), 'deltas': array([[-5.28735770e-05],
       [-5.70748728e-06],
       [-6.64380942e-05],
       [-1.71952865e-05],
       [-3.01308360e-04],
       [-3.44230820e-05],
       [-2.34217623e-05],
       [-1.84491257e-04],
       [-1.50395364e-05],
       [-2.44188459e-04],
       [-2.11098550e-04],
       [-1.17831159e-06],
       [-5.04789510e-05],
       [-3.02844297e-04],
       [-1.80129456e-04],
       [-1.16308261e-05],
       [-1.34753032e-05],
       [-1.61968313e-04],
       [-1.85594829e-06],
       [-0.00000000e+00]]), 'outputs': array([[4.50820736e-02],
       [4.66883567e-03],
       [5.73872051e-02],
       [1.42021066e-02],
       [5.68371442e-01],
       [2.88601932e-02],
       [1.94482391e-02],
       [8.15891073e-01],
       [1.23989279e-02],
       [2.73766287e-01],
       [7.79505823e-01],
       [9.60303792e-04],
       [4.29441775e-02],
       [5.58515756e-01],
       [1.78536862e-01],
       [9.56123896e-03],
       [1.10946875e-02],
       [1.56306304e-01],
       [1.51340398e-03],
       [1.00000000e+00]]), 'errors': -0.0012281990627603053}, {'weights': array([[ 0.58292981,  0.48039782,  0.54321142,  0.54098644,  0.46131181,
         0.59054727,  0.55685723,  0.36882939,  0.5514621 ,  0.49242353,
         0.40467366,  0.34618039,  0.58499894,  0.44390826,  0.53287157,
         0.5317424 ,  0.54965797,  0.5624366 ,  0.40857777, -4.93709995],
       [-1.31129144, -1.71403899, -1.36896502, -1.42348421, -1.74083125,
        -1.32566035, -1.35926219, -2.1172392 , -1.46975215, -1.58459295,
        -1.99160878, -2.2468296 , -1.27172444, -1.75687976, -1.42903133,
        -1.52420091, -1.46445203, -1.39760978, -2.10166   ,  2.09192187],
       [-2.31899117,  1.03048286, -1.98341526, -1.38571641,  1.18549353,
        -2.25447913, -1.90917036,  3.58159395, -1.15735209, -0.23507963,
         2.82712004,  3.62911827, -2.47039865,  1.20710569, -1.38622382,
        -0.68210325, -1.04521235, -1.67415945,  3.16512424, -0.78768785]]), 'deltas': array([[-1.10633614e-03],
       [-1.43772550e-04],
       [ 8.94015765e-05]]), 'outputs': array([[0.0338391 ],
       [0.0120635 ],
       [0.99049952]]), 'errors': array([[-0.0338391 ],
       [-0.0120635 ],
       [ 0.00950048]])}]
Accuracy: 86.66666666666667 %

Feedforward Neural Network AVG Accuracy (%): 86.0 %
