Namespace(error_threshold=0.001, max_epochs=1000, num_layers=2, num_nodes_per_hidden_layer=9, training_rate=0.5)

train_data group 0 length:  120
   0   1   2   3   4   5   6   7   8   9   10  11  12  13  14  15  16
0   1   0   0   0   0   1   0   0   1   0   0   0   1   0   0   0   0
1   1   0   0   0   0   1   0   0   1   0   0   0   1   0   0   0   0
2   1   0   0   0   0   0   1   0   1   0   0   0   1   0   0   0   0
3   1   0   0   0   0   1   0   0   1   0   0   0   1   0   0   0   0
4   1   0   0   0   0   0   1   0   1   0   0   0   1   0   0   0   0
Initial Neural Network:
[{'weights': array([[-0.01 ,  0.008, -0.01 ,  0.005,  0.008,  0.01 , -0.001,  0.003,
        -0.008, -0.005, -0.003,  0.002,  0.006,  0.007,  0.003,  0.009,
        -0.005],
       [-0.01 ,  0.006, -0.008,  0.007,  0.   ,  0.008,  0.001,  0.004,
         0.001, -0.01 , -0.002,  0.002,  0.001, -0.007, -0.003,  0.002,
        -0.001],
       [-0.002, -0.009,  0.007, -0.006,  0.008,  0.01 , -0.008, -0.006,
         0.006,  0.007, -0.006, -0.001,  0.002,  0.01 ,  0.01 , -0.005,
         0.001],
       [-0.001,  0.008,  0.003,  0.006,  0.003, -0.006, -0.008, -0.002,
        -0.003,  0.009,  0.008,  0.008,  0.008,  0.01 ,  0.   , -0.001,
         0.003],
       [ 0.002, -0.01 , -0.007,  0.006, -0.004, -0.001,  0.007,  0.002,
         0.007, -0.008,  0.01 ,  0.004,  0.005,  0.002, -0.003,  0.   ,
         0.01 ],
       [-0.009,  0.   ,  0.002,  0.005, -0.001,  0.   , -0.002,  0.006,
        -0.006,  0.003, -0.008,  0.009, -0.001,  0.006,  0.008, -0.005,
        -0.005],
       [-0.007, -0.005, -0.004, -0.002,  0.   , -0.005,  0.001,  0.007,
         0.009,  0.004, -0.003,  0.007, -0.009, -0.01 ,  0.004,  0.01 ,
         0.001],
       [ 0.002,  0.   , -0.008,  0.004, -0.01 , -0.009,  0.005,  0.003,
         0.003,  0.   , -0.007, -0.01 , -0.009, -0.001, -0.005,  0.002,
        -0.001],
       [ 0.002, -0.006, -0.01 , -0.009, -0.004, -0.003, -0.002, -0.003,
        -0.009,  0.006,  0.002,  0.002, -0.006, -0.01 , -0.01 ,  0.002,
        -0.005],
       [ 0.005,  0.008, -0.003, -0.009,  0.006,  0.007,  0.001,  0.004,
         0.004,  0.009, -0.004, -0.008,  0.003,  0.006,  0.007,  0.008,
        -0.006]]), 'deltas': array([[0.],
       [0.],
       [0.],
       [0.],
       [0.],
       [0.],
       [0.],
       [0.],
       [0.],
       [0.]]), 'outputs': array([[0.],
       [0.],
       [0.],
       [0.],
       [0.],
       [0.],
       [0.],
       [0.],
       [0.],
       [0.]]), 'errors': array([[0.],
       [0.],
       [0.],
       [0.],
       [0.],
       [0.],
       [0.],
       [0.],
       [0.],
       [0.]])}, {'weights': array([[ 0.003,  0.001,  0.007, -0.001,  0.006, -0.006,  0.009, -0.004,
        -0.008,  0.   ],
       [ 0.001, -0.001,  0.008,  0.   ,  0.009,  0.   ,  0.005, -0.002,
        -0.004,  0.003],
       [-0.002,  0.003, -0.009, -0.002,  0.008, -0.005, -0.004,  0.004,
         0.002,  0.001]]), 'deltas': array([[0.],
       [0.],
       [0.],
       [0.]]), 'outputs': array([[0.],
       [0.],
       [0.],
       [0.]]), 'errors': array([[0.],
       [0.],
       [0.],
       [0.]])}]
Training complete!
Training done. epoch: 40 , total error: 7.467772182343435e-05
[{'weights': array([[-1.22319844e-02, -2.44790696e-01, -2.52521684e-01,
         6.87642172e-01,  1.75995116e-01,  7.52783758e-01,
        -5.27172036e-01, -1.96509031e-01, -2.22686630e+00,
        -9.94597985e-01,  8.50484731e-01,  2.54207736e+00,
        -2.21286630e+00, -1.33686469e+00,  9.17688461e-01,
         2.84214034e+00,  1.80097807e-01],
       [ 7.64195344e-02, -4.05043518e-01, -6.39359825e-01,
         7.06411858e-01,  2.84100275e-01,  8.45167163e-02,
        -4.18746012e-01, -1.93442931e-01, -2.15349527e+00,
        -8.56248151e-01,  7.35711045e-02,  2.67060037e+00,
        -2.15349527e+00, -1.11554053e+00,  3.74237264e-02,
         2.96804013e+00, -2.57571951e-01],
       [-1.61549747e-01, -3.08521634e-01, -6.45760480e-02,
         6.71267669e-01,  1.60036979e-01,  7.67276252e-01,
        -5.71369433e-01, -2.05323559e-01, -2.26076967e+00,
        -9.31442377e-01,  8.85290986e-01,  2.45954130e+00,
        -2.26476967e+00, -1.36141452e+00,  1.03964057e+00,
         2.75016387e+00,  1.47620240e-01],
       [-9.09227706e-01,  8.59526479e-01,  6.01512345e-02,
         6.46173997e-01,  7.55158292e-01,  6.24631311e-01,
        -5.32282385e-01, -2.19883214e-01, -2.40057384e+00,
        -1.38236260e-01,  9.95195698e-01,  2.20623841e+00,
        -2.38957384e+00, -2.91278242e-01,  8.72391488e-01,
         2.46608460e+00,  6.43624005e-01],
       [ 2.00813181e-01, -4.56650723e-01, -6.99613394e-01,
         7.01148398e-01,  3.01561511e-01,  9.67221336e-02,
        -4.44582970e-01, -1.95003212e-01, -2.16798767e+00,
        -9.53067457e-01,  2.34224523e-01,  2.65452807e+00,
        -2.16998767e+00, -1.20012245e+00,  1.84238236e-01,
         2.94456935e+00, -2.35302538e-01],
       [ 1.10750974e-01, -4.03871543e-01, -6.60604802e-01,
         7.02214012e-01,  2.97969666e-01,  7.78538580e-02,
        -4.30893746e-01, -1.91441137e-01, -2.16320205e+00,
        -8.61554895e-01,  1.11541212e-01,  2.66170438e+00,
        -2.15820205e+00, -1.12494653e+00,  8.38680588e-02,
         2.95776916e+00, -2.54511359e-01],
       [ 5.17012182e-02, -4.13971286e-01, -6.16789901e-01,
         7.02462680e-01,  2.93685794e-01,  5.56076875e-02,
        -4.14730033e-01, -1.90160738e-01, -2.13970812e+00,
        -8.20927508e-01,  3.68162626e-02,  2.68222208e+00,
        -2.15770812e+00, -1.09178358e+00,  1.72726827e-04,
         2.98572168e+00, -2.57597289e-01],
       [-8.06692602e-02, -3.31571227e-01, -5.53907875e-01,
         7.14441401e-01,  2.57909742e-01,  7.43179357e-02,
        -3.99711593e-01, -1.93223046e-01, -2.13689231e+00,
        -7.19423701e-01, -9.32360603e-02,  2.68584511e+00,
        -2.14889231e+00, -9.98897023e-01, -1.09693373e-01,
         2.99477574e+00, -2.50706962e-01],
       [ 8.98059964e-03, -3.85856966e-01, -5.95537697e-01,
         7.00417966e-01,  2.85503365e-01,  6.03392562e-02,
        -4.09161821e-01, -1.97676898e-01, -2.15129128e+00,
        -7.80743956e-01, -6.64079345e-03,  2.69067993e+00,
        -2.14829128e+00, -1.06321581e+00, -4.67112415e-02,
         2.98522224e+00, -2.53996097e-01],
       [ 5.00000000e-03,  8.00000000e-03, -3.00000000e-03,
        -9.00000000e-03,  6.00000000e-03,  7.00000000e-03,
         1.00000000e-03,  4.00000000e-03,  4.00000000e-03,
         9.00000000e-03, -4.00000000e-03, -8.00000000e-03,
         3.00000000e-03,  6.00000000e-03,  7.00000000e-03,
         8.00000000e-03, -6.00000000e-03]]), 'deltas': array([[2.28405747e-06],
       [2.41483250e-06],
       [2.97880444e-06],
       [3.06078501e-06],
       [2.53365599e-06],
       [2.49391842e-06],
       [2.34546582e-06],
       [2.23943419e-06],
       [2.31058531e-06],
       [0.00000000e+00]]), 'outputs': array([[0.99674655],
       [0.99655962],
       [0.9957527 ],
       [0.9956353 ],
       [0.99638972],
       [0.99644655],
       [0.99665878],
       [0.99681031],
       [0.99670864],
       [1.        ]]), 'errors': 0.0007043327514585249}, {'weights': array([[-2.50152404, -2.38259559, -2.57075524, -3.54496198, -2.40173017,
        -2.44603628, -2.36663732, -2.35150911, -2.37634038,  2.73940445],
       [-0.38165729, -1.19696771,  0.03237484,  5.03322374, -0.79436941,
        -0.72504376, -1.37775975, -1.629243  , -1.45923641, -2.20878688],
       [ 0.85533794,  0.99924682,  0.90835133,  1.02559664,  0.94233165,
         0.92381351,  1.02074598,  1.006805  ,  1.01122198, -3.87751347]]), 'deltas': array([[-3.34611153e-18],
       [-7.99110798e-05],
       [ 6.81506083e-05]]), 'outputs': array([[1.82923797e-09],
       [8.97970823e-03],
       [9.91710230e-01]]), 'errors': array([[-1.82923797e-09],
       [-8.97970823e-03],
       [ 8.28976982e-03]])}]
neural_net output [0.92996221 0.0958302  0.02149136]
target: 0 prediction: 0
neural_net output [0.92498351 0.10839495 0.02189936]
target: 0 prediction: 0
neural_net output [0.91663658 0.09591265 0.02296892]
target: 0 prediction: 0
neural_net output [0.92996221 0.0958302  0.02149136]
target: 0 prediction: 0
neural_net output [0.92996221 0.0958302  0.02149136]
target: 0 prediction: 0
neural_net output [0.92996221 0.0958302  0.02149136]
target: 0 prediction: 0
neural_net output [0.92498351 0.10839495 0.02189936]
target: 0 prediction: 0
neural_net output [0.92996221 0.0958302  0.02149136]
target: 0 prediction: 0
neural_net output [0.92498351 0.10839495 0.02189936]
target: 0 prediction: 0
neural_net output [0.92876543 0.10559355 0.02149857]
target: 0 prediction: 0
neural_net output [1.88487431e-05 4.39636862e-01 7.30360496e-01]
target: 1 prediction: 2
neural_net output [1.88487431e-05 4.39636862e-01 7.30360496e-01]
target: 1 prediction: 2
neural_net output [1.18737552e-05 3.60558343e-01 7.69082653e-01]
target: 1 prediction: 2
neural_net output [1.88487431e-05 4.39636862e-01 7.30360496e-01]
target: 1 prediction: 2
neural_net output [4.12258420e-05 5.03060866e-01 6.64328164e-01]
target: 1 prediction: 2
neural_net output [4.12258420e-05 5.03060866e-01 6.64328164e-01]
target: 1 prediction: 2
neural_net output [4.62938754e-04 5.92270397e-01 4.42532764e-01]
target: 1 prediction: 1
neural_net output [1.88487431e-05 4.39636862e-01 7.30360496e-01]
target: 1 prediction: 2
neural_net output [1.88487431e-05 4.39636862e-01 7.30360496e-01]
target: 1 prediction: 2
neural_net output [1.88487431e-05 4.39636862e-01 7.30360496e-01]
target: 1 prediction: 2
neural_net output [7.01001335e-09 1.66721138e-02 9.85768519e-01]
target: 2 prediction: 2
neural_net output [3.07758727e-09 1.14531113e-02 9.89762258e-01]
target: 2 prediction: 2
neural_net output [2.17145316e-09 9.43362219e-03 9.91140499e-01]
target: 2 prediction: 2
neural_net output [1.88487431e-05 4.39636862e-01 7.30360496e-01]
target: 2 prediction: 2
neural_net output [7.42135163e-09 1.73346238e-02 9.85384759e-01]
target: 2 prediction: 2
neural_net output [1.75131702e-09 9.02006112e-03 9.91841280e-01]
target: 2 prediction: 2
neural_net output [1.92226759e-09 9.34325616e-03 9.91533192e-01]
target: 2 prediction: 2
neural_net output [1.82923698e-09 8.97617634e-03 9.91713015e-01]
target: 2 prediction: 2
neural_net output [5.66544226e-09 1.55960398e-02 9.86881240e-01]
target: 2 prediction: 2
neural_net output [1.18737552e-05 3.60558343e-01 7.69082653e-01]
target: 2 prediction: 2
Accuracy: 70.0 %

train_data group 1 length:  120
   0   1   2   3   4   5   6   7   8   9   10  11  12  13  14  15  16
0   1   0   0   0   0   0   1   0   1   0   0   0   1   0   0   0   0
1   0   1   0   0   0   0   0   1   1   0   0   0   1   0   0   0   0
2   1   0   0   0   0   1   0   0   1   0   0   0   1   0   0   0   0
3   1   0   0   0   0   0   1   0   1   0   0   0   1   0   0   0   0
4   1   0   0   0   0   0   1   0   1   0   0   0   1   0   0   0   0
Initial Neural Network:
[{'weights': array([[-0.01 ,  0.01 , -0.004,  0.   , -0.001, -0.008, -0.005, -0.002,
         0.005, -0.005,  0.004,  0.006,  0.01 ,  0.002,  0.006,  0.001,
         0.002],
       [ 0.001,  0.008,  0.007, -0.003,  0.01 ,  0.   , -0.005,  0.006,
         0.008,  0.006,  0.003,  0.003, -0.01 , -0.009,  0.004, -0.006,
         0.002],
       [ 0.   ,  0.   ,  0.008, -0.009,  0.005, -0.002, -0.007, -0.002,
         0.005, -0.002,  0.009, -0.005, -0.001,  0.003, -0.002,  0.002,
        -0.01 ],
       [ 0.006,  0.007,  0.009,  0.007,  0.01 ,  0.002,  0.008,  0.004,
         0.006, -0.004,  0.007, -0.002,  0.004,  0.004,  0.003,  0.007,
         0.001],
       [-0.003, -0.007,  0.003,  0.008,  0.003,  0.007,  0.007, -0.004,
         0.003,  0.006,  0.005, -0.007, -0.001, -0.002,  0.006, -0.008,
         0.004],
       [ 0.007,  0.005, -0.007,  0.007,  0.   ,  0.008, -0.008, -0.007,
        -0.009, -0.003, -0.003,  0.008,  0.009,  0.005, -0.005, -0.007,
        -0.007],
       [ 0.005, -0.009,  0.005, -0.01 , -0.003, -0.004,  0.005, -0.007,
        -0.01 ,  0.002, -0.01 ,  0.009, -0.003,  0.009, -0.003, -0.005,
        -0.009],
       [-0.002,  0.01 ,  0.01 , -0.008, -0.01 , -0.001, -0.001,  0.003,
         0.008,  0.002,  0.   ,  0.003, -0.009, -0.004, -0.007,  0.002,
         0.001],
       [-0.004,  0.002, -0.007,  0.009,  0.001,  0.008,  0.005,  0.   ,
        -0.001,  0.001, -0.001,  0.001,  0.004,  0.007, -0.01 ,  0.007,
        -0.002],
       [ 0.001, -0.002,  0.002, -0.004, -0.003, -0.007, -0.003, -0.001,
        -0.007,  0.01 , -0.006, -0.005, -0.002, -0.001, -0.009, -0.004,
        -0.002]]), 'deltas': array([[0.],
       [0.],
       [0.],
       [0.],
       [0.],
       [0.],
       [0.],
       [0.],
       [0.],
       [0.]]), 'outputs': array([[0.],
       [0.],
       [0.],
       [0.],
       [0.],
       [0.],
       [0.],
       [0.],
       [0.],
       [0.]]), 'errors': array([[0.],
       [0.],
       [0.],
       [0.],
       [0.],
       [0.],
       [0.],
       [0.],
       [0.],
       [0.]])}, {'weights': array([[-0.001, -0.01 ,  0.001,  0.003, -0.008,  0.007,  0.004,  0.008,
         0.01 , -0.001],
       [-0.001,  0.003, -0.01 ,  0.003, -0.004,  0.003, -0.005,  0.007,
         0.008, -0.008],
       [-0.008,  0.004, -0.004, -0.004,  0.005,  0.008, -0.005, -0.003,
         0.001,  0.008]]), 'deltas': array([[0.],
       [0.],
       [0.],
       [0.]]), 'outputs': array([[0.],
       [0.],
       [0.],
       [0.]]), 'errors': array([[0.],
       [0.],
       [0.],
       [0.]])}]
Training complete!
Training done. epoch: 64 , total error: 0.0009698569786189729
[{'weights': array([[-8.44771972e-01, -1.06172091e+00,  9.49990546e-01,
        -1.78208104e-01, -1.23735584e+00, -5.55606059e-01,
         9.79266164e-01, -3.33014710e-01, -1.99689947e+00,
         2.72246851e+00,  5.34799180e-02, -1.89975940e+00,
        -1.99189947e+00,  3.08689046e+00, -6.01317440e-02,
        -2.14656969e+00, -1.12871044e+00],
       [-7.20578569e-01, -8.31115222e-01,  5.98142939e-01,
        -9.46787083e-02, -1.04514227e+00, -6.77781806e-01,
         9.97067745e-01, -3.24373227e-01, -2.00284316e+00,
         2.74279702e+00, -1.22277057e-01, -1.65890636e+00,
        -2.02084316e+00,  3.12581709e+00, -2.71156452e-01,
        -1.91604704e+00, -1.05922956e+00],
       [-1.42659726e+00,  5.11088217e-01,  4.70183467e-01,
        -4.78593338e-01, -6.97180035e-01, -1.70630709e-03,
         1.14413246e-01, -3.44445814e-01, -2.02715426e+00,
         2.30251199e+00,  1.69099090e+00, -2.88226753e+00,
        -2.03315426e+00,  2.22730963e+00,  1.88822073e+00,
        -3.00329502e+00, -9.32918911e-01],
       [-2.01104711e+00,  4.02155478e-01,  1.20462599e+00,
         1.07912134e+00, -5.52838364e-01,  9.96358695e-01,
         5.98494286e-01, -3.72158916e-01, -2.41030617e+00,
         1.89999236e+00,  7.95108545e-01,  3.68060969e-01,
        -2.41230617e+00,  1.84219653e+00,  5.60832952e-01,
         6.73132392e-01,  6.46855702e-01],
       [-8.68318079e-01, -1.15559020e+00,  1.09271450e+00,
        -1.77608858e-01, -1.27140164e+00, -4.83381157e-01,
         9.87985633e-01, -3.30005467e-01, -1.99669973e+00,
         2.73051086e+00,  1.09500116e-01, -1.94611387e+00,
        -2.00069973e+00,  3.07495151e+00,  3.80432345e-03,
        -2.19285873e+00, -1.10580263e+00],
       [-1.42156903e+00,  4.89988418e-01,  4.59638252e-01,
        -3.98233573e-01, -6.74314273e-01, -4.56516768e-03,
         1.38085007e-01, -3.48381502e-01, -2.05280308e+00,
         2.30929926e+00,  1.66770290e+00, -2.81337501e+00,
        -2.03480308e+00,  2.24278446e+00,  1.85382183e+00,
        -2.94197914e+00, -8.89175936e-01],
       [-7.50738251e-01, -9.35409991e-01,  7.54335948e-01,
        -1.66833722e-01, -1.14484358e+00, -6.14240298e-01,
         9.90828055e-01, -3.30390190e-01, -2.00721611e+00,
         2.74279727e+00, -5.22639663e-02, -1.78196321e+00,
        -2.00021611e+00,  3.13236362e+00, -1.81515613e-01,
        -2.04227791e+00, -1.09864602e+00],
       [-6.91279215e-01, -6.09139920e-01,  1.38883444e-01,
         4.22052894e-01, -7.82504750e-01, -8.25985610e-01,
         1.18107673e+00, -3.31069167e-01, -2.07475632e+00,
         2.71701640e+00, -4.07133888e-01, -9.71608986e-01,
        -2.09175632e+00,  3.09804559e+00, -5.41643529e-01,
        -1.23212854e+00, -7.48482796e-01],
       [-1.98810505e+00,  3.68326734e-01,  1.16499344e+00,
         1.10269683e+00, -5.49114021e-01,  9.58884348e-01,
         6.24728897e-01, -3.72587275e-01, -2.40330633e+00,
         1.94104041e+00,  8.28083943e-01,  2.82093932e-01,
        -2.39830633e+00,  1.87930070e+00,  5.59778479e-01,
         6.15139100e-01,  6.45911950e-01],
       [ 1.00000000e-03, -2.00000000e-03,  2.00000000e-03,
        -4.00000000e-03, -3.00000000e-03, -7.00000000e-03,
        -3.00000000e-03, -1.00000000e-03, -7.00000000e-03,
         1.00000000e-02, -6.00000000e-03, -5.00000000e-03,
        -2.00000000e-03, -1.00000000e-03, -9.00000000e-03,
        -4.00000000e-03, -2.00000000e-03]]), 'deltas': array([[-6.69031748e-05],
       [-7.08980272e-05],
       [-2.42148800e-04],
       [-7.87365712e-05],
       [-7.45482869e-05],
       [-2.75252110e-04],
       [-6.55846126e-05],
       [-1.94231982e-04],
       [-8.67070274e-05],
       [-0.00000000e+00]]), 'outputs': array([[0.02141013],
       [0.02271893],
       [0.08266625],
       [0.97470249],
       [0.02391799],
       [0.09527706],
       [0.02097892],
       [0.06505939],
       [0.97206609],
       [1.        ]]), 'errors': -0.003193204435726151}, {'weights': array([[-1.71379275, -1.7701466 , -1.7937164 , -3.54767918, -1.73086992,
        -1.82512976, -1.70578032, -1.93686002, -3.36299787,  3.35992584],
       [ 1.02793108,  1.12533409,  2.69562463,  0.29798694,  1.03189942,
         2.36393097,  1.06138984,  0.87525019,  0.35082223, -4.90758002],
       [-1.17625243, -1.05923914, -2.6183603 ,  4.06033655, -1.18978841,
        -2.08311352, -1.18322207, -0.15981731,  3.28157469, -3.18896884]]), 'deltas': array([[-0.00033753],
       [-0.00059529],
       [ 0.0009545 ]]), 'outputs': array([[0.01854481],
       [0.02470559],
       [0.96860832]]), 'errors': array([[-0.01854481],
       [-0.02470559],
       [ 0.03139168]])}]
Accuracy: 93.33333333333333 %

train_data group 2 length:  120
   0   1   2   3   4   5   6   7   8   9   10  11  12  13  14  15  16
0   1   0   0   0   0   0   1   0   1   0   0   0   1   0   0   0   0
1   0   1   0   0   0   0   0   1   1   0   0   0   1   0   0   0   0
2   1   0   0   0   0   1   0   0   1   0   0   0   1   0   0   0   0
3   1   0   0   0   0   0   1   0   1   0   0   0   1   0   0   0   0
4   1   0   0   0   0   0   1   0   1   0   0   0   1   0   0   0   0
Initial Neural Network:
[{'weights': array([[-0.007, -0.005, -0.002,  0.002,  0.01 ,  0.005,  0.007,  0.008,
         0.004, -0.007,  0.007, -0.005, -0.006, -0.004,  0.   , -0.005,
         0.004],
       [ 0.006, -0.005,  0.   ,  0.009,  0.   ,  0.005, -0.01 ,  0.003,
        -0.007,  0.009, -0.008,  0.008, -0.002,  0.001,  0.005, -0.006,
        -0.004],
       [-0.003,  0.009,  0.005,  0.007,  0.004,  0.002,  0.01 ,  0.005,
         0.005, -0.006, -0.003, -0.01 ,  0.004, -0.004, -0.006,  0.007,
        -0.008],
       [ 0.001,  0.009, -0.004, -0.002, -0.003,  0.003, -0.008, -0.002,
         0.   , -0.002,  0.01 , -0.007,  0.006,  0.004,  0.   , -0.005,
        -0.002],
       [-0.007,  0.005,  0.01 ,  0.   ,  0.008,  0.003, -0.006,  0.002,
        -0.009,  0.006,  0.006,  0.008,  0.001, -0.002,  0.004, -0.004,
         0.004],
       [ 0.006, -0.008, -0.002, -0.001, -0.009,  0.   , -0.003,  0.   ,
         0.002, -0.004,  0.003,  0.003,  0.002, -0.006, -0.003,  0.008,
         0.009],
       [-0.007,  0.001, -0.009, -0.01 ,  0.008,  0.007, -0.01 ,  0.008,
        -0.004, -0.001, -0.003, -0.003,  0.   ,  0.   ,  0.008, -0.003,
         0.01 ],
       [-0.002, -0.006, -0.005,  0.003, -0.006,  0.004,  0.002, -0.001,
        -0.004, -0.002,  0.002,  0.001, -0.009,  0.005,  0.   , -0.009,
         0.008],
       [ 0.006, -0.004, -0.005, -0.008,  0.001, -0.008,  0.002,  0.   ,
         0.005, -0.006, -0.001,  0.004, -0.001, -0.007,  0.002, -0.004,
         0.009],
       [-0.008, -0.009, -0.001, -0.001, -0.009, -0.002, -0.007,  0.008,
        -0.008, -0.005,  0.007,  0.006, -0.002,  0.005, -0.01 ,  0.007,
        -0.006]]), 'deltas': array([[0.],
       [0.],
       [0.],
       [0.],
       [0.],
       [0.],
       [0.],
       [0.],
       [0.],
       [0.]]), 'outputs': array([[0.],
       [0.],
       [0.],
       [0.],
       [0.],
       [0.],
       [0.],
       [0.],
       [0.],
       [0.]]), 'errors': array([[0.],
       [0.],
       [0.],
       [0.],
       [0.],
       [0.],
       [0.],
       [0.],
       [0.],
       [0.]])}, {'weights': array([[-0.003,  0.001, -0.01 ,  0.001, -0.004, -0.008,  0.002, -0.006,
         0.005, -0.004],
       [-0.005,  0.008,  0.001,  0.005, -0.008, -0.008, -0.006,  0.005,
         0.007,  0.   ],
       [ 0.005,  0.004,  0.009, -0.004, -0.003, -0.007,  0.002,  0.   ,
         0.001, -0.006]]), 'deltas': array([[0.],
       [0.],
       [0.],
       [0.]]), 'outputs': array([[0.],
       [0.],
       [0.],
       [0.]]), 'errors': array([[0.],
       [0.],
       [0.],
       [0.]])}]
Training complete!
Training done. epoch: 80 , total error: 0.0009591511356114431
[{'weights': array([[ 1.33079658e+00, -5.80446588e-01, -9.14169911e-01,
        -7.72023440e-01, -2.00974967e-03, -5.31474880e-01,
        -7.97429344e-01,  4.37070611e-01,  2.48114155e+00,
        -2.60122049e+00, -3.02398834e-01, -5.02365583e-01,
         2.47114155e+00, -2.42700418e+00, -9.30796793e-01,
        -5.21839360e-02, -9.19843362e-01],
       [ 6.73284244e-01, -5.56486606e-01, -3.71260587e-01,
        -4.13424933e-01, -3.43137621e-01, -4.91109136e-01,
        -2.78069787e-01,  4.32428662e-01,  2.45662118e+00,
        -3.32142528e+00, -2.29795657e+00,  2.48687279e+00,
         2.46162118e+00, -1.98795206e+00,  3.45031335e-01,
        -1.49858834e+00, -6.81887882e-01],
       [ 1.23198156e+00, -5.39167380e-01, -4.18919665e-01,
        -1.01941005e+00, -6.22206826e-01, -2.05989867e-01,
        -3.40948552e-01,  4.26629710e-01,  2.39848791e+00,
        -2.32670203e+00,  2.02561672e-01, -1.05186309e+00,
         2.39748791e+00, -2.76174932e+00, -2.23638895e+00,
         1.83813482e+00, -7.71515534e-01],
       [ 1.16293901e+00, -5.37047258e-01, -5.76081716e-01,
        -8.87797689e-01, -4.84024891e-01, -2.59488894e-01,
        -5.31642533e-01,  4.23168664e-01,  2.42785529e+00,
        -2.40345582e+00, -3.15102043e-02, -8.33876928e-01,
         2.43385529e+00, -2.55954035e+00, -1.76117564e+00,
         1.04987304e+00, -8.43987655e-01],
       [ 8.92498727e-01, -5.92472243e-01, -4.93188702e-01,
        -5.25526133e-01, -3.69021222e-01, -3.39661471e-01,
        -4.40629118e-01,  4.29623460e-01,  2.44225059e+00,
        -3.12743237e+00, -1.67212262e+00,  1.64161606e+00,
         2.45225059e+00, -2.12784741e+00, -1.22264929e-01,
        -9.29826606e-01, -7.22688352e-01],
       [ 1.42180022e+00, -5.93049153e-01, -5.91327254e-01,
        -1.04354314e+00, -3.80241789e-01, -3.04878254e-01,
        -5.51128841e-01,  4.23129553e-01,  2.40937606e+00,
        -2.44979765e+00,  2.13036967e-01, -9.69734704e-01,
         2.40937606e+00, -2.74970406e+00, -1.89097545e+00,
         1.43118412e+00, -7.92119331e-01],
       [ 1.16317586e+00, -5.97349464e-01, -8.39603128e-01,
        -6.31641300e-01, -3.06896237e-02, -5.08109269e-01,
        -7.65216315e-01,  4.36597175e-01,  2.47700238e+00,
        -2.93357347e+00, -1.02765204e+00,  5.92805102e-01,
         2.48100238e+00, -2.21363586e+00, -2.74481278e-01,
        -8.68303272e-01, -8.70418032e-01],
       [ 9.92545313e-01, -5.38182563e-01, -7.90043128e-01,
        -5.59199246e-01, -1.48926783e-01, -4.62128259e-01,
        -7.06575317e-01,  4.31750735e-01,  2.48660526e+00,
        -2.78934370e+00, -1.00203489e+00,  4.16893707e-01,
         2.48160526e+00, -2.16115158e+00, -4.47296570e-01,
        -7.71036730e-01, -8.76879624e-01],
       [ 1.17799995e+00, -5.78933890e-01, -8.84350717e-01,
        -6.29323573e-01, -5.97862223e-03, -5.43628744e-01,
        -7.89917895e-01,  4.30917030e-01,  2.48897893e+00,
        -2.82534553e+00, -8.61185988e-01,  2.95944361e-01,
         2.48297893e+00, -2.22957067e+00, -4.00438089e-01,
        -7.66578400e-01, -8.94608232e-01],
       [-8.00000000e-03, -9.00000000e-03, -1.00000000e-03,
        -1.00000000e-03, -9.00000000e-03, -2.00000000e-03,
        -7.00000000e-03,  8.00000000e-03, -8.00000000e-03,
        -5.00000000e-03,  7.00000000e-03,  6.00000000e-03,
        -2.00000000e-03,  5.00000000e-03, -1.00000000e-02,
         7.00000000e-03, -6.00000000e-03]]), 'deltas': array([[4.69972278e-05],
       [7.04778688e-05],
       [3.78823624e-05],
       [4.30353062e-05],
       [5.22178783e-05],
       [3.45534321e-05],
       [5.13021873e-05],
       [5.77679838e-05],
       [5.28853777e-05],
       [0.00000000e+00]]), 'outputs': array([[0.99208967],
       [0.98808951],
       [0.99363374],
       [0.99276142],
       [0.9912031 ],
       [0.99419647],
       [0.99135871],
       [0.99025881],
       [0.99108962],
       [1.        ]]), 'errors': 0.005988619040525915}, {'weights': array([[ 1.19712256,  0.87857964,  1.01675926,  1.12928689,  0.97448814,
         1.03302557,  1.13486393,  1.17523343,  1.21491199, -5.28735792],
       [-2.13926309, -3.75379895, -3.35098258, -2.62171784, -2.99462707,
        -3.13638338, -2.34993073, -2.16281333, -2.15748252,  1.97909673],
       [-4.24835934,  5.53381051,  3.93859036, -0.60320583,  1.65148731,
         2.48956852, -2.77122982, -3.95532486, -4.10537915, -1.08172303]]), 'deltas': array([[ 1.49673563e-04],
       [-2.97448278e-20],
       [-1.69250109e-03]]), 'outputs': array([[9.87689881e-01],
       [1.72466889e-10],
       [4.20328829e-02]]), 'errors': array([[ 1.23101189e-02],
       [-1.72466889e-10],
       [-4.20328829e-02]])}]
Accuracy: 96.66666666666667 %

train_data group 3 length:  120
   0   1   2   3   4   5   6   7   8   9   10  11  12  13  14  15  16
0   1   0   0   0   0   0   1   0   1   0   0   0   1   0   0   0   0
1   0   1   0   0   0   0   0   1   1   0   0   0   1   0   0   0   0
2   1   0   0   0   0   1   0   0   1   0   0   0   1   0   0   0   0
3   1   0   0   0   0   0   1   0   1   0   0   0   1   0   0   0   0
4   1   0   0   0   0   0   1   0   1   0   0   0   1   0   0   0   0
Initial Neural Network:
[{'weights': array([[-0.002, -0.01 , -0.009, -0.003, -0.006,  0.006,  0.007, -0.001,
        -0.008,  0.002,  0.003,  0.   ,  0.002,  0.008, -0.006, -0.001,
        -0.009],
       [ 0.001, -0.002, -0.006, -0.006,  0.005,  0.008,  0.009, -0.005,
         0.009, -0.007,  0.001, -0.002, -0.001, -0.007,  0.01 ,  0.002,
        -0.009],
       [ 0.002,  0.01 , -0.01 , -0.006, -0.005, -0.001, -0.001, -0.004,
         0.005,  0.   , -0.002,  0.003,  0.004,  0.006,  0.001, -0.002,
         0.01 ],
       [-0.002,  0.   , -0.008, -0.006, -0.002, -0.009,  0.008,  0.002,
        -0.008, -0.001,  0.005, -0.003, -0.009,  0.001, -0.006, -0.009,
         0.004],
       [-0.001,  0.004,  0.004, -0.01 , -0.001, -0.008,  0.006,  0.006,
        -0.009,  0.002, -0.005,  0.009,  0.002,  0.004,  0.004, -0.001,
        -0.004],
       [ 0.001, -0.008, -0.008,  0.007, -0.007, -0.007,  0.001,  0.009,
        -0.001,  0.007,  0.005,  0.01 ,  0.005,  0.002,  0.008, -0.001,
        -0.008],
       [-0.002, -0.004, -0.003,  0.   , -0.006,  0.004,  0.001,  0.005,
        -0.009, -0.002,  0.   , -0.009, -0.004, -0.003, -0.01 ,  0.   ,
        -0.004],
       [-0.008,  0.006,  0.01 , -0.002,  0.004, -0.01 , -0.01 ,  0.008,
        -0.01 ,  0.001,  0.006, -0.003,  0.003,  0.   ,  0.003,  0.005,
        -0.004],
       [ 0.002,  0.   , -0.001, -0.001, -0.003,  0.001,  0.003, -0.007,
        -0.008,  0.002,  0.01 ,  0.005,  0.001,  0.003, -0.002, -0.006,
         0.003],
       [-0.009,  0.005, -0.005,  0.009,  0.006,  0.006, -0.003,  0.005,
         0.01 ,  0.002,  0.007,  0.009, -0.007, -0.002,  0.004, -0.002,
        -0.005]]), 'deltas': array([[0.],
       [0.],
       [0.],
       [0.],
       [0.],
       [0.],
       [0.],
       [0.],
       [0.],
       [0.]]), 'outputs': array([[0.],
       [0.],
       [0.],
       [0.],
       [0.],
       [0.],
       [0.],
       [0.],
       [0.],
       [0.]]), 'errors': array([[0.],
       [0.],
       [0.],
       [0.],
       [0.],
       [0.],
       [0.],
       [0.],
       [0.],
       [0.]])}, {'weights': array([[ 0.009, -0.008, -0.003,  0.006, -0.007, -0.01 ,  0.002, -0.006,
         0.005, -0.008],
       [-0.006,  0.008,  0.009, -0.006,  0.005,  0.005, -0.001, -0.001,
         0.01 , -0.001],
       [-0.009,  0.006,  0.009,  0.007,  0.005, -0.001,  0.002,  0.003,
         0.005,  0.002]]), 'deltas': array([[0.],
       [0.],
       [0.],
       [0.]]), 'outputs': array([[0.],
       [0.],
       [0.],
       [0.]]), 'errors': array([[0.],
       [0.],
       [0.],
       [0.]])}]
Training complete!
Training done. epoch: 126 , total error: 0.0007881789436411305
[{'weights': array([[-1.34308061e+00,  1.03004011e+00, -4.10718605e-01,
         9.21811434e-01,  8.80603466e-01, -3.10319492e-02,
        -1.68640723e-01, -4.52878467e-01, -2.65386296e+00,
         7.42036884e-01, -1.35791825e+00,  3.48879665e+00,
        -2.64386296e+00,  3.59030988e-01, -1.41798478e+00,
         3.92786908e+00,  2.13052327e-01],
       [ 7.30508644e-01, -1.53990626e+00, -4.67347884e-01,
         8.98154838e-01, -4.61238034e-01,  5.40210688e-01,
        -2.97565392e-02, -3.97806774e-01, -2.87301093e+00,
        -2.15297833e+00,  7.65747121e-01,  3.89565148e+00,
        -2.88301093e+00, -1.45102541e+00, -1.06747201e-01,
         4.07919288e+00, -3.74590659e-01],
       [ 3.28049858e-01, -5.54424987e-01, -1.05377068e+00,
         9.17242905e-01,  3.53625202e-01, -1.97060014e-01,
        -1.17954165e-01, -4.08513930e-01, -2.74826488e+00,
        -1.29599636e+00, -1.47021557e-01,  3.83837988e+00,
        -2.74926488e+00, -1.10234764e+00, -6.76465505e-01,
         4.17817511e+00, -3.48902907e-01],
       [ 7.82399019e-01, -8.35165517e-01, -1.33681345e+00,
         9.14117101e-01,  3.26743776e-01, -2.80504384e-01,
        -1.10462421e-01, -3.96239817e-01, -2.84197587e+00,
        -1.79801244e+00,  2.13031689e-01,  3.96049377e+00,
        -2.84297587e+00, -1.33894215e+00, -5.26002965e-01,
         4.22545814e+00, -4.55462847e-01],
       [ 1.14701178e-01, -7.07977970e-01, -7.63629391e-01,
         9.12645998e-01,  2.24654624e-02,  1.52929157e-02,
        -7.97635121e-02, -3.96255051e-01, -2.72681106e+00,
        -1.27906403e+00, -2.46205317e-01,  3.80782023e+00,
        -2.71581106e+00, -1.07320202e+00, -7.53295872e-01,
         4.11004877e+00, -4.45260185e-01],
       [ 5.91865025e-01, -1.02079392e+00, -1.02441595e+00,
         9.17429904e-01, -6.06080056e-05, -6.41558849e-02,
        -7.82085655e-02, -3.89489885e-01, -2.80551680e+00,
        -1.72658555e+00,  1.26217994e-01,  3.89896942e+00,
        -2.79951680e+00, -1.24831295e+00, -5.91982586e-01,
         4.12589739e+00, -5.35914944e-01],
       [-1.36741502e+00,  2.10295148e-01,  5.87959539e-02,
         9.21831188e-01, -4.87495314e-02,  3.85987007e-01,
        -7.93674602e-02, -4.21362749e-01, -2.59495627e+00,
         2.97825186e-01, -1.38735547e+00,  3.49699382e+00,
        -2.58995627e+00, -3.54290455e-01, -1.18269321e+00,
         3.94244720e+00, -1.71492733e-01],
       [ 8.97247284e-01, -9.79386966e-01, -1.36125092e+00,
         9.16800215e-01,  2.19567887e-01, -2.56911867e-01,
        -1.10321554e-01, -3.92924853e-01, -2.86892332e+00,
        -1.99057573e+00,  3.16058264e-01,  4.00485039e+00,
        -2.85592332e+00, -1.45076203e+00, -4.67409434e-01,
         4.25250440e+00, -5.36590387e-01],
       [ 8.89376273e-01, -9.78018952e-01, -1.36000947e+00,
         9.13095370e-01,  2.18133637e-01, -2.58380503e-01,
        -9.88960002e-02, -4.02413914e-01, -2.86921513e+00,
        -1.97930951e+00,  3.17929986e-01,  4.00403787e+00,
        -2.86021513e+00, -1.44752572e+00, -4.72135291e-01,
         4.24031936e+00, -5.32556781e-01],
       [-9.00000000e-03,  5.00000000e-03, -5.00000000e-03,
         9.00000000e-03,  6.00000000e-03,  6.00000000e-03,
        -3.00000000e-03,  5.00000000e-03,  1.00000000e-02,
         2.00000000e-03,  7.00000000e-03,  9.00000000e-03,
        -7.00000000e-03, -2.00000000e-03,  4.00000000e-03,
        -2.00000000e-03, -5.00000000e-03]]), 'deltas': array([[-2.36748394e-04],
       [-1.62086842e-05],
       [-3.05122019e-04],
       [-1.03219960e-04],
       [-1.86269375e-04],
       [-6.78558613e-05],
       [-1.60845722e-03],
       [-5.54369666e-05],
       [-5.64522590e-05],
       [-0.00000000e+00]]), 'outputs': array([[0.96177738],
       [0.00252321],
       [0.04986504],
       [0.01629318],
       [0.02981217],
       [0.01064989],
       [0.48440725],
       [0.0086835 ],
       [0.00884397],
       [1.        ]]), 'errors': -0.00644009211299212}, {'weights': array([[-4.9830934 , -4.38068744, -4.19262388, -4.13765526, -4.20417625,
        -4.18634275, -4.57772708, -4.14585697, -4.1682957 ,  2.67886668],
       [ 5.60250916,  3.25221062, -2.08234192, -1.74803287, -2.31053842,
        -1.45763897,  0.00964697, -1.60009412, -1.00910565, -1.03933258],
       [-0.47222159,  1.45505207,  1.13611147,  1.54806484,  1.05478758,
         1.33187305,  0.05768363,  1.7443186 ,  1.721649  , -3.0376162 ]]), 'deltas': array([[-5.85209093e-05],
       [ 2.50402228e-04],
       [-1.21804146e-03]]), 'outputs': array([[0.00767944],
       [0.98404816],
       [0.03553762]]), 'errors': array([[-0.00767944],
       [ 0.01595184],
       [-0.03553762]])}]
Accuracy: 90.0 %

train_data group 4 length:  120
   0   1   2   3   4   5   6   7   8   9   10  11  12  13  14  15  16
0   1   0   0   0   0   0   1   0   1   0   0   0   1   0   0   0   0
1   0   1   0   0   0   0   0   1   1   0   0   0   1   0   0   0   0
2   1   0   0   0   0   1   0   0   1   0   0   0   1   0   0   0   0
3   1   0   0   0   0   0   1   0   1   0   0   0   1   0   0   0   0
4   1   0   0   0   0   0   1   0   1   0   0   0   1   0   0   0   0
Initial Neural Network:
[{'weights': array([[ 0.006,  0.009, -0.01 ,  0.009,  0.009,  0.008, -0.004,  0.004,
         0.004,  0.008,  0.   , -0.007, -0.009,  0.002,  0.   ,  0.005,
         0.001],
       [-0.004,  0.005, -0.009,  0.01 ,  0.   , -0.008,  0.007, -0.009,
        -0.005, -0.001,  0.005, -0.008,  0.01 , -0.009, -0.01 ,  0.001,
         0.005],
       [ 0.002,  0.005, -0.001,  0.005, -0.01 , -0.007, -0.007,  0.   ,
        -0.008, -0.002,  0.009,  0.005, -0.008,  0.007, -0.005, -0.005,
        -0.01 ],
       [-0.002, -0.009, -0.004, -0.003,  0.008,  0.   , -0.006,  0.001,
        -0.009, -0.008,  0.001,  0.005, -0.007,  0.004, -0.002, -0.007,
        -0.003],
       [-0.004, -0.009, -0.006,  0.001, -0.007,  0.005, -0.004, -0.004,
         0.   ,  0.004,  0.005,  0.006,  0.   ,  0.002,  0.007, -0.003,
        -0.008],
       [-0.002, -0.01 , -0.003, -0.001, -0.005,  0.002,  0.003,  0.004,
        -0.009,  0.01 ,  0.006, -0.008,  0.009, -0.007,  0.001, -0.006,
        -0.009],
       [-0.002, -0.009,  0.01 ,  0.004, -0.01 ,  0.005, -0.003,  0.002,
         0.   , -0.009,  0.009,  0.009, -0.001, -0.001,  0.006,  0.   ,
        -0.005],
       [-0.007, -0.003,  0.009,  0.006, -0.004, -0.006, -0.009, -0.005,
         0.008, -0.004,  0.   ,  0.003, -0.007,  0.008, -0.004,  0.005,
        -0.01 ],
       [-0.004,  0.004, -0.002,  0.002,  0.01 , -0.001,  0.007,  0.008,
         0.006,  0.007, -0.002,  0.002,  0.005,  0.004,  0.008, -0.01 ,
         0.001],
       [-0.009,  0.002,  0.006, -0.005,  0.007,  0.   ,  0.005,  0.006,
        -0.01 , -0.008,  0.007,  0.01 ,  0.002,  0.007,  0.008, -0.003,
        -0.01 ]]), 'deltas': array([[0.],
       [0.],
       [0.],
       [0.],
       [0.],
       [0.],
       [0.],
       [0.],
       [0.],
       [0.]]), 'outputs': array([[0.],
       [0.],
       [0.],
       [0.],
       [0.],
       [0.],
       [0.],
       [0.],
       [0.],
       [0.]]), 'errors': array([[0.],
       [0.],
       [0.],
       [0.],
       [0.],
       [0.],
       [0.],
       [0.],
       [0.],
       [0.]])}, {'weights': array([[-0.005, -0.01 , -0.01 ,  0.01 , -0.005,  0.007, -0.008, -0.006,
        -0.001, -0.007],
       [-0.004, -0.004, -0.01 , -0.009,  0.01 , -0.003,  0.004, -0.002,
         0.   , -0.003],
       [-0.001, -0.009, -0.009, -0.001,  0.001, -0.004,  0.007,  0.01 ,
         0.006,  0.009]]), 'deltas': array([[0.],
       [0.],
       [0.],
       [0.]]), 'outputs': array([[0.],
       [0.],
       [0.],
       [0.]]), 'errors': array([[0.],
       [0.],
       [0.],
       [0.]])}]
Training complete!
Training done. epoch: 292 , total error: 0.0009053020783749658
[{'weights': array([[-7.24559267e-01, -6.08098346e-01, -1.69272061e-01,
         1.36597085e+00,  4.72766821e-01,  7.09635377e-02,
        -3.45816150e-01, -3.30873029e-01, -2.97549039e+00,
        -7.25412181e-01, -5.64028689e-01,  4.11997244e+00,
        -2.98849039e+00, -1.42939977e+00, -5.78701910e-01,
         4.84463325e+00, -1.48958821e-01],
       [-7.87951233e-01, -6.31627227e-01, -7.25232509e-02,
         1.37041293e+00,  4.08467168e-01,  1.51982861e-01,
        -3.48995959e-01, -3.45142851e-01, -2.97789241e+00,
        -7.10589802e-01, -5.75828231e-01,  4.13162166e+00,
        -2.96289241e+00, -1.32652617e+00, -6.51378742e-01,
         4.80910854e+00, -1.18688782e-01],
       [-7.72536377e-01, -7.85864322e-01,  1.79671692e-01,
         1.35254545e+00,  2.23383741e-01,  4.23805121e-01,
        -3.73298808e-01, -3.35073608e-01, -3.01613020e+00,
        -5.86140743e-01, -5.70297301e-01,  4.13938469e+00,
        -3.01613020e+00, -9.31751300e-01, -8.15187842e-01,
         4.71488578e+00, -4.71835538e-02],
       [-7.65150600e-01, -7.88101413e-01,  1.48217185e-01,
         1.34603625e+00,  2.46194249e-01,  4.15969850e-01,
        -3.68878177e-01, -3.31284498e-01, -3.02309404e+00,
        -5.84554895e-01, -5.77321629e-01,  4.13297199e+00,
        -3.02109404e+00, -9.56044697e-01, -8.02127670e-01,
         4.72626783e+00, -4.39985755e-02],
       [-7.83073034e-01, -6.72336937e-01, -2.16596283e-02,
         1.35694417e+00,  3.64103363e-01,  2.14048387e-01,
        -3.51909143e-01, -3.38368037e-01, -2.97670612e+00,
        -6.76402014e-01, -5.71141909e-01,  4.13712461e+00,
        -2.97670612e+00, -1.22611370e+00, -6.83010739e-01,
         4.78970513e+00, -1.10125431e-01],
       [-7.75895827e-01, -6.72327108e-01, -2.44157421e-02,
         1.36016836e+00,  3.69924171e-01,  2.17999726e-01,
        -3.49637208e-01, -3.30757005e-01, -2.99167995e+00,
        -6.63204188e-01, -5.75556743e-01,  4.13297056e+00,
        -2.97367995e+00, -1.23292974e+00, -6.84089932e-01,
         4.79122931e+00, -1.05470316e-01],
       [-8.02903767e-01, -6.05620237e-01, -9.20995768e-02,
         1.36718643e+00,  4.25890843e-01,  1.13653147e-01,
        -3.46195072e-01, -3.35786072e-01, -2.95351593e+00,
        -7.43528555e-01, -5.69168773e-01,  4.13877611e+00,
        -2.95451593e+00, -1.36805965e+00, -6.28949367e-01,
         4.81908780e+00, -1.41437153e-01],
       [-9.50623036e-01, -1.18905795e+00,  1.47735019e+00,
         1.33977775e+00, -4.86159463e-02,  1.61958040e+00,
        -5.82304515e-01, -3.40212987e-01, -3.11450021e+00,
        -4.23479337e-01,  8.95337916e-02,  4.12789270e+00,
        -3.12950021e+00, -3.28468947e-01, -4.65239018e-01,
         4.59765512e+00,  6.62446953e-01],
       [-7.52733708e-01, -6.38366093e-01, -1.02837997e-01,
         1.36143600e+00,  4.24574035e-01,  1.40565817e-01,
        -3.44577694e-01, -3.29063959e-01, -2.97886972e+00,
        -6.99320756e-01, -5.69202512e-01,  4.12789119e+00,
        -2.97986972e+00, -1.33795652e+00, -6.27342587e-01,
         4.81966703e+00, -1.31501802e-01],
       [-9.00000000e-03,  2.00000000e-03,  6.00000000e-03,
        -5.00000000e-03,  7.00000000e-03,  0.00000000e+00,
         5.00000000e-03,  6.00000000e-03, -1.00000000e-02,
        -8.00000000e-03,  7.00000000e-03,  1.00000000e-02,
         2.00000000e-03,  7.00000000e-03,  8.00000000e-03,
        -3.00000000e-03, -1.00000000e-02]]), 'deltas': array([[8.83855010e-07],
       [7.35231226e-07],
       [4.41964808e-07],
       [4.55939700e-07],
       [6.60251351e-07],
       [6.58128965e-07],
       [7.83434934e-07],
       [2.04303942e-08],
       [7.71154402e-07],
       [0.00000000e+00]]), 'outputs': array([[0.9998363 ],
       [0.99986383],
       [0.99991815],
       [0.99991556],
       [0.99987772],
       [0.99987812],
       [0.99985491],
       [0.99999622],
       [0.99985718],
       [1.        ]]), 'errors': 0.005400254208724939}, {'weights': array([[-6.25908829, -6.08241188, -6.39085643, -6.32167606, -6.19500318,
        -6.12697759, -6.11890517, -6.70245302, -6.18398975,  2.84768618],
       [-0.56382411, -3.08523284,  1.36969629,  0.56294258, -1.57715839,
        -2.20941801, -2.80078131,  8.32109205, -1.53449811, -1.60646968],
       [ 1.46458129,  1.48870096,  1.08269125,  1.10422166,  1.408091  ,
         1.38770518,  1.6017834 ,  0.631566  ,  1.43473575, -3.12060735]]), 'deltas': array([[-3.21095903e-47],
       [-1.73352063e-03],
       [ 4.28847939e-08]]), 'outputs': array([[5.66653247e-24],
       [4.25506905e-02],
       [9.99792892e-01]]), 'errors': array([[-5.66653247e-24],
       [-4.25506905e-02],
       [ 2.07107889e-04]])}]
Accuracy: 86.66666666666667 %

Feedforward Neural Network AVG Accuracy (%): 87.33333333333334 %
