Namespace(error_threshold=0.001, max_epochs=1000, num_layers=2, num_nodes_per_hidden_layer=16, training_rate=0.5)

train_data group 0 length:  120
   0   1   2   3   4   5   6   7   8   9   10  11  12  13  14  15  16
0   1   0   0   0   0   1   0   0   1   0   0   0   1   0   0   0   0
1   1   0   0   0   0   1   0   0   1   0   0   0   1   0   0   0   0
2   1   0   0   0   0   0   1   0   1   0   0   0   1   0   0   0   0
3   1   0   0   0   0   1   0   0   1   0   0   0   1   0   0   0   0
4   1   0   0   0   0   0   1   0   1   0   0   0   1   0   0   0   0
Initial Neural Network:
[{'weights': array([[-0.002,  0.006, -0.003,  0.003,  0.01 , -0.002,  0.004,  0.004,
         0.001, -0.001, -0.01 , -0.01 , -0.005,  0.01 , -0.009, -0.006,
        -0.001],
       [ 0.   ,  0.006,  0.003,  0.002, -0.001,  0.01 ,  0.009, -0.005,
        -0.001,  0.005, -0.001,  0.001,  0.002,  0.004,  0.003, -0.008,
        -0.007],
       [ 0.004,  0.003, -0.005, -0.005,  0.006, -0.005, -0.009,  0.   ,
         0.01 , -0.01 , -0.006, -0.003, -0.008,  0.009, -0.006,  0.001,
         0.01 ],
       [-0.001, -0.01 ,  0.   ,  0.003,  0.01 , -0.009,  0.006, -0.004,
        -0.003,  0.003, -0.006,  0.007, -0.009, -0.007,  0.003, -0.008,
        -0.005],
       [ 0.006,  0.007,  0.005, -0.007, -0.005,  0.01 , -0.005, -0.003,
        -0.007,  0.001, -0.008, -0.007,  0.007,  0.008, -0.003,  0.007,
        -0.004],
       [ 0.01 , -0.009,  0.006,  0.004, -0.008,  0.002, -0.01 , -0.006,
        -0.008,  0.009,  0.   , -0.002,  0.007, -0.007, -0.008, -0.008,
        -0.007],
       [ 0.   ,  0.003, -0.007,  0.01 ,  0.002, -0.001, -0.001,  0.004,
         0.002, -0.01 ,  0.004,  0.008, -0.007,  0.   , -0.01 ,  0.002,
        -0.001],
       [ 0.005,  0.008,  0.004,  0.005,  0.008,  0.005, -0.003,  0.   ,
         0.01 ,  0.008, -0.004,  0.004,  0.002, -0.001,  0.001,  0.   ,
        -0.005],
       [-0.007, -0.005,  0.008,  0.007, -0.006,  0.002, -0.005,  0.009,
         0.009, -0.007,  0.01 , -0.003, -0.008,  0.   ,  0.   ,  0.004,
        -0.003],
       [-0.006,  0.008,  0.005,  0.009,  0.007,  0.007,  0.001,  0.007,
         0.006,  0.006,  0.002, -0.005,  0.008, -0.004,  0.002,  0.001,
         0.006],
       [ 0.008,  0.002,  0.006,  0.001,  0.008, -0.004,  0.01 ,  0.007,
         0.   , -0.002, -0.005,  0.002, -0.001,  0.007, -0.002, -0.001,
         0.008],
       [-0.001, -0.005,  0.005,  0.002,  0.008,  0.009,  0.009,  0.004,
        -0.001, -0.008,  0.008, -0.002,  0.003,  0.009, -0.001,  0.007,
         0.005],
       [ 0.   ,  0.005,  0.002,  0.003,  0.002, -0.007, -0.007,  0.002,
        -0.001,  0.004,  0.003,  0.002, -0.008,  0.   , -0.006, -0.002,
         0.01 ],
       [ 0.006,  0.01 , -0.01 ,  0.007,  0.005,  0.005, -0.005, -0.007,
        -0.007,  0.003, -0.004,  0.004, -0.01 ,  0.001,  0.004,  0.006,
         0.004],
       [ 0.005,  0.006, -0.003,  0.01 , -0.003,  0.001,  0.009, -0.002,
        -0.009,  0.007,  0.   ,  0.009, -0.006, -0.006, -0.008, -0.003,
        -0.009],
       [ 0.   , -0.009, -0.006, -0.002,  0.008,  0.01 , -0.005, -0.007,
        -0.008,  0.007,  0.001, -0.008,  0.007, -0.001,  0.004,  0.004,
         0.006],
       [ 0.003,  0.001,  0.004,  0.003,  0.004,  0.01 , -0.005,  0.006,
         0.005, -0.006, -0.007,  0.009, -0.004,  0.006,  0.009, -0.007,
         0.005]]), 'deltas': array([[0.],
       [0.],
       [0.],
       [0.],
       [0.],
       [0.],
       [0.],
       [0.],
       [0.],
       [0.],
       [0.],
       [0.],
       [0.],
       [0.],
       [0.],
       [0.],
       [0.]]), 'outputs': array([[0.],
       [0.],
       [0.],
       [0.],
       [0.],
       [0.],
       [0.],
       [0.],
       [0.],
       [0.],
       [0.],
       [0.],
       [0.],
       [0.],
       [0.],
       [0.],
       [0.]]), 'errors': array([[0.],
       [0.],
       [0.],
       [0.],
       [0.],
       [0.],
       [0.],
       [0.],
       [0.],
       [0.],
       [0.],
       [0.],
       [0.],
       [0.],
       [0.],
       [0.],
       [0.]])}, {'weights': array([[ 0.005, -0.01 ,  0.   ,  0.006,  0.006,  0.003,  0.   , -0.008,
         0.003,  0.003, -0.01 ,  0.009,  0.   ,  0.002,  0.005,  0.005,
        -0.006],
       [-0.001,  0.009,  0.01 ,  0.009, -0.008, -0.005,  0.007,  0.005,
        -0.007, -0.006,  0.008, -0.003,  0.002,  0.006,  0.001,  0.002,
         0.005],
       [-0.005,  0.008, -0.007, -0.007,  0.009,  0.003,  0.002,  0.009,
         0.004, -0.005,  0.01 , -0.002,  0.003,  0.008, -0.004,  0.01 ,
         0.003]]), 'deltas': array([[0.],
       [0.],
       [0.],
       [0.]]), 'outputs': array([[0.],
       [0.],
       [0.],
       [0.]]), 'errors': array([[0.],
       [0.],
       [0.],
       [0.]])}]
Training complete!
Training done. epoch: 59 , total error: 0.00016331371305393952
[{'weights': array([[-7.87828860e-01,  1.18914785e+00, -2.56522555e-01,
         7.45724543e-01,  2.78114537e-01,  1.18620503e+00,
        -3.15488516e-01, -2.46310063e-01, -2.51099172e+00,
         1.46948815e-01,  3.20830720e-01,  2.90973317e+00,
        -2.51699172e+00,  2.41051273e-01, -3.74624136e-02,
         3.18992384e+00,  8.85520983e-01],
       [ 3.31924471e-01, -6.03662092e-01, -9.25313308e-01,
         7.53457902e-01, -6.98434567e-02,  1.47376784e-01,
        -2.88014330e-01, -2.31112025e-01, -2.41170550e+00,
        -1.12356847e+00,  4.83910779e-02,  3.03628987e+00,
        -2.40870550e+00, -1.07387157e+00, -2.99698691e-01,
         3.32868273e+00, -4.61593028e-01],
       [-2.62276786e-01, -2.14054038e-01, -6.93255265e-01,
         7.52799854e-01, -1.35748308e-01,  2.29096292e-01,
        -2.85500399e-01, -2.29633821e-01, -2.36862170e+00,
        -6.75531000e-01, -4.01055456e-01,  3.02242192e+00,
        -2.38662170e+00, -7.65825816e-01, -5.87165336e-01,
         3.32182662e+00, -4.03786236e-01],
       [-1.62375850e-01, -3.02056005e-01, -7.24670562e-01,
         7.59095513e-01, -1.22989815e-01,  2.10498007e-01,
        -2.76679811e-01, -2.29835285e-01, -2.37659855e+00,
        -7.53009765e-01, -3.23321365e-01,  3.03192278e+00,
        -2.38259855e+00, -8.34256355e-01, -5.49319851e-01,
         3.32316785e+00, -4.27006904e-01],
       [-4.12251935e-01, -6.23484006e-02, -6.45185476e-01,
         7.51406862e-01, -1.45356094e-01,  2.71706635e-01,
        -2.77092956e-01, -2.31636534e-01, -2.37809175e+00,
        -5.34371704e-01, -5.01080486e-01,  3.01316499e+00,
        -2.36409175e+00, -6.63767677e-01, -6.45284522e-01,
         3.31276500e+00, -3.83378950e-01],
       [-8.23182684e-01,  8.43943358e-01, -7.27057591e-01,
         7.57437123e-01, -6.93652751e-02,  6.59800467e-01,
        -3.32914835e-01, -2.39380152e-01, -2.39718270e+00,
         5.49668251e-02, -5.99053448e-01,  2.98040952e+00,
        -2.38218270e+00, -1.59967202e-01, -6.88501939e-01,
         3.25479204e+00,  3.31402051e-02],
       [-2.55796588e-01, -2.40351251e-01, -6.87727469e-01,
         7.63611346e-01, -1.59730790e-01,  2.38177610e-01,
        -2.75965712e-01, -2.24745070e-01, -2.36770821e+00,
        -7.10042059e-01, -3.76090234e-01,  3.03157654e+00,
        -2.37670821e+00, -7.98071786e-01, -5.85386324e-01,
         3.31890236e+00, -4.27263962e-01],
       [-6.20264636e-02, -3.63392028e-01, -7.59665121e-01,
         7.60079272e-01, -1.27437360e-01,  2.01793369e-01,
        -2.82811070e-01, -2.28549280e-01, -2.37796996e+00,
        -8.39133981e-01, -2.45147337e-01,  3.03324694e+00,
        -2.38596996e+00, -8.91565998e-01, -4.95756123e-01,
         3.32828774e+00, -4.52004341e-01],
       [ 4.09079884e-01, -6.64805652e-01, -9.53906089e-01,
         7.59199153e-01, -6.05695715e-02,  1.27387684e-01,
        -3.00401361e-01, -2.19849454e-01, -2.40245454e+00,
        -1.18592604e+00,  1.07093024e-01,  3.03685485e+00,
        -2.41945454e+00, -1.11014248e+00, -2.63308834e-01,
         3.33547315e+00, -4.56432703e-01],
       [ 7.17805925e-01, -8.41584065e-01, -1.09319217e+00,
         7.54723967e-01,  9.41554754e-03,  7.33023654e-02,
        -3.15629372e-01, -2.23334885e-01, -2.45044475e+00,
        -1.38844195e+00,  3.35200100e-01,  3.03444026e+00,
        -2.44844475e+00, -1.24604474e+00, -1.13157406e-01,
         3.33640055e+00, -4.72246344e-01],
       [ 1.96345452e-01, -5.23898563e-01, -8.63810031e-01,
         7.56291787e-01, -7.17945681e-02,  1.50925845e-01,
        -2.88840391e-01, -2.21362241e-01, -2.40482630e+00,
        -1.01137330e+00, -7.51007577e-02,  3.03422900e+00,
        -2.40582630e+00, -9.99065571e-01, -3.78396341e-01,
         3.33421685e+00, -4.44071356e-01],
       [ 8.59287594e-01, -9.59781458e-01, -1.15854825e+00,
         7.46717594e-01,  1.68200344e-02,  4.20885078e-02,
        -3.18655717e-01, -2.23577341e-01, -2.47369042e+00,
        -1.51884827e+00,  4.38659335e-01,  3.03755485e+00,
        -2.46969042e+00, -1.31599671e+00, -5.18063611e-02,
         3.34216897e+00, -5.08324516e-01],
       [ 6.57568503e-01, -7.99680777e-01, -1.05992582e+00,
         7.52573541e-01,  1.22158848e-02,  6.55757786e-02,
        -3.20107073e-01, -2.27149145e-01, -2.44278831e+00,
        -1.32298395e+00,  2.72545803e-01,  3.04176189e+00,
        -2.44978831e+00, -1.20695181e+00, -1.56224489e-01,
         3.33750005e+00, -4.49464555e-01],
       [ 1.00593465e+00, -1.05808834e+00, -1.24694785e+00,
         7.37303477e-01, -5.78679603e-02,  5.67755512e-02,
        -3.41272176e-01, -2.34433475e-01, -2.50636839e+00,
        -1.70941873e+00,  6.09911740e-01,  3.02707732e+00,
        -2.50936839e+00, -1.44910621e+00,  5.57170430e-02,
         3.32895950e+00, -5.70798059e-01],
       [-2.75073319e-01, -2.02775284e-01, -6.81910447e-01,
         7.63611670e-01, -1.53286227e-01,  2.42656222e-01,
        -2.69825638e-01, -2.28691737e-01, -2.37717555e+00,
        -6.69687598e-01, -3.91237924e-01,  3.03095369e+00,
        -2.37417555e+00, -7.79090999e-01, -5.96742839e-01,
         3.31286200e+00, -4.23147380e-01],
       [ 9.07965722e-01, -1.00629745e+00, -1.18820469e+00,
         7.41318676e-01,  1.59479334e-02,  2.41474309e-02,
        -3.28952602e-01, -2.33360504e-01, -2.48859103e+00,
        -1.56122579e+00,  4.77227940e-01,  3.03637114e+00,
        -2.47359103e+00, -1.35320538e+00, -3.26303153e-02,
         3.34520899e+00, -5.22217742e-01],
       [ 3.00000000e-03,  1.00000000e-03,  4.00000000e-03,
         3.00000000e-03,  4.00000000e-03,  1.00000000e-02,
        -5.00000000e-03,  6.00000000e-03,  5.00000000e-03,
        -6.00000000e-03, -7.00000000e-03,  9.00000000e-03,
        -4.00000000e-03,  6.00000000e-03,  9.00000000e-03,
        -7.00000000e-03,  5.00000000e-03]]), 'deltas': array([[4.75235760e-07],
       [7.64742730e-06],
       [5.40326508e-06],
       [5.74804565e-06],
       [4.92819072e-06],
       [2.62877240e-06],
       [5.41741996e-06],
       [6.11377127e-06],
       [7.92484054e-06],
       [9.75527967e-06],
       [7.02373439e-06],
       [1.10186413e-05],
       [9.22482057e-06],
       [1.28907347e-05],
       [5.37594882e-06],
       [1.16834794e-05],
       [0.00000000e+00]]), 'outputs': array([[0.99963486],
       [0.99409142],
       [0.99583261],
       [0.9955655 ],
       [0.99620043],
       [0.99797686],
       [0.99582165],
       [0.99528201],
       [0.99387576],
       [0.99245038],
       [0.99457594],
       [0.99146419],
       [0.99286388],
       [0.98999915],
       [0.99585377],
       [0.99094441],
       [1.        ]]), 'errors': 0.0013019851645378927}, {'weights': array([[-2.70422348, -2.22455838, -2.25264325, -2.23280057, -2.28528112,
        -2.4423997 , -2.23015145, -2.24109477, -2.18621645, -2.2075468 ,
        -2.23201855, -2.20660076, -2.22548855, -2.27950298, -2.25099528,
        -2.22277548,  2.84064076],
       [ 4.34863436, -0.77036294, -0.61801061, -0.89122277, -0.31209972,
         1.27262562, -1.02627068, -0.79281097, -1.21011692, -0.49137867,
        -0.83133778, -0.3595538 , -0.59953542,  1.03916722, -0.73630814,
        -0.02307724, -2.03372855],
       [-0.04557962,  0.64747508,  0.4135895 ,  0.48178905,  0.38346248,
         0.02377961,  0.5021424 ,  0.51516691,  0.73424497,  0.80207099,
         0.58512454,  0.92193932,  0.76303793,  1.08565403,  0.46341496,
         0.95111758, -2.89999449]]), 'deltas': array([[-9.99800931e-30],
       [-3.17227819e-04],
       [ 3.58686363e-06]]), 'outputs': array([[3.16196289e-15],
       [1.79731397e-02],
       [9.98104301e-01]]), 'errors': array([[-3.16196289e-15],
       [-1.79731397e-02],
       [ 1.89569938e-03]])}]
neural_net output [0.93465234 0.11506501 0.05477343]
target: 0 prediction: 0
neural_net output [0.93199037 0.13397563 0.05309453]
target: 0 prediction: 0
neural_net output [0.92527324 0.12182285 0.056116  ]
target: 0 prediction: 0
neural_net output [0.93465234 0.11506501 0.05477343]
target: 0 prediction: 0
neural_net output [0.93465234 0.11506501 0.05477343]
target: 0 prediction: 0
neural_net output [0.93465234 0.11506501 0.05477343]
target: 0 prediction: 0
neural_net output [0.93199037 0.13397563 0.05309453]
target: 0 prediction: 0
neural_net output [0.93465234 0.11506501 0.05477343]
target: 0 prediction: 0
neural_net output [0.93199037 0.13397563 0.05309453]
target: 0 prediction: 0
neural_net output [0.93292672 0.13265031 0.05303261]
target: 0 prediction: 0
neural_net output [2.24295661e-04 7.83046642e-01 3.30293982e-01]
target: 1 prediction: 1
neural_net output [2.24295661e-04 7.83046642e-01 3.30293982e-01]
target: 1 prediction: 1
neural_net output [0.00113105 0.76954626 0.27406753]
target: 1 prediction: 1
neural_net output [2.24295661e-04 7.83046642e-01 3.30293982e-01]
target: 1 prediction: 1
neural_net output [0.00348681 0.71703094 0.23705995]
target: 1 prediction: 1
neural_net output [0.00348681 0.71703094 0.23705995]
target: 1 prediction: 1
neural_net output [0.04782473 0.52469279 0.15741654]
target: 1 prediction: 1
neural_net output [2.24295661e-04 7.83046642e-01 3.30293982e-01]
target: 1 prediction: 1
neural_net output [2.24295661e-04 7.83046642e-01 3.30293982e-01]
target: 1 prediction: 1
neural_net output [2.24295661e-04 7.83046642e-01 3.30293982e-01]
target: 1 prediction: 1
neural_net output [5.56874426e-13 5.25366118e-02 9.91376869e-01]
target: 2 prediction: 2
neural_net output [1.02208924e-14 2.30716030e-02 9.97414376e-01]
target: 2 prediction: 2
neural_net output [3.54032479e-15 1.81270986e-02 9.98043777e-01]
target: 2 prediction: 2
neural_net output [2.24295661e-04 7.83046642e-01 3.30293982e-01]
target: 2 prediction: 1
neural_net output [9.09885061e-14 3.53581935e-02 9.95231493e-01]
target: 2 prediction: 2
neural_net output [2.69507043e-15 1.74850581e-02 9.98199218e-01]
target: 2 prediction: 2
neural_net output [3.16194981e-15 1.79260877e-02 9.98104360e-01]
target: 2 prediction: 2
neural_net output [2.75635261e-15 1.75130120e-02 9.98189063e-01]
target: 2 prediction: 2
neural_net output [3.19721256e-14 3.00161689e-02 9.96248698e-01]
target: 2 prediction: 2
neural_net output [0.00113105 0.76954626 0.27406753]
target: 2 prediction: 1
Accuracy: 93.33333333333333 %

train_data group 1 length:  120
   0   1   2   3   4   5   6   7   8   9   10  11  12  13  14  15  16
0   1   0   0   0   0   0   1   0   1   0   0   0   1   0   0   0   0
1   0   1   0   0   0   0   0   1   1   0   0   0   1   0   0   0   0
2   1   0   0   0   0   1   0   0   1   0   0   0   1   0   0   0   0
3   1   0   0   0   0   0   1   0   1   0   0   0   1   0   0   0   0
4   1   0   0   0   0   0   1   0   1   0   0   0   1   0   0   0   0
Initial Neural Network:
[{'weights': array([[ 0.006,  0.003, -0.003,  0.008,  0.002, -0.005,  0.003, -0.008,
         0.009,  0.002, -0.01 , -0.002,  0.003,  0.004,  0.003,  0.007,
         0.008],
       [-0.008, -0.003, -0.009, -0.008, -0.009, -0.007, -0.01 ,  0.009,
         0.01 ,  0.007,  0.008, -0.003, -0.002,  0.01 , -0.006,  0.008,
         0.002],
       [ 0.003, -0.002,  0.   ,  0.01 , -0.01 ,  0.004,  0.003,  0.001,
         0.009,  0.003,  0.001, -0.007,  0.009,  0.007,  0.   , -0.004,
         0.002],
       [ 0.009, -0.01 , -0.001,  0.002, -0.004,  0.006,  0.003, -0.007,
        -0.003,  0.005,  0.008,  0.002, -0.008, -0.008, -0.009,  0.004,
        -0.001],
       [ 0.001, -0.01 ,  0.009,  0.008, -0.01 ,  0.004,  0.003,  0.003,
         0.003, -0.008,  0.002, -0.008,  0.006, -0.006,  0.006, -0.002,
        -0.006],
       [ 0.01 ,  0.005, -0.007, -0.003,  0.01 , -0.01 , -0.008,  0.003,
        -0.009,  0.01 ,  0.009,  0.006, -0.005, -0.007, -0.003,  0.   ,
         0.008],
       [ 0.   , -0.006, -0.008,  0.009,  0.006, -0.01 ,  0.004, -0.006,
         0.005,  0.001,  0.   , -0.007, -0.009,  0.007,  0.005,  0.005,
         0.002],
       [ 0.005,  0.009, -0.01 ,  0.01 ,  0.005,  0.004, -0.003,  0.005,
        -0.01 ,  0.   ,  0.   , -0.002, -0.007, -0.01 , -0.002, -0.003,
         0.008],
       [ 0.002,  0.   ,  0.002,  0.001,  0.006,  0.006,  0.001,  0.008,
        -0.003,  0.004,  0.006,  0.01 ,  0.003, -0.009,  0.005,  0.003,
         0.   ],
       [ 0.01 ,  0.006,  0.005,  0.005,  0.002, -0.004,  0.002, -0.004,
         0.004,  0.004,  0.006, -0.006, -0.003,  0.009, -0.01 ,  0.002,
        -0.004],
       [ 0.005,  0.007, -0.002, -0.007,  0.   , -0.01 , -0.007,  0.01 ,
         0.007,  0.003,  0.01 ,  0.007, -0.002, -0.003, -0.003,  0.007,
         0.001],
       [ 0.01 , -0.009,  0.003,  0.   ,  0.002,  0.007, -0.003, -0.01 ,
        -0.003,  0.004, -0.003, -0.006, -0.003, -0.01 ,  0.003,  0.005,
        -0.006],
       [-0.008, -0.01 , -0.009,  0.   , -0.009,  0.008,  0.006, -0.001,
        -0.005, -0.008, -0.002, -0.001, -0.01 ,  0.006, -0.008, -0.001,
        -0.007],
       [ 0.003,  0.   ,  0.008, -0.008,  0.01 , -0.003, -0.005, -0.01 ,
         0.005, -0.001,  0.   , -0.008,  0.008,  0.   , -0.002, -0.002,
        -0.005],
       [-0.005,  0.005, -0.002, -0.001, -0.005,  0.009, -0.003,  0.008,
        -0.004,  0.006,  0.004,  0.005,  0.006, -0.004,  0.004,  0.01 ,
         0.002],
       [ 0.006,  0.008,  0.002, -0.006,  0.008, -0.007, -0.005, -0.008,
        -0.009,  0.009,  0.001, -0.009, -0.002, -0.002, -0.003,  0.001,
         0.009],
       [ 0.001, -0.005, -0.001, -0.006, -0.004,  0.007, -0.003,  0.005,
        -0.005,  0.01 , -0.004, -0.002,  0.008,  0.   , -0.006, -0.01 ,
        -0.005]]), 'deltas': array([[0.],
       [0.],
       [0.],
       [0.],
       [0.],
       [0.],
       [0.],
       [0.],
       [0.],
       [0.],
       [0.],
       [0.],
       [0.],
       [0.],
       [0.],
       [0.],
       [0.]]), 'outputs': array([[0.],
       [0.],
       [0.],
       [0.],
       [0.],
       [0.],
       [0.],
       [0.],
       [0.],
       [0.],
       [0.],
       [0.],
       [0.],
       [0.],
       [0.],
       [0.],
       [0.]]), 'errors': array([[0.],
       [0.],
       [0.],
       [0.],
       [0.],
       [0.],
       [0.],
       [0.],
       [0.],
       [0.],
       [0.],
       [0.],
       [0.],
       [0.],
       [0.],
       [0.],
       [0.]])}, {'weights': array([[ 0.007,  0.006,  0.002, -0.008,  0.009,  0.   , -0.007,  0.   ,
        -0.002,  0.001, -0.007, -0.001,  0.001, -0.008, -0.003, -0.005,
         0.008],
       [-0.005,  0.003,  0.004,  0.007,  0.005,  0.001, -0.007, -0.001,
         0.008,  0.009,  0.006,  0.01 ,  0.008,  0.   , -0.006,  0.004,
        -0.009],
       [-0.007,  0.01 ,  0.01 , -0.005, -0.009, -0.01 , -0.001,  0.01 ,
         0.005,  0.   ,  0.002, -0.001, -0.004, -0.01 , -0.008, -0.006,
         0.005]]), 'deltas': array([[0.],
       [0.],
       [0.],
       [0.]]), 'outputs': array([[0.],
       [0.],
       [0.],
       [0.]]), 'errors': array([[0.],
       [0.],
       [0.],
       [0.]])}]
Training complete!
Training done. epoch: 10 , total error: 0.00045204127872901375
[{'weights': array([[ 4.37474476e-01, -5.29281368e-01, -5.45912747e-01,
        -2.64198017e-01, -7.41179452e-01, -5.23820934e-01,
         1.39210751e-01,  2.01871979e-01,  1.32855798e+00,
        -7.36008391e-01, -1.02707732e+00, -4.82389930e-01,
         1.32255798e+00, -7.20253903e-01, -1.00519356e+00,
        -4.96028170e-01, -9.07917655e-01],
       [ 4.28159269e-01, -5.36383792e-01, -5.49588610e-01,
        -2.77142581e-01, -7.50024239e-01, -5.24145585e-01,
         1.31991616e-01,  2.18222494e-01,  1.33254054e+00,
        -7.28967104e-01, -1.01028934e+00, -4.78239808e-01,
         1.32054054e+00, -7.15116229e-01, -1.01243451e+00,
        -4.89945516e-01, -9.04955714e-01],
       [ 4.35058523e-01, -5.34146123e-01, -5.43030947e-01,
        -2.60514637e-01, -7.48642904e-01, -5.18693864e-01,
         1.41183230e-01,  2.10520354e-01,  1.32767240e+00,
        -7.32382776e-01, -1.01873907e+00, -4.84183736e-01,
         1.32767240e+00, -7.15282330e-01, -1.01009296e+00,
        -5.03930300e-01, -9.11633184e-01],
       [ 4.42232911e-01, -5.35086952e-01, -5.44850158e-01,
        -2.68937941e-01, -7.41943344e-01, -5.13997881e-01,
         1.43202920e-01,  2.04096165e-01,  1.32136940e+00,
        -7.29812446e-01, -1.00975843e+00, -4.76440664e-01,
         1.31636940e+00, -7.28679487e-01, -1.01845467e+00,
        -4.96877376e-01, -9.07642139e-01],
       [ 4.36329018e-01, -5.35066552e-01, -5.36217233e-01,
        -2.61326144e-01, -7.43124353e-01, -5.16228599e-01,
         1.42177031e-01,  2.12895009e-01,  1.32388098e+00,
        -7.37390706e-01, -1.01809410e+00, -4.83677087e-01,
         1.32688098e+00, -7.21149226e-01, -1.00563910e+00,
        -5.00373567e-01, -9.10280911e-01],
       [ 4.43271124e-01, -5.28479147e-01, -5.49058899e-01,
        -2.73299011e-01, -7.37011904e-01, -5.27434218e-01,
         1.33748595e-01,  2.13131595e-01,  1.31594912e+00,
        -7.29602688e-01, -1.01183978e+00, -4.71072584e-01,
         1.31994912e+00, -7.33687933e-01, -1.01412869e+00,
        -4.99698427e-01, -9.04565932e-01],
       [ 4.34342132e-01, -5.36297078e-01, -5.50306590e-01,
        -2.62571955e-01, -7.38140041e-01, -5.25005985e-01,
         1.42657413e-01,  2.04655124e-01,  1.32921226e+00,
        -7.36002684e-01, -1.01863169e+00, -4.85411378e-01,
         1.31521226e+00, -7.17635931e-01, -1.00355069e+00,
        -4.95859132e-01, -9.07833490e-01],
       [ 4.40288666e-01, -5.25615350e-01, -5.50504602e-01,
        -2.61178295e-01, -7.36684483e-01, -5.16947546e-01,
         1.38605095e-01,  2.15017354e-01,  1.31418081e+00,
        -7.36973183e-01, -1.02130863e+00, -4.78908580e-01,
         1.31718081e+00, -7.33442941e-01, -1.01394241e+00,
        -5.02805033e-01, -9.03009580e-01],
       [ 4.37003743e-01, -5.30937863e-01, -5.43286774e-01,
        -2.69802380e-01, -7.34193366e-01, -5.15434319e-01,
         1.40733306e-01,  2.17871105e-01,  1.32012817e+00,
        -7.30811814e-01, -1.01591651e+00, -4.68423118e-01,
         1.32612817e+00, -7.29602262e-01, -1.00820981e+00,
        -4.98339369e-01, -9.12023274e-01],
       [ 4.43448545e-01, -5.26563692e-01, -5.37521637e-01,
        -2.64979624e-01, -7.42285627e-01, -5.21204329e-01,
         1.41600179e-01,  2.06273370e-01,  1.32633698e+00,
        -7.33528237e-01, -1.01319013e+00, -4.83235022e-01,
         1.31933698e+00, -7.18042174e-01, -1.01711958e+00,
        -4.97791632e-01, -9.15616408e-01],
       [ 4.40393425e-01, -5.26399935e-01, -5.44591668e-01,
        -2.76771036e-01, -7.42194337e-01, -5.27056381e-01,
         1.32746415e-01,  2.19135089e-01,  1.32884592e+00,
        -7.31757186e-01, -1.01039319e+00, -4.70064757e-01,
         1.31984592e+00, -7.26270127e-01, -1.01206846e+00,
        -4.92876548e-01, -9.09369215e-01],
       [ 4.42068134e-01, -5.32993057e-01, -5.40235703e-01,
        -2.69124317e-01, -7.36124104e-01, -5.13014146e-01,
         1.39782213e-01,  2.01071095e-01,  1.32100512e+00,
        -7.32096194e-01, -1.01986304e+00, -4.81330831e-01,
         1.32100512e+00, -7.29530504e-01, -1.00802912e+00,
        -4.92730441e-01, -9.10284943e-01],
       [ 4.30571013e-01, -5.36851112e-01, -5.49209144e-01,
        -2.69971505e-01, -7.43675643e-01, -5.08165037e-01,
         1.47506181e-01,  2.09873751e-01,  1.32063844e+00,
        -7.40212218e-01, -1.01815632e+00, -4.76730646e-01,
         1.31563844e+00, -7.14617266e-01, -1.01290701e+00,
        -4.99574913e-01, -9.05460748e-01],
       [ 4.36286078e-01, -5.30110646e-01, -5.34935368e-01,
        -2.75150307e-01, -7.32849327e-01, -5.19151629e-01,
         1.36957766e-01,  2.00132949e-01,  1.32579227e+00,
        -7.36515631e-01, -1.01909168e+00, -4.81095197e-01,
         1.32879227e+00, -7.23587700e-01, -1.01036962e+00,
        -4.97745191e-01, -9.11910242e-01],
       [ 4.31856641e-01, -5.29191482e-01, -5.45718631e-01,
        -2.71721643e-01, -7.43012139e-01, -5.14764691e-01,
         1.37463119e-01,  2.17538596e-01,  1.31911862e+00,
        -7.29055024e-01, -1.01779383e+00, -4.73044884e-01,
         1.32911862e+00, -7.25022139e-01, -1.00878995e+00,
        -4.91081651e-01, -9.09775115e-01],
       [ 4.39420839e-01, -5.26808789e-01, -5.40952721e-01,
        -2.74953012e-01, -7.38870726e-01, -5.25506969e-01,
         1.36651195e-01,  2.02432817e-01,  1.31520767e+00,
        -7.31573800e-01, -1.02002182e+00, -4.84905733e-01,
         1.32220767e+00, -7.29615519e-01, -1.01440902e+00,
        -4.97476813e-01, -9.04293683e-01],
       [ 1.00000000e-03, -5.00000000e-03, -1.00000000e-03,
        -6.00000000e-03, -4.00000000e-03,  7.00000000e-03,
        -3.00000000e-03,  5.00000000e-03, -5.00000000e-03,
         1.00000000e-02, -4.00000000e-03, -2.00000000e-03,
         8.00000000e-03,  0.00000000e+00, -6.00000000e-03,
        -1.00000000e-02, -5.00000000e-03]]), 'deltas': array([[0.00030414],
       [0.00030705],
       [0.00030413],
       [0.00030523],
       [0.00030437],
       [0.00030703],
       [0.00030572],
       [0.00030731],
       [0.00030613],
       [0.00030534],
       [0.000306  ],
       [0.00030572],
       [0.0003069 ],
       [0.00030514],
       [0.00030718],
       [0.00030682],
       [0.        ]]), 'outputs': array([[0.91044848],
       [0.90949699],
       [0.91045417],
       [0.91009287],
       [0.91037532],
       [0.90950323],
       [0.90993375],
       [0.90941209],
       [0.90980077],
       [0.91005797],
       [0.90984119],
       [0.90993253],
       [0.9095478 ],
       [0.91012444],
       [0.90945627],
       [0.90957253],
       [1.        ]]), 'errors': 0.0037303583832306903}, {'weights': array([[ 0.54825052,  0.53083372,  0.54717556,  0.50884228,  0.54011706,
         0.50959983,  0.51140852,  0.51175024,  0.51139678,  0.52883758,
         0.51772198,  0.51718478,  0.51353868,  0.52490846,  0.50965141,
         0.50885783, -3.34711318],
       [-0.43644961, -0.41413481, -0.42122226, -0.41739014, -0.42160856,
        -0.41072148, -0.42313793, -0.41716009, -0.41550179, -0.40744561,
        -0.41670265, -0.41077188, -0.41209433, -0.41675975, -0.42868237,
        -0.40301149,  0.39411758],
       [-0.25249511, -0.23615847, -0.24558441, -0.2364521 , -0.25117552,
        -0.25015308, -0.24195711, -0.22816661, -0.22778136, -0.24897182,
        -0.23988653, -0.23712986, -0.23495334, -0.26315696, -0.24145469,
        -0.25424027, -0.07785889]]), 'deltas': array([[ 1.98867483e-04],
       [-1.15971816e-05],
       [-6.72560017e-04]]), 'outputs': array([[0.98579673],
       [0.00341129],
       [0.02628142]]), 'errors': array([[ 0.01420327],
       [-0.00341129],
       [-0.02628142]])}]
Accuracy: 66.66666666666666 %

train_data group 2 length:  120
   0   1   2   3   4   5   6   7   8   9   10  11  12  13  14  15  16
0   1   0   0   0   0   0   1   0   1   0   0   0   1   0   0   0   0
1   0   1   0   0   0   0   0   1   1   0   0   0   1   0   0   0   0
2   1   0   0   0   0   1   0   0   1   0   0   0   1   0   0   0   0
3   1   0   0   0   0   0   1   0   1   0   0   0   1   0   0   0   0
4   1   0   0   0   0   0   1   0   1   0   0   0   1   0   0   0   0
Initial Neural Network:
[{'weights': array([[-0.005,  0.007, -0.006, -0.007,  0.001,  0.004, -0.001, -0.001,
         0.01 ,  0.009, -0.007, -0.008,  0.003, -0.008,  0.01 ,  0.006,
        -0.008],
       [ 0.004, -0.006,  0.   , -0.002,  0.006,  0.004, -0.003, -0.003,
         0.004, -0.009,  0.001,  0.   , -0.001, -0.001, -0.006, -0.008,
        -0.001],
       [ 0.007, -0.006,  0.002,  0.002,  0.003,  0.01 ,  0.01 ,  0.006,
        -0.002, -0.001,  0.002,  0.004, -0.009,  0.004,  0.002, -0.005,
        -0.009],
       [-0.001,  0.004,  0.006, -0.001,  0.008, -0.001, -0.009, -0.005,
        -0.001, -0.001,  0.005, -0.002,  0.   , -0.005,  0.003, -0.002,
        -0.005],
       [ 0.007, -0.009,  0.008,  0.01 ,  0.   ,  0.002, -0.009,  0.007,
         0.001, -0.002, -0.005,  0.005,  0.006, -0.002, -0.01 , -0.006,
         0.003],
       [ 0.003, -0.008, -0.004,  0.007, -0.007, -0.001, -0.009, -0.003,
        -0.005, -0.008,  0.007,  0.007, -0.004, -0.01 , -0.009, -0.003,
        -0.008],
       [ 0.003, -0.001,  0.007,  0.009,  0.009, -0.004,  0.007,  0.003,
        -0.005,  0.004,  0.01 , -0.001,  0.005, -0.007,  0.009,  0.005,
         0.008],
       [-0.008,  0.003,  0.006,  0.006, -0.005,  0.006,  0.002, -0.003,
        -0.008, -0.007,  0.006,  0.004, -0.005,  0.006,  0.004,  0.003,
        -0.009],
       [ 0.01 , -0.005, -0.008,  0.007,  0.002, -0.009,  0.005, -0.01 ,
         0.004, -0.004, -0.001,  0.005,  0.008,  0.007,  0.007,  0.008,
        -0.002],
       [-0.01 ,  0.008,  0.007, -0.001,  0.005, -0.008,  0.01 ,  0.006,
        -0.007, -0.003, -0.004,  0.002, -0.007,  0.01 ,  0.003, -0.003,
         0.   ],
       [ 0.006, -0.003,  0.009,  0.003,  0.   , -0.006,  0.009,  0.009,
        -0.008,  0.002,  0.008,  0.002,  0.005, -0.009, -0.008, -0.008,
        -0.007],
       [-0.01 , -0.004, -0.003, -0.005, -0.002, -0.005, -0.005, -0.004,
         0.007,  0.01 , -0.007, -0.008,  0.006,  0.   , -0.008,  0.   ,
         0.01 ],
       [-0.01 ,  0.009,  0.003,  0.01 , -0.003, -0.005,  0.01 ,  0.004,
         0.002,  0.01 , -0.005,  0.01 ,  0.009, -0.004, -0.007,  0.008,
         0.   ],
       [-0.005,  0.   , -0.009,  0.008,  0.009,  0.003, -0.004,  0.008,
         0.004, -0.001,  0.   ,  0.001, -0.005,  0.006,  0.002,  0.003,
        -0.008],
       [ 0.009, -0.01 ,  0.001, -0.008, -0.002, -0.005,  0.01 , -0.001,
        -0.004,  0.004, -0.01 , -0.008, -0.008,  0.001, -0.003,  0.006,
         0.009],
       [-0.005,  0.005,  0.008, -0.009,  0.009,  0.006,  0.   ,  0.007,
         0.003, -0.003, -0.004, -0.01 , -0.01 , -0.006,  0.007,  0.007,
        -0.005],
       [-0.01 ,  0.005,  0.006,  0.007,  0.006, -0.007, -0.006, -0.009,
         0.006, -0.004,  0.01 , -0.005, -0.008,  0.   ,  0.006, -0.005,
        -0.002]]), 'deltas': array([[0.],
       [0.],
       [0.],
       [0.],
       [0.],
       [0.],
       [0.],
       [0.],
       [0.],
       [0.],
       [0.],
       [0.],
       [0.],
       [0.],
       [0.],
       [0.],
       [0.]]), 'outputs': array([[0.],
       [0.],
       [0.],
       [0.],
       [0.],
       [0.],
       [0.],
       [0.],
       [0.],
       [0.],
       [0.],
       [0.],
       [0.],
       [0.],
       [0.],
       [0.],
       [0.]]), 'errors': array([[0.],
       [0.],
       [0.],
       [0.],
       [0.],
       [0.],
       [0.],
       [0.],
       [0.],
       [0.],
       [0.],
       [0.],
       [0.],
       [0.],
       [0.],
       [0.],
       [0.]])}, {'weights': array([[ 0.003,  0.002, -0.009,  0.006, -0.007,  0.006,  0.   , -0.008,
         0.006, -0.003,  0.002,  0.007,  0.003,  0.008, -0.009, -0.003,
        -0.005],
       [-0.01 ,  0.008,  0.005, -0.001,  0.   ,  0.01 , -0.009, -0.002,
        -0.002,  0.01 ,  0.003, -0.003, -0.003,  0.004,  0.001, -0.004,
         0.005],
       [-0.002,  0.001,  0.003,  0.003,  0.   ,  0.01 ,  0.005,  0.001,
        -0.006, -0.004, -0.009, -0.01 ,  0.004,  0.007,  0.002,  0.005,
        -0.009]]), 'deltas': array([[0.],
       [0.],
       [0.],
       [0.]]), 'outputs': array([[0.],
       [0.],
       [0.],
       [0.]]), 'errors': array([[0.],
       [0.],
       [0.],
       [0.]])}]
Training complete!
Training done. epoch: 249 , total error: 0.0008530209536350219
[{'weights': array([[ 5.27492014e-01, -1.09952429e+00,  4.54128708e-01,
        -1.31606074e+00, -2.19062557e+00,  1.85338488e-01,
         1.55682885e-01,  4.29639885e-01,  2.86851385e+00,
         2.75624876e+00, -1.86724020e+00, -5.17648673e+00,
         2.86151385e+00,  6.72228445e-01, -5.61337360e-01,
        -4.38436925e+00, -1.43096431e+00],
       [-1.57965486e+00,  4.51974920e-01,  5.00622005e-01,
        -9.86486182e-01, -8.91708572e-01, -8.76868976e-01,
        -2.23929749e-01,  3.86963175e-01,  3.81418388e+00,
        -1.08896552e+00, -2.47371947e-01, -4.09139054e+00,
         3.80918388e+00,  2.10369694e-01, -8.86971052e-01,
        -4.75812665e+00, -1.61054412e+00],
       [-1.51522371e+00,  4.39016203e-01,  4.90303753e-01,
        -1.01168604e+00, -9.10289515e-01, -8.90216942e-01,
        -1.74112583e-01,  4.01029239e-01,  3.75874352e+00,
        -6.83722327e-01, -4.38924147e-01, -4.23568685e+00,
         3.75174352e+00, -1.11069507e-01, -6.65972336e-01,
        -4.58529148e+00, -1.61158980e+00],
       [-1.54907529e+00,  4.46128829e-01,  4.96306716e-01,
        -9.97000074e-01, -9.10155465e-01, -8.91192195e-01,
        -2.04036672e-01,  3.86744518e-01,  3.79072428e+00,
        -8.67038903e-01, -3.60312171e-01, -4.17401302e+00,
         3.79172428e+00, -1.15180286e-02, -7.46855630e-01,
        -4.64899044e+00, -1.61663981e+00],
       [-1.52685367e+00,  4.42439251e-01,  4.93607063e-01,
        -1.00254665e+00, -9.16585738e-01, -8.96169697e-01,
        -1.94270722e-01,  3.97672151e-01,  3.76522105e+00,
        -7.52346233e-01, -4.11653606e-01, -4.21157521e+00,
         3.77022105e+00, -8.60308107e-02, -6.96852130e-01,
        -4.60869211e+00, -1.60635401e+00],
       [-1.51037259e+00,  4.38044305e-01,  4.89731840e-01,
        -1.01279864e+00, -9.21353141e-01, -9.00435223e-01,
        -1.83341195e-01,  3.91734475e-01,  3.75062533e+00,
        -6.49352192e-01, -4.51373395e-01, -4.24229483e+00,
         3.75162533e+00, -1.44406328e-01, -6.52779146e-01,
        -4.57383494e+00, -1.60139508e+00],
       [-1.44745502e+00,  4.24467541e-01,  4.81117501e-01,
        -1.03149670e+00, -9.23568888e-01, -8.97794302e-01,
        -1.54727491e-01,  3.99724010e-01,  3.68271773e+00,
        -3.24740301e-01, -5.83601338e-01, -4.35774276e+00,
         3.69271773e+00, -2.65799606e-01, -5.28769643e-01,
        -4.47751515e+00, -1.58336667e+00],
       [-1.59653430e+00,  4.65685193e-01,  5.11809437e-01,
        -9.68752343e-01, -8.70091073e-01, -8.63494421e-01,
        -2.47472111e-01,  3.86265589e-01,  3.82343306e+00,
        -1.27151764e+00, -1.29504109e-01, -4.02220333e+00,
         3.82643306e+00,  4.97162784e-01, -1.03871693e+00,
        -4.87167093e+00, -1.60379202e+00],
       [-1.50385894e+00,  4.35091188e-01,  4.86998289e-01,
        -1.01768141e+00, -9.22072242e-01, -9.01057837e-01,
        -1.77685668e-01,  3.85364879e-01,  3.74465829e+00,
        -6.14323639e-01, -4.71174965e-01, -4.25861056e+00,
         3.74865829e+00, -1.48180592e-01, -6.25067942e-01,
        -4.54886063e+00, -1.60545087e+00],
       [-1.57739893e+00,  5.03116324e-01,  5.46437227e-01,
        -9.23794789e-01, -7.20989380e-01, -7.52967431e-01,
        -3.56090154e-01,  3.87406801e-01,  3.77075444e+00,
        -2.26540097e+00,  7.04369986e-01, -3.67736363e+00,
         3.77075444e+00,  2.73734882e+00, -2.17565868e+00,
        -5.78508475e+00, -1.45564016e+00],
       [-1.51315256e+00,  4.41601923e-01,  4.92689820e-01,
        -1.00800745e+00, -9.16917706e-01, -8.96883357e-01,
        -1.77956305e-01,  4.01889105e-01,  3.74941105e+00,
        -6.64091109e-01, -4.44014204e-01, -4.23917400e+00,
         3.76241105e+00, -1.43811185e-01, -6.59265400e-01,
        -4.58120273e+00, -1.60886826e+00],
       [-1.51658434e+00,  4.28969240e-01,  4.81405998e-01,
        -1.01895732e+00, -9.21556505e-01, -8.99713616e-01,
        -1.85979092e-01,  3.88082790e-01,  3.75056185e+00,
        -6.39233517e-01, -4.59721855e-01, -4.25277290e+00,
         3.74956185e+00, -1.41864578e-01, -6.44938390e-01,
        -4.56792530e+00, -1.59316642e+00],
       [-1.50009259e+00,  4.35149887e-01,  4.87666254e-01,
        -1.01488698e+00, -9.19625319e-01, -8.97900593e-01,
        -1.76235855e-01,  3.95598335e-01,  3.73860660e+00,
        -5.94407181e-01, -4.71400863e-01, -4.25996199e+00,
         3.74560660e+00, -1.58832076e-01, -6.29792319e-01,
        -4.55514563e+00, -1.60416343e+00],
       [-1.57859329e+00,  4.49500410e-01,  4.98409527e-01,
        -9.83866219e-01, -8.90936320e-01, -8.75803730e-01,
        -2.21972888e-01,  3.96163371e-01,  3.81690346e+00,
        -1.07625138e+00, -2.50639995e-01, -4.09456165e+00,
         3.80790346e+00,  2.14297835e-01, -8.76378552e-01,
        -4.74837231e+00, -1.61654957e+00],
       [-6.84460168e-01,  4.57174789e-01,  5.31370054e-01,
        -1.17475369e+00, -5.67503223e-01, -4.99061053e-01,
        -1.94765432e-01,  4.00660691e-01,  3.05066088e+00,
         2.76176897e+00, -1.69087517e+00, -5.00222370e+00,
         3.04666088e+00,  1.21268450e+00, -6.30699447e-01,
        -4.49531495e+00, -8.53669017e-01],
       [-1.43705773e+00,  4.21931983e-01,  4.80286114e-01,
        -1.04230166e+00, -9.17289794e-01, -8.89505174e-01,
        -1.50958809e-01,  4.03612476e-01,  3.68205128e+00,
        -2.95157656e-01, -6.02719792e-01, -4.37431513e+00,
         3.66905128e+00, -2.58890298e-01, -5.18894839e-01,
        -4.46940744e+00, -1.58114130e+00],
       [-1.00000000e-02,  5.00000000e-03,  6.00000000e-03,
         7.00000000e-03,  6.00000000e-03, -7.00000000e-03,
        -6.00000000e-03, -9.00000000e-03,  6.00000000e-03,
        -4.00000000e-03,  1.00000000e-02, -5.00000000e-03,
        -8.00000000e-03,  0.00000000e+00,  6.00000000e-03,
        -5.00000000e-03, -2.00000000e-03]]), 'deltas': array([[1.29929200e-04],
       [5.44328263e-06],
       [6.09184282e-06],
       [5.73935879e-06],
       [5.91069764e-06],
       [6.14254632e-06],
       [6.88487031e-06],
       [5.19768883e-06],
       [6.28080701e-06],
       [4.80663959e-06],
       [6.04641792e-06],
       [6.18327874e-06],
       [6.26531122e-06],
       [5.43156571e-06],
       [1.14995841e-05],
       [7.02886482e-06],
       [0.00000000e+00]]), 'outputs': array([[0.97413991],
       [0.99894351],
       [0.99881748],
       [0.99888598],
       [0.99885269],
       [0.99880763],
       [0.99866334],
       [0.99899123],
       [0.99878076],
       [0.99906719],
       [0.99882631],
       [0.99879971],
       [0.99878377],
       [0.99894579],
       [0.99776541],
       [0.99863535],
       [1.        ]]), 'errors': 0.005157692281716704}, {'weights': array([[ 0.63089961,  0.72566248,  0.70388425,  0.71089257,  0.73363744,
         0.72635208,  0.71503852,  0.66233785,  0.75088702,  0.57949937,
         0.73062175,  0.74440312,  0.73644931,  0.71201769,  0.57836326,
         0.70128291, -5.64853388],
       [ 1.03593382, -0.54559881, -0.89236334, -0.83481674, -1.04948823,
        -1.11195973, -1.01052158,  0.12716964, -1.10728821,  3.99151731,
        -0.99917532, -0.8963824 , -0.93976277, -0.43161651,  2.87234363,
        -0.90462266, -0.44294394],
       [-3.45333081, -3.09604583, -3.07957051, -3.08155557, -3.06329733,
        -3.03875859, -3.07830623, -3.12995841, -3.07530431, -3.39137341,
        -3.08616239, -3.11168253, -3.07918331, -3.10005798, -3.47682834,
        -3.08777864,  1.57386278]]), 'deltas': array([[ 1.77081115e-05],
       [-1.61889091e-03],
       [-4.92905120e-43]]), 'outputs': array([[9.95782998e-01],
       [4.10884266e-02],
       [7.02072019e-22]]), 'errors': array([[ 4.21700164e-03],
       [-4.10884266e-02],
       [-7.02072019e-22]])}]
Accuracy: 83.33333333333334 %

train_data group 3 length:  120
   0   1   2   3   4   5   6   7   8   9   10  11  12  13  14  15  16
0   1   0   0   0   0   0   1   0   1   0   0   0   1   0   0   0   0
1   0   1   0   0   0   0   0   1   1   0   0   0   1   0   0   0   0
2   1   0   0   0   0   1   0   0   1   0   0   0   1   0   0   0   0
3   1   0   0   0   0   0   1   0   1   0   0   0   1   0   0   0   0
4   1   0   0   0   0   0   1   0   1   0   0   0   1   0   0   0   0
Initial Neural Network:
[{'weights': array([[ 0.005,  0.01 ,  0.   , -0.01 ,  0.01 , -0.009, -0.008,  0.008,
        -0.01 ,  0.003, -0.007,  0.006, -0.01 ,  0.009, -0.001,  0.01 ,
        -0.009],
       [ 0.004,  0.002, -0.004, -0.004, -0.004,  0.001,  0.01 , -0.007,
         0.002,  0.001, -0.01 ,  0.007, -0.002, -0.01 , -0.004,  0.007,
         0.001],
       [-0.002, -0.007,  0.002,  0.007,  0.006,  0.004, -0.008,  0.008,
         0.005, -0.009,  0.009,  0.008,  0.002, -0.006, -0.003,  0.005,
         0.009],
       [-0.004,  0.007, -0.001,  0.008,  0.   ,  0.001,  0.005, -0.01 ,
         0.009,  0.004, -0.008, -0.005, -0.003, -0.008,  0.   ,  0.009,
        -0.008],
       [ 0.001,  0.008,  0.007, -0.001, -0.007,  0.009,  0.006,  0.   ,
         0.002,  0.005,  0.005, -0.01 , -0.004,  0.006,  0.003, -0.002,
        -0.009],
       [ 0.003,  0.004, -0.009, -0.005, -0.001,  0.01 ,  0.007,  0.005,
         0.004, -0.005, -0.01 , -0.008,  0.007,  0.   ,  0.001,  0.005,
         0.01 ],
       [ 0.002,  0.001,  0.002,  0.01 ,  0.   ,  0.005,  0.007, -0.006,
        -0.003,  0.001, -0.001, -0.003, -0.01 , -0.002,  0.001,  0.009,
         0.006],
       [ 0.006,  0.003, -0.009,  0.002, -0.002,  0.004,  0.002, -0.001,
        -0.009, -0.006, -0.008, -0.001,  0.009,  0.002,  0.01 , -0.01 ,
         0.005],
       [ 0.008,  0.006,  0.005, -0.01 , -0.006, -0.005,  0.002,  0.006,
        -0.004,  0.004,  0.001, -0.006,  0.002, -0.008, -0.005,  0.005,
         0.006],
       [-0.005, -0.01 ,  0.01 ,  0.007, -0.003, -0.001,  0.005,  0.007,
         0.006,  0.005, -0.002, -0.01 ,  0.002,  0.007, -0.004,  0.007,
         0.008],
       [-0.01 , -0.009,  0.01 , -0.007, -0.001,  0.005, -0.005,  0.008,
         0.006, -0.01 ,  0.008, -0.003, -0.008, -0.003,  0.004, -0.003,
        -0.005],
       [-0.004,  0.009,  0.009,  0.002, -0.001, -0.005, -0.009, -0.005,
         0.01 ,  0.004, -0.008, -0.006,  0.006,  0.006,  0.   , -0.007,
         0.01 ],
       [ 0.005,  0.009,  0.005, -0.001, -0.007, -0.005,  0.006,  0.002,
         0.01 , -0.01 ,  0.004,  0.003, -0.003,  0.001,  0.002, -0.004,
        -0.009],
       [ 0.005,  0.004,  0.004, -0.002, -0.009, -0.01 ,  0.002,  0.002,
        -0.008,  0.008,  0.01 , -0.004,  0.008,  0.007, -0.006, -0.008,
        -0.008],
       [-0.003, -0.007, -0.009,  0.   , -0.001,  0.003, -0.002,  0.007,
         0.002,  0.008,  0.008, -0.01 , -0.002, -0.002,  0.001,  0.007,
        -0.001],
       [ 0.   , -0.009, -0.008,  0.003,  0.001, -0.01 ,  0.007,  0.008,
         0.009, -0.008, -0.006, -0.002, -0.001,  0.009, -0.003,  0.009,
         0.006],
       [-0.005, -0.008, -0.01 ,  0.005, -0.001,  0.006,  0.008,  0.007,
        -0.007, -0.01 , -0.01 , -0.002,  0.005, -0.009, -0.004, -0.007,
        -0.009]]), 'deltas': array([[0.],
       [0.],
       [0.],
       [0.],
       [0.],
       [0.],
       [0.],
       [0.],
       [0.],
       [0.],
       [0.],
       [0.],
       [0.],
       [0.],
       [0.],
       [0.],
       [0.]]), 'outputs': array([[0.],
       [0.],
       [0.],
       [0.],
       [0.],
       [0.],
       [0.],
       [0.],
       [0.],
       [0.],
       [0.],
       [0.],
       [0.],
       [0.],
       [0.],
       [0.],
       [0.]]), 'errors': array([[0.],
       [0.],
       [0.],
       [0.],
       [0.],
       [0.],
       [0.],
       [0.],
       [0.],
       [0.],
       [0.],
       [0.],
       [0.],
       [0.],
       [0.],
       [0.],
       [0.]])}, {'weights': array([[ 0.006,  0.005,  0.005, -0.01 ,  0.01 ,  0.005, -0.009,  0.008,
         0.003,  0.007,  0.008,  0.009,  0.003, -0.009,  0.006, -0.006,
        -0.003],
       [ 0.008,  0.001, -0.007,  0.002, -0.006,  0.003,  0.01 ,  0.008,
         0.   ,  0.   , -0.008, -0.01 ,  0.002, -0.009,  0.009, -0.004,
        -0.004],
       [ 0.008,  0.009, -0.009, -0.005,  0.006, -0.01 ,  0.003, -0.01 ,
        -0.003,  0.01 ,  0.005, -0.009,  0.004, -0.005, -0.002, -0.008,
         0.003]]), 'deltas': array([[0.],
       [0.],
       [0.],
       [0.]]), 'outputs': array([[0.],
       [0.],
       [0.],
       [0.]]), 'errors': array([[0.],
       [0.],
       [0.],
       [0.]])}]
Training complete!
Training done. epoch: 132 , total error: 0.00016863005245257632
[{'weights': array([[ 1.01859894e+00, -6.98633623e-01, -1.77847031e+00,
         9.38496322e-01,  6.50095105e-01, -3.48634534e-01,
        -4.63489018e-01, -3.61980222e-01, -2.95363599e+00,
        -1.99632796e+00,  1.41293079e-01,  4.27566220e+00,
        -2.95363599e+00, -1.57082196e+00, -4.78191530e-01,
         4.48564081e+00, -5.34008669e-01],
       [-1.27508314e+00, -2.59831611e-01,  2.28015889e-01,
         9.38582013e-01, -4.53570589e-01,  5.16167153e-01,
        -3.46033102e-02, -3.94310101e-01, -2.60612523e+00,
        -2.98886589e-01, -1.10277543e+00,  3.64147040e+00,
        -2.61012523e+00, -7.21247482e-01, -1.00522824e+00,
         3.96128410e+00, -3.65316847e-01],
       [ 9.70930592e-01, -7.99389945e-01, -1.67181537e+00,
         9.46798928e-01,  5.03601102e-01, -2.70949323e-01,
        -4.13766188e-01, -3.62361382e-01, -2.94270442e+00,
        -1.99049181e+00,  1.51205166e-01,  4.24151527e+00,
        -2.94570442e+00, -1.53434221e+00, -4.93492924e-01,
         4.41806376e+00, -5.44475791e-01],
       [-1.19269211e+00,  1.58817416e-01,  3.41487993e-03,
         9.52854861e-01,  2.51989679e-01,  2.46988524e-01,
        -1.71075347e-01, -4.19507807e-01, -2.63462905e+00,
         4.45584555e-01, -1.48307168e+00,  3.58451123e+00,
        -2.64662905e+00, -1.90454194e-01, -1.24828341e+00,
         3.99576171e+00, -9.56049502e-02],
       [ 3.83087699e-01, -7.43862195e-01, -1.07314464e+00,
         9.44804138e-01,  1.22480292e-01, -2.43869369e-02,
        -2.24278995e-01, -3.69929356e-01, -2.82640489e+00,
        -1.54113458e+00, -1.52727640e-01,  4.01815211e+00,
        -2.83240489e+00, -1.24814307e+00, -6.39055780e-01,
         4.21848875e+00, -5.13114995e-01],
       [-7.81197117e-02, -7.69316821e-01, -6.39750918e-01,
         9.37258713e-01, -2.62700119e-01,  2.14646853e-01,
        -1.06599244e-01, -3.67276228e-01, -2.76243146e+00,
        -1.40057947e+00, -3.13988616e-01,  3.91507081e+00,
        -2.75943146e+00, -1.19030199e+00, -7.08397157e-01,
         4.12820186e+00, -5.32928738e-01],
       [ 9.74858564e-01, -7.36199335e-01, -1.70686669e+00,
         9.51212292e-01,  5.81615204e-01, -3.09659858e-01,
        -4.25783805e-01, -3.72166713e-01, -2.94454964e+00,
        -1.95582203e+00,  1.22524351e-01,  4.23985215e+00,
        -2.95154964e+00, -1.52493696e+00, -4.97541253e-01,
         4.44003268e+00, -5.25995173e-01],
       [ 9.88053504e-01, -7.66092529e-01, -1.70656142e+00,
         9.43640729e-01,  5.51601883e-01, -2.98571255e-01,
        -4.23811839e-01, -3.69178500e-01, -2.95996037e+00,
        -1.99541097e+00,  1.41400995e-01,  4.24701063e+00,
        -2.94196037e+00, -1.54354457e+00, -4.87363706e-01,
         4.44090893e+00, -5.37959711e-01],
       [ 7.33687758e-01, -7.29402635e-01, -1.42688579e+00,
         9.39422860e-01,  4.14073220e-01, -2.02738560e-01,
        -3.40607066e-01, -3.65905396e-01, -2.89873648e+00,
        -1.70657957e+00, -1.49697776e-02,  4.12310803e+00,
        -2.89273648e+00, -1.34020441e+00, -5.79173199e-01,
         4.31393630e+00, -4.86177802e-01],
       [-1.40035910e+00,  9.65696121e-01, -3.69943742e-01,
         9.60302607e-01,  1.14600577e+00, -1.10253169e-01,
        -4.07016762e-01, -4.67039953e-01, -2.71590653e+00,
         9.91412265e-01, -1.72560101e+00,  3.60279116e+00,
        -2.71990653e+00,  6.09585816e-01, -1.72079928e+00,
         3.99681588e+00,  1.61695890e-01],
       [ 2.21163415e-01, -8.40248575e-01, -8.74869016e-01,
         9.36487012e-01, -1.27413766e-01,  1.07557298e-01,
        -1.52677174e-01, -3.61933522e-01, -2.79891113e+00,
        -1.57021412e+00, -1.50602756e-01,  3.97926083e+00,
        -2.81291113e+00, -1.25403437e+00, -6.41240375e-01,
         4.15671871e+00, -5.46467164e-01],
       [-1.18126159e+00, -3.25252953e-01,  1.75482424e-01,
         9.45840701e-01, -4.88425576e-01,  5.05126284e-01,
        -4.34733041e-02, -3.94418820e-01, -2.61067573e+00,
        -4.43708432e-01, -1.01345010e+00,  3.66664284e+00,
        -2.61467573e+00, -7.95326717e-01, -9.66106826e-01,
         3.97991785e+00, -3.91191416e-01],
       [-2.41922797e-01, -8.65441081e-01, -3.66193721e-01,
         9.40337908e-01, -5.33203715e-01,  3.75936294e-01,
        -2.95335179e-02, -3.68418751e-01, -2.73037814e+00,
        -1.40542069e+00, -2.88245500e-01,  3.87982464e+00,
        -2.74337814e+00, -1.18621404e+00, -6.89265703e-01,
         4.06363820e+00, -5.60219690e-01],
       [-2.69751714e-01, -7.76159885e-01, -4.21495990e-01,
         9.42958483e-01, -4.41336806e-01,  3.19709174e-01,
        -5.97328754e-02, -3.69088598e-01, -2.73796998e+00,
        -1.31739061e+00, -3.58631644e-01,  3.88454312e+00,
        -2.72196998e+00, -1.16089532e+00, -7.31714837e-01,
         4.08013103e+00, -5.43449105e-01],
       [ 9.44001795e-01, -7.50816229e-01, -1.67852355e+00,
         9.44565953e-01,  5.56673738e-01, -2.93083240e-01,
        -4.15856870e-01, -3.62505660e-01, -2.93611292e+00,
        -1.92183376e+00,  1.15467216e-01,  4.22870742e+00,
        -2.94011292e+00, -1.49458856e+00, -5.05293845e-01,
         4.42222329e+00, -5.22772032e-01],
       [-1.27071210e+00,  7.61336027e-02,  7.82540144e-01,
         9.32977210e-01, -7.89873792e-01,  1.80514176e+00,
        -9.88542486e-02, -3.75474863e-01, -2.71233755e+00,
        -1.13509160e+00,  7.43367181e-01,  3.63200083e+00,
        -2.72233755e+00, -1.06945499e+00,  4.60719731e-01,
         3.88001166e+00,  5.40938854e-01],
       [-5.00000000e-03, -8.00000000e-03, -1.00000000e-02,
         5.00000000e-03, -1.00000000e-03,  6.00000000e-03,
         8.00000000e-03,  7.00000000e-03, -7.00000000e-03,
        -1.00000000e-02, -1.00000000e-02, -2.00000000e-03,
         5.00000000e-03, -9.00000000e-03, -4.00000000e-03,
        -7.00000000e-03, -9.00000000e-03]]), 'deltas': array([[2.65415558e-05],
       [2.99857204e-05],
       [2.58861231e-05],
       [3.92706973e-05],
       [2.82973437e-05],
       [2.72545751e-05],
       [2.64261843e-05],
       [2.62019093e-05],
       [2.80806281e-05],
       [6.48822274e-05],
       [2.69962008e-05],
       [2.90112800e-05],
       [2.42670610e-05],
       [2.60692936e-05],
       [2.65720893e-05],
       [8.19478664e-07],
       [0.00000000e+00]]), 'outputs': array([[0.97923001],
       [0.97646843],
       [0.97975375],
       [0.96894259],
       [0.97782419],
       [0.97865961],
       [0.97932224],
       [0.97950148],
       [0.97799793],
       [0.94752791],
       [0.97886638],
       [0.97725137],
       [0.98104504],
       [0.97960744],
       [0.9792056 ],
       [0.99937164],
       [1.        ]]), 'errors': 0.0013049845998853037}, {'weights': array([[-2.89324637, -3.13932825, -2.88045647, -3.29910756, -2.99340564,
        -2.99931232, -2.92311595, -2.88520064, -2.9396898 , -3.75850536,
        -2.98819748, -3.13336895, -3.03391309, -3.04926323, -2.9001565 ,
        -3.39761805,  3.07197082],
       [-1.08299175, -0.75159286, -1.43926321, -0.0278195 , -0.76059396,
        -0.88330175, -1.0983016 , -1.08699641, -1.06419002,  5.32930114,
        -0.81440685, -0.59491206, -0.20412358, -0.4559592 , -1.10739439,
         4.41844671, -2.31670525],
       [ 1.38813734,  0.19108492,  1.32474247, -0.23636465,  0.77512351,
         0.63960302,  1.31558791,  1.30290039,  0.98164911, -1.13145023,
         0.76587386,  0.18628815,  0.60698662,  0.55768648,  1.24646743,
         0.64714302, -2.91869884]]), 'deltas': array([[-7.89264742e-40],
       [-3.30753032e-04],
       [ 3.22104051e-07]]), 'outputs': array([[2.80938560e-20],
       [1.83558660e-02],
       [9.99432297e-01]]), 'errors': array([[-2.8093856e-20],
       [-1.8355866e-02],
       [ 5.6770328e-04]])}]
Accuracy: 90.0 %

train_data group 4 length:  120
   0   1   2   3   4   5   6   7   8   9   10  11  12  13  14  15  16
0   1   0   0   0   0   0   1   0   1   0   0   0   1   0   0   0   0
1   0   1   0   0   0   0   0   1   1   0   0   0   1   0   0   0   0
2   1   0   0   0   0   1   0   0   1   0   0   0   1   0   0   0   0
3   1   0   0   0   0   0   1   0   1   0   0   0   1   0   0   0   0
4   1   0   0   0   0   0   1   0   1   0   0   0   1   0   0   0   0
Initial Neural Network:
[{'weights': array([[-0.005,  0.01 , -0.003, -0.008, -0.009,  0.006, -0.01 , -0.006,
        -0.006,  0.01 , -0.002, -0.006,  0.005, -0.009, -0.01 ,  0.008,
        -0.009],
       [ 0.002,  0.005, -0.002,  0.005,  0.002, -0.009,  0.   ,  0.002,
         0.008,  0.005, -0.004, -0.003,  0.006,  0.001,  0.009,  0.008,
        -0.002],
       [ 0.01 ,  0.01 ,  0.01 ,  0.009, -0.001,  0.   , -0.007,  0.006,
         0.007,  0.004, -0.006,  0.001,  0.   , -0.005,  0.003,  0.007,
        -0.009],
       [-0.006, -0.007, -0.005,  0.006,  0.001,  0.001, -0.005, -0.003,
         0.   , -0.003,  0.004, -0.003,  0.005,  0.008,  0.006, -0.007,
        -0.01 ],
       [ 0.006,  0.007, -0.003,  0.   , -0.001, -0.001,  0.01 , -0.007,
        -0.002, -0.008,  0.008,  0.009,  0.007, -0.001,  0.008, -0.002,
        -0.008],
       [-0.007, -0.01 ,  0.01 ,  0.007,  0.007, -0.005,  0.005,  0.009,
         0.004, -0.005,  0.003, -0.009,  0.007, -0.007,  0.007,  0.   ,
        -0.004],
       [ 0.007, -0.004, -0.003,  0.009,  0.01 , -0.002,  0.008,  0.006,
         0.004, -0.004,  0.01 ,  0.004, -0.006, -0.009,  0.002,  0.003,
         0.009],
       [-0.005, -0.007,  0.004,  0.007,  0.004,  0.001, -0.007,  0.   ,
         0.   ,  0.006, -0.006, -0.001,  0.009, -0.001,  0.002, -0.007,
        -0.009],
       [-0.01 , -0.003,  0.001, -0.006, -0.01 ,  0.004,  0.004,  0.003,
         0.002, -0.004, -0.007, -0.003, -0.001, -0.009, -0.003, -0.002,
        -0.003],
       [-0.002, -0.007,  0.01 , -0.001,  0.003, -0.01 , -0.008, -0.009,
         0.009, -0.006, -0.007,  0.01 ,  0.007, -0.009, -0.001, -0.004,
         0.008],
       [ 0.003, -0.008, -0.01 , -0.009,  0.007,  0.008,  0.008,  0.   ,
        -0.01 ,  0.002, -0.001,  0.005,  0.   ,  0.   , -0.004,  0.   ,
         0.   ],
       [-0.002, -0.004,  0.001, -0.005, -0.002,  0.006, -0.01 , -0.009,
         0.009,  0.   , -0.008,  0.006, -0.002, -0.003,  0.006,  0.001,
         0.009],
       [-0.01 , -0.005,  0.009,  0.005,  0.   , -0.002, -0.001, -0.001,
         0.004, -0.007, -0.01 ,  0.009,  0.008, -0.006, -0.006,  0.   ,
         0.01 ],
       [ 0.009,  0.004, -0.009,  0.005, -0.004, -0.004,  0.004, -0.008,
         0.008, -0.003,  0.01 ,  0.003,  0.004,  0.009,  0.01 , -0.002,
        -0.008],
       [ 0.01 ,  0.   , -0.004, -0.006,  0.006,  0.003,  0.009, -0.01 ,
         0.01 , -0.006,  0.003,  0.004,  0.004,  0.006,  0.005, -0.004,
         0.01 ],
       [-0.002,  0.   ,  0.007, -0.008, -0.001,  0.001,  0.009,  0.008,
        -0.001,  0.01 ,  0.009,  0.007, -0.006,  0.01 ,  0.002,  0.009,
         0.005],
       [-0.005, -0.009, -0.001,  0.01 , -0.004,  0.   ,  0.001,  0.009,
        -0.005, -0.01 , -0.01 ,  0.006, -0.004,  0.008,  0.001,  0.007,
        -0.007]]), 'deltas': array([[0.],
       [0.],
       [0.],
       [0.],
       [0.],
       [0.],
       [0.],
       [0.],
       [0.],
       [0.],
       [0.],
       [0.],
       [0.],
       [0.],
       [0.],
       [0.],
       [0.]]), 'outputs': array([[0.],
       [0.],
       [0.],
       [0.],
       [0.],
       [0.],
       [0.],
       [0.],
       [0.],
       [0.],
       [0.],
       [0.],
       [0.],
       [0.],
       [0.],
       [0.],
       [0.]]), 'errors': array([[0.],
       [0.],
       [0.],
       [0.],
       [0.],
       [0.],
       [0.],
       [0.],
       [0.],
       [0.],
       [0.],
       [0.],
       [0.],
       [0.],
       [0.],
       [0.],
       [0.]])}, {'weights': array([[-0.006,  0.006,  0.   ,  0.005,  0.   , -0.005,  0.006,  0.001,
         0.009,  0.01 ,  0.005, -0.002, -0.007,  0.005,  0.   ,  0.008,
        -0.001],
       [-0.007,  0.004,  0.004, -0.005,  0.002, -0.001, -0.006,  0.002,
        -0.003,  0.006,  0.009,  0.009, -0.01 , -0.006, -0.005,  0.007,
         0.005],
       [ 0.009, -0.002, -0.001,  0.01 , -0.006, -0.008,  0.002,  0.004,
         0.004,  0.004, -0.003, -0.002, -0.003,  0.007, -0.003, -0.008,
         0.008]]), 'deltas': array([[0.],
       [0.],
       [0.],
       [0.]]), 'outputs': array([[0.],
       [0.],
       [0.],
       [0.]]), 'errors': array([[0.],
       [0.],
       [0.],
       [0.]])}]
Training complete!
Training done. epoch: 263 , total error: 0.0005008981248270094
[{'weights': array([[-8.53115926e-02,  5.77824229e-01, -3.35205899e-01,
        -1.45713248e+00, -1.04917367e+00, -6.27995265e-01,
         7.40118131e-02,  2.90331375e-01,  3.28985182e+00,
        -3.97654627e-01, -2.83230751e-01, -3.90679219e+00,
         3.30085182e+00,  8.33330627e-01, -8.12654803e-01,
        -4.62135339e+00, -1.30282574e+00],
       [ 1.71308216e-01,  3.60155639e-01, -4.92444809e-01,
        -1.46915727e+00, -1.09527174e+00, -7.21535094e-01,
         6.90750954e-02,  3.02593517e-01,  3.28505687e+00,
        -4.72544925e-01, -3.50103261e-01, -3.89654691e+00,
         3.28305687e+00,  1.74524796e-01, -3.78450959e-01,
        -4.49526893e+00, -1.44213822e+00],
       [ 2.52297900e-01,  3.23757546e-01, -5.28251168e-01,
        -1.47069976e+00, -1.10858092e+00, -7.32565239e-01,
         6.86795985e-02,  3.08571079e-01,  3.27906432e+00,
        -4.87068846e-01, -3.56806304e-01, -3.89108465e+00,
         3.27206432e+00,  3.17770449e-02, -2.94975722e-01,
        -4.46576112e+00, -1.47089548e+00],
       [ 4.29626259e-02,  4.44086709e-01, -4.20462832e-01,
        -1.45836800e+00, -1.06789536e+00, -6.89030372e-01,
         7.43825427e-02,  2.96761686e-01,  3.29079956e+00,
        -4.76619501e-01, -3.04075067e-01, -3.89188649e+00,
         3.29579956e+00,  4.81624283e-01, -5.79211348e-01,
        -4.56599399e+00, -1.38978150e+00],
       [ 2.96434798e-01,  2.86802574e-01, -5.66511160e-01,
        -1.48314041e+00, -1.11771918e+00, -7.39083698e-01,
         8.06400482e-02,  3.00748634e-01,  3.26712492e+00,
        -5.21779823e-01, -3.40301254e-01, -3.87445805e+00,
         3.27612492e+00, -3.30108090e-02, -2.52313529e-01,
        -4.45521479e+00, -1.48441420e+00],
       [ 3.19356322e-01,  2.66130141e-01, -5.87370644e-01,
        -1.48097740e+00, -1.12092779e+00, -7.41032639e-01,
         7.98391073e-02,  3.15259739e-01,  3.26674438e+00,
        -5.22031420e-01, -3.51072163e-01, -3.88350238e+00,
         3.26974438e+00, -9.32487730e-02, -2.15597688e-01,
        -4.43675950e+00, -1.48686158e+00],
       [ 3.66538679e-01,  2.40813195e-01, -6.13919687e-01,
        -1.48913288e+00, -1.13077928e+00, -7.48386367e-01,
         8.11610313e-02,  3.15303929e-01,  3.26532236e+00,
        -5.38152829e-01, -3.44482249e-01, -3.87338797e+00,
         3.25532236e+00, -1.67757949e-01, -1.78383256e-01,
        -4.42388185e+00, -1.49570069e+00],
       [ 8.08800850e-02,  4.18629458e-01, -4.38988253e-01,
        -1.46036400e+00, -1.07295986e+00, -6.98519662e-01,
         7.11550168e-02,  2.99481799e-01,  3.28554846e+00,
        -4.59277361e-01, -3.28898682e-01, -3.89721513e+00,
         3.29454846e+00,  3.63400645e-01, -5.10176205e-01,
        -4.54361561e+00, -1.40784271e+00],
       [ 2.19821909e-01,  3.23978961e-01, -5.28270533e-01,
        -1.48090879e+00, -1.10227959e+00, -7.26856892e-01,
         7.67295258e-02,  3.06028508e-01,  3.27626033e+00,
        -4.89594712e-01, -3.53785427e-01, -3.89225865e+00,
         3.27326033e+00,  7.11063436e-02, -3.24654820e-01,
        -4.48209031e+00, -1.45037845e+00],
       [ 2.79565841e-01,  2.91026022e-01, -5.61714869e-01,
        -1.48318750e+00, -1.11836031e+00, -7.40578562e-01,
         6.42821314e-02,  2.96346245e-01,  3.27278299e+00,
        -5.10781202e-01, -3.48751648e-01, -3.88156064e+00,
         3.27078299e+00, -2.82494992e-02, -2.65314072e-01,
        -4.45852991e+00, -1.46631050e+00],
       [ 2.15162329e-01,  3.22550659e-01, -5.29933142e-01,
        -1.48514423e+00, -1.09589010e+00, -7.20525104e-01,
         8.07176927e-02,  3.05333130e-01,  3.27004714e+00,
        -4.95462731e-01, -3.45861259e-01, -3.88608753e+00,
         3.28004714e+00,  8.39115641e-02, -3.34277800e-01,
        -4.48704529e+00, -1.45336439e+00],
       [ 2.26208388e-01,  3.19469501e-01, -5.32671034e-01,
        -1.48337016e+00, -1.10674380e+00, -7.31197343e-01,
         6.72263681e-02,  2.95351471e-01,  3.28194794e+00,
        -4.90528540e-01, -3.54124840e-01, -3.89065787e+00,
         3.27094794e+00,  5.99882118e-02, -3.14372905e-01,
        -4.47492656e+00, -1.45136331e+00],
       [ 9.95119249e-02,  4.03027927e-01, -4.53236423e-01,
        -1.46574850e+00, -1.07861437e+00, -7.04707766e-01,
         6.60124693e-02,  2.97864594e-01,  3.28360445e+00,
        -4.73946907e-01, -3.32713846e-01, -3.89638877e+00,
         3.28760445e+00,  3.20779363e-01, -4.88509513e-01,
        -4.53931937e+00, -1.40544507e+00],
       [ 2.22133679e-01,  3.29255238e-01, -5.23717749e-01,
        -1.47287445e+00, -1.10662780e+00, -7.31046054e-01,
         7.46229459e-02,  2.96847632e-01,  3.28316084e+00,
        -5.05888197e-01, -3.34054343e-01, -3.87942158e+00,
         3.27916084e+00,  1.05446421e-01, -3.33010524e-01,
        -4.48480002e+00, -1.46220328e+00],
       [ 2.09621032e-01,  3.30939587e-01, -5.21993351e-01,
        -1.47957960e+00, -1.09956325e+00, -7.24318729e-01,
         7.58501364e-02,  2.95019506e-01,  3.28080366e+00,
        -5.06695244e-01, -3.39817930e-01, -3.88430282e+00,
         3.27480366e+00,  1.13834817e-01, -3.46947648e-01,
        -4.49170316e+00, -1.45101234e+00],
       [-1.71294211e-01,  8.15253916e-01, -3.45376173e-01,
        -1.45450618e+00, -1.09708083e+00, -4.30922600e-01,
         8.93534556e-02,  3.02727330e-01,  3.29800819e+00,
        -3.42391976e-01, -1.85961794e-01, -3.89757707e+00,
         3.29300819e+00,  1.41807828e+00, -1.14983440e+00,
        -4.69917472e+00, -1.14792265e+00],
       [-5.00000000e-03, -9.00000000e-03, -1.00000000e-03,
         1.00000000e-02, -4.00000000e-03,  0.00000000e+00,
         1.00000000e-03,  9.00000000e-03, -5.00000000e-03,
        -1.00000000e-02, -1.00000000e-02,  6.00000000e-03,
        -4.00000000e-03,  8.00000000e-03,  1.00000000e-03,
         7.00000000e-03, -7.00000000e-03]]), 'deltas': array([[-0.00081588],
       [-0.00040731],
       [-0.00034156],
       [-0.00058511],
       [-0.00031361],
       [-0.00028964],
       [-0.00026412],
       [-0.00051498],
       [-0.00036077],
       [-0.00031804],
       [-0.00036726],
       [-0.00035474],
       [-0.00049219],
       [-0.00037325],
       [-0.00037977],
       [-0.00090288],
       [-0.        ]]), 'outputs': array([[0.30984218],
       [0.12152389],
       [0.09940274],
       [0.18912386],
       [0.09036196],
       [0.08276481],
       [0.07482341],
       [0.16084645],
       [0.10573809],
       [0.09178193],
       [0.10790029],
       [0.10374017],
       [0.15215102],
       [0.1099092 ],
       [0.11210424],
       [0.61556891],
       [1.        ]]), 'errors': -0.003815358558750055}, {'weights': array([[ 0.66644795,  0.70637413,  0.70216437,  0.68036535,  0.69741161,
         0.70074782,  0.7099699 ,  0.68972168,  0.70873253,  0.72429384,
         0.69590139,  0.69539056,  0.69171365,  0.70126224,  0.70550552,
         0.65302357, -5.64264337],
       [ 4.05748033, -0.20482511, -1.44292171,  2.04724199, -2.07036537,
        -2.80849929, -3.43085562,  1.25179429, -1.06985029, -2.1206624 ,
        -0.87033838, -1.19137801,  0.88656913, -0.80445075, -0.72249273,
         6.09188278, -0.52230276],
       [-3.89394163, -3.70088064, -3.6270566 , -3.80728729, -3.61275208,
        -3.56238088, -3.51758503, -3.76254675, -3.6446579 , -3.577522  ,
        -3.66445272, -3.64163857, -3.735458  , -3.67677925, -3.68737014,
        -3.99899256,  1.7148082 ]]), 'deltas': array([[-3.75186606e-04],
       [ 6.03571377e-04],
       [-1.52910558e-07]]), 'outputs': array([[1.95620155e-02],
       [9.75120876e-01],
       [3.91114289e-04]]), 'errors': array([[-0.01956202],
       [ 0.02487912],
       [-0.00039111]])}]
Accuracy: 76.66666666666667 %

Feedforward Neural Network AVG Accuracy (%): 82.00000000000001 %
