Namespace(error_threshold=0.001, max_epochs=1000, num_layers=2, num_nodes_per_hidden_layer=15, training_rate=0.5)

train_data group 0 length:  120
   0   1   2   3   4   5   6   7   8   9   10  11  12  13  14  15  16
0   1   0   0   0   0   1   0   0   1   0   0   0   1   0   0   0   0
1   1   0   0   0   0   1   0   0   1   0   0   0   1   0   0   0   0
2   1   0   0   0   0   0   1   0   1   0   0   0   1   0   0   0   0
3   1   0   0   0   0   1   0   0   1   0   0   0   1   0   0   0   0
4   1   0   0   0   0   0   1   0   1   0   0   0   1   0   0   0   0
Initial Neural Network:
[{'weights': array([[ 0.004, -0.006,  0.   ,  0.004, -0.004, -0.001,  0.01 , -0.005,
         0.006,  0.01 ,  0.001,  0.004,  0.001, -0.005,  0.006,  0.01 ,
        -0.01 ],
       [-0.003,  0.   ,  0.005, -0.009, -0.002, -0.005,  0.01 , -0.003,
        -0.001, -0.006,  0.002,  0.   , -0.002,  0.001, -0.007,  0.004,
         0.005],
       [ 0.001,  0.006, -0.003, -0.003, -0.006, -0.01 ,  0.001,  0.006,
         0.001,  0.003, -0.001,  0.001,  0.005, -0.008,  0.007,  0.   ,
         0.001],
       [-0.004,  0.005, -0.005,  0.   , -0.004, -0.009,  0.007,  0.008,
        -0.009,  0.01 , -0.005, -0.006,  0.001,  0.009,  0.   ,  0.   ,
         0.005],
       [-0.002, -0.009, -0.006, -0.003,  0.006, -0.003,  0.009, -0.007,
        -0.003,  0.004,  0.006, -0.005,  0.006,  0.01 , -0.008, -0.009,
         0.   ],
       [-0.008, -0.002, -0.003,  0.01 ,  0.001, -0.007, -0.01 ,  0.004,
         0.007, -0.01 , -0.004,  0.007, -0.008,  0.006, -0.004,  0.007,
        -0.01 ],
       [-0.005, -0.008, -0.002, -0.008, -0.001,  0.   ,  0.006,  0.006,
         0.002,  0.007,  0.   , -0.006, -0.008, -0.01 , -0.005,  0.009,
         0.006],
       [-0.002, -0.002,  0.003,  0.002,  0.01 ,  0.01 , -0.002,  0.003,
        -0.004, -0.002, -0.01 ,  0.003,  0.003,  0.003,  0.006, -0.007,
         0.009],
       [-0.001, -0.001,  0.01 , -0.006,  0.01 ,  0.01 ,  0.002,  0.005,
         0.003, -0.004,  0.   , -0.002,  0.007,  0.   ,  0.009,  0.   ,
         0.008],
       [-0.003, -0.002,  0.   , -0.003,  0.008, -0.01 ,  0.008, -0.005,
         0.005, -0.002, -0.001,  0.01 ,  0.008, -0.006, -0.003, -0.003,
         0.001],
       [-0.006, -0.008,  0.008,  0.004,  0.007,  0.   ,  0.001,  0.006,
         0.01 , -0.006, -0.002, -0.006,  0.007, -0.007, -0.004,  0.002,
        -0.004],
       [-0.002,  0.003, -0.004,  0.009, -0.01 ,  0.005,  0.004, -0.001,
         0.   , -0.007, -0.009,  0.001, -0.001,  0.007, -0.005,  0.007,
         0.003],
       [-0.01 ,  0.001,  0.006,  0.009,  0.   , -0.01 ,  0.008, -0.002,
        -0.009, -0.008, -0.003, -0.01 , -0.003,  0.01 ,  0.008,  0.004,
         0.008],
       [-0.005,  0.007, -0.01 ,  0.008, -0.004, -0.01 , -0.007,  0.006,
         0.007, -0.01 , -0.008, -0.006, -0.001,  0.001, -0.007,  0.004,
         0.007],
       [-0.003,  0.003, -0.008, -0.007, -0.005, -0.001, -0.009, -0.002,
        -0.006, -0.007,  0.004,  0.001,  0.01 , -0.005, -0.006, -0.001,
         0.001],
       [ 0.001,  0.001, -0.001,  0.009, -0.01 , -0.005, -0.004,  0.009,
         0.009, -0.008, -0.006, -0.005, -0.007,  0.001,  0.002,  0.003,
         0.   ]]), 'deltas': array([[0.],
       [0.],
       [0.],
       [0.],
       [0.],
       [0.],
       [0.],
       [0.],
       [0.],
       [0.],
       [0.],
       [0.],
       [0.],
       [0.],
       [0.],
       [0.]]), 'outputs': array([[0.],
       [0.],
       [0.],
       [0.],
       [0.],
       [0.],
       [0.],
       [0.],
       [0.],
       [0.],
       [0.],
       [0.],
       [0.],
       [0.],
       [0.],
       [0.]]), 'errors': array([[0.],
       [0.],
       [0.],
       [0.],
       [0.],
       [0.],
       [0.],
       [0.],
       [0.],
       [0.],
       [0.],
       [0.],
       [0.],
       [0.],
       [0.],
       [0.]])}, {'weights': array([[ 0.003, -0.006,  0.006,  0.007,  0.006, -0.004, -0.01 , -0.01 ,
        -0.005, -0.001,  0.01 ,  0.003, -0.001, -0.002,  0.008,  0.005],
       [ 0.002, -0.004, -0.006,  0.001, -0.002,  0.003,  0.005, -0.002,
         0.009,  0.005, -0.001,  0.006, -0.008,  0.007, -0.008, -0.002],
       [ 0.01 ,  0.005,  0.008,  0.   ,  0.009, -0.005, -0.008,  0.006,
         0.   , -0.006,  0.007,  0.   ,  0.009,  0.006,  0.003, -0.003]]), 'deltas': array([[0.],
       [0.],
       [0.],
       [0.]]), 'outputs': array([[0.],
       [0.],
       [0.],
       [0.]]), 'errors': array([[0.],
       [0.],
       [0.],
       [0.]])}]
Training complete!
Training done. epoch: 109 , total error: 0.00039948050368118505
[{'weights': array([[ 1.06622335e+00, -8.48491376e-01, -1.68483953e-01,
        -1.20069852e+00, -2.26288634e+00,  7.76348948e-01,
         1.31399101e-01,  2.01687789e-01,  2.56399973e+00,
         2.33431316e+00, -1.89063654e+00, -4.14012685e+00,
         2.55899973e+00,  1.08048671e+00, -1.04112033e+00,
        -3.73981661e+00, -1.16345050e+00],
       [-1.39768840e+00,  3.68307815e-01,  4.30664927e-01,
        -9.93684219e-01, -4.58548202e-01, -1.27717366e+00,
        -4.62352031e-02,  1.96557188e-01,  3.31427318e+00,
        -1.09852406e+00, -4.65899525e-01, -3.34024947e+00,
         3.31327318e+00, -8.22119317e-02, -8.00826698e-01,
        -4.01963442e+00, -1.58039987e+00],
       [-4.44622005e-01, -3.24976869e-01,  4.06786969e-01,
        -1.04909551e+00, -9.11779206e-01, -7.76394663e-01,
         5.87759283e-02,  2.07490528e-01,  2.88953206e+00,
         2.66219588e-01, -9.62082944e-01, -3.60257611e+00,
         2.89353206e+00,  3.01526519e-01, -7.73457654e-01,
        -3.83050833e+00, -1.41190741e+00],
       [-1.29284368e+00,  2.80608925e-01,  4.35903505e-01,
        -9.95604214e-01, -5.12214259e-01, -1.23319935e+00,
        -2.72616348e-02,  2.06739783e-01,  3.25006274e+00,
        -9.27413805e-01, -5.20411299e-01, -3.38017310e+00,
         3.26006274e+00, -6.28426901e-02, -7.73611577e-01,
        -3.98154393e+00, -1.56293546e+00],
       [-1.78410248e+00,  7.40226145e-01,  3.70284400e-01,
        -9.70691154e-01, -2.46875023e-01, -1.48086172e+00,
        -8.35558970e-02,  1.92009550e-01,  3.53253788e+00,
        -1.60030580e+00, -3.02923864e-01, -3.25159132e+00,
         3.54153788e+00, -1.03300100e-01, -8.84731433e-01,
        -4.17878944e+00, -1.62428309e+00],
       [-1.66798587e+00,  6.19557187e-01,  4.03942583e-01,
        -9.69573452e-01, -3.19473930e-01, -1.41321573e+00,
        -9.18657403e-02,  2.01495847e-01,  3.48237027e+00,
        -1.48108937e+00, -3.47960733e-01, -3.26437972e+00,
         3.46737027e+00, -1.01688192e-01, -8.57702486e-01,
        -4.11803914e+00, -1.62105956e+00],
       [ 8.04904615e-01, -7.45127981e-01, -4.28584845e-02,
        -1.16522540e+00, -1.95826950e+00,  5.33481785e-01,
         1.01307651e-01,  2.09172808e-01,  2.60575316e+00,
         2.07567588e+00, -1.76464234e+00, -4.03909395e+00,
         2.59575316e+00,  1.13312317e+00, -1.07422086e+00,
        -3.79396273e+00, -1.11930725e+00],
       [-1.29794944e+00,  2.85554532e-01,  4.34632268e-01,
        -9.95957072e-01, -4.99628367e-01, -1.23053563e+00,
        -2.61732334e-02,  2.02617521e-01,  3.25329440e+00,
        -9.30299251e-01, -5.28422014e-01, -3.38229285e+00,
         3.26029440e+00, -8.20143337e-02, -7.69536819e-01,
        -3.97846296e+00, -1.56571971e+00],
       [-1.26494543e+00,  2.60383800e-01,  4.34505538e-01,
        -1.00054183e+00, -5.10840702e-01, -1.22123532e+00,
        -1.81227530e-02,  2.04600854e-01,  3.24035332e+00,
        -8.53483633e-01, -5.61504145e-01, -3.40096346e+00,
         3.24435332e+00, -1.04427789e-01, -7.40844989e-01,
        -3.95567846e+00, -1.56459792e+00],
       [-1.34819941e+00,  3.27942409e-01,  4.29923069e-01,
        -9.95540639e-01, -4.76002093e-01, -1.25996596e+00,
        -3.54910473e-02,  1.94584533e-01,  3.28698262e+00,
        -9.92607694e-01, -5.03627706e-01, -3.35662179e+00,
         3.28998262e+00, -1.10948973e-01, -7.70700398e-01,
        -3.99020782e+00, -1.57687457e+00],
       [-1.19054375e+00,  1.99166623e-01,  4.38690786e-01,
        -9.97938386e-01, -5.47849342e-01, -1.18445260e+00,
        -7.99025172e-03,  2.05667468e-01,  3.20290119e+00,
        -7.44276498e-01, -5.91018938e-01, -3.42023048e+00,
         3.19990119e+00, -7.47954707e-02, -7.38670284e-01,
        -3.93706016e+00, -1.55262473e+00],
       [-1.05761546e+00,  8.99640172e-02,  4.53614051e-01,
        -1.00606472e+00, -6.43539445e-01, -1.08443760e+00,
         1.15526903e-04,  1.99759404e-01,  3.12114252e+00,
        -6.98155684e-01, -5.50038599e-01, -3.41405035e+00,
         3.12014252e+00,  1.81948144e-01, -8.56779518e-01,
        -3.96341326e+00, -1.52310211e+00],
       [-2.73529301e+00,  2.50532684e+00,  8.94019503e-01,
        -1.00392480e+00, -8.40177247e-01,  3.67365199e-01,
        -7.26588025e-02,  1.95599384e-01,  3.65533004e+00,
        -2.03137543e+00,  1.62714477e+00, -3.62697085e+00,
         3.66133004e+00,  1.71259138e-01,  1.21954931e+00,
        -5.37900996e+00, -3.37871467e-01],
       [-1.48209340e+00,  4.42728236e-01,  4.24406064e-01,
        -9.79742081e-01, -4.20018080e-01, -1.32375433e+00,
        -6.90428562e-02,  2.03114080e-01,  3.36729183e+00,
        -1.22824729e+00, -4.34412216e-01, -3.31633351e+00,
         3.35929183e+00, -1.01878803e-01, -8.12027734e-01,
        -4.04308648e+00, -1.58770119e+00],
       [-1.30250906e+00,  2.84975379e-01,  4.38562375e-01,
        -9.99449222e-01, -5.14451318e-01, -1.22481661e+00,
        -3.84325420e-02,  1.97279945e-01,  3.24835449e+00,
        -9.81398600e-01, -4.83023947e-01, -3.35535247e+00,
         3.26435449e+00, -1.24653464e-02, -8.16361095e-01,
        -4.00094858e+00, -1.56242053e+00],
       [ 1.00000000e-03,  1.00000000e-03, -1.00000000e-03,
         9.00000000e-03, -1.00000000e-02, -5.00000000e-03,
        -4.00000000e-03,  9.00000000e-03,  9.00000000e-03,
        -8.00000000e-03, -6.00000000e-03, -5.00000000e-03,
        -7.00000000e-03,  1.00000000e-03,  2.00000000e-03,
         3.00000000e-03,  0.00000000e+00]]), 'deltas': array([[1.70141350e-05],
       [7.71594060e-05],
       [5.35514566e-05],
       [7.54340344e-05],
       [7.87151564e-05],
       [7.97118320e-05],
       [2.00997673e-05],
       [7.56732053e-05],
       [7.47249814e-05],
       [7.62020457e-05],
       [7.36963292e-05],
       [7.30663166e-05],
       [4.47586934e-05],
       [7.82982928e-05],
       [7.67130851e-05],
       [0.00000000e+00]]), 'outputs': array([[0.99427476],
       [0.97348134],
       [0.98175009],
       [0.97409054],
       [0.97293136],
       [0.97257868],
       [0.99322933],
       [0.97400614],
       [0.97434067],
       [0.97381946],
       [0.97470331],
       [0.97492527],
       [0.98479374],
       [0.97307879],
       [0.973639  ],
       [1.        ]]), 'errors': 0.0029888880945882924}, {'weights': array([[ 0.64209375,  0.7001293 ,  0.72868391,  0.70991554,  0.68628237,
         0.67998943,  0.63145841,  0.69913478,  0.71079368,  0.72257385,
         0.74254689,  0.72142071,  0.61770306,  0.70991675,  0.72495298,
        -5.31273637],
       [ 3.05321747, -0.76712589, -2.42034006, -1.20148446,  2.02536121,
         1.17187751,  2.15166295, -1.40024638, -1.74212036, -1.28958539,
        -2.08886796, -1.57315318,  3.56318137, -0.20998509, -1.13183886,
        -1.88663129],
       [-2.96143263, -2.41502986, -2.34895388, -2.41792037, -2.56320857,
        -2.51446643, -2.83500863, -2.38243473, -2.36239913, -2.39140135,
        -2.32543955, -2.38387157, -2.48644867, -2.45080155, -2.40188313,
         2.2722811 ]]), 'deltas': array([[ 5.65110989e-05],
       [-7.21807571e-04],
       [-2.16088043e-30]]), 'outputs': array([[9.92454089e-01],
       [2.72400484e-02],
       [1.46999334e-15]]), 'errors': array([[ 7.54591074e-03],
       [-2.72400484e-02],
       [-1.46999334e-15]])}]
neural_net output [9.92457643e-01 2.70928021e-02 1.46978564e-15]
target: 0 prediction: 0
neural_net output [9.93522882e-01 2.12099750e-02 8.98004071e-16]
target: 0 prediction: 0
neural_net output [9.88069838e-01 4.28300750e-02 7.11595492e-15]
target: 0 prediction: 0
neural_net output [9.92457643e-01 2.70928021e-02 1.46978564e-15]
target: 0 prediction: 0
neural_net output [9.92457643e-01 2.70928021e-02 1.46978564e-15]
target: 0 prediction: 0
neural_net output [9.92457643e-01 2.70928021e-02 1.46978564e-15]
target: 0 prediction: 0
neural_net output [9.93522882e-01 2.12099750e-02 8.98004071e-16]
target: 0 prediction: 0
neural_net output [9.92457643e-01 2.70928021e-02 1.46978564e-15]
target: 0 prediction: 0
neural_net output [9.93522882e-01 2.12099750e-02 8.98004071e-16]
target: 0 prediction: 0
neural_net output [9.93436623e-01 2.12622823e-02 9.42958343e-16]
target: 0 prediction: 0
neural_net output [0.01107756 0.82487724 0.28323952]
target: 1 prediction: 1
neural_net output [0.01107756 0.82487724 0.28323952]
target: 1 prediction: 1
neural_net output [0.01339432 0.80072953 0.17146496]
target: 1 prediction: 1
neural_net output [0.01107756 0.82487724 0.28323952]
target: 1 prediction: 1
neural_net output [0.0114322  0.81082044 0.26029551]
target: 1 prediction: 1
neural_net output [0.0114322  0.81082044 0.26029551]
target: 1 prediction: 1
neural_net output [0.01732131 0.69585011 0.07912892]
target: 1 prediction: 1
neural_net output [0.01107756 0.82487724 0.28323952]
target: 1 prediction: 1
neural_net output [0.01107756 0.82487724 0.28323952]
target: 1 prediction: 1
neural_net output [0.01107756 0.82487724 0.28323952]
target: 1 prediction: 1
neural_net output [0.00587005 0.2693024  0.82615505]
target: 2 prediction: 2
neural_net output [0.0050264  0.1457708  0.89788942]
target: 2 prediction: 2
neural_net output [0.00491382 0.13151439 0.9059703 ]
target: 2 prediction: 2
neural_net output [0.01107756 0.82487724 0.28323952]
target: 2 prediction: 1
neural_net output [0.00513379 0.15574167 0.89009035]
target: 2 prediction: 2
neural_net output [0.00490545 0.13166999 0.90647391]
target: 2 prediction: 2
neural_net output [0.00490905 0.13178906 0.9062363 ]
target: 2 prediction: 2
neural_net output [0.00490658 0.13160378 0.90641228]
target: 2 prediction: 2
neural_net output [0.00569432 0.25432884 0.84183357]
target: 2 prediction: 2
neural_net output [0.01339432 0.80072953 0.17146496]
target: 2 prediction: 1
Accuracy: 93.33333333333333 %

train_data group 1 length:  120
   0   1   2   3   4   5   6   7   8   9   10  11  12  13  14  15  16
0   1   0   0   0   0   0   1   0   1   0   0   0   1   0   0   0   0
1   0   1   0   0   0   0   0   1   1   0   0   0   1   0   0   0   0
2   1   0   0   0   0   1   0   0   1   0   0   0   1   0   0   0   0
3   1   0   0   0   0   0   1   0   1   0   0   0   1   0   0   0   0
4   1   0   0   0   0   0   1   0   1   0   0   0   1   0   0   0   0
Initial Neural Network:
[{'weights': array([[-0.01 ,  0.001,  0.004,  0.001,  0.008, -0.003,  0.   , -0.004,
        -0.009,  0.002, -0.006,  0.01 ,  0.009, -0.002, -0.009,  0.008,
        -0.005],
       [-0.01 , -0.001,  0.005, -0.009,  0.006,  0.007, -0.001,  0.009,
        -0.001,  0.001, -0.007,  0.01 , -0.007,  0.005,  0.001, -0.006,
        -0.001],
       [ 0.01 ,  0.006, -0.008, -0.003,  0.009, -0.009,  0.   ,  0.005,
         0.006, -0.009, -0.005, -0.002, -0.006,  0.007, -0.007,  0.004,
        -0.008],
       [ 0.007, -0.002,  0.008,  0.003, -0.005,  0.004,  0.001,  0.001,
         0.002,  0.001, -0.003,  0.002,  0.003,  0.002,  0.006,  0.01 ,
         0.001],
       [-0.004, -0.001,  0.009,  0.006,  0.007, -0.006,  0.002, -0.005,
         0.006,  0.003, -0.004,  0.006,  0.   ,  0.01 , -0.004, -0.003,
        -0.006],
       [ 0.003,  0.01 ,  0.   ,  0.003, -0.007, -0.007,  0.005,  0.003,
        -0.002, -0.009, -0.01 ,  0.   ,  0.004, -0.006,  0.008, -0.003,
        -0.008],
       [ 0.001,  0.003,  0.008, -0.008,  0.003, -0.001, -0.006,  0.006,
         0.003,  0.01 , -0.002, -0.01 ,  0.009, -0.006, -0.005, -0.008,
        -0.003],
       [ 0.009, -0.003,  0.005,  0.003,  0.005, -0.004, -0.009,  0.002,
        -0.007, -0.006,  0.007, -0.009,  0.009, -0.01 , -0.009,  0.004,
        -0.009],
       [-0.001, -0.007, -0.007,  0.   , -0.005,  0.001, -0.003,  0.   ,
        -0.009, -0.01 , -0.007, -0.006, -0.005,  0.002,  0.005, -0.001,
         0.01 ],
       [-0.001, -0.001,  0.008,  0.001,  0.001, -0.002,  0.   ,  0.   ,
         0.005,  0.002, -0.004,  0.005, -0.007, -0.006,  0.009, -0.004,
         0.   ],
       [-0.001,  0.003,  0.006,  0.002, -0.008,  0.   , -0.009, -0.007,
        -0.009, -0.006, -0.001,  0.003,  0.01 ,  0.006, -0.007,  0.009,
        -0.007],
       [ 0.009, -0.005,  0.009,  0.004,  0.01 ,  0.01 ,  0.   , -0.002,
        -0.007, -0.004, -0.01 ,  0.005,  0.005, -0.01 , -0.004,  0.   ,
         0.006],
       [ 0.006, -0.006, -0.008, -0.006,  0.008, -0.005,  0.004, -0.003,
        -0.008, -0.008, -0.001,  0.006,  0.   , -0.006,  0.005, -0.003,
        -0.003],
       [ 0.002, -0.004,  0.006, -0.001,  0.006,  0.004, -0.008,  0.005,
        -0.007, -0.001, -0.004,  0.001,  0.008,  0.   , -0.001, -0.006,
        -0.009],
       [ 0.005, -0.001,  0.009, -0.001, -0.003,  0.009,  0.01 , -0.002,
         0.   , -0.006, -0.009,  0.004,  0.   ,  0.003,  0.01 , -0.001,
        -0.005],
       [ 0.   ,  0.   , -0.003, -0.005,  0.005,  0.005,  0.009, -0.006,
         0.006, -0.008,  0.01 ,  0.001,  0.009,  0.007,  0.003,  0.003,
        -0.001]]), 'deltas': array([[0.],
       [0.],
       [0.],
       [0.],
       [0.],
       [0.],
       [0.],
       [0.],
       [0.],
       [0.],
       [0.],
       [0.],
       [0.],
       [0.],
       [0.],
       [0.]]), 'outputs': array([[0.],
       [0.],
       [0.],
       [0.],
       [0.],
       [0.],
       [0.],
       [0.],
       [0.],
       [0.],
       [0.],
       [0.],
       [0.],
       [0.],
       [0.],
       [0.]]), 'errors': array([[0.],
       [0.],
       [0.],
       [0.],
       [0.],
       [0.],
       [0.],
       [0.],
       [0.],
       [0.],
       [0.],
       [0.],
       [0.],
       [0.],
       [0.],
       [0.]])}, {'weights': array([[-0.009,  0.003, -0.007,  0.003, -0.008,  0.002,  0.004, -0.007,
        -0.008, -0.009, -0.01 , -0.007,  0.003,  0.007, -0.001, -0.007],
       [ 0.005, -0.009, -0.004, -0.006, -0.004, -0.005,  0.   ,  0.005,
         0.   ,  0.001,  0.007, -0.001, -0.004, -0.004, -0.007,  0.007],
       [ 0.009,  0.   , -0.005,  0.   , -0.005, -0.009,  0.   , -0.004,
         0.003,  0.001,  0.008, -0.007, -0.002,  0.01 ,  0.008,  0.002]]), 'deltas': array([[0.],
       [0.],
       [0.],
       [0.]]), 'outputs': array([[0.],
       [0.],
       [0.],
       [0.]]), 'errors': array([[0.],
       [0.],
       [0.],
       [0.]])}]
Training complete!
Training done. epoch: 115 , total error: 0.0006882940154288173
[{'weights': array([[-4.43674775e-01,  1.79509152e+00, -2.47150120e+00,
         7.62442877e-01,  1.14540431e+00,  9.80723355e-01,
        -2.05555568e+00, -4.23213564e-01, -2.76162855e+00,
        -1.19618634e+00,  3.17637030e-02,  3.56940961e+00,
        -2.74362855e+00, -1.02600263e+00, -5.57194841e-01,
         3.97918445e+00, -3.58641577e-01],
       [ 3.09046205e-01,  4.90143744e-01, -2.36432633e+00,
         7.70963049e-01, -2.10771888e-01,  5.42510626e-01,
        -7.56623289e-01, -3.33288778e-01, -2.68338814e+00,
        -2.57939019e+00,  8.08995435e-01,  3.67760957e+00,
        -2.68938814e+00, -2.47654359e+00,  4.01933245e-01,
         3.97782516e+00, -7.80173329e-01],
       [ 1.56888572e+00, -1.35789772e+00, -1.67555878e+00,
         7.97343508e-01,  1.21716885e-01, -3.20345702e-01,
        -1.41376717e-01, -3.27221735e-01, -2.87066388e+00,
        -2.07087341e+00,  3.77716052e-01,  3.88159398e+00,
        -2.88266388e+00, -1.54711704e+00, -3.70200659e-01,
         4.12575431e+00, -6.80227269e-01],
       [ 1.48499495e+00, -1.21124492e+00, -1.72639970e+00,
         7.97366066e-01,  2.09546361e-01, -2.38197359e-01,
        -3.10054105e-01, -3.31578490e-01, -2.82979034e+00,
        -1.98369286e+00,  2.91173428e-01,  3.85302617e+00,
        -2.82879034e+00, -1.57532120e+00, -3.84281134e-01,
         4.13810908e+00, -6.70283593e-01],
       [-9.25750490e-01,  1.27053859e+00, -2.21378231e+00,
         7.72988126e-01, -1.00711704e-01,  1.05487420e+00,
        -1.68508739e+00, -3.77081194e-01, -2.63965747e+00,
        -2.31474714e+00,  2.47362361e-01,  3.61203617e+00,
        -2.64565747e+00, -2.64619252e+00,  1.53458765e-01,
         4.03538514e+00, -1.11200608e+00],
       [ 1.40397003e+00, -1.07523822e+00, -1.80944101e+00,
         7.95628213e-01,  1.79733730e-01, -1.48102416e-01,
        -4.07170780e-01, -3.31541518e-01, -2.80784060e+00,
        -2.06583590e+00,  3.10097007e-01,  3.84149851e+00,
        -2.80184060e+00, -1.70709792e+00, -3.27968613e-01,
         4.13882615e+00, -7.09080983e-01],
       [ 1.30978499e-01, -3.16131865e-01, -1.36186651e+00,
         7.85755144e-01, -2.02866262e-01,  3.07134539e-01,
        -5.33864807e-01, -3.33668201e-01, -2.63753246e+00,
        -1.75085069e+00, -1.34283194e-01,  3.75840161e+00,
        -2.63153246e+00, -1.77405326e+00, -4.65418627e-01,
         4.09573962e+00, -7.68264730e-01],
       [ 1.57184038e+00, -1.38441662e+00, -1.65642868e+00,
         8.05321973e-01,  8.06742483e-02, -3.44134994e-01,
        -9.09179869e-02, -3.29304214e-01, -2.89095068e+00,
        -2.09808913e+00,  4.09820461e-01,  3.88653640e+00,
        -2.87495068e+00, -1.56593084e+00, -3.57799346e-01,
         4.11499792e+00, -6.86682947e-01],
       [ 1.56528941e+00, -1.40475310e+00, -1.67165706e+00,
         7.96050092e-01,  3.87216395e-02, -3.47654304e-01,
        -6.78667307e-02, -3.30271256e-01, -2.89405339e+00,
        -2.16226229e+00,  4.38531342e-01,  3.88571369e+00,
        -2.89005339e+00, -1.59413396e+00, -3.28059050e-01,
         4.11317575e+00, -6.90070652e-01],
       [ 1.56555742e+00, -1.37928995e+00, -1.66530110e+00,
         7.98974719e-01,  8.16516429e-02, -3.38510771e-01,
        -1.00011777e-01, -3.31188010e-01, -2.87519270e+00,
        -2.09935066e+00,  4.09244064e-01,  3.88624038e+00,
        -2.88719270e+00, -1.56874704e+00, -3.53885654e-01,
         4.11476648e+00, -6.87058915e-01],
       [ 2.07165669e-01,  2.16564059e+00, -2.82792688e+00,
         7.61975281e-01,  9.99899660e-01, -2.63758599e-01,
         1.85673718e-02, -4.81853770e-01, -3.13520191e+00,
        -1.33091907e+00,  1.23242300e+00,  3.51755265e+00,
        -3.11620191e+00,  1.24947441e+00, -1.41566063e+00,
         3.59724279e+00,  2.89854663e-01],
       [ 1.52023868e+00, -1.26232437e+00, -1.69957082e+00,
         7.99680845e-01,  2.16143330e-01, -2.65660348e-01,
        -2.58773495e-01, -3.32685148e-01, -2.85418932e+00,
        -1.97009516e+00,  2.91134129e-01,  3.85817469e+00,
        -2.84218932e+00, -1.54263695e+00, -4.11249509e-01,
         4.12810013e+00, -6.52975661e-01],
       [ 1.47453148e+00, -1.61817108e+00, -1.41901227e+00,
         7.93287639e-01, -4.07089391e-01, -6.05003221e-01,
         5.89924965e-01, -3.29196574e-01, -2.96707816e+00,
        -2.39877419e+00,  7.05983437e-01,  3.89350469e+00,
        -2.95907816e+00, -1.72201490e+00, -1.14059461e-01,
         4.03578830e+00, -7.58364221e-01],
       [ 1.23623811e+00, -9.23884155e-01, -1.78134912e+00,
         7.92128030e-01,  2.18078950e-01, -7.20542803e-02,
        -4.89190640e-01, -3.29701161e-01, -2.76523347e+00,
        -1.94977472e+00,  2.12736746e-01,  3.81140430e+00,
        -2.75023347e+00, -1.72099362e+00, -3.37560793e-01,
         4.12992074e+00, -6.88867131e-01],
       [ 5.03728436e-01, -1.90069393e-02, -1.81396135e+00,
         7.79391793e-01, -6.14769058e-01,  5.04022432e-01,
        -1.00488895e-01, -3.36612538e-01, -2.78584364e+00,
        -2.85992752e+00,  1.39619711e+00,  3.67672599e+00,
        -2.78584364e+00, -2.54117005e+00,  8.82140212e-01,
         3.89502543e+00, -5.66848060e-01],
       [ 0.00000000e+00,  0.00000000e+00, -3.00000000e-03,
        -5.00000000e-03,  5.00000000e-03,  5.00000000e-03,
         9.00000000e-03, -6.00000000e-03,  6.00000000e-03,
        -8.00000000e-03,  1.00000000e-02,  1.00000000e-03,
         9.00000000e-03,  7.00000000e-03,  3.00000000e-03,
         3.00000000e-03, -1.00000000e-03]]), 'deltas': array([[1.43642489e-05],
       [2.72337007e-05],
       [2.06920445e-05],
       [2.01851690e-05],
       [1.97841864e-05],
       [2.10541211e-05],
       [1.03258357e-05],
       [2.10418770e-05],
       [2.15645434e-05],
       [2.11285603e-05],
       [5.63245410e-05],
       [1.99503058e-05],
       [2.48315436e-05],
       [1.93470455e-05],
       [1.44244486e-05],
       [0.00000000e+00]]), 'outputs': array([[0.99666233],
       [0.99365282],
       [0.99518487],
       [0.99530338],
       [0.99539711],
       [0.99510019],
       [0.99760296],
       [0.99510306],
       [0.9949808 ],
       [0.99508278],
       [0.9867814 ],
       [0.99535828],
       [0.99421596],
       [0.99549928],
       [0.99664829],
       [1.        ]]), 'errors': 0.004318086465095917}, {'weights': array([[-3.09511779e+00, -3.01097287e+00, -2.72877056e+00,
        -2.73023687e+00, -2.97379993e+00, -2.71155227e+00,
        -2.70036216e+00, -2.73707373e+00, -2.79017149e+00,
        -2.77623960e+00, -3.75615431e+00, -2.72591482e+00,
        -2.95851015e+00, -2.70958741e+00, -3.20714494e+00,
         2.95186386e+00],
       [-9.51416379e-01,  1.12668660e+00, -1.16294578e+00,
        -1.41987798e+00, -8.17418056e-01, -1.39298328e+00,
        -1.33638023e+00, -1.13618158e+00, -5.93684103e-01,
        -8.85974114e-01,  4.24157728e+00, -1.59552975e+00,
         1.99523205e+00, -1.57100195e+00,  3.76521874e+00,
        -1.50651044e+00],
       [ 4.08939346e-01,  4.12403137e-01,  8.47154375e-01,
         6.41385886e-01,  6.81514564e-01,  4.66019159e-01,
        -3.07478271e-03,  8.97139030e-01,  9.25062338e-01,
         8.84679920e-01, -1.49074636e-02,  7.16855386e-01,
         1.03188545e+00,  2.98008771e-01,  7.88624725e-01,
        -3.35285064e+00]]), 'deltas': array([[-7.67612417e-36],
       [-1.31232454e-03],
       [ 1.39117623e-05]]), 'outputs': array([[2.77058192e-18],
       [3.69137385e-02],
       [9.96263164e-01]]), 'errors': array([[-2.77058192e-18],
       [-3.69137385e-02],
       [ 3.73683600e-03]])}]
Accuracy: 93.33333333333333 %

train_data group 2 length:  120
   0   1   2   3   4   5   6   7   8   9   10  11  12  13  14  15  16
0   1   0   0   0   0   0   1   0   1   0   0   0   1   0   0   0   0
1   0   1   0   0   0   0   0   1   1   0   0   0   1   0   0   0   0
2   1   0   0   0   0   1   0   0   1   0   0   0   1   0   0   0   0
3   1   0   0   0   0   0   1   0   1   0   0   0   1   0   0   0   0
4   1   0   0   0   0   0   1   0   1   0   0   0   1   0   0   0   0
Initial Neural Network:
[{'weights': array([[ 0.004,  0.   , -0.005, -0.006,  0.005,  0.008, -0.01 ,  0.01 ,
         0.01 ,  0.01 , -0.008,  0.002, -0.006,  0.007, -0.007, -0.007,
        -0.007],
       [-0.003,  0.008, -0.001, -0.002, -0.009,  0.01 , -0.004, -0.009,
        -0.01 ,  0.001,  0.004,  0.008, -0.005,  0.01 , -0.003,  0.005,
         0.004],
       [ 0.002,  0.005, -0.005,  0.01 ,  0.001, -0.009,  0.002,  0.01 ,
         0.003,  0.004, -0.004,  0.004,  0.004, -0.002,  0.006, -0.001,
        -0.006],
       [ 0.008,  0.01 , -0.002,  0.   ,  0.004, -0.009,  0.01 , -0.008,
        -0.007, -0.007,  0.008,  0.009, -0.002, -0.009,  0.001,  0.004,
         0.009],
       [-0.009,  0.01 ,  0.01 ,  0.006,  0.001, -0.006,  0.001,  0.007,
        -0.01 ,  0.   , -0.002,  0.004,  0.003,  0.006,  0.002,  0.007,
         0.006],
       [ 0.004,  0.009,  0.009,  0.008,  0.004,  0.006,  0.007, -0.001,
         0.001, -0.006,  0.003,  0.008, -0.006, -0.009,  0.   ,  0.008,
        -0.007],
       [ 0.001, -0.007,  0.005,  0.004,  0.003,  0.009, -0.008,  0.005,
        -0.003,  0.004,  0.004, -0.003,  0.007,  0.003,  0.004, -0.005,
         0.006],
       [-0.007, -0.004,  0.002,  0.01 , -0.002, -0.002, -0.005,  0.   ,
         0.002,  0.008, -0.006, -0.001, -0.005, -0.001, -0.005, -0.005,
         0.008],
       [ 0.006, -0.003,  0.008,  0.01 , -0.006, -0.005,  0.008, -0.006,
        -0.008,  0.003, -0.001, -0.008,  0.   , -0.004, -0.006,  0.004,
        -0.004],
       [-0.004, -0.007, -0.006, -0.006, -0.004, -0.001,  0.01 , -0.003,
        -0.003,  0.004,  0.008,  0.009, -0.006,  0.006,  0.008, -0.006,
         0.009],
       [ 0.003,  0.   ,  0.001,  0.002, -0.008,  0.005, -0.008, -0.006,
         0.001, -0.009,  0.002,  0.004,  0.003, -0.001,  0.007, -0.005,
         0.003],
       [ 0.003,  0.002, -0.006,  0.006, -0.002,  0.009, -0.009,  0.008,
        -0.005, -0.01 , -0.002,  0.009,  0.002, -0.007, -0.004, -0.006,
        -0.01 ],
       [-0.001, -0.009, -0.003,  0.005, -0.001,  0.008,  0.001, -0.001,
        -0.007, -0.001, -0.01 , -0.01 , -0.01 ,  0.007, -0.008,  0.007,
         0.001],
       [ 0.004, -0.008, -0.008, -0.006,  0.001, -0.01 ,  0.001, -0.007,
        -0.005,  0.005, -0.005,  0.006,  0.005, -0.007, -0.003, -0.007,
         0.003],
       [ 0.006,  0.007,  0.004,  0.   , -0.006,  0.   , -0.004, -0.009,
        -0.004, -0.009, -0.006,  0.   ,  0.001,  0.007, -0.008,  0.007,
        -0.01 ],
       [-0.005, -0.008, -0.009,  0.009,  0.008, -0.004,  0.008,  0.004,
         0.001, -0.002,  0.002, -0.007, -0.006,  0.005, -0.01 ,  0.   ,
         0.001]]), 'deltas': array([[0.],
       [0.],
       [0.],
       [0.],
       [0.],
       [0.],
       [0.],
       [0.],
       [0.],
       [0.],
       [0.],
       [0.],
       [0.],
       [0.],
       [0.],
       [0.]]), 'outputs': array([[0.],
       [0.],
       [0.],
       [0.],
       [0.],
       [0.],
       [0.],
       [0.],
       [0.],
       [0.],
       [0.],
       [0.],
       [0.],
       [0.],
       [0.],
       [0.]]), 'errors': array([[0.],
       [0.],
       [0.],
       [0.],
       [0.],
       [0.],
       [0.],
       [0.],
       [0.],
       [0.],
       [0.],
       [0.],
       [0.],
       [0.],
       [0.],
       [0.]])}, {'weights': array([[-0.007, -0.01 ,  0.005, -0.007,  0.004,  0.01 , -0.004, -0.002,
         0.002,  0.008,  0.007,  0.   ,  0.01 , -0.003, -0.001, -0.009],
       [ 0.005, -0.005, -0.01 , -0.01 , -0.002, -0.008, -0.002, -0.008,
        -0.007,  0.003, -0.01 ,  0.002, -0.005,  0.002,  0.002,  0.009],
       [-0.009, -0.002,  0.   ,  0.008, -0.004, -0.002,  0.01 ,  0.002,
        -0.003,  0.006, -0.01 ,  0.001,  0.   ,  0.007,  0.005,  0.   ]]), 'deltas': array([[0.],
       [0.],
       [0.],
       [0.]]), 'outputs': array([[0.],
       [0.],
       [0.],
       [0.]]), 'errors': array([[0.],
       [0.],
       [0.],
       [0.]])}]
Training complete!
Training done. epoch: 74 , total error: 4.186560273950503e-05
[{'weights': array([[-8.93428616e-01,  8.24534217e-01, -3.19821966e-01,
         6.87873937e-01,  9.19436508e-01,  1.27250663e+00,
        -1.45155956e+00, -4.21226003e-01, -2.60568688e+00,
        -8.93822730e-01,  6.61613644e-01,  3.15805354e+00,
        -2.62168688e+00, -5.38219031e-01,  2.07634119e-01,
         3.24542936e+00,  2.99157572e-01],
       [ 7.91958619e-01, -1.00015020e+00, -1.14030316e+00,
         6.97708119e-01,  6.43661626e-01, -1.76673192e-01,
        -7.50498775e-01, -3.81276279e-01, -2.54153384e+00,
        -1.65767643e+00,  1.96201405e-01,  3.35322224e+00,
        -2.53653384e+00, -1.29885030e+00, -2.36382562e-01,
         3.42598008e+00, -6.48786621e-01],
       [ 4.75875359e-01, -7.60281829e-01, -9.98883693e-01,
         7.13431759e-01,  5.63208434e-01, -1.09331092e-02,
        -7.61568602e-01, -3.68565127e-01, -2.49597287e+00,
        -1.45947873e+00,  4.63934174e-02,  3.33419978e+00,
        -2.49497287e+00, -1.21544119e+00, -2.85917214e-01,
         3.42147287e+00, -5.87858404e-01],
       [ 1.07290996e+00, -1.29999755e+00, -1.21904610e+00,
         6.98727675e-01,  6.47787332e-01, -3.29913629e-01,
        -7.06892892e-01, -3.77386828e-01, -2.58550723e+00,
        -1.90889148e+00,  3.55280137e-01,  3.37871256e+00,
        -2.58050723e+00, -1.45765522e+00, -1.94278766e-01,
         3.46303520e+00, -7.54406017e-01],
       [ 6.22394473e-01, -8.63955464e-01, -1.06220836e+00,
         7.09137937e-01,  6.15932015e-01, -9.21203298e-02,
        -7.61422396e-01, -3.71020702e-01, -2.52031730e+00,
        -1.54456055e+00,  1.07170626e-01,  3.33807581e+00,
        -2.50731730e+00, -1.25313057e+00, -2.60663179e-01,
         3.42747964e+00, -6.05631412e-01],
       [ 8.17420333e-01, -1.01963721e+00, -1.13221202e+00,
         7.11660884e-01,  6.74514979e-01, -1.86047342e-01,
        -7.52342093e-01, -3.72893556e-01, -2.53009214e+00,
        -1.67351929e+00,  1.96015421e-01,  3.36082799e+00,
        -2.53709214e+00, -1.32509238e+00, -2.41971889e-01,
         3.44438840e+00, -6.59768012e-01],
       [ 8.31990488e-01, -1.05125690e+00, -1.14894687e+00,
         7.08279881e-01,  6.79409194e-01, -2.04774327e-01,
        -7.59867964e-01, -3.68700308e-01, -2.53977660e+00,
        -1.68711705e+00,  2.07499000e-01,  3.35846125e+00,
        -2.52977660e+00, -1.33390988e+00, -2.36425188e-01,
         3.44617826e+00, -6.56933405e-01],
       [-5.74159777e-01, -6.93046883e-02, -6.33658993e-01,
         7.09325118e-01,  5.73498240e-03,  4.99825338e-01,
        -6.95835600e-01, -3.87523061e-01, -2.45352057e+00,
        -9.34304670e-01, -4.45998756e-01,  3.26802565e+00,
        -2.46052057e+00, -9.18524189e-01, -5.47296439e-01,
         3.34154286e+00, -5.60798341e-01],
       [-2.31519415e-01, -3.31754013e-01, -7.10876475e-01,
         7.14362445e-01,  1.82026256e-01,  3.07125533e-01,
        -6.94699111e-01, -3.84240135e-01, -2.46564840e+00,
        -1.10080609e+00, -3.18819390e-01,  3.29048643e+00,
        -2.45764840e+00, -1.01127691e+00, -4.90642265e-01,
         3.37278012e+00, -5.84787458e-01],
       [ 9.95222630e-01, -1.22510345e+00, -1.21434607e+00,
         6.92809876e-01,  6.57232361e-01, -2.93506052e-01,
        -7.17551479e-01, -3.72591844e-01, -2.56719791e+00,
        -1.82814808e+00,  3.11636924e-01,  3.37329205e+00,
        -2.57019791e+00, -1.40156358e+00, -2.05915815e-01,
         3.45126030e+00, -7.19417014e-01],
       [ 8.35361409e-01, -1.04685625e+00, -1.14671658e+00,
         7.05082581e-01,  6.63903647e-01, -2.00944334e-01,
        -7.60572478e-01, -3.78515675e-01, -2.53724388e+00,
        -1.69682779e+00,  2.11974573e-01,  3.36096826e+00,
        -2.53524388e+00, -1.32520763e+00, -2.35283226e-01,
         3.44060590e+00, -6.56128841e-01],
       [ 1.44440524e-01, -5.50002390e-01, -8.60374270e-01,
         7.08269972e-01,  3.77911591e-01,  1.75780917e-01,
        -7.38932096e-01, -3.71426576e-01, -2.47968016e+00,
        -1.31433072e+00, -9.53312880e-02,  3.31867600e+00,
        -2.47268016e+00, -1.12431320e+00, -3.66826286e-01,
         3.38615348e+00, -5.72666164e-01],
       [-8.72404541e-01,  4.32292084e-01, -1.68601348e-01,
         7.02250388e-01,  4.08195793e-01,  1.31827601e+00,
        -1.22062016e+00, -3.97315058e-01, -2.51271502e+00,
        -1.18273826e+00,  5.63792575e-01,  3.20519729e+00,
        -2.51571502e+00, -1.00489264e+00,  3.13467336e-01,
         3.30467691e+00,  1.02536583e-01],
       [ 1.29500333e-01, -5.58358658e-01, -8.57675987e-01,
         7.00446729e-01,  3.88797678e-01,  1.47828441e-01,
        -7.37008888e-01, -3.82704814e-01, -2.47900929e+00,
        -1.28051907e+00, -1.26256425e-01,  3.31869721e+00,
        -2.46900929e+00, -1.12532098e+00, -3.82629365e-01,
         3.39687205e+00, -5.65087582e-01],
       [-5.04198815e-01,  9.89888708e-01, -3.35125793e-01,
         6.86829627e-01,  1.50266430e+00,  9.98869243e-01,
        -1.23996978e+00, -4.60170040e-01, -2.73257227e+00,
        -3.14553626e-01,  7.63001739e-01,  3.08551788e+00,
        -2.72757227e+00,  3.36903828e-01,  3.35584636e-02,
         3.18450370e+00,  8.10393727e-01],
       [-5.00000000e-03, -8.00000000e-03, -9.00000000e-03,
         9.00000000e-03,  8.00000000e-03, -4.00000000e-03,
         8.00000000e-03,  4.00000000e-03,  1.00000000e-03,
        -2.00000000e-03,  2.00000000e-03, -7.00000000e-03,
        -6.00000000e-03,  5.00000000e-03, -1.00000000e-02,
         0.00000000e+00,  1.00000000e-03]]), 'deltas': array([[1.10021382e-06],
       [9.58404505e-07],
       [9.19110122e-07],
       [9.56925493e-07],
       [9.30191659e-07],
       [9.32855479e-07],
       [9.40922489e-07],
       [9.73175517e-07],
       [9.39028143e-07],
       [9.55766733e-07],
       [9.46712635e-07],
       [9.35893515e-07],
       [9.42870016e-07],
       [9.24394109e-07],
       [6.12333516e-07],
       [0.00000000e+00]]), 'outputs': array([[0.99737213],
       [0.99771163],
       [0.99780566],
       [0.99771517],
       [0.99777914],
       [0.99777277],
       [0.99775346],
       [0.99767627],
       [0.99775799],
       [0.99771794],
       [0.99773961],
       [0.9977655 ],
       [0.9977488 ],
       [0.99779301],
       [0.99853915],
       [1.        ]]), 'errors': 0.0004197751817864856}, {'weights': array([[-2.75105634, -2.47058307, -2.35666014, -2.44731444, -2.40756686,
        -2.36577665, -2.3915764 , -2.50036651, -2.41971991, -2.4440272 ,
        -2.37141357, -2.38014375, -2.56732803, -2.36953445, -3.06317288,
         3.00674634],
       [ 1.34566807, -0.15241931, -1.33878173,  0.50236542, -0.96929172,
        -1.20643536, -0.97856375, -0.02168669, -0.81854543,  0.37074139,
        -1.00105709, -1.28071225,  0.15392576, -1.32255576,  3.96859703,
        -2.26204696],
       [ 0.28155086,  0.6799338 ,  0.51345594,  1.03503331,  0.58144245,
         0.75019089,  0.74033237,  0.13451746,  0.30179583,  0.90389725,
         0.73465527,  0.42560938,  0.17904718,  0.41511386,  0.63602439,
        -3.22557906]]), 'deltas': array([[-1.90367334e-30],
       [-4.43303869e-05],
       [ 3.88581622e-05]]), 'outputs': array([[1.37973669e-15],
       [6.68045851e-03],
       [9.93746786e-01]]), 'errors': array([[-1.37973669e-15],
       [-6.68045851e-03],
       [ 6.25321354e-03]])}]
Accuracy: 96.66666666666667 %

train_data group 3 length:  120
   0   1   2   3   4   5   6   7   8   9   10  11  12  13  14  15  16
0   1   0   0   0   0   0   1   0   1   0   0   0   1   0   0   0   0
1   0   1   0   0   0   0   0   1   1   0   0   0   1   0   0   0   0
2   1   0   0   0   0   1   0   0   1   0   0   0   1   0   0   0   0
3   1   0   0   0   0   0   1   0   1   0   0   0   1   0   0   0   0
4   1   0   0   0   0   0   1   0   1   0   0   0   1   0   0   0   0
Initial Neural Network:
[{'weights': array([[ 0.002,  0.003,  0.005,  0.   ,  0.004, -0.001,  0.009,  0.006,
        -0.003, -0.003, -0.01 ,  0.003,  0.   , -0.005, -0.005, -0.003,
         0.006],
       [ 0.002,  0.001,  0.002,  0.002,  0.004, -0.008, -0.008,  0.002,
         0.008, -0.003,  0.01 , -0.006,  0.009, -0.009,  0.008, -0.01 ,
         0.004],
       [-0.01 , -0.01 ,  0.003,  0.001, -0.008,  0.008, -0.01 , -0.008,
        -0.006,  0.009, -0.003, -0.006,  0.008, -0.008, -0.009, -0.005,
         0.002],
       [-0.008,  0.008,  0.004,  0.003, -0.002, -0.003, -0.008, -0.002,
         0.   ,  0.009, -0.004,  0.004, -0.003, -0.007, -0.005, -0.008,
         0.004],
       [ 0.009, -0.005, -0.009, -0.003, -0.009, -0.006,  0.   , -0.008,
        -0.008, -0.006,  0.002,  0.005,  0.006,  0.006,  0.005,  0.008,
         0.01 ],
       [ 0.008,  0.005, -0.007,  0.   ,  0.006, -0.004, -0.003, -0.003,
        -0.003,  0.003,  0.005,  0.009, -0.001, -0.005, -0.005, -0.005,
         0.006],
       [-0.003,  0.005,  0.   ,  0.   ,  0.01 ,  0.001, -0.008, -0.008,
         0.008,  0.007, -0.002, -0.007,  0.004,  0.002, -0.009, -0.006,
         0.008],
       [ 0.008,  0.001, -0.001,  0.004, -0.005,  0.01 , -0.003, -0.007,
         0.007, -0.01 ,  0.   ,  0.01 ,  0.008,  0.001, -0.003,  0.001,
        -0.007],
       [-0.001, -0.008,  0.   , -0.001, -0.007, -0.001, -0.006, -0.003,
        -0.003,  0.   , -0.006, -0.007, -0.006, -0.008, -0.001, -0.002,
        -0.002],
       [-0.005, -0.001,  0.008,  0.   ,  0.003, -0.001, -0.005,  0.01 ,
         0.   ,  0.002, -0.005,  0.004, -0.01 ,  0.004,  0.001,  0.008,
        -0.004],
       [ 0.009, -0.004, -0.003, -0.006,  0.   , -0.007, -0.005, -0.006,
        -0.008, -0.007,  0.01 , -0.002, -0.006,  0.007, -0.001, -0.004,
         0.004],
       [-0.004, -0.002,  0.   , -0.002, -0.004,  0.009, -0.001, -0.007,
         0.005, -0.007,  0.   , -0.001, -0.002, -0.001, -0.003,  0.001,
         0.004],
       [ 0.002,  0.003, -0.004, -0.009,  0.   ,  0.003, -0.01 , -0.008,
        -0.007,  0.008, -0.005,  0.009,  0.001, -0.001, -0.006,  0.006,
         0.007],
       [ 0.009,  0.001,  0.   , -0.007,  0.002, -0.01 ,  0.   ,  0.007,
         0.004, -0.006, -0.006,  0.006, -0.009, -0.004, -0.007, -0.006,
        -0.002],
       [ 0.008, -0.003, -0.001, -0.001, -0.007,  0.006,  0.005,  0.008,
         0.008,  0.002, -0.009,  0.   ,  0.008,  0.005, -0.009,  0.004,
        -0.006],
       [ 0.004, -0.004, -0.007,  0.005,  0.005, -0.006,  0.009, -0.006,
        -0.008,  0.008,  0.007, -0.01 ,  0.006, -0.01 ,  0.009,  0.01 ,
         0.007]]), 'deltas': array([[0.],
       [0.],
       [0.],
       [0.],
       [0.],
       [0.],
       [0.],
       [0.],
       [0.],
       [0.],
       [0.],
       [0.],
       [0.],
       [0.],
       [0.],
       [0.]]), 'outputs': array([[0.],
       [0.],
       [0.],
       [0.],
       [0.],
       [0.],
       [0.],
       [0.],
       [0.],
       [0.],
       [0.],
       [0.],
       [0.],
       [0.],
       [0.],
       [0.]]), 'errors': array([[0.],
       [0.],
       [0.],
       [0.],
       [0.],
       [0.],
       [0.],
       [0.],
       [0.],
       [0.],
       [0.],
       [0.],
       [0.],
       [0.],
       [0.],
       [0.]])}, {'weights': array([[-0.001,  0.003,  0.003,  0.004, -0.004, -0.001, -0.008, -0.009,
         0.003, -0.001,  0.002,  0.001,  0.   , -0.003,  0.001,  0.004],
       [ 0.001,  0.006, -0.003, -0.005, -0.007, -0.008, -0.009,  0.01 ,
         0.007,  0.006, -0.001, -0.008,  0.004,  0.004, -0.003,  0.01 ],
       [-0.005,  0.001, -0.008,  0.006,  0.01 , -0.005,  0.003, -0.001,
        -0.002,  0.009,  0.002, -0.001, -0.002, -0.004,  0.009,  0.001]]), 'deltas': array([[0.],
       [0.],
       [0.],
       [0.]]), 'outputs': array([[0.],
       [0.],
       [0.],
       [0.]]), 'errors': array([[0.],
       [0.],
       [0.],
       [0.]])}]
Training complete!
Training done. epoch: 7 , total error: 0.0005838847891967376
[{'weights': array([[ 4.14719035e-01, -1.64663997e-01, -7.18164368e-01,
        -4.50589383e-01, -6.06767621e-01, -5.28085801e-01,
         6.52529334e-03,  2.17629415e-01,  1.25660120e+00,
        -5.36990680e-01, -8.02170349e-01, -8.59138885e-01,
         1.25960120e+00, -5.52484782e-01, -7.18932264e-01,
        -9.29882868e-01, -9.22698713e-01],
       [ 4.12826226e-01, -1.68815933e-01, -7.17744704e-01,
        -4.45184888e-01, -6.07693834e-01, -5.35753634e-01,
        -5.56723634e-03,  2.13095404e-01,  1.26578298e+00,
        -5.35518203e-01, -7.86956472e-01, -8.60227610e-01,
         1.26678298e+00, -5.55063618e-01, -7.10214271e-01,
        -9.29424395e-01, -9.21919300e-01],
       [ 4.05381149e-01, -1.74484402e-01, -7.19066228e-01,
        -4.47913651e-01, -6.14527076e-01, -5.22975969e-01,
        -4.95561512e-03,  2.04375530e-01,  1.25562673e+00,
        -5.23672731e-01, -7.95021349e-01, -8.63015782e-01,
         1.26962673e+00, -5.53633594e-01, -7.20813575e-01,
        -9.29262694e-01, -9.18083131e-01],
       [ 4.08320948e-01, -1.61029294e-01, -7.17076353e-01,
        -4.46727185e-01, -6.11803737e-01, -5.31304631e-01,
        -4.99907359e-03,  2.09595559e-01,  1.26226929e+00,
        -5.24890798e-01, -7.96224554e-01, -8.55665823e-01,
         1.25926929e+00, -5.54248507e-01, -7.19561125e-01,
        -9.31971543e-01, -9.19511884e-01],
       [ 4.19598260e-01, -1.71994952e-01, -7.31286117e-01,
        -4.54714370e-01, -6.20637183e-01, -5.35495093e-01,
        -1.86199457e-03,  2.04597092e-01,  1.25264117e+00,
        -5.40387885e-01, -7.93262469e-01, -8.56387998e-01,
         1.26664117e+00, -5.41870297e-01, -7.10810745e-01,
        -9.19357310e-01, -9.20397179e-01],
       [ 4.18624260e-01, -1.64210263e-01, -7.27079726e-01,
        -4.50473598e-01, -6.08110547e-01, -5.32111177e-01,
        -2.04130682e-03,  2.09123702e-01,  1.25803557e+00,
        -5.32860411e-01, -7.89723424e-01, -8.50591064e-01,
         1.26003557e+00, -5.54504082e-01, -7.21367753e-01,
        -9.29303065e-01, -9.23139328e-01],
       [ 4.06816968e-01, -1.65156366e-01, -7.20067894e-01,
        -4.47670916e-01, -6.03989377e-01, -5.27887888e-01,
        -4.76000443e-03,  2.03559062e-01,  1.26681264e+00,
        -5.30180600e-01, -7.96280702e-01, -8.62429550e-01,
         1.26281264e+00, -5.49009165e-01, -7.22811765e-01,
        -9.28069922e-01, -9.20078208e-01],
       [ 4.20552644e-01, -1.65663030e-01, -7.22722031e-01,
        -4.47372206e-01, -6.12391307e-01, -5.22852250e-01,
        -2.09530834e-03,  2.05134241e-01,  1.26517122e+00,
        -5.41211740e-01, -7.93292173e-01, -8.50871931e-01,
         1.26617122e+00, -5.43868521e-01, -7.17493085e-01,
        -9.25014237e-01, -9.34204624e-01],
       [ 4.14243273e-01, -1.71698693e-01, -7.20447331e-01,
        -4.49670683e-01, -6.14522187e-01, -5.27639016e-01,
        -1.98101389e-03,  2.09568783e-01,  1.25972006e+00,
        -5.32145479e-01, -7.97219121e-01, -8.63928890e-01,
         1.25672006e+00, -5.53033239e-01, -7.13421513e-01,
        -9.24838738e-01, -9.19573434e-01],
       [ 4.11690599e-01, -1.67063845e-01, -7.16426997e-01,
        -4.50205783e-01, -6.07573659e-01, -5.29094206e-01,
        -2.29738879e-03,  2.21959228e-01,  1.26467660e+00,
        -5.32171074e-01, -7.97727109e-01, -8.57784439e-01,
         1.25467660e+00, -5.43705721e-01, -7.12165979e-01,
        -9.19810922e-01, -9.28006026e-01],
       [ 4.20330673e-01, -1.70196635e-01, -7.23989441e-01,
        -4.53576353e-01, -6.13512680e-01, -5.33045298e-01,
        -1.81715016e-03,  2.06943372e-01,  1.25536287e+00,
        -5.42176143e-01, -7.86060645e-01, -8.57557840e-01,
         1.25736287e+00, -5.42114510e-01, -7.15971465e-01,
        -9.26708653e-01, -9.19431756e-01],
       [ 4.10651391e-01, -1.69423612e-01, -7.23454898e-01,
        -4.51997480e-01, -6.11550546e-01, -5.23395403e-01,
         4.47840079e-04,  2.05273509e-01,  1.26536211e+00,
        -5.38685752e-01, -7.95395156e-01, -8.60505801e-01,
         1.25836211e+00, -5.46298619e-01, -7.17563623e-01,
        -9.25724467e-01, -9.22224599e-01],
       [ 4.14553615e-01, -1.65226886e-01, -7.27129959e-01,
        -4.58960185e-01, -6.12432991e-01, -5.28572576e-01,
        -7.13401307e-03,  2.04376165e-01,  1.25549282e+00,
        -5.28465394e-01, -7.98703612e-01, -8.52087229e-01,
         1.26349282e+00, -5.50725618e-01, -7.20317926e-01,
        -9.21212691e-01, -9.21763414e-01],
       [ 4.21208415e-01, -1.64760287e-01, -7.20027596e-01,
        -4.55082847e-01, -6.09321181e-01, -5.32563292e-01,
         5.06397026e-04,  2.18715760e-01,  1.26428930e+00,
        -5.39637258e-01, -7.95943870e-01, -8.52370488e-01,
         1.25128930e+00, -5.51297069e-01, -7.19012713e-01,
        -9.28641834e-01, -9.23662316e-01],
       [ 4.18093809e-01, -1.68801199e-01, -7.22100253e-01,
        -4.50675768e-01, -6.15444669e-01, -5.22438141e-01,
         4.01451476e-03,  2.19384884e-01,  1.26451198e+00,
        -5.32260480e-01, -7.99073621e-01, -8.58661289e-01,
         1.26451198e+00, -5.42581167e-01, -7.18912889e-01,
        -9.21501335e-01, -9.32483411e-01],
       [ 4.00000000e-03, -4.00000000e-03, -7.00000000e-03,
         5.00000000e-03,  5.00000000e-03, -6.00000000e-03,
         9.00000000e-03, -6.00000000e-03, -8.00000000e-03,
         8.00000000e-03,  7.00000000e-03, -1.00000000e-02,
         6.00000000e-03, -1.00000000e-02,  9.00000000e-03,
         1.00000000e-02,  7.00000000e-03]]), 'deltas': array([[0.00053946],
       [0.00053816],
       [0.00054242],
       [0.00054335],
       [0.00053869],
       [0.00054079],
       [0.00054076],
       [0.00053911],
       [0.00054178],
       [0.00054526],
       [0.00054067],
       [0.00054035],
       [0.00054364],
       [0.00053992],
       [0.00053785],
       [0.        ]]), 'outputs': array([[0.88219676],
       [0.88252486],
       [0.88145066],
       [0.88121539],
       [0.88239152],
       [0.88185998],
       [0.88186929],
       [0.88228486],
       [0.88161094],
       [0.88073168],
       [0.88189051],
       [0.881973  ],
       [0.88114131],
       [0.88208052],
       [0.88260197],
       [1.        ]]), 'errors': 0.005190811610879702}, {'weights': array([[ 0.51988115,  0.5294074 ,  0.51381447,  0.50870233,  0.51216963,
         0.51252554,  0.51446363,  0.51809433,  0.51273375,  0.49272785,
         0.50552924,  0.5140537 ,  0.50495607,  0.52122695,  0.54207148,
        -3.12451133],
       [-0.2825546 , -0.26568211, -0.27879087, -0.27437297, -0.28791429,
        -0.28054506, -0.27699667, -0.28012158, -0.26808661, -0.26628745,
        -0.26373915, -0.28758212, -0.27042466, -0.27657052, -0.29469917,
        -0.16395583],
       [-0.38769272, -0.3993863 , -0.38901839, -0.37733387, -0.37202009,
        -0.39278231, -0.39666978, -0.38218851, -0.38188056, -0.36227485,
        -0.38715001, -0.38208667, -0.3805612 , -0.39011922, -0.38047327,
         0.52619279]]), 'deltas': array([[ 0.00058831],
       [-0.00044644],
       [-0.00010733]]), 'outputs': array([[0.97544148],
       [0.02135854],
       [0.01041448]]), 'errors': array([[ 0.02455852],
       [-0.02135854],
       [-0.01041448]])}]
Accuracy: 66.66666666666666 %

train_data group 4 length:  120
   0   1   2   3   4   5   6   7   8   9   10  11  12  13  14  15  16
0   1   0   0   0   0   0   1   0   1   0   0   0   1   0   0   0   0
1   0   1   0   0   0   0   0   1   1   0   0   0   1   0   0   0   0
2   1   0   0   0   0   1   0   0   1   0   0   0   1   0   0   0   0
3   1   0   0   0   0   0   1   0   1   0   0   0   1   0   0   0   0
4   1   0   0   0   0   0   1   0   1   0   0   0   1   0   0   0   0
Initial Neural Network:
[{'weights': array([[ 0.004, -0.006, -0.009, -0.003, -0.005, -0.007,  0.002,  0.007,
        -0.004, -0.003, -0.009, -0.005, -0.007, -0.009,  0.007, -0.005,
         0.006],
       [-0.004, -0.001, -0.009, -0.002, -0.002, -0.009,  0.007, -0.001,
         0.005,  0.001,  0.01 ,  0.01 ,  0.003, -0.01 , -0.01 , -0.004,
         0.01 ],
       [-0.004, -0.003,  0.008, -0.005, -0.008, -0.007,  0.007,  0.008,
         0.002, -0.005, -0.007, -0.006, -0.003, -0.007,  0.01 , -0.006,
         0.004],
       [-0.007, -0.004,  0.001,  0.008, -0.004,  0.003,  0.009, -0.006,
        -0.007,  0.008, -0.001, -0.001,  0.004,  0.002, -0.001,  0.007,
        -0.005],
       [-0.01 ,  0.003, -0.002,  0.01 ,  0.   ,  0.005,  0.   ,  0.006,
        -0.004,  0.01 , -0.007,  0.008,  0.007, -0.006,  0.006,  0.01 ,
        -0.009],
       [ 0.005,  0.01 , -0.01 , -0.005, -0.008, -0.006,  0.009, -0.008,
        -0.009, -0.001,  0.004,  0.01 ,  0.01 , -0.01 ,  0.002,  0.001,
         0.002],
       [ 0.004, -0.003, -0.007, -0.004,  0.001, -0.01 , -0.003,  0.001,
        -0.002, -0.005,  0.006,  0.008, -0.008,  0.01 , -0.003, -0.008,
         0.007],
       [-0.01 ,  0.01 , -0.001,  0.002, -0.001, -0.007, -0.002, -0.002,
         0.003, -0.003, -0.001,  0.006, -0.01 , -0.008,  0.002,  0.009,
        -0.004],
       [-0.008,  0.   ,  0.   ,  0.004, -0.008,  0.006, -0.005,  0.005,
         0.005, -0.008,  0.01 , -0.005,  0.009, -0.003, -0.005, -0.006,
        -0.007],
       [-0.01 ,  0.008, -0.001,  0.001, -0.009, -0.003,  0.003, -0.005,
        -0.003,  0.003, -0.001, -0.006,  0.01 ,  0.008, -0.006,  0.005,
         0.003],
       [ 0.01 , -0.003,  0.006,  0.001,  0.004,  0.001, -0.009,  0.001,
         0.007,  0.008, -0.009,  0.003, -0.006, -0.009, -0.006,  0.009,
        -0.01 ],
       [-0.004,  0.008,  0.006,  0.007,  0.007, -0.01 ,  0.008,  0.01 ,
         0.009, -0.003,  0.01 , -0.002,  0.008,  0.003,  0.   , -0.004,
        -0.01 ],
       [ 0.001, -0.001,  0.003, -0.002,  0.005, -0.009,  0.005, -0.007,
        -0.006, -0.007, -0.006, -0.009,  0.008,  0.01 ,  0.009,  0.004,
        -0.01 ],
       [ 0.001, -0.001,  0.006, -0.003,  0.001, -0.006, -0.002,  0.01 ,
        -0.01 , -0.006,  0.006,  0.006, -0.008, -0.006,  0.009, -0.002,
         0.009],
       [ 0.005, -0.008,  0.007,  0.002,  0.009, -0.008,  0.009,  0.01 ,
         0.   , -0.006, -0.002, -0.004, -0.006,  0.01 ,  0.001, -0.009,
        -0.004],
       [ 0.001,  0.01 ,  0.   , -0.007,  0.008,  0.007, -0.001,  0.009,
         0.009, -0.009,  0.001,  0.01 , -0.007,  0.007, -0.006,  0.007,
         0.003]]), 'deltas': array([[0.],
       [0.],
       [0.],
       [0.],
       [0.],
       [0.],
       [0.],
       [0.],
       [0.],
       [0.],
       [0.],
       [0.],
       [0.],
       [0.],
       [0.],
       [0.]]), 'outputs': array([[0.],
       [0.],
       [0.],
       [0.],
       [0.],
       [0.],
       [0.],
       [0.],
       [0.],
       [0.],
       [0.],
       [0.],
       [0.],
       [0.],
       [0.],
       [0.]]), 'errors': array([[0.],
       [0.],
       [0.],
       [0.],
       [0.],
       [0.],
       [0.],
       [0.],
       [0.],
       [0.],
       [0.],
       [0.],
       [0.],
       [0.],
       [0.],
       [0.]])}, {'weights': array([[ 0.   ,  0.009,  0.007, -0.004,  0.004, -0.008, -0.008, -0.01 ,
         0.002,  0.005,  0.001, -0.009, -0.001,  0.   ,  0.009,  0.002],
       [ 0.001,  0.003, -0.008, -0.003, -0.007,  0.   , -0.004,  0.005,
         0.003, -0.007,  0.009, -0.001, -0.003, -0.004,  0.003, -0.002],
       [ 0.   , -0.004,  0.003,  0.002, -0.005,  0.007,  0.005,  0.002,
        -0.004,  0.003, -0.006,  0.01 , -0.008,  0.003,  0.001,  0.007]]), 'deltas': array([[0.],
       [0.],
       [0.],
       [0.]]), 'outputs': array([[0.],
       [0.],
       [0.],
       [0.]]), 'errors': array([[0.],
       [0.],
       [0.],
       [0.]])}]
Training complete!
Training done. epoch: 28 , total error: 0.0006407698862022222
[{'weights': array([[-2.27694658e-01,  4.07250722e-01, -1.62376825e-01,
        -7.62277504e-01, -5.87056762e-01, -8.58847023e-02,
         2.51635699e-01, -3.12792498e-01, -2.01205256e+00,
         1.35687725e+00,  1.35629907e+00, -1.45322203e+00,
        -2.01505256e+00,  1.97211280e+00,  1.33421516e+00,
        -2.03637366e+00, -7.25098264e-01],
       [-1.99424239e-01,  2.35846152e-01, -8.63785995e-01,
        -5.33147687e-01, -7.54123912e-01, -6.41995078e-01,
         3.66394125e-01, -3.19786904e-01, -1.99732969e+00,
         1.40505844e+00,  1.20745156e-01, -8.46985676e-01,
        -1.99932969e+00,  2.12618325e+00, -6.63733538e-02,
        -1.42599198e+00, -1.33451177e+00],
       [-2.26542515e-01,  4.83500398e-01, -3.01990127e-01,
        -7.39092938e-01, -7.05245375e-01, -6.88732146e-02,
         3.07174484e-01, -3.13181077e-01, -2.01070083e+00,
         1.36509865e+00,  1.20971332e+00, -1.36023633e+00,
        -2.01570083e+00,  2.00155135e+00,  1.18052088e+00,
        -1.95249658e+00, -7.76125182e-01],
       [-5.19453269e-01, -7.35491542e-02,  3.99879823e-01,
         5.17082505e-01, -2.29303827e-01,  5.27539798e-01,
         3.64969861e-01, -3.35245928e-01, -2.20436418e+00,
         1.19892432e+00,  4.28268548e-01,  9.02131215e-01,
        -2.19336418e+00,  1.75571309e+00,  1.07611975e+00,
        -3.00508753e-01,  3.20959904e-01],
       [-5.79374259e-01,  1.39343810e-02,  4.34238879e-01,
         5.44106512e-01, -8.13711725e-02,  5.37544834e-01,
         2.99839519e-01, -3.33107668e-01, -2.24995559e+00,
         1.16246348e+00,  4.87111345e-01,  1.01928627e+00,
        -2.23895559e+00,  1.66681675e+00,  1.00206002e+00,
        -1.01566772e-03,  4.02905513e-01],
       [-1.86391300e-01,  2.58198990e-01, -8.71786836e-01,
        -5.49846454e-01, -7.69353419e-01, -6.37087047e-01,
         3.68671765e-01, -3.25056898e-01, -2.00824957e+00,
         1.40579986e+00,  1.28568069e-01, -8.71943954e-01,
        -1.98924957e+00,  2.12942786e+00, -4.31755810e-02,
        -1.44382831e+00, -1.34782560e+00],
       [-1.77524750e-01,  3.35865292e-01, -9.49717696e-01,
        -6.46552081e-01, -8.39272439e-01, -6.57678605e-01,
         3.74093052e-01, -3.16071243e-01, -1.98812452e+00,
         1.40185615e+00,  2.75355661e-01, -1.11001652e+00,
        -1.99412452e+00,  2.12885736e+00,  1.30387258e-01,
        -1.70204933e+00, -1.42092924e+00],
       [-5.26680972e-01, -3.83340552e-02,  3.92101526e-01,
         5.22542980e-01, -1.71649610e-01,  5.04647452e-01,
         3.40031349e-01, -3.36399713e-01, -2.20135688e+00,
         1.18046051e+00,  4.23051468e-01,  9.51474388e-01,
        -2.21435688e+00,  1.72896803e+00,  1.08273918e+00,
        -2.55720848e-01,  3.44629479e-01],
       [-2.31429423e-01,  3.63672719e-01, -1.06771852e-01,
        -7.91112266e-01, -5.27929886e-01, -1.06706400e-01,
         1.87001411e-01, -3.16005947e-01, -1.99635986e+00,
         1.35524121e+00,  1.44694987e+00, -1.56547205e+00,
        -1.99235986e+00,  1.96470705e+00,  1.42037784e+00,
        -2.15936585e+00, -7.68640823e-01],
       [-1.86517552e-01,  3.07854672e-01, -9.16759768e-01,
        -6.02452428e-01, -8.15099145e-01, -6.37616028e-01,
         3.66341275e-01, -3.23501177e-01, -1.99352637e+00,
         1.41445855e+00,  1.98867514e-01, -1.02267477e+00,
        -1.98052637e+00,  2.14433796e+00,  4.59522408e-02,
        -1.58863891e+00, -1.39287508e+00],
       [-1.88040857e-01,  2.48017592e-01, -8.50273531e-01,
        -5.35362262e-01, -7.50374028e-01, -6.29963128e-01,
         3.53729800e-01, -3.16051702e-01, -1.98888629e+00,
         1.40930816e+00,  1.05447391e-01, -8.56528325e-01,
        -2.00188629e+00,  2.12760103e+00, -5.96813175e-02,
        -1.41769248e+00, -1.34965906e+00],
       [-2.31928932e-01,  3.84462622e-01, -1.14889565e-01,
        -7.70219308e-01, -5.35816844e-01, -1.04180454e-01,
         2.18203566e-01, -3.12781451e-01, -1.99960660e+00,
         1.35523163e+00,  1.41859895e+00, -1.50979915e+00,
        -2.00060660e+00,  1.96979442e+00,  1.39074004e+00,
        -2.10250304e+00, -7.59575183e-01],
       [-2.30321845e-01,  3.86532368e-01, -1.19192519e-01,
        -7.77348094e-01, -5.47186072e-01, -9.88034808e-02,
         2.23303201e-01, -3.24643738e-01, -2.01012533e+00,
         1.34964344e+00,  1.39688865e+00, -1.50573685e+00,
        -1.99612533e+00,  1.97805688e+00,  1.39012925e+00,
        -2.08239089e+00, -7.51330090e-01],
       [-5.09596139e-01, -5.61284093e-02,  3.93915038e-01,
         4.96328725e-01, -2.06047856e-01,  4.97904245e-01,
         3.55673752e-01, -3.23010925e-01, -2.20480523e+00,
         1.18319528e+00,  4.17883450e-01,  9.21245719e-01,
        -2.20280523e+00,  1.74492469e+00,  1.09193722e+00,
        -3.19537461e-01,  3.30519215e-01],
       [-2.30194523e-01,  4.01523344e-01, -1.38568060e-01,
        -7.59091681e-01, -5.71687601e-01, -8.36802868e-02,
         2.52146808e-01, -3.09109842e-01, -2.00802466e+00,
         1.34980913e+00,  1.36604809e+00, -1.45216348e+00,
        -2.01402466e+00,  1.98210642e+00,  1.34017628e+00,
        -2.04458896e+00, -7.36330921e-01],
       [ 1.00000000e-03,  1.00000000e-02,  0.00000000e+00,
        -7.00000000e-03,  8.00000000e-03,  7.00000000e-03,
        -1.00000000e-03,  9.00000000e-03,  9.00000000e-03,
        -9.00000000e-03,  1.00000000e-03,  1.00000000e-02,
        -7.00000000e-03,  7.00000000e-03, -6.00000000e-03,
         7.00000000e-03,  3.00000000e-03]]), 'deltas': array([[3.69550772e-05],
       [4.87076165e-05],
       [4.35299415e-05],
       [6.37449226e-04],
       [4.14041145e-04],
       [4.55601962e-05],
       [2.31067085e-05],
       [5.90292836e-04],
       [2.67039237e-05],
       [3.08891236e-05],
       [4.83938106e-05],
       [3.08274505e-05],
       [3.17770594e-05],
       [6.57249200e-04],
       [3.64837673e-05],
       [0.00000000e+00]]), 'outputs': array([[0.0062871 ],
       [0.00830339],
       [0.00741408],
       [0.87713891],
       [0.92426738],
       [0.0077626 ],
       [0.00392177],
       [0.88756413],
       [0.00453509],
       [0.00524963],
       [0.00824944],
       [0.00523909],
       [0.00540136],
       [0.87267467],
       [0.00620641],
       [1.        ]]), 'errors': 0.00591511061844867}, {'weights': array([[-1.0776165 , -1.16094735, -1.09340326, -1.80083022, -2.06551921,
        -1.17195717, -1.11469454, -1.85306364, -1.04261326, -1.11656143,
        -1.16819064, -1.07161378, -1.06824268, -1.80404958, -1.07418194,
         3.07981015],
       [ 0.94134293,  0.57894211,  0.74442932,  0.12716035,  0.03006249,
         0.60127227,  0.70745908,  0.13014763,  1.1737457 ,  0.67053113,
         0.57265303,  1.07101434,  1.04736223,  0.15816744,  0.9596467 ,
        -4.17809022],
       [-1.06479027, -0.31064821, -0.77420127,  1.70721307,  2.76623566,
        -0.36257732, -0.75755723,  1.85612961, -1.4537048 , -0.64675183,
        -0.30218853, -1.25303866, -1.23464189,  1.69117596, -1.06190379,
        -2.74543089]]), 'deltas': array([[-0.00056478],
       [-0.00053652],
       [ 0.00015154]]), 'outputs': array([[0.02405623],
       [0.02343922],
       [0.98761288]]), 'errors': array([[-0.02405623],
       [-0.02343922],
       [ 0.01238712]])}]
Accuracy: 86.66666666666667 %

Feedforward Neural Network AVG Accuracy (%): 87.33333333333334 %
