Namespace(error_threshold=0.001, max_epochs=1000, num_layers=2, num_nodes_per_hidden_layer=7, training_rate=0.5)

train_data group 0 length:  120
   0   1   2   3   4   5   6   7   8   9   10  11  12  13  14  15  16
0   1   0   0   0   0   1   0   0   1   0   0   0   1   0   0   0   0
1   1   0   0   0   0   1   0   0   1   0   0   0   1   0   0   0   0
2   1   0   0   0   0   0   1   0   1   0   0   0   1   0   0   0   0
3   1   0   0   0   0   1   0   0   1   0   0   0   1   0   0   0   0
4   1   0   0   0   0   0   1   0   1   0   0   0   1   0   0   0   0
Initial Neural Network:
[{'weights': array([[ 0.004,  0.   , -0.004,  0.007, -0.008, -0.004,  0.008, -0.008,
        -0.009,  0.004,  0.   ,  0.006,  0.002, -0.004, -0.006,  0.005,
         0.   ],
       [-0.003,  0.009,  0.004,  0.009,  0.008,  0.001,  0.01 ,  0.002,
         0.003,  0.009,  0.008, -0.002,  0.005,  0.003,  0.004,  0.005,
        -0.002],
       [-0.009,  0.004, -0.005, -0.005,  0.005,  0.003,  0.005,  0.004,
         0.006,  0.006, -0.01 , -0.002, -0.009,  0.   ,  0.001,  0.   ,
        -0.003],
       [-0.002,  0.   , -0.01 , -0.003,  0.008, -0.002, -0.001,  0.   ,
         0.006, -0.002,  0.009, -0.008,  0.   ,  0.006,  0.005, -0.004,
         0.006],
       [ 0.005, -0.004,  0.001, -0.007, -0.007,  0.004, -0.003,  0.001,
         0.007,  0.001, -0.008,  0.007, -0.006,  0.003,  0.006,  0.006,
         0.007],
       [-0.009,  0.009, -0.003, -0.008,  0.006, -0.001, -0.007,  0.003,
         0.01 ,  0.009, -0.003, -0.003, -0.007,  0.007,  0.   ,  0.001,
         0.008],
       [ 0.006,  0.01 , -0.006, -0.001, -0.005,  0.007,  0.01 ,  0.001,
         0.009, -0.01 , -0.005, -0.006,  0.002, -0.001, -0.004, -0.009,
        -0.005],
       [-0.006,  0.008,  0.006, -0.003,  0.003,  0.004,  0.008, -0.007,
         0.003, -0.004,  0.002, -0.009,  0.009,  0.002,  0.01 , -0.005,
        -0.002]]), 'deltas': array([[0.],
       [0.],
       [0.],
       [0.],
       [0.],
       [0.],
       [0.],
       [0.]]), 'outputs': array([[0.],
       [0.],
       [0.],
       [0.],
       [0.],
       [0.],
       [0.],
       [0.]]), 'errors': array([[0.],
       [0.],
       [0.],
       [0.],
       [0.],
       [0.],
       [0.],
       [0.]])}, {'weights': array([[-0.01 , -0.009, -0.008,  0.005,  0.001,  0.009,  0.007,  0.009],
       [ 0.007, -0.005,  0.008, -0.005, -0.002, -0.008, -0.005, -0.008],
       [-0.006, -0.007, -0.001, -0.01 ,  0.001, -0.005, -0.001,  0.002]]), 'deltas': array([[0.],
       [0.],
       [0.],
       [0.]]), 'outputs': array([[0.],
       [0.],
       [0.],
       [0.]]), 'errors': array([[0.],
       [0.],
       [0.],
       [0.]])}]
Training complete!
Training done. epoch: 31 , total error: 0.0004076073335348983
[{'weights': array([[-8.72904570e-02, -2.85775951e-01, -4.84535388e-01,
         6.84888429e-01,  2.73875662e-01,  8.82001080e-03,
        -2.69409199e-01, -2.04999841e-01, -2.03913992e+00,
        -4.76675750e-01, -1.03841459e-01,  2.44094376e+00,
        -2.02813992e+00, -6.74660686e-01, -2.50305695e-01,
         2.77039293e+00, -1.79713368e-01],
       [-2.50969952e-02, -7.51142437e-02, -3.27288167e-01,
         6.47022831e-01,  2.30644705e-01,  5.20994917e-01,
        -3.29910463e-01, -2.00205734e-01, -2.09191289e+00,
        -5.62271982e-01,  5.76580893e-01,  2.29612740e+00,
        -2.08991289e+00, -7.75668788e-01,  4.97714242e-01,
         2.58539086e+00,  1.98523425e-01],
       [-8.13397005e-02, -2.74061087e-01, -5.04766687e-01,
         6.72151961e-01,  2.87171012e-01,  2.24971135e-02,
        -2.70354158e-01, -1.95329481e-01, -2.02896158e+00,
        -4.81232687e-01, -8.75512741e-02,  2.42473003e+00,
        -2.04396158e+00, -6.75464658e-01, -2.22066578e-01,
         2.76047730e+00, -1.76015514e-01],
       [-2.16164180e-01,  2.51191244e-01, -1.37824502e-01,
         6.13399539e-01,  3.25405757e-01,  7.37095510e-01,
        -3.26283834e-01, -2.05615332e-01, -2.16091735e+00,
        -1.68071849e-01,  6.70618983e-01,  2.18897231e+00,
        -2.16691735e+00, -4.31198623e-01,  6.72735005e-01,
         2.45798307e+00,  5.31602101e-01],
       [-4.77985056e-02, -2.80949907e-01, -5.22600369e-01,
         6.66773163e-01,  2.80220655e-01,  1.49946703e-02,
        -2.81622736e-01, -1.98168209e-01, -2.03480140e+00,
        -5.09322697e-01, -4.90938471e-02,  2.42064232e+00,
        -2.04780140e+00, -6.93164309e-01, -1.84437679e-01,
         2.75482777e+00, -1.72575619e-01],
       [-1.42874597e-02, -2.26369247e-01, -5.78173335e-01,
         6.57815006e-01,  2.89928676e-01,  5.58401379e-02,
        -2.95884028e-01, -1.98899822e-01, -2.04576274e+00,
        -5.21673726e-01,  4.30492151e-02,  2.38737222e+00,
        -2.06276274e+00, -7.08946452e-01, -9.16532472e-02,
         2.71434740e+00, -1.42015036e-01],
       [-1.05302673e-01, -2.70485001e-01, -4.78562820e-01,
         6.80268051e-01,  2.59397421e-01,  3.16239334e-02,
        -2.63303579e-01, -1.97800219e-01, -2.02637605e+00,
        -4.91802589e-01, -1.12939109e-01,  2.43603530e+00,
        -2.03337605e+00, -6.74721017e-01, -2.53199985e-01,
         2.76621461e+00, -1.88082443e-01],
       [-6.00000000e-03,  8.00000000e-03,  6.00000000e-03,
        -3.00000000e-03,  3.00000000e-03,  4.00000000e-03,
         8.00000000e-03, -7.00000000e-03,  3.00000000e-03,
        -4.00000000e-03,  2.00000000e-03, -9.00000000e-03,
         9.00000000e-03,  2.00000000e-03,  1.00000000e-02,
        -5.00000000e-03, -2.00000000e-03]]), 'deltas': array([[4.13444993e-05],
       [3.58901819e-05],
       [4.31348735e-05],
       [2.69732027e-05],
       [4.46433629e-05],
       [4.98094489e-05],
       [4.15613225e-05],
       [0.00000000e+00]]), 'outputs': array([[0.98631365],
       [0.98814118],
       [0.98571227],
       [0.99111426],
       [0.98520499],
       [0.9834637 ],
       [0.98624086],
       [1.        ]]), 'errors': 0.00306277456394095}, {'weights': array([[-2.64715948, -2.92639361, -2.68466956, -3.16839234, -2.68977032,
        -2.78578875, -2.58806741,  2.42619088],
       [-1.78689885,  1.14952566, -1.32689302,  3.11752836, -1.19545944,
        -0.06974553, -1.86370836, -1.71619952],
       [ 1.26028525,  1.09716425,  1.18793568,  1.22704606,  1.22406534,
         1.08246208,  1.2182757 , -3.84202493]]), 'deltas': array([[-2.53072971e-15],
       [-6.34201627e-04],
       [ 1.62302347e-04]]), 'outputs': array([[5.03063598e-08],
       [2.55108645e-02],
       [9.87177736e-01]]), 'errors': array([[-5.03063598e-08],
       [-2.55108645e-02],
       [ 1.28222643e-02]])}]
neural_net output [0.90144211 0.1514627  0.02292661]
target: 0 prediction: 0
neural_net output [0.89968909 0.15664149 0.02307571]
target: 0 prediction: 0
neural_net output [0.88519419 0.16095772 0.02450336]
target: 0 prediction: 0
neural_net output [0.90144211 0.1514627  0.02292661]
target: 0 prediction: 0
neural_net output [0.90144211 0.1514627  0.02292661]
target: 0 prediction: 0
neural_net output [0.90144211 0.1514627  0.02292661]
target: 0 prediction: 0
neural_net output [0.89968909 0.15664149 0.02307571]
target: 0 prediction: 0
neural_net output [0.90144211 0.1514627  0.02292661]
target: 0 prediction: 0
neural_net output [0.89968909 0.15664149 0.02307571]
target: 0 prediction: 0
neural_net output [0.90163871 0.15582814 0.02287706]
target: 0 prediction: 0
neural_net output [5.02473431e-04 5.53583452e-01 5.64436094e-01]
target: 1 prediction: 2
neural_net output [5.02473431e-04 5.53583452e-01 5.64436094e-01]
target: 1 prediction: 2
neural_net output [2.82725432e-04 4.33031280e-01 6.29192025e-01]
target: 1 prediction: 2
neural_net output [5.02473431e-04 5.53583452e-01 5.64436094e-01]
target: 1 prediction: 2
neural_net output [0.00122739 0.59501235 0.46968844]
target: 1 prediction: 1
neural_net output [0.00122739 0.59501235 0.46968844]
target: 1 prediction: 1
neural_net output [0.00621831 0.5409301  0.31258259]
target: 1 prediction: 1
neural_net output [5.02473431e-04 5.53583452e-01 5.64436094e-01]
target: 1 prediction: 2
neural_net output [5.02473431e-04 5.53583452e-01 5.64436094e-01]
target: 1 prediction: 2
neural_net output [5.02473431e-04 5.53583452e-01 5.64436094e-01]
target: 1 prediction: 2
neural_net output [2.11253447e-07 4.46162569e-02 9.76073910e-01]
target: 2 prediction: 2
neural_net output [9.34428796e-08 3.38971612e-02 9.83161032e-01]
target: 2 prediction: 2
neural_net output [5.03050320e-08 2.54491877e-02 9.87185903e-01]
target: 2 prediction: 2
neural_net output [5.02473431e-04 5.53583452e-01 5.64436094e-01]
target: 2 prediction: 2
neural_net output [2.07679498e-07 4.58873538e-02 9.76215727e-01]
target: 2 prediction: 2
neural_net output [4.10203653e-08 2.46491475e-02 9.88242622e-01]
target: 2 prediction: 2
neural_net output [4.60169688e-08 2.55461581e-02 9.87645836e-01]
target: 2 prediction: 2
neural_net output [4.23561402e-08 2.45378623e-02 9.88088432e-01]
target: 2 prediction: 2
neural_net output [1.48211440e-07 4.13535347e-02 9.79394670e-01]
target: 2 prediction: 2
neural_net output [2.82725432e-04 4.33031280e-01 6.29192025e-01]
target: 2 prediction: 2
Accuracy: 76.66666666666667 %

train_data group 1 length:  120
   0   1   2   3   4   5   6   7   8   9   10  11  12  13  14  15  16
0   1   0   0   0   0   0   1   0   1   0   0   0   1   0   0   0   0
1   0   1   0   0   0   0   0   1   1   0   0   0   1   0   0   0   0
2   1   0   0   0   0   1   0   0   1   0   0   0   1   0   0   0   0
3   1   0   0   0   0   0   1   0   1   0   0   0   1   0   0   0   0
4   1   0   0   0   0   0   1   0   1   0   0   0   1   0   0   0   0
Initial Neural Network:
[{'weights': array([[ 0.003,  0.007,  0.   , -0.005,  0.009,  0.007,  0.009, -0.002,
        -0.003, -0.001,  0.01 , -0.01 , -0.005,  0.   ,  0.001,  0.009,
        -0.007],
       [ 0.008,  0.007,  0.005, -0.006, -0.01 ,  0.005,  0.004, -0.01 ,
         0.002,  0.01 , -0.005,  0.006,  0.002,  0.006,  0.003,  0.004,
        -0.008],
       [ 0.009, -0.002, -0.008, -0.006, -0.009,  0.009, -0.01 ,  0.008,
         0.007,  0.009,  0.   ,  0.007, -0.006,  0.002,  0.009,  0.003,
        -0.006],
       [-0.005,  0.008, -0.003,  0.004, -0.008, -0.009,  0.   , -0.004,
         0.008,  0.005,  0.   ,  0.005, -0.001,  0.01 , -0.007,  0.01 ,
        -0.007],
       [ 0.002,  0.002,  0.004, -0.009,  0.   , -0.007,  0.002,  0.005,
        -0.006,  0.009, -0.003,  0.001, -0.009,  0.006, -0.005, -0.01 ,
         0.001],
       [ 0.01 , -0.004,  0.001, -0.001, -0.007, -0.007,  0.001,  0.008,
         0.009, -0.01 , -0.003,  0.005, -0.002,  0.007, -0.008, -0.002,
        -0.009],
       [ 0.003, -0.001,  0.002,  0.006,  0.003,  0.004,  0.005, -0.007,
         0.009,  0.01 ,  0.01 ,  0.009,  0.001,  0.01 ,  0.01 ,  0.005,
        -0.004],
       [ 0.005,  0.002,  0.008,  0.001, -0.008,  0.01 ,  0.002,  0.005,
        -0.006, -0.003,  0.002, -0.008, -0.007, -0.01 ,  0.006,  0.007,
        -0.004]]), 'deltas': array([[0.],
       [0.],
       [0.],
       [0.],
       [0.],
       [0.],
       [0.],
       [0.]]), 'outputs': array([[0.],
       [0.],
       [0.],
       [0.],
       [0.],
       [0.],
       [0.],
       [0.]]), 'errors': array([[0.],
       [0.],
       [0.],
       [0.],
       [0.],
       [0.],
       [0.],
       [0.]])}, {'weights': array([[-0.008,  0.008, -0.007,  0.009,  0.005,  0.008,  0.008, -0.005],
       [-0.003,  0.005,  0.007, -0.004, -0.003, -0.009, -0.003, -0.005],
       [ 0.002,  0.006, -0.01 , -0.003, -0.009, -0.01 ,  0.009, -0.009]]), 'deltas': array([[0.],
       [0.],
       [0.],
       [0.]]), 'outputs': array([[0.],
       [0.],
       [0.],
       [0.]]), 'errors': array([[0.],
       [0.],
       [0.],
       [0.]])}]
Training complete!
Training done. epoch: 52 , total error: 0.00021024369763731674
[{'weights': array([[-7.67811494e-01, -8.50235393e-01,  6.02863401e-01,
        -8.36644005e-02, -7.83737644e-01, -5.52237794e-01,
         5.78598151e-01, -3.23470599e-01, -1.97746006e+00,
         2.61410064e+00, -5.99999484e-02, -1.68448851e+00,
        -1.97946006e+00,  2.81761879e+00, -7.72068886e-02,
        -1.85979973e+00, -1.11084789e+00],
       [-6.69226786e-01, -5.87821489e-01,  2.03903519e-01,
         1.51862290e-01, -6.55362132e-01, -5.87278200e-01,
         6.49158396e-01, -3.32800530e-01, -1.99995349e+00,
         2.60430947e+00, -2.92682379e-01, -1.21395607e+00,
        -1.99995349e+00,  2.82790791e+00, -3.32773275e-01,
        -1.39546361e+00, -9.23282466e-01],
       [-1.23502634e+00, -9.26991777e-01,  1.11220252e+00,
        -2.19394553e-01, -7.50764436e-01, -6.60371130e-01,
         4.65911637e-01, -3.18986227e-01, -1.97416608e+00,
         2.49634238e+00,  3.78630199e-01, -2.14001666e+00,
        -1.98716608e+00,  2.52784361e+00,  5.07442455e-01,
        -2.30233014e+00, -1.26821016e+00],
       [-1.69859877e+00,  2.93726346e-01,  1.08676871e+00,
         9.93963765e-01, -2.63691183e-01,  6.51445905e-01,
         6.15396059e-01, -3.52290726e-01, -2.19922483e+00,
         2.04901677e+00,  4.81118714e-01,  3.58949393e-01,
        -2.20822483e+00,  2.03129385e+00,  6.32382273e-01,
         2.28408761e-01,  6.64860055e-01],
       [-1.37868325e+00,  5.23392938e-01,  4.28958860e-01,
        -3.08486791e-01, -6.24906717e-01,  5.70829261e-02,
         1.58633997e-01, -3.24628452e-01, -1.99441920e+00,
         2.34448548e+00,  1.28935272e+00, -2.37223725e+00,
        -1.99741920e+00,  2.25983281e+00,  1.49563350e+00,
        -2.50986536e+00, -7.32818245e-01],
       [-1.37454013e+00,  5.25493266e-01,  4.25029293e-01,
        -3.02294781e-01, -6.28622841e-01,  5.86149363e-02,
         1.55211392e-01, -3.22515843e-01, -1.98464095e+00,
         2.33287391e+00,  1.29328666e+00, -2.37283198e+00,
        -1.99564095e+00,  2.26435719e+00,  1.50167356e+00,
        -2.50770216e+00, -7.41312356e-01],
       [-1.82139082e+00,  4.32255806e-01,  1.08455510e+00,
         9.52552587e-01, -2.39080349e-01,  7.64445883e-01,
         4.77912492e-01, -3.60305349e-01, -2.24025648e+00,
         1.90358521e+00,  2.63038056e-01,  7.49605894e-01,
        -2.24825648e+00,  1.91496607e+00,  7.37325302e-01,
         2.59937784e-01,  6.33972677e-01],
       [ 5.00000000e-03,  2.00000000e-03,  8.00000000e-03,
         1.00000000e-03, -8.00000000e-03,  1.00000000e-02,
         2.00000000e-03,  5.00000000e-03, -6.00000000e-03,
        -3.00000000e-03,  2.00000000e-03, -8.00000000e-03,
        -7.00000000e-03, -1.00000000e-02,  6.00000000e-03,
         7.00000000e-03, -4.00000000e-03]]), 'deltas': array([[1.09854771e-04],
       [6.51732714e-05],
       [1.81973637e-04],
       [1.52654983e-05],
       [4.05321149e-05],
       [4.12030255e-05],
       [1.73361621e-05],
       [0.00000000e+00]]), 'outputs': array([[0.93623272],
       [0.96322924],
       [0.88872317],
       [0.99163391],
       [0.97746483],
       [0.97708286],
       [0.99048812],
       [1.        ]]), 'errors': 0.0018400821586179116}, {'weights': array([[-2.13311767, -2.20934153, -2.08732073, -3.14919952, -2.05323238,
        -2.01441558, -3.6365897 ,  3.27545172],
       [ 1.43659106,  1.29347186,  1.33263432,  0.52734999,  2.43291495,
         2.36740661,  0.52667528, -4.79565086],
       [-1.52061834, -0.84069918, -1.41607344,  2.37559496, -2.21730065,
        -2.18832603,  4.60985983, -3.09774507]]), 'deltas': array([[-2.27344222e-12],
       [ 7.81380284e-05],
       [-3.35334391e-04]]), 'outputs': array([[1.50779496e-06],
       [9.91120921e-01],
       [1.84837592e-02]]), 'errors': array([[-1.50779496e-06],
       [ 8.87907864e-03],
       [-1.84837592e-02]])}]
Accuracy: 93.33333333333333 %

train_data group 2 length:  120
   0   1   2   3   4   5   6   7   8   9   10  11  12  13  14  15  16
0   1   0   0   0   0   0   1   0   1   0   0   0   1   0   0   0   0
1   0   1   0   0   0   0   0   1   1   0   0   0   1   0   0   0   0
2   1   0   0   0   0   1   0   0   1   0   0   0   1   0   0   0   0
3   1   0   0   0   0   0   1   0   1   0   0   0   1   0   0   0   0
4   1   0   0   0   0   0   1   0   1   0   0   0   1   0   0   0   0
Initial Neural Network:
[{'weights': array([[-0.005,  0.01 , -0.009, -0.001, -0.01 ,  0.004, -0.005,  0.01 ,
         0.003, -0.008,  0.01 ,  0.01 ,  0.008, -0.007,  0.004, -0.005,
         0.009],
       [ 0.001,  0.001, -0.008, -0.001,  0.002, -0.003,  0.005,  0.008,
        -0.008, -0.008, -0.01 ,  0.001,  0.005, -0.002,  0.005, -0.008,
        -0.001],
       [-0.009, -0.009, -0.006,  0.01 , -0.006,  0.003,  0.009, -0.008,
         0.   ,  0.009,  0.007,  0.01 ,  0.008, -0.008, -0.005, -0.005,
        -0.001],
       [-0.009,  0.   , -0.009, -0.007, -0.006,  0.   , -0.01 , -0.01 ,
        -0.003,  0.003, -0.006, -0.007, -0.001,  0.   , -0.003, -0.003,
        -0.006],
       [ 0.006,  0.   ,  0.009,  0.005,  0.01 ,  0.004, -0.003,  0.006,
        -0.002,  0.009,  0.002, -0.003, -0.009,  0.01 , -0.009,  0.006,
        -0.007],
       [-0.006, -0.007, -0.001,  0.008,  0.004,  0.008, -0.006,  0.004,
        -0.005,  0.003,  0.   , -0.01 ,  0.005,  0.007, -0.006, -0.009,
         0.005],
       [-0.002, -0.01 ,  0.01 , -0.006,  0.005, -0.001,  0.01 ,  0.01 ,
         0.   , -0.01 , -0.002, -0.004,  0.004,  0.003,  0.007,  0.007,
        -0.008],
       [ 0.008,  0.009, -0.01 ,  0.008,  0.005, -0.009,  0.   , -0.003,
        -0.01 ,  0.005, -0.007, -0.009, -0.01 , -0.006,  0.006,  0.008,
        -0.009]]), 'deltas': array([[0.],
       [0.],
       [0.],
       [0.],
       [0.],
       [0.],
       [0.],
       [0.]]), 'outputs': array([[0.],
       [0.],
       [0.],
       [0.],
       [0.],
       [0.],
       [0.],
       [0.]]), 'errors': array([[0.],
       [0.],
       [0.],
       [0.],
       [0.],
       [0.],
       [0.],
       [0.]])}, {'weights': array([[-0.007,  0.009, -0.008,  0.009,  0.01 , -0.004,  0.005,  0.004],
       [ 0.005, -0.008, -0.008, -0.009,  0.005,  0.008,  0.001,  0.001],
       [-0.009, -0.008,  0.001,  0.006, -0.01 ,  0.004,  0.009, -0.003]]), 'deltas': array([[0.],
       [0.],
       [0.],
       [0.]]), 'outputs': array([[0.],
       [0.],
       [0.],
       [0.]]), 'errors': array([[0.],
       [0.],
       [0.],
       [0.]])}]
Training complete!
Training done. epoch: 9 , total error: 0.0008511336612901691
[{'weights': array([[ 0.41924738, -0.29244627, -0.69444128, -0.30189731, -0.81416774,
        -0.54806088,  0.202424  ,  0.29426715,  1.41449755, -0.60785885,
        -0.91288388, -0.7432923 ,  1.41949755, -0.62117891, -0.91228148,
        -0.75057464, -0.85553748],
       [ 0.42304295, -0.29431634, -0.69115767, -0.30129437, -0.80539718,
        -0.54576684,  0.21239071,  0.29404786,  1.40674974, -0.61184246,
        -0.92568654, -0.75094617,  1.41974974, -0.61890958, -0.9066612 ,
        -0.7509044 , -0.85772544],
       [ 0.41361974, -0.30193713, -0.69243963, -0.29265468, -0.81081804,
        -0.54394038,  0.21365636,  0.27969036,  1.41510555, -0.59331903,
        -0.90951409, -0.74568414,  1.42310555, -0.62322492, -0.9165468 ,
        -0.75274554, -0.8604117 ],
       [ 0.41587606, -0.29397027, -0.69063329, -0.30547532, -0.81238413,
        -0.54371483,  0.20348362,  0.27741253,  1.41578363, -0.60154815,
        -0.92103339, -0.7554049 ,  1.41778363, -0.61762173, -0.91197537,
        -0.74438934, -0.85520281],
       [ 0.42664053, -0.29401449, -0.67838496, -0.29484059, -0.80381497,
        -0.54169639,  0.20857036,  0.29334149,  1.41799555, -0.60043553,
        -0.91579999, -0.75635954,  1.41099555, -0.61379384, -0.91823729,
        -0.74156393, -0.86759951],
       [ 0.41417227, -0.30253199, -0.68516755, -0.29207408, -0.80633159,
        -0.54012534,  0.20634343,  0.29051214,  1.41096209, -0.60390164,
        -0.91831772, -0.76034408,  1.42096209, -0.61409443, -0.91723721,
        -0.75223181, -0.85460136],
       [ 0.42074242, -0.30138801, -0.67977534, -0.30500862, -0.80120651,
        -0.54436703,  0.2155046 ,  0.29663939,  1.41581558, -0.61203583,
        -0.91938255, -0.75782675,  1.41981558, -0.61261039, -0.90374908,
        -0.73988565, -0.86542955],
       [ 0.008     ,  0.009     , -0.01      ,  0.008     ,  0.005     ,
        -0.009     ,  0.        , -0.003     , -0.01      ,  0.005     ,
        -0.007     , -0.009     , -0.01      , -0.006     ,  0.006     ,
         0.008     , -0.009     ]]), 'deltas': array([[0.00043625],
       [0.00043471],
       [0.00043439],
       [0.00043715],
       [0.00043758],
       [0.00043711],
       [0.00043387],
       [0.        ]]), 'outputs': array([[0.93079967],
       [0.93106217],
       [0.9311179 ],
       [0.93064446],
       [0.93057196],
       [0.93065185],
       [0.931206  ],
       [1.        ]]), 'errors': 0.006772790711931388}, {'weights': array([[ 1.02742599,  1.05013237,  1.02926272,  1.04239379,  1.02995077,
         1.02730015,  1.04015822, -3.19816641],
       [-0.60178665, -0.61120324, -0.6201062 , -0.60233943, -0.5885569 ,
        -0.58513325, -0.60833941, -0.01463841],
       [-0.62373903, -0.62568129, -0.60604213, -0.61251999, -0.62052576,
        -0.61729357, -0.59933187,  0.27668049]]), 'deltas': array([[ 0.00076554],
       [-0.0003575 ],
       [-0.00053726]]), 'outputs': array([[0.9719349 ],
       [0.01909065],
       [0.02345559]]), 'errors': array([[ 0.0280651 ],
       [-0.01909065],
       [-0.02345559]])}]
Accuracy: 66.66666666666666 %

train_data group 3 length:  120
   0   1   2   3   4   5   6   7   8   9   10  11  12  13  14  15  16
0   1   0   0   0   0   0   1   0   1   0   0   0   1   0   0   0   0
1   0   1   0   0   0   0   0   1   1   0   0   0   1   0   0   0   0
2   1   0   0   0   0   1   0   0   1   0   0   0   1   0   0   0   0
3   1   0   0   0   0   0   1   0   1   0   0   0   1   0   0   0   0
4   1   0   0   0   0   0   1   0   1   0   0   0   1   0   0   0   0
Initial Neural Network:
[{'weights': array([[-0.001, -0.004, -0.004, -0.007, -0.01 ,  0.01 ,  0.007, -0.007,
         0.001, -0.001, -0.01 ,  0.004,  0.005, -0.001, -0.002, -0.007,
        -0.004],
       [ 0.001,  0.   , -0.008, -0.006, -0.004, -0.002,  0.01 ,  0.001,
        -0.01 ,  0.01 ,  0.005, -0.01 ,  0.003, -0.006, -0.008,  0.   ,
        -0.001],
       [ 0.005,  0.008, -0.01 ,  0.009, -0.01 , -0.009,  0.005,  0.   ,
        -0.01 , -0.009, -0.008, -0.001,  0.006,  0.007,  0.01 , -0.007,
        -0.007],
       [ 0.007,  0.003, -0.009, -0.002,  0.007,  0.003,  0.003, -0.006,
        -0.002, -0.007, -0.005, -0.009, -0.006, -0.001, -0.005, -0.004,
        -0.002],
       [ 0.   ,  0.002,  0.008, -0.009,  0.   , -0.003, -0.004,  0.01 ,
        -0.004,  0.002,  0.009,  0.002, -0.005, -0.002, -0.008,  0.002,
         0.009],
       [ 0.001,  0.006,  0.005,  0.001,  0.005,  0.009, -0.005, -0.006,
         0.008, -0.009, -0.006, -0.001, -0.001,  0.008,  0.003,  0.001,
        -0.008],
       [ 0.003,  0.005, -0.002, -0.001, -0.002,  0.002,  0.002,  0.003,
        -0.004, -0.01 ,  0.01 , -0.007, -0.007, -0.007,  0.007, -0.001,
        -0.005],
       [ 0.004, -0.005,  0.   ,  0.003, -0.007,  0.01 , -0.009,  0.   ,
         0.004,  0.007,  0.004, -0.001,  0.01 , -0.001,  0.003,  0.004,
        -0.007]]), 'deltas': array([[0.],
       [0.],
       [0.],
       [0.],
       [0.],
       [0.],
       [0.],
       [0.]]), 'outputs': array([[0.],
       [0.],
       [0.],
       [0.],
       [0.],
       [0.],
       [0.],
       [0.]]), 'errors': array([[0.],
       [0.],
       [0.],
       [0.],
       [0.],
       [0.],
       [0.],
       [0.]])}, {'weights': array([[-0.004,  0.003, -0.006,  0.009,  0.004, -0.001,  0.   , -0.01 ],
       [-0.005, -0.003, -0.005,  0.01 ,  0.005, -0.008, -0.003, -0.003],
       [ 0.002,  0.005,  0.008, -0.005, -0.01 , -0.001, -0.008,  0.006]]), 'deltas': array([[0.],
       [0.],
       [0.],
       [0.]]), 'outputs': array([[0.],
       [0.],
       [0.],
       [0.]]), 'errors': array([[0.],
       [0.],
       [0.],
       [0.]])}]
Training complete!
Training done. epoch: 128 , total error: 0.0007484235991251259
[{'weights': array([[-1.47619203e-01,  1.43998989e-01, -2.24831790e-01,
        -1.13099187e+00, -1.84908240e+00, -3.75190456e-01,
         4.75104470e-01,  4.05724520e-01,  2.90289773e+00,
        -2.88420748e-01, -6.66794010e-01, -3.29712684e+00,
         2.90689773e+00, -4.82089801e-01, -6.39764144e-02,
        -3.70927538e+00, -1.34744387e+00],
       [-1.38092190e-01,  1.39346665e-01, -2.20401794e-01,
        -1.12798027e+00, -1.83682731e+00, -3.67095125e-01,
         4.62349693e-01,  4.12445152e-01,  2.89241864e+00,
        -2.34611535e-01, -6.83944363e-01, -3.31299033e+00,
         2.90541864e+00, -4.74729806e-01, -6.26069933e-02,
        -3.71320942e+00, -1.33512759e+00],
       [-8.59173640e-01,  3.94846985e-01,  1.70845772e-01,
        -1.03780974e+00, -1.51071884e+00, -6.27222125e-01,
         3.78552158e-01,  4.02098180e-01,  3.18421980e+00,
        -1.04872690e+00, -3.00154670e-01, -3.20662886e+00,
         3.20021980e+00, -1.86542308e-01, -3.36496841e-01,
        -4.00447128e+00, -1.35029063e+00],
       [ 6.50584886e-01,  4.14018564e-02, -3.40613473e-01,
        -1.19741608e+00, -1.70668003e+00,  1.61836490e-01,
         3.05916062e-01,  4.00884670e-01,  2.70841691e+00,
         1.42228845e+00, -1.49616440e+00, -3.50258377e+00,
         2.70441691e+00,  4.63296903e-01, -2.85319816e-01,
        -3.74343680e+00, -8.47042807e-01],
       [-8.03862037e-01,  3.72120314e-01,  1.21340097e-01,
        -1.05171343e+00, -1.55498636e+00, -6.17865688e-01,
         4.02000862e-01,  4.10736128e-01,  3.16962907e+00,
        -1.01826806e+00, -3.14492957e-01, -3.19098311e+00,
         3.16862907e+00, -2.59321015e-01, -3.13107835e-01,
        -3.97231528e+00, -1.35411506e+00],
       [-1.06080309e+00,  4.97389364e-01,  3.28869882e-01,
        -1.02168947e+00, -1.27296529e+00, -5.99406207e-01,
         2.11550022e-01,  3.94588168e-01,  3.25497658e+00,
        -1.17846030e+00, -1.43308903e-01, -3.21044069e+00,
         3.24597658e+00,  3.88002235e-01, -6.88779652e-01,
        -4.20343247e+00, -1.27723331e+00],
       [-2.21636047e+00, -5.02230092e-01,  2.98174053e+00,
        -9.88873948e-01,  1.05976103e+00, -1.82140205e+00,
        -3.71962306e-01,  4.07879334e-01,  3.54503778e+00,
         6.57041695e-02, -5.03284140e-01, -3.84918180e+00,
         3.54203778e+00,  2.80209615e+00, -1.71866205e+00,
        -5.36419587e+00, -7.35723989e-01],
       [ 4.00000000e-03, -5.00000000e-03,  0.00000000e+00,
         3.00000000e-03, -7.00000000e-03,  1.00000000e-02,
        -9.00000000e-03,  0.00000000e+00,  4.00000000e-03,
         7.00000000e-03,  4.00000000e-03, -1.00000000e-03,
         1.00000000e-02, -1.00000000e-03,  3.00000000e-03,
         4.00000000e-03, -7.00000000e-03]]), 'deltas': array([[5.56483075e-05],
       [6.10136142e-05],
       [2.44514281e-05],
       [8.79936464e-04],
       [2.36195101e-05],
       [4.21110144e-05],
       [7.00450522e-04],
       [0.00000000e+00]]), 'outputs': array([[0.01606692],
       [0.0176443 ],
       [0.00699519],
       [0.49506205],
       [0.00675556],
       [0.0121097 ],
       [0.7258615 ],
       [1.        ]]), 'errors': 0.0035200891819514458}, {'weights': array([[ 1.52438578,  1.51303394,  1.50583807,  1.44171404,  1.4975259 ,
         1.47608246,  1.32856484, -5.61814135],
       [-2.27892999, -2.00599802, -2.03844897,  3.33793498, -2.4252401 ,
         0.30963953,  3.38054418, -0.4736813 ],
       [-4.19755181, -4.22914328, -4.20318608, -4.66440618, -4.16701689,
        -4.35821884, -4.41977809,  1.65206558]]), 'deltas': array([[-0.00042514],
       [ 0.00078297],
       [-0.0002527 ]]), 'outputs': array([[0.02083719],
       [0.97161264],
       [0.0160255 ]]), 'errors': array([[-0.02083719],
       [ 0.02838736],
       [-0.0160255 ]])}]
Accuracy: 80.0 %

train_data group 4 length:  120
   0   1   2   3   4   5   6   7   8   9   10  11  12  13  14  15  16
0   1   0   0   0   0   0   1   0   1   0   0   0   1   0   0   0   0
1   0   1   0   0   0   0   0   1   1   0   0   0   1   0   0   0   0
2   1   0   0   0   0   1   0   0   1   0   0   0   1   0   0   0   0
3   1   0   0   0   0   0   1   0   1   0   0   0   1   0   0   0   0
4   1   0   0   0   0   0   1   0   1   0   0   0   1   0   0   0   0
Initial Neural Network:
[{'weights': array([[-0.005, -0.008, -0.01 , -0.003, -0.002,  0.005,  0.003,  0.001,
         0.   , -0.004,  0.006,  0.005,  0.01 , -0.002,  0.004,  0.005,
         0.005],
       [-0.003,  0.006,  0.001,  0.001, -0.001,  0.004,  0.   , -0.009,
        -0.005, -0.01 , -0.001,  0.003,  0.007, -0.006,  0.01 ,  0.004,
        -0.006],
       [ 0.   , -0.006,  0.006,  0.004, -0.002, -0.006, -0.008,  0.006,
        -0.006,  0.002, -0.009, -0.003,  0.01 , -0.007, -0.009, -0.001,
        -0.01 ],
       [ 0.006, -0.003,  0.003, -0.004, -0.005,  0.01 ,  0.009,  0.01 ,
         0.002, -0.005, -0.008, -0.001,  0.007, -0.001,  0.009,  0.008,
         0.009],
       [ 0.003,  0.005, -0.008,  0.009, -0.008,  0.01 ,  0.005, -0.009,
        -0.008,  0.001,  0.002,  0.009, -0.01 ,  0.007,  0.004,  0.002,
         0.009],
       [-0.003, -0.006, -0.003,  0.01 , -0.001,  0.003, -0.01 ,  0.009,
        -0.008, -0.007, -0.003, -0.009, -0.01 , -0.003, -0.001,  0.009,
         0.007],
       [ 0.005,  0.008, -0.008, -0.006,  0.007,  0.006, -0.007,  0.004,
         0.003,  0.004, -0.001, -0.004,  0.008,  0.004,  0.009,  0.008,
         0.004],
       [-0.001,  0.008, -0.01 , -0.009, -0.001,  0.   ,  0.   ,  0.01 ,
        -0.003, -0.007,  0.   , -0.009,  0.003,  0.003,  0.001, -0.002,
         0.005]]), 'deltas': array([[0.],
       [0.],
       [0.],
       [0.],
       [0.],
       [0.],
       [0.],
       [0.]]), 'outputs': array([[0.],
       [0.],
       [0.],
       [0.],
       [0.],
       [0.],
       [0.],
       [0.]]), 'errors': array([[0.],
       [0.],
       [0.],
       [0.],
       [0.],
       [0.],
       [0.],
       [0.]])}, {'weights': array([[-0.01 , -0.003,  0.002, -0.008,  0.001,  0.001, -0.001,  0.003],
       [ 0.006,  0.006, -0.002,  0.002,  0.   , -0.003, -0.003,  0.005],
       [ 0.003, -0.004,  0.01 ,  0.005,  0.007, -0.008,  0.005,  0.004]]), 'deltas': array([[0.],
       [0.],
       [0.],
       [0.]]), 'outputs': array([[0.],
       [0.],
       [0.],
       [0.]]), 'errors': array([[0.],
       [0.],
       [0.],
       [0.]])}]
Training complete!
Training done. epoch: 185 , total error: 0.0009433922935503013
[{'weights': array([[ 3.72624514e-01,  1.39591928e-01, -4.03846525e-01,
        -1.35120695e+00, -1.03420648e+00, -5.45002859e-01,
         4.69552220e-02,  3.22417090e-01,  3.05047844e+00,
        -4.70881895e-01, -3.05353388e-01, -3.48408019e+00,
         3.06047844e+00, -5.77269092e-02, -1.59074558e-01,
        -4.04351401e+00, -1.21183703e+00],
       [ 3.49941800e-01,  1.70136768e-01, -3.71896672e-01,
        -1.34006700e+00, -1.02439126e+00, -5.38012486e-01,
         4.73865523e-02,  3.12132094e-01,  3.05084372e+00,
        -4.52506366e-01, -3.14295090e-01, -3.49392737e+00,
         3.06284372e+00,  1.78877383e-02, -1.99943353e-01,
        -4.06267321e+00, -1.20288510e+00],
       [ 3.55155526e-01,  1.67990196e-01, -3.75203423e-01,
        -1.33600963e+00, -1.02605565e+00, -5.39352940e-01,
         3.86426543e-02,  3.24698609e-01,  3.04742207e+00,
        -4.46731216e-01, -3.15491039e-01, -3.49326714e+00,
         3.06342207e+00, -9.28310388e-03, -1.94745890e-01,
        -4.05846040e+00, -1.20206733e+00],
       [ 4.33107286e-01,  1.13834190e-01, -4.32202298e-01,
        -1.35846174e+00, -1.04986590e+00, -5.55572901e-01,
         5.08824988e-02,  3.32833743e-01,  3.04406339e+00,
        -5.01327478e-01, -3.13870026e-01, -3.48658845e+00,
         3.04906339e+00, -1.85165679e-01, -8.33659069e-02,
        -4.00325437e+00, -1.23672256e+00],
       [ 1.17524974e-01,  4.76817149e-01, -1.03834853e-01,
        -1.31073714e+00, -8.00768407e-01, -3.40239564e-01,
         6.81869237e-03,  3.02959412e-01,  3.02121726e+00,
        -5.12582941e-02, -2.72554959e-01, -3.52263387e+00,
         3.01921726e+00,  1.63390191e+00, -1.11680525e+00,
        -4.36254379e+00, -8.20229866e-01],
       [ 3.46805636e-01,  1.66852941e-01, -3.75648232e-01,
        -1.33610176e+00, -1.02492215e+00, -5.38841485e-01,
         4.06229422e-02,  3.28049273e-01,  3.05302315e+00,
        -4.55043732e-01, -3.19961320e-01, -3.50110952e+00,
         3.05102315e+00,  1.47420957e-02, -2.03713978e-01,
        -4.06314269e+00, -1.18909142e+00],
       [ 2.91172000e-01,  2.05532533e-01, -3.35593856e-01,
        -1.33650602e+00, -1.00160498e+00, -5.21037720e-01,
         3.79367640e-02,  3.20310594e-01,  3.05721366e+00,
        -4.04535285e-01, -3.22111813e-01, -3.50296190e+00,
         3.06221366e+00,  1.65370150e-01, -2.82019892e-01,
        -4.09095926e+00, -1.17039534e+00],
       [-1.00000000e-03,  8.00000000e-03, -1.00000000e-02,
        -9.00000000e-03, -1.00000000e-03,  0.00000000e+00,
         0.00000000e+00,  1.00000000e-02, -3.00000000e-03,
        -7.00000000e-03,  0.00000000e+00, -9.00000000e-03,
         3.00000000e-03,  3.00000000e-03,  1.00000000e-03,
        -2.00000000e-03,  5.00000000e-03]]), 'deltas': array([[-0.0005511 ],
       [-0.0006147 ],
       [-0.00060348],
       [-0.00046143],
       [-0.00120564],
       [-0.00061658],
       [-0.00075466],
       [-0.        ]]), 'outputs': array([[0.10484827],
       [0.11880005],
       [0.11630091],
       [0.08597504],
       [0.71136145],
       [0.11921971],
       [0.15146214],
       [1.        ]]), 'errors': -0.005871832508038571}, {'weights': array([[ 1.52788394,  1.50632373,  1.54866623,  1.56060019,  1.40503096,
         1.49694146,  1.52629147, -5.68881279],
       [-1.79785765, -1.1498435 , -1.4840851 , -2.86812229,  6.50243841,
        -1.20775276, -0.08411925, -0.3993314 ],
       [-5.11336943, -5.17280885, -5.11882273, -5.01711364, -5.7111848 ,
        -5.15280701, -5.27252453,  1.69383821]]), 'deltas': array([[-6.55367424e-04],
       [ 1.16538074e-03],
       [-6.61647724e-06]]), 'outputs': array([[0.02593877],
       [0.96525332],
       [0.00257557]]), 'errors': array([[-0.02593877],
       [ 0.03474668],
       [-0.00257557]])}]
Accuracy: 83.33333333333334 %

Feedforward Neural Network AVG Accuracy (%): 80.0 %
