Namespace(error_threshold=0.01, max_epochs=1000, num_layers=2, num_nodes_per_hidden_layer=6, training_rate=1.2)

train_data group 0 length:  171
   0   1   2   3   4   5   6   7   8  ...  36  37  38  39  40  41  42  43  44
0   0   0   1   0   0   0   1   0   0 ...   0   0   0   1   0   0   0   0   0
1   0   1   0   0   0   0   1   0   0 ...   0   0   0   0   0   1   0   0   0
2   0   0   1   0   0   0   0   1   0 ...   0   0   0   1   0   0   0   0   0
3   0   1   0   0   0   0   1   0   0 ...   0   0   0   0   0   1   0   0   0
4   0   0   1   0   0   0   0   1   0 ...   0   0   0   1   0   0   0   0   0

[5 rows x 45 columns]
Initial Neural Network:
[{'weights': array([[-0.01 , -0.009,  0.005,  0.007, -0.005,  0.   ,  0.009,  0.003,
         0.   , -0.004, -0.004,  0.006, -0.002,  0.004, -0.002,  0.007,
         0.006,  0.001, -0.008,  0.005, -0.002,  0.007, -0.005,  0.002,
        -0.006, -0.008,  0.005,  0.009, -0.008,  0.005,  0.01 , -0.004,
         0.005,  0.01 , -0.009,  0.01 ,  0.   , -0.003,  0.01 ,  0.001,
        -0.001, -0.004, -0.005,  0.003, -0.006],
       [-0.005, -0.005, -0.009, -0.008, -0.003,  0.007, -0.005,  0.004,
         0.001,  0.01 ,  0.01 , -0.009, -0.002,  0.005,  0.   , -0.01 ,
         0.009, -0.007,  0.01 , -0.008, -0.001,  0.01 ,  0.009, -0.007,
         0.006,  0.   ,  0.007, -0.003,  0.007,  0.003, -0.004,  0.005,
        -0.009,  0.008,  0.007, -0.003,  0.007, -0.006,  0.009, -0.009,
        -0.001,  0.005, -0.008, -0.009,  0.001],
       [-0.004, -0.001, -0.01 ,  0.003,  0.007, -0.007, -0.004, -0.002,
        -0.003,  0.008, -0.009, -0.008, -0.001, -0.002, -0.01 , -0.002,
        -0.004, -0.005, -0.008, -0.002,  0.01 , -0.01 ,  0.007,  0.003,
         0.001,  0.01 ,  0.006, -0.004,  0.003,  0.005,  0.   , -0.007,
        -0.008,  0.003,  0.009,  0.002, -0.01 ,  0.008,  0.001,  0.002,
         0.003,  0.01 ,  0.009,  0.008, -0.005],
       [-0.008,  0.004,  0.003, -0.003, -0.003, -0.009, -0.006, -0.008,
         0.006,  0.001, -0.007,  0.001, -0.009,  0.004,  0.007, -0.006,
         0.004,  0.004, -0.01 ,  0.002, -0.005,  0.01 , -0.001,  0.01 ,
         0.004, -0.001, -0.003,  0.002, -0.005, -0.009, -0.005,  0.007,
        -0.006, -0.007,  0.004,  0.008,  0.008, -0.008,  0.008,  0.   ,
         0.008, -0.005,  0.01 , -0.004, -0.009],
       [ 0.003,  0.   ,  0.007, -0.01 ,  0.006,  0.007, -0.002,  0.001,
         0.007, -0.001,  0.004, -0.006, -0.01 ,  0.001,  0.004,  0.003,
         0.004, -0.006, -0.008, -0.001, -0.006, -0.01 , -0.003,  0.003,
         0.01 ,  0.01 , -0.005, -0.004, -0.008, -0.007, -0.008,  0.009,
        -0.007, -0.008, -0.008,  0.004,  0.008, -0.01 ,  0.008,  0.001,
         0.007,  0.004, -0.004, -0.001,  0.006],
       [ 0.007,  0.004, -0.009, -0.002,  0.001, -0.003, -0.004, -0.006,
         0.004, -0.01 ,  0.007,  0.009,  0.008,  0.005, -0.001, -0.001,
        -0.006,  0.01 , -0.008, -0.003,  0.001,  0.005,  0.007,  0.008,
        -0.008, -0.009, -0.004,  0.004,  0.004, -0.007, -0.003, -0.01 ,
        -0.01 ,  0.001,  0.   ,  0.002,  0.009,  0.009,  0.005, -0.007,
         0.004,  0.007,  0.005,  0.007, -0.007],
       [ 0.   ,  0.009, -0.007,  0.007,  0.007,  0.009, -0.01 , -0.005,
         0.003, -0.009,  0.008,  0.01 , -0.005,  0.003,  0.006,  0.003,
         0.   , -0.005, -0.007, -0.003, -0.005,  0.005, -0.003,  0.007,
        -0.006,  0.001, -0.006,  0.009,  0.004,  0.   , -0.009,  0.009,
         0.01 , -0.01 , -0.002, -0.005,  0.   ,  0.008,  0.009, -0.005,
         0.004,  0.01 , -0.005,  0.005, -0.008]]), 'deltas': array([[0.],
       [0.],
       [0.],
       [0.],
       [0.],
       [0.],
       [0.]]), 'outputs': array([[0.],
       [0.],
       [0.],
       [0.],
       [0.],
       [0.],
       [0.]]), 'errors': array([[0.],
       [0.],
       [0.],
       [0.],
       [0.],
       [0.],
       [0.]])}, {'weights': array([[-0.005,  0.001, -0.005,  0.008, -0.01 , -0.001,  0.   ],
       [ 0.   ,  0.007, -0.008, -0.001,  0.004,  0.004,  0.003],
       [ 0.008, -0.001,  0.007, -0.007, -0.001,  0.009, -0.002],
       [-0.005,  0.004,  0.004,  0.01 , -0.005,  0.009,  0.009],
       [-0.004,  0.009,  0.009,  0.007, -0.003, -0.006, -0.005],
       [ 0.003,  0.009,  0.001, -0.008,  0.008, -0.005, -0.004]]), 'deltas': array([[0.],
       [0.],
       [0.],
       [0.],
       [0.],
       [0.],
       [0.]]), 'outputs': array([[0.],
       [0.],
       [0.],
       [0.],
       [0.],
       [0.],
       [0.]]), 'errors': array([[0.],
       [0.],
       [0.],
       [0.],
       [0.],
       [0.],
       [0.]])}]
Training complete!
Training done. epoch: 24 , total error: 0.005381922609359237
[{'weights': array([[-8.80217479e-01, -2.37075203e-01, -1.19308840e+00,
         1.06763259e+00,  8.56354963e-01, -8.73665168e-01,
         1.19845939e+00,  2.86894774e-01, -9.96505920e-01,
         1.84233834e-02, -1.62157862e+00, -6.48882992e-01,
        -1.19523727e+00,  1.96858076e+00,  1.12472459e+00,
         6.46053846e-01,  1.22457753e+00,  6.02084992e-01,
        -3.01156640e+00,  1.75456497e-01,  5.42163715e-01,
        -1.76154707e+00,  9.27549607e-01, -6.93109424e-01,
         6.06549632e-01,  2.41031199e+00, -1.60188403e+00,
        -1.34727799e+00,  1.62456497e-01, -1.40900415e+00,
        -1.56409499e+00,  2.02046707e+00, -6.09932943e-01,
         1.21417148e+00,  2.83454404e+00, -2.00698609e+00,
        -1.74804336e+00, -3.00000000e-03,  5.57091871e-01,
        -1.09637804e+00,  1.91966106e+00,  3.54742890e-01,
        -3.05634357e-01, -1.25278508e+00, -3.80393536e-01],
       [-6.68367262e-01, -9.53857232e-01, -1.60102200e+00,
         1.19714471e+00,  8.85688863e-01,  6.67462532e-01,
        -3.21229506e-01, -6.24708321e-01, -7.66739171e-01,
        -4.81984607e-02, -2.79726517e-01, -3.83533227e-01,
        -4.90949777e-01,  6.77631469e-01, -6.29834874e-01,
        -1.31153251e-01, -8.52979307e-01,  9.64183677e-01,
        -9.03855066e-01, -1.92608979e-01,  1.26801143e+00,
        -6.83657223e-01, -7.69809636e-01, -7.20381761e-01,
        -1.87575739e-01,  6.49347128e-02, -6.26611399e-01,
        -3.60127261e-01, -1.77608979e-01, -8.73418839e-01,
        -8.55864385e-01, -1.12900033e+00,  1.79754653e-01,
         1.57111597e+00, -1.07656389e-01, -7.56160481e-01,
        -6.74891551e-01, -6.00000000e-03,  4.48295495e-01,
        -4.99192397e-01, -4.63521887e-01, -3.32608536e-02,
         2.88743086e-02, -1.65312098e-01, -1.10941293e+00],
       [-4.19399555e-01, -1.05904340e+00, -2.32226635e+00,
         1.54967317e+00,  9.05116921e-01,  8.21274199e-01,
         1.44861247e-01, -1.21045745e+00, -1.09951590e+00,
        -5.08131563e-03, -1.20695029e+00, -5.45189116e-01,
        -7.17368368e-01,  2.49700009e+00, -1.39841153e+00,
         5.32988246e-01, -3.74378703e+00,  2.92479540e+00,
        -9.87695108e-01, -8.82207230e-02,  1.63675945e+00,
        -1.15827551e+00, -1.59162199e+00, -1.21409582e-01,
        -9.53715911e-02,  2.49257495e-02, -8.98028082e-01,
        -3.69596162e-01, -8.32207230e-02, -9.98330120e-01,
         1.69648136e-01, -2.44853401e+00,  1.06615491e-01,
         1.82268128e+00,  2.98612195e-01, -1.03110361e+00,
        -9.86269166e-01,  8.00000000e-03,  3.79841363e-01,
         2.86649562e-02, -4.86270766e-01, -6.86688906e-01,
         4.86010815e-02, -2.13225584e-01, -1.34591922e+00],
       [-4.60711777e-01, -4.73805037e-02, -2.67283587e+00,
         1.11191585e-01,  7.36198111e-01, -4.87417738e-01,
         4.91156178e-01, -1.65142775e+00, -7.48602649e-01,
         5.37534999e-02, -1.52642770e+00, -6.98105322e-01,
        -8.94788224e-01, -3.48546972e+00,  4.27425252e+00,
        -2.53087631e+00,  2.36838900e+00, -8.90443716e-01,
        -1.29409290e+00,  1.44854645e-02,  5.58319399e-01,
         5.86635366e-01, -3.89134892e-01, -2.68500896e+00,
        -3.79349371e-01, -1.03574645e+00, -6.74120550e-01,
        -6.31156922e-01,  7.48546447e-03, -6.14881586e-01,
        -8.01768945e-01, -1.45634197e+00, -4.95517591e-02,
         5.76005804e-01, -8.59467908e-01, -7.90197560e-01,
        -9.52414865e-01, -8.00000000e-03,  3.03541877e-01,
        -4.44528143e+00,  3.10685403e-02,  1.88329266e-01,
         2.13577723e+00, -2.27432067e-01, -2.33553846e+00],
       [-3.49122764e-01, -2.68277781e-01, -1.67829471e+00,
         5.39461451e-02,  8.78136225e-01,  1.22317136e-02,
         1.05775644e+00, -1.76144796e+00, -6.78985280e-01,
         1.28321962e-02, -7.38438663e-01, -4.94154762e-01,
         1.08540562e-01, -3.32122511e+00,  3.06866508e+00,
        -2.05757935e+00,  3.10150965e+00, -1.37850862e+00,
        -1.07217803e+00,  2.91434584e-02,  7.92314362e-01,
         1.22579408e+00, -5.61079263e-01, -2.56388079e+00,
        -2.68761281e-01, -3.87540462e-01, -5.63357831e-01,
        -4.47858054e-01,  2.21434584e-02, -5.21382177e-01,
        -1.29382805e+00, -4.21339495e-01,  2.77246395e-01,
         5.68690442e-01, -3.65783225e-01, -7.38167883e-01,
        -7.46071033e-01, -1.00000000e-02,  4.92409252e-01,
        -4.08882735e+00, -1.90799944e-01,  1.00058881e+00,
         2.05146121e+00, -1.35035614e-01, -1.36361289e+00],
       [-6.81214314e-01, -9.20726944e-01, -2.02545880e+00,
         1.56781275e+00,  9.07407161e-01,  8.36475693e-01,
        -2.35973333e-02, -9.52678666e-01, -9.55761526e-01,
        -7.66183174e-02, -7.98253831e-01, -4.01417969e-01,
        -4.76608140e-01,  1.78195062e+00, -1.23085083e+00,
         4.40759219e-01, -2.52362459e+00,  2.12172540e+00,
        -9.16216132e-01, -2.83824052e-01,  1.52803090e+00,
        -1.03057220e+00, -1.19317195e+00, -3.37341081e-01,
        -1.07125817e-01,  2.22691287e-01, -7.26603085e-01,
        -3.77444300e-01, -2.76824052e-01, -1.07704545e+00,
        -2.53604297e-01, -1.89872223e+00,  1.91783754e-01,
         1.85540808e+00,  5.60642243e-02, -7.92678280e-01,
        -8.16959461e-01,  9.00000000e-03,  4.16393367e-01,
         6.51584054e-03, -6.16065572e-01, -4.07716950e-01,
         3.96118097e-02, -1.59525278e-01, -1.16018015e+00],
       [ 0.00000000e+00,  9.00000000e-03, -7.00000000e-03,
         7.00000000e-03,  7.00000000e-03,  9.00000000e-03,
        -1.00000000e-02, -5.00000000e-03,  3.00000000e-03,
        -9.00000000e-03,  8.00000000e-03,  1.00000000e-02,
        -5.00000000e-03,  3.00000000e-03,  6.00000000e-03,
         3.00000000e-03,  0.00000000e+00, -5.00000000e-03,
        -7.00000000e-03, -3.00000000e-03, -5.00000000e-03,
         5.00000000e-03, -3.00000000e-03,  7.00000000e-03,
        -6.00000000e-03,  1.00000000e-03, -6.00000000e-03,
         9.00000000e-03,  4.00000000e-03,  0.00000000e+00,
        -9.00000000e-03,  9.00000000e-03,  1.00000000e-02,
        -1.00000000e-02, -2.00000000e-03, -5.00000000e-03,
         0.00000000e+00,  8.00000000e-03,  9.00000000e-03,
        -5.00000000e-03,  4.00000000e-03,  1.00000000e-02,
        -5.00000000e-03,  5.00000000e-03, -8.00000000e-03]]), 'deltas': array([[7.23196642e-05],
       [2.69981089e-03],
       [5.86067189e-03],
       [5.76879126e-08],
       [3.58949949e-07],
       [1.34104022e-02],
       [0.00000000e+00]]), 'outputs': array([[9.98723965e-01],
       [5.00840770e-02],
       [8.83045845e-01],
       [1.01656877e-06],
       [6.32540214e-06],
       [6.16978223e-01],
       [1.00000000e+00]]), 'errors': 0.05674773103502159}, {'weights': array([[ 2.29578582, -0.43935196, -1.64262536, -0.14499174, -0.81359179,
        -1.61445253, -2.47678605],
       [ 3.65200165,  0.75611859,  1.84707392,  0.73400574,  1.27813081,
         1.63170298, -3.60719772],
       [ 0.61404968, -0.66657085, -0.66090007, -0.5895003 , -0.64637009,
        -0.64233424, -3.04601614],
       [-0.25115272, -0.42147091, -0.28913316, -1.13644681, -0.82298295,
        -0.32110696, -2.6277116 ],
       [-0.36731693, -0.73550776, -0.71990829, -1.07702857, -0.8725522 ,
        -0.70660441, -2.68698585],
       [-8.25586461, -1.24361331, -1.13871507, -2.45138729, -1.73464403,
        -1.01887125,  1.49834986]]), 'deltas': array([[-4.16550306e-03],
       [ 3.70415104e-03],
       [-9.30777170e-04],
       [-1.11231431e-03],
       [-2.31870036e-04],
       [-4.63279306e-08]]), 'outputs': array([[6.68111518e-02],
       [9.37129856e-01],
       [3.09926945e-02],
       [3.39320362e-02],
       [1.53454764e-02],
       [2.15262411e-04]]), 'errors': array([[-0.06681115],
       [ 0.06287014],
       [-0.03099269],
       [-0.03393204],
       [-0.01534548],
       [-0.00021526]])}]
neural_net output [0.44926569 0.51501013 0.07990139 0.05293731 0.0445562  0.00115572]
target: 0 prediction: 1
neural_net output [0.44205514 0.52860168 0.07820674 0.05155222 0.04318715 0.00107165]
target: 0 prediction: 1
neural_net output [0.33668892 0.32656369 0.07128809 0.0558436  0.04829874 0.00664868]
target: 0 prediction: 0
neural_net output [0.44926569 0.51501013 0.07990139 0.05293731 0.0445562  0.00115572]
target: 0 prediction: 1
neural_net output [0.44377694 0.52882246 0.07809958 0.05094919 0.04296259 0.00105305]
target: 0 prediction: 1
neural_net output [0.12602569 0.06167945 0.05192555 0.06350733 0.0583545  0.38044285]
target: 0 prediction: 5
neural_net output [0.39666753 0.59560555 0.06880077 0.04423547 0.03623879 0.00075498]
target: 0 prediction: 1
neural_net output [0.41833082 0.54619885 0.07621378 0.05178389 0.04230172 0.00107841]
target: 0 prediction: 1
neural_net output [0.44926569 0.51501013 0.07990139 0.05293731 0.0445562  0.00115572]
target: 0 prediction: 1
neural_net output [0.401557   0.59975795 0.06717189 0.04103042 0.03432729 0.00065875]
target: 0 prediction: 1
neural_net output [0.401557   0.59975795 0.06717189 0.04103042 0.03432729 0.00065875]
target: 0 prediction: 1
neural_net output [0.44205514 0.52860168 0.07820674 0.05155222 0.04318715 0.00107165]
target: 0 prediction: 1
neural_net output [0.44215219 0.52438255 0.07894219 0.0525726  0.04389936 0.00111968]
target: 0 prediction: 1
neural_net output [6.15160700e-02 9.42177759e-01 3.00118871e-02 3.33184746e-02
 1.48483161e-02 2.05185106e-04]
target: 0 prediction: 1
neural_net output [0.44215219 0.52438255 0.07894219 0.0525726  0.04389936 0.00111968]
target: 1 prediction: 1
neural_net output [0.401557   0.59975795 0.06717189 0.04103042 0.03432729 0.00065875]
target: 1 prediction: 1
neural_net output [2.77823285e-02 9.74862599e-01 1.63680380e-02 2.37842611e-02
 7.77255706e-03 8.83804560e-05]
target: 1 prediction: 1
neural_net output [0.44542158 0.52131476 0.07912267 0.05251273 0.04399044 0.00112226]
target: 1 prediction: 1
neural_net output [2.54912073e-01 8.66722540e-01 2.81572687e-02 9.79503916e-03
 8.25216831e-03 2.84623352e-05]
target: 1 prediction: 1
neural_net output [2.54912073e-01 8.66722540e-01 2.81572687e-02 9.79503916e-03
 8.25216831e-03 2.84623352e-05]
target: 1 prediction: 1
neural_net output [0.39110016 0.45481975 0.0726777  0.05206843 0.04341543 0.00210293]
target: 1 prediction: 1
neural_net output [1.68517318e-01 8.26794767e-01 4.64378682e-02 4.09875172e-02
 2.42619186e-02 4.50256526e-04]
target: 1 prediction: 1
neural_net output [6.15160700e-02 9.42177759e-01 3.00118871e-02 3.33184746e-02
 1.48483161e-02 2.05185106e-04]
target: 1 prediction: 1
neural_net output [0.44215219 0.52438255 0.07894219 0.0525726  0.04389936 0.00111968]
target: 1 prediction: 1
neural_net output [3.71360365e-01 6.30378642e-01 5.99716678e-02 3.50426277e-02
 2.91118551e-02 5.12305394e-04]
target: 1 prediction: 1
neural_net output [0.2725453  0.51588233 0.05872982 0.04809858 0.03612523 0.0024154 ]
target: 1 prediction: 1
neural_net output [0.43077104 0.5381597  0.07713135 0.0516573  0.04267949 0.00106577]
target: 1 prediction: 1
neural_net output [0.44215219 0.52438255 0.07894219 0.0525726  0.04389936 0.00111968]
target: 1 prediction: 1
neural_net output [2.48098137e-01 8.74009563e-01 2.71354721e-02 9.27560507e-03
 7.80457847e-03 2.53637712e-05]
target: 1 prediction: 1
neural_net output [9.02294376e-02 8.89573232e-01 3.58382016e-02 3.71040612e-02
 1.89142364e-02 4.15062738e-04]
target: 2 prediction: 1
neural_net output [0.44215219 0.52438255 0.07894219 0.0525726  0.04389936 0.00111968]
target: 2 prediction: 1
neural_net output [0.44215219 0.52438255 0.07894219 0.0525726  0.04389936 0.00111968]
target: 2 prediction: 1
neural_net output [0.43601257 0.53729093 0.07651082 0.04971382 0.04185788 0.00101388]
target: 3 prediction: 1
neural_net output [0.40143102 0.56055051 0.07408947 0.05112351 0.04108766 0.00105325]
target: 3 prediction: 1
neural_net output [0.0729656  0.02908027 0.04377559 0.06597754 0.06107271 0.80169856]
target: 3 prediction: 5
neural_net output [0.44596018 0.51662056 0.07935961 0.05277401 0.0442767  0.00115678]
target: 4 prediction: 1
neural_net output [0.35639759 0.51501447 0.0703829  0.05155538 0.04130307 0.00173025]
target: 4 prediction: 1
neural_net output [0.07671583 0.03085134 0.04472659 0.06605965 0.06128896 0.77717473]
target: 5 prediction: 5
neural_net output [0.08438875 0.03094863 0.0463867  0.06658021 0.06258365 0.75739279]
target: 5 prediction: 5
neural_net output [0.0677352  0.03410734 0.04253848 0.06478677 0.0584558  0.77282714]
target: 5 prediction: 5
neural_net output [0.07671583 0.03085134 0.04472659 0.06605965 0.06128896 0.77717473]
target: 5 prediction: 5
neural_net output [0.38951054 0.54182567 0.07266125 0.0511028  0.04105639 0.00124024]
target: 5 prediction: 1
neural_net output [0.0677352  0.03410734 0.04253848 0.06478677 0.0584558  0.77282714]
target: 5 prediction: 5
Accuracy: 48.837209302325576 %

train_data group 1 length:  172
   0   1   2   3   4   5   6   7   8  ...  36  37  38  39  40  41  42  43  44
0   0   1   0   0   0   0   0   1   0 ...   0   0   0   1   0   0   0   0   0
1   0   1   0   0   0   0   1   0   0 ...   0   0   0   0   1   0   0   0   0
2   0   0   1   0   0   0   0   1   0 ...   0   0   0   1   0   0   0   0   0
3   0   1   0   0   0   0   0   1   0 ...   0   0   0   1   0   0   0   0   0
4   0   0   1   0   0   0   1   0   0 ...   0   0   0   0   1   0   0   0   0

[5 rows x 45 columns]
Initial Neural Network:
[{'weights': array([[-0.005,  0.006, -0.002,  0.005,  0.005, -0.003,  0.001,  0.009,
         0.002, -0.001, -0.003,  0.004, -0.004, -0.004, -0.007, -0.009,
        -0.003, -0.005,  0.004, -0.01 , -0.005, -0.003,  0.007,  0.004,
        -0.001, -0.01 ,  0.009,  0.008,  0.004,  0.004,  0.001,  0.008,
         0.008,  0.   , -0.007,  0.002, -0.007,  0.009, -0.001,  0.004,
         0.001,  0.002, -0.008, -0.005, -0.002],
       [-0.005,  0.001,  0.008,  0.004, -0.01 , -0.007, -0.003, -0.003,
        -0.002, -0.003, -0.008,  0.007,  0.   , -0.004,  0.01 , -0.005,
        -0.008,  0.01 ,  0.008, -0.001,  0.007,  0.009, -0.007,  0.01 ,
         0.002,  0.   ,  0.008, -0.003, -0.006,  0.005, -0.01 , -0.001,
        -0.009, -0.009, -0.003, -0.001,  0.007,  0.005,  0.006, -0.004,
         0.007, -0.003, -0.002, -0.003, -0.007],
       [ 0.001,  0.01 ,  0.005,  0.001,  0.008, -0.007,  0.01 ,  0.008,
        -0.002, -0.01 ,  0.006, -0.005, -0.001, -0.007,  0.003,  0.007,
         0.004, -0.001, -0.005, -0.003,  0.006, -0.007, -0.002, -0.001,
         0.007,  0.007, -0.009, -0.01 ,  0.01 ,  0.008, -0.01 , -0.004,
         0.008,  0.001, -0.008,  0.006, -0.006, -0.001,  0.   , -0.003,
         0.001,  0.01 , -0.004,  0.005,  0.003],
       [ 0.001, -0.002, -0.006, -0.008, -0.001, -0.007, -0.003, -0.004,
         0.003,  0.004,  0.007,  0.01 ,  0.   ,  0.001, -0.001, -0.003,
         0.   , -0.005,  0.004,  0.006, -0.008, -0.003, -0.005,  0.004,
         0.007,  0.009,  0.001,  0.005,  0.009,  0.005, -0.001,  0.003,
        -0.002, -0.007, -0.009, -0.005, -0.005, -0.007,  0.002, -0.005,
        -0.008, -0.006,  0.005, -0.001, -0.009],
       [-0.005,  0.005, -0.005, -0.002,  0.009, -0.008,  0.002, -0.006,
        -0.006, -0.009,  0.007,  0.002,  0.006, -0.009,  0.006,  0.003,
         0.002, -0.006,  0.005, -0.008,  0.001,  0.   ,  0.008, -0.008,
         0.003, -0.005, -0.001, -0.01 , -0.008,  0.003,  0.006, -0.002,
        -0.001, -0.006, -0.007, -0.003,  0.007, -0.001,  0.007,  0.002,
        -0.007,  0.001, -0.002,  0.007, -0.004],
       [-0.008,  0.009, -0.002, -0.01 , -0.006,  0.01 , -0.002,  0.001,
        -0.003,  0.003, -0.001,  0.004,  0.007,  0.003,  0.001,  0.007,
        -0.008, -0.01 , -0.003,  0.003, -0.01 , -0.004,  0.006,  0.005,
        -0.007, -0.004, -0.007,  0.009, -0.004, -0.009, -0.001, -0.002,
        -0.01 ,  0.007, -0.008, -0.004,  0.006, -0.004,  0.002, -0.001,
         0.007,  0.01 , -0.01 ,  0.01 , -0.002],
       [-0.004, -0.007,  0.009, -0.008,  0.006, -0.001,  0.004, -0.001,
        -0.01 ,  0.004, -0.003,  0.001,  0.009,  0.002, -0.009,  0.006,
         0.007, -0.006,  0.01 ,  0.005,  0.003,  0.003,  0.007,  0.008,
        -0.008,  0.   ,  0.002, -0.004, -0.01 ,  0.006,  0.   , -0.002,
         0.006,  0.002, -0.01 ,  0.002, -0.007, -0.005, -0.006,  0.007,
        -0.006,  0.003, -0.003,  0.007, -0.004]]), 'deltas': array([[0.],
       [0.],
       [0.],
       [0.],
       [0.],
       [0.],
       [0.]]), 'outputs': array([[0.],
       [0.],
       [0.],
       [0.],
       [0.],
       [0.],
       [0.]]), 'errors': array([[0.],
       [0.],
       [0.],
       [0.],
       [0.],
       [0.],
       [0.]])}, {'weights': array([[ 0.001,  0.007, -0.005,  0.   , -0.01 ,  0.003, -0.009],
       [-0.004, -0.004,  0.   , -0.003, -0.001, -0.005,  0.002],
       [ 0.002,  0.   ,  0.   , -0.003,  0.001, -0.007,  0.009],
       [ 0.009, -0.001, -0.01 , -0.005,  0.007,  0.004, -0.01 ],
       [ 0.01 ,  0.001,  0.002,  0.003, -0.001,  0.01 ,  0.003],
       [ 0.005,  0.01 ,  0.   , -0.005,  0.007, -0.007, -0.005]]), 'deltas': array([[0.],
       [0.],
       [0.],
       [0.],
       [0.],
       [0.],
       [0.]]), 'outputs': array([[0.],
       [0.],
       [0.],
       [0.],
       [0.],
       [0.],
       [0.]]), 'errors': array([[0.],
       [0.],
       [0.],
       [0.],
       [0.],
       [0.],
       [0.]])}]
Training complete!
Training done. epoch: 6 , total error: 0.006633871254923143
[{'weights': array([[-1.16354861e-01,  5.29670637e-01, -2.22179910e+00,
         1.11354646e+00,  4.18568991e-01,  6.06919574e-01,
         1.89387369e+00, -1.89301951e+00, -8.84141637e-01,
        -1.00000000e-03, -1.31486536e+00, -1.20320397e-01,
        -1.56715960e+00,  1.23678188e+00,  1.46619559e+00,
        -3.32930622e-01,  4.46192552e-01,  4.79350010e-01,
        -9.20649562e-01,  1.96697396e-02,  2.87591666e-01,
        -2.61489214e-01,  4.87092124e-01, -3.36096620e-01,
        -4.60465837e-01,  8.43765843e-01, -6.13136593e-01,
        -5.78959006e-01,  7.39618733e-02,  4.32695161e-02,
        -4.10228167e-01, -1.92074472e+00,  1.02350521e+00,
         9.99830278e-01,  1.21398361e+00, -8.02629895e-01,
        -9.00893362e-01,  5.27642241e-02,  1.47407543e-01,
        -3.56041353e-01, -3.54927776e-01,  3.95445237e-01,
         4.74719559e-01, -4.50563548e-01, -2.87367882e-01],
       [-1.47845644e-01, -4.72019153e-01, -9.61724210e-01,
         7.68208260e-01,  4.15824879e-01,  8.63949351e-01,
        -2.53674217e-01, -4.59154665e-01, -5.61676337e-01,
        -3.00000000e-03, -1.27681478e-01,  2.73159868e-01,
        -4.53726081e-01, -1.69110458e-01,  8.68022808e-02,
        -1.65465542e-01,  1.71645240e-01, -1.15360134e-01,
        -5.22600578e-01,  2.40225146e-01,  4.65687120e-01,
         3.00552834e-01, -6.37158599e-01, -2.60741456e-01,
        -2.42895768e-01,  9.16985989e-02, -3.33502598e-01,
        -2.35440865e-01,  8.06889964e-02,  5.38156436e-02,
        -1.44896005e+00, -6.22766688e-01,  8.53708731e-01,
         7.44646501e-01,  3.31040285e-01, -4.56181431e-01,
        -5.62187313e-01,  1.93380192e-01,  1.12392399e-01,
        -8.14772143e-01, -1.93303724e-01,  4.11646502e-01,
         3.39102688e-01, -1.43229191e-01, -4.02555868e-01],
       [-7.20408877e-01,  3.70437913e-01, -1.03415303e+00,
         7.45108832e-01,  4.67111232e-01,  4.16563024e-01,
         6.90158307e-01,  1.14893660e-01, -1.40951893e+00,
        -1.00000000e-02, -2.15439777e+00,  2.90669365e-01,
        -1.42006846e+00,  1.20334991e+00,  1.87954303e+00,
         1.23632589e+00,  6.49326824e-01, -2.42326136e-01,
        -1.69775471e+00, -1.40475797e-01, -5.27445128e-01,
         9.01060440e-01,  6.85037225e-01, -9.80178815e-01,
        -2.72377657e-01,  1.69343709e+00, -1.04920806e+00,
        -7.95259556e-01, -4.78734095e-02, -5.48907784e-01,
        -1.35878324e+00, -1.17992282e-01,  1.25361900e+00,
         5.78160373e-01,  1.98588092e+00, -1.26773057e+00,
        -1.06264230e+00,  7.85969456e-02,  5.99910710e-02,
        -6.43546999e-01,  3.23543505e-01,  9.90192038e-02,
         3.76679655e-01, -3.43599300e-01, -1.93903935e-01],
       [-1.87957014e-01, -4.27261331e-01, -1.05619233e+00,
         7.81805774e-01,  4.27545072e-01,  8.55173269e-01,
        -2.42941913e-01, -4.91280489e-01, -5.78010692e-01,
         4.00000000e-03, -1.47450409e-01,  2.50288747e-01,
        -5.32413432e-01, -1.93952984e-01,  1.94468253e-01,
        -1.85832777e-01,  1.98579240e-01, -9.79992944e-02,
        -5.49910055e-01,  1.91103062e-01,  3.93661097e-01,
         3.02369991e-01, -6.25690478e-01, -2.69359467e-01,
        -2.52040968e-01,  1.09994930e-01, -3.65419262e-01,
        -2.45959231e-01,  7.93237379e-02,  2.67770346e-02,
        -1.43544129e+00, -6.83999167e-01,  8.74181234e-01,
         7.70422366e-01,  3.13531095e-01, -4.61326084e-01,
        -5.94117871e-01,  1.44486165e-01,  1.27366870e-01,
        -8.46355622e-01, -2.66652986e-01,  4.19616970e-01,
         3.81836823e-01, -1.49505010e-01, -4.55059825e-01],
       [-2.06095169e-01, -3.99838895e-01, -1.11527138e+00,
         8.02304881e-01,  4.40931601e-01,  8.45599281e-01,
        -2.23566548e-01, -5.18235073e-01, -6.01766620e-01,
        -9.00000000e-03, -1.59171540e-01,  2.20971400e-01,
        -5.66846589e-01, -2.59617908e-01,  2.96695677e-01,
        -2.06147380e-01,  2.12697642e-01, -9.29512279e-02,
        -5.54209428e-01,  1.56641433e-01,  3.81148022e-01,
         3.06886908e-01, -6.13190073e-01, -2.86312633e-01,
        -2.64501184e-01,  8.77631443e-02, -3.77554410e-01,
        -2.70845109e-01,  5.66674148e-02,  1.13355012e-02,
        -1.41607817e+00, -7.41029963e-01,  8.80095953e-01,
         7.85707721e-01,  3.01026500e-01, -4.59112063e-01,
        -5.94966672e-01,  1.36787829e-01,  1.39295445e-01,
        -8.66580526e-01, -2.98041015e-01,  4.37090572e-01,
         3.96090425e-01, -1.47528416e-01, -4.83968960e-01],
       [-2.21627915e-01, -3.67166730e-01, -1.15844656e+00,
         8.00771285e-01,  4.21625658e-01,  8.32916014e-01,
        -2.06069175e-01, -5.22379201e-01, -6.06311901e-01,
         3.00000000e-03, -1.92346578e-01,  2.13411073e-01,
        -6.00538384e-01, -2.71327055e-01,  3.56956681e-01,
        -2.11138497e-01,  2.04946718e-01, -9.22965468e-02,
        -5.65209410e-01,  1.44853473e-01,  3.41239306e-01,
         3.01729327e-01, -6.15089662e-01, -2.68500532e-01,
        -2.77222702e-01,  7.89479333e-02, -3.87556824e-01,
        -2.57895500e-01,  5.26601284e-02, -9.65684476e-03,
        -1.40219944e+00, -7.64143438e-01,  8.45759131e-01,
         8.07396333e-01,  2.84826485e-01, -4.60197454e-01,
        -6.01643021e-01,  1.20393466e-01,  1.40776261e-01,
        -8.71932914e-01, -3.00626143e-01,  4.43775905e-01,
         3.84734782e-01, -1.47795893e-01, -5.09844263e-01],
       [-4.00000000e-03, -7.00000000e-03,  9.00000000e-03,
        -8.00000000e-03,  6.00000000e-03, -1.00000000e-03,
         4.00000000e-03, -1.00000000e-03, -1.00000000e-02,
         4.00000000e-03, -3.00000000e-03,  1.00000000e-03,
         9.00000000e-03,  2.00000000e-03, -9.00000000e-03,
         6.00000000e-03,  7.00000000e-03, -6.00000000e-03,
         1.00000000e-02,  5.00000000e-03,  3.00000000e-03,
         3.00000000e-03,  7.00000000e-03,  8.00000000e-03,
        -8.00000000e-03,  0.00000000e+00,  2.00000000e-03,
        -4.00000000e-03, -1.00000000e-02,  6.00000000e-03,
         0.00000000e+00, -2.00000000e-03,  6.00000000e-03,
         2.00000000e-03, -1.00000000e-02,  2.00000000e-03,
        -7.00000000e-03, -5.00000000e-03, -6.00000000e-03,
         7.00000000e-03, -6.00000000e-03,  3.00000000e-03,
        -3.00000000e-03,  7.00000000e-03, -4.00000000e-03]]), 'deltas': array([[0.00019308],
       [0.00316327],
       [0.00091805],
       [0.00330609],
       [0.00332583],
       [0.00358265],
       [0.        ]]), 'outputs': array([[0.99256948],
       [0.85940035],
       [0.96360782],
       [0.85172886],
       [0.85065508],
       [0.83637591],
       [1.        ]]), 'errors': 0.02617918618094726}, {'weights': array([[ 0.23548633, -0.37363767,  1.52551038, -0.28132439, -0.24073686,
        -0.13854827, -2.95557842],
       [ 1.38421396,  0.91602513,  1.74640683,  0.94086525,  0.96783262,
         0.92066133, -1.84672458],
       [-0.17494738, -0.54883129,  0.18720551, -0.55168816, -0.54769841,
        -0.54549292, -2.46840906],
       [-0.88394203, -0.54048204, -0.94537132, -0.57578697, -0.58272018,
        -0.60040705, -1.79145718],
       [-1.03193569, -0.74683069, -0.66193236, -0.75571426, -0.76860089,
        -0.75902533, -2.08285721],
       [-2.32226992, -1.07288773, -3.75922987, -1.16048876, -1.18895212,
        -1.23994334,  1.4932816 ]]), 'deltas': array([[-1.14583282e-02],
       [ 1.47925699e-04],
       [-1.68623789e-04],
       [-1.54677097e-05],
       [-3.22827877e-06],
       [-5.12367942e-08]]), 'outputs': array([[1.13702739e-01],
       [9.87762419e-01],
       [1.30712318e-02],
       [3.94067304e-03],
       [1.79835893e-03],
       [2.26381086e-04]]), 'errors': array([[-0.11370274],
       [ 0.01223758],
       [-0.01307123],
       [-0.00394067],
       [-0.00179836],
       [-0.00022638]])}]
Accuracy: 50.0 %

train_data group 2 length:  172
   0   1   2   3   4   5   6   7   8  ...  36  37  38  39  40  41  42  43  44
0   0   1   0   0   0   0   0   1   0 ...   0   0   0   1   0   0   0   0   0
1   0   1   0   0   0   0   1   0   0 ...   0   0   0   0   1   0   0   0   0
2   0   0   1   0   0   0   0   1   0 ...   0   0   0   1   0   0   0   0   0
3   0   1   0   0   0   0   0   1   0 ...   0   0   0   1   0   0   0   0   0
4   0   0   1   0   0   0   1   0   0 ...   0   0   0   0   1   0   0   0   0

[5 rows x 45 columns]
Initial Neural Network:
[{'weights': array([[ 0.006,  0.   ,  0.008, -0.006, -0.005,  0.002, -0.005,  0.002,
         0.008, -0.009, -0.002, -0.007, -0.004,  0.007, -0.005, -0.008,
        -0.001, -0.001,  0.005, -0.003,  0.008, -0.003,  0.003, -0.01 ,
        -0.001,  0.002,  0.001,  0.001, -0.006,  0.002, -0.008,  0.   ,
         0.007, -0.006, -0.006,  0.007, -0.008,  0.004,  0.01 , -0.002,
        -0.005,  0.004, -0.003,  0.002, -0.01 ],
       [ 0.   ,  0.   ,  0.001, -0.005,  0.001,  0.01 , -0.004,  0.009,
        -0.004,  0.005,  0.001,  0.004, -0.008, -0.003,  0.004,  0.01 ,
        -0.007,  0.003, -0.003,  0.002,  0.009,  0.001, -0.003, -0.005,
         0.007,  0.004, -0.007, -0.006,  0.   ,  0.005, -0.005,  0.007,
         0.   , -0.007,  0.01 ,  0.009, -0.002, -0.004, -0.01 , -0.01 ,
         0.008,  0.008,  0.   , -0.007, -0.007],
       [ 0.009,  0.006, -0.007,  0.004,  0.003, -0.004, -0.003,  0.   ,
         0.001,  0.008, -0.004, -0.006, -0.007,  0.005, -0.004, -0.009,
         0.001,  0.   ,  0.008, -0.01 , -0.004, -0.01 ,  0.009, -0.008,
         0.006,  0.004,  0.009,  0.005,  0.009,  0.001,  0.007,  0.003,
         0.004,  0.001,  0.003,  0.01 ,  0.009,  0.001, -0.01 ,  0.003,
         0.003, -0.006, -0.01 , -0.009,  0.006],
       [-0.001,  0.005, -0.002, -0.006,  0.005,  0.   ,  0.002,  0.001,
         0.002, -0.006,  0.009, -0.005,  0.005, -0.007,  0.01 ,  0.003,
         0.004, -0.005, -0.007, -0.006, -0.008,  0.005, -0.002,  0.   ,
        -0.005,  0.002, -0.005, -0.004, -0.009,  0.003, -0.001,  0.002,
         0.005, -0.01 ,  0.008,  0.001,  0.005, -0.002,  0.002,  0.007,
         0.007,  0.002, -0.009, -0.001,  0.007],
       [-0.01 , -0.001,  0.002,  0.003, -0.008,  0.009, -0.006,  0.007,
        -0.006, -0.008,  0.003, -0.001,  0.005, -0.009,  0.003,  0.008,
         0.008,  0.01 ,  0.005, -0.008,  0.006,  0.009, -0.004, -0.008,
        -0.006,  0.01 , -0.01 , -0.009, -0.006, -0.003, -0.003,  0.008,
        -0.002,  0.009, -0.002, -0.01 ,  0.006,  0.005,  0.009, -0.002,
        -0.005,  0.   ,  0.002, -0.01 ,  0.004],
       [-0.01 ,  0.009,  0.   ,  0.001, -0.01 , -0.001,  0.005,  0.008,
        -0.001,  0.01 ,  0.002,  0.   , -0.005,  0.009,  0.001,  0.01 ,
        -0.003, -0.002, -0.005,  0.002,  0.006, -0.001, -0.001,  0.003,
        -0.008,  0.007, -0.007,  0.003,  0.003,  0.002,  0.007,  0.009,
         0.009, -0.008,  0.002, -0.008,  0.009, -0.002, -0.004,  0.008,
        -0.003, -0.002, -0.002,  0.008, -0.006],
       [ 0.01 ,  0.007, -0.007, -0.003,  0.005, -0.006,  0.001,  0.003,
         0.001, -0.007,  0.003,  0.002,  0.008, -0.001, -0.008, -0.003,
        -0.003, -0.003, -0.008, -0.007,  0.001, -0.001,  0.005, -0.009,
         0.002,  0.008, -0.002, -0.009, -0.009,  0.002,  0.005, -0.004,
         0.005,  0.01 ,  0.008, -0.002, -0.002, -0.003, -0.002,  0.   ,
        -0.005, -0.006,  0.002, -0.002, -0.005]]), 'deltas': array([[0.],
       [0.],
       [0.],
       [0.],
       [0.],
       [0.],
       [0.]]), 'outputs': array([[0.],
       [0.],
       [0.],
       [0.],
       [0.],
       [0.],
       [0.]]), 'errors': array([[0.],
       [0.],
       [0.],
       [0.],
       [0.],
       [0.],
       [0.]])}, {'weights': array([[ 0.001, -0.01 ,  0.005, -0.008, -0.001, -0.009,  0.009],
       [-0.01 ,  0.008,  0.004,  0.008,  0.002,  0.004,  0.005],
       [-0.008,  0.008, -0.008,  0.003, -0.007, -0.004,  0.004],
       [ 0.001, -0.007,  0.005, -0.006,  0.008,  0.008, -0.008],
       [ 0.003,  0.008,  0.009, -0.006,  0.001,  0.006,  0.001],
       [-0.005,  0.006,  0.002, -0.001,  0.   , -0.002, -0.008]]), 'deltas': array([[0.],
       [0.],
       [0.],
       [0.],
       [0.],
       [0.],
       [0.]]), 'outputs': array([[0.],
       [0.],
       [0.],
       [0.],
       [0.],
       [0.],
       [0.]]), 'errors': array([[0.],
       [0.],
       [0.],
       [0.],
       [0.],
       [0.],
       [0.]])}]
Training complete!
Training done. epoch: 52 , total error: 0.0011554123182700967
[{'weights': array([[-6.24704313e-01, -1.38805385e+00, -1.71708236e+00,
         1.87694561e+00,  6.69466733e-01,  1.61016396e+00,
        -2.81190351e+00,  1.11473573e+00, -1.12927931e+00,
         2.78549547e-02,  2.02415167e-01,  1.44619609e-01,
         2.32311181e+00, -1.61001875e+00, -2.25755601e+00,
        -3.09047512e+00,  1.27137792e+00,  1.47226303e+00,
        -8.72835666e-01,  2.52416532e-02, -1.63705916e-01,
         2.79905148e+00, -2.53904720e+00, -1.02478256e+00,
        -2.60943990e-01,  6.16016205e-01, -1.40255273e+00,
        -4.15304157e-01,  1.34125044e-02,  1.46445714e-01,
        -2.06231346e+00, -1.89712174e+00,  6.12761472e-01,
         2.00879983e+00,  5.98886145e-01, -6.16093634e-01,
        -7.90352305e-01,  8.24039938e-02, -4.54272380e-01,
        -4.26623922e+00,  1.66152654e+00, -1.25065214e-01,
         1.80909708e+00, -2.69747367e-01, -1.19642818e+00],
       [ 4.29850091e-01, -4.48579241e+00, -6.66701977e-01,
         3.08937855e+00,  5.19743148e-01,  6.82078122e-01,
        -3.65085531e+00,  4.85582244e+00, -3.37031363e+00,
         3.88745770e-01,  1.34470958e+00,  8.79758876e-01,
         1.15453113e+00,  8.33802646e-01, -5.32532484e+00,
        -1.44027633e-01,  2.96477044e+00, -3.07672208e+00,
        -2.55599740e+00,  1.70645407e+00,  1.20223491e+00,
         1.52785687e+00, -1.37927570e+00, -3.61919559e+00,
         1.16685690e+00,  4.30992072e-01, -1.84322163e+00,
        -6.05324321e-01,  8.98031277e-01,  2.24260145e+00,
        -4.64497746e+00, -5.42316511e-03, -1.86943677e+00,
         3.16671335e+00,  1.43534140e+00, -1.79975305e+00,
        -8.72473131e-01,  9.09749255e-01, -7.80387079e-01,
        -2.77867598e+00,  3.24888364e+00, -7.66096283e-01,
        -5.35394790e-01, -2.80239187e-01, -1.11752260e+00],
       [-1.93846715e+00, -7.50605487e-01, -1.63174047e+00,
         2.19588978e+00,  5.29307843e-01, -5.80059353e-01,
         3.22184826e+00, -2.08606166e+00, -2.40164021e+00,
         2.37297481e-01, -1.10741680e+00, -1.78095088e+00,
        -1.87501129e+00,  2.21162993e+00,  9.25133550e-01,
        -1.06568948e+00,  3.61448492e+00,  8.88896859e-01,
        -4.39723344e+00, -6.61074350e-01, -8.57220077e-01,
        -4.51369774e+00,  4.30380018e+00,  8.41466393e-01,
        -1.39196424e+00,  2.99247219e+00, -2.46852317e+00,
        -2.03674407e+00, -7.08204308e-02, -1.53841298e+00,
        -2.58932834e+00,  2.76953305e-01,  9.76707182e-02,
         2.15850181e+00,  2.81174056e+00, -2.22358932e+00,
        -2.44790859e+00,  1.27870262e-01,  1.34271602e-01,
        -3.21481241e+00,  1.39435920e+00, -4.84509536e-01,
         1.19187328e+00, -5.16526016e-01, -1.60461548e+00],
       [-4.23940384e-01, -1.85459433e+00, -3.15741052e+00,
         3.41613548e+00,  5.26677094e-01,  1.47379747e+00,
        -4.16713712e+00,  1.93403933e+00, -8.07697559e-01,
         7.18652170e-02,  5.12899345e-01,  3.45593620e-01,
         1.72446635e-01,  1.05298312e+00, -3.56605538e+00,
        -1.02223866e+00,  7.38013632e-01,  5.42638524e-01,
        -1.19725316e+00, -5.66292991e-01,  1.82611297e+00,
         2.91573716e-01, -1.39155074e+00, -1.71864497e+00,
        -5.11623632e-01,  1.48119456e+00, -2.26635641e+00,
        -7.07767545e-01, -1.72032733e-02,  1.18263781e+00,
        -4.24098758e+00, -2.02418087e+00,  1.65446307e-02,
         3.57085335e+00,  1.35307993e+00, -9.55107459e-01,
        -9.46961089e-01, -4.77406733e-01, -4.53737313e-01,
        -3.55576477e+00,  2.42806272e+00, -9.26594779e-01,
         8.59873350e-01, -2.93709185e-01, -1.48713266e+00],
       [-1.72575734e+00, -9.76397975e-02, -2.55771416e+00,
         1.90248175e+00,  5.50970408e-01,  1.10367434e+00,
        -2.75920859e+00,  6.36072650e-01, -9.33283709e-01,
         3.50861734e-02, -5.07219968e-01,  8.64808258e-02,
         2.93434861e+00, -6.75645137e+00,  2.33018276e+00,
        -4.73740631e+00,  3.11678499e+00,  9.60066705e-01,
        -1.43506182e+00,  2.04957290e-01,  1.96902109e-01,
         8.00262616e-01,  4.36753226e-01, -2.55239929e+00,
        -7.98177798e-01,  4.48550439e-02, -9.90622436e-01,
        -1.04567844e+00,  6.27866930e-02,  4.02196190e-02,
        -2.32403705e+00, -2.38395618e+00,  6.31673955e-01,
         2.13144052e+00, -1.55098208e-01, -7.52022545e-01,
        -8.86098082e-01,  2.36241239e-01, -3.48681540e-01,
        -8.74671565e+00,  2.08657559e+00,  3.36465165e+00,
         1.84214176e+00, -4.75312486e-01, -1.90965914e+00],
       [-1.58134581e+00,  1.39652322e+00, -4.86857664e+00,
         2.08785338e+00,  5.49679498e-01,  1.85629091e+00,
         2.69294808e+00, -4.36911093e+00, -2.59214149e+00,
         2.71470752e-02, -4.04552720e+00, -3.32399123e+00,
        -2.12623017e+00,  1.96863145e+00,  5.12825079e+00,
         5.59564839e-01, -9.43486329e+00,  8.29822418e+00,
        -1.85105783e+00,  2.42657432e-02, -2.02017444e-01,
         4.69550852e+00, -3.00131992e+00, -3.07500231e+00,
        -8.24035204e-01, -8.30061863e-02, -1.55946936e+00,
        -8.60315665e-01,  1.02924860e-01,  7.24716039e-01,
         7.68002035e-01, -8.17847368e+00,  7.28599790e-01,
         3.57028947e+00,  2.75421242e+00, -1.66494009e+00,
        -3.39824766e+00,  1.01246096e-01, -2.01137125e-01,
        -1.75297930e+00, -1.38543195e+00, -1.95783465e-01,
         3.84920085e+00, -2.91187249e+00, -2.41186635e+00],
       [ 1.00000000e-02,  7.00000000e-03, -7.00000000e-03,
        -3.00000000e-03,  5.00000000e-03, -6.00000000e-03,
         1.00000000e-03,  3.00000000e-03,  1.00000000e-03,
        -7.00000000e-03,  3.00000000e-03,  2.00000000e-03,
         8.00000000e-03, -1.00000000e-03, -8.00000000e-03,
        -3.00000000e-03, -3.00000000e-03, -3.00000000e-03,
        -8.00000000e-03, -7.00000000e-03,  1.00000000e-03,
        -1.00000000e-03,  5.00000000e-03, -9.00000000e-03,
         2.00000000e-03,  8.00000000e-03, -2.00000000e-03,
        -9.00000000e-03, -9.00000000e-03,  2.00000000e-03,
         5.00000000e-03, -4.00000000e-03,  5.00000000e-03,
         1.00000000e-02,  8.00000000e-03, -2.00000000e-03,
        -2.00000000e-03, -3.00000000e-03, -2.00000000e-03,
         0.00000000e+00, -5.00000000e-03, -6.00000000e-03,
         2.00000000e-03, -2.00000000e-03, -5.00000000e-03]]), 'deltas': array([[4.09464152e-05],
       [1.07255524e-08],
       [2.44832450e-03],
       [1.40667249e-03],
       [6.96866689e-04],
       [1.00368997e-13],
       [0.00000000e+00]]), 'outputs': array([[9.96217507e-01],
       [9.99999013e-01],
       [3.42877690e-01],
       [8.47199934e-01],
       [9.31125588e-01],
       [9.23668320e-12],
       [1.00000000e+00]]), 'errors': 0.010866346198759645}, {'weights': array([[-0.95648861, -1.98189799,  0.65379576, -1.26730181, -1.10187496,
        -1.08286425, -1.7625523 ],
       [ 1.72121552,  2.23757052,  5.39245241,  2.73898904,  2.20409972,
         2.8361711 , -5.56912046],
       [-0.78465391, -1.2050434 , -0.22447012, -0.701819  , -1.28085514,
         0.90327213, -2.45162687],
       [-0.52087279,  1.97425164, -0.03424132, -2.02121277, -1.54678834,
        -1.13245601, -2.71205406],
       [-0.88380558,  2.12932914, -1.14229313, -0.53081512, -0.66769033,
        -0.57402427, -2.84144501],
       [-1.33463815, -4.17516504, -9.03961159, -2.63647067, -1.12926427,
        -5.78266596,  1.77189147]]), 'deltas': array([[-1.94597591e-06],
       [ 9.72213925e-05],
       [-3.33669383e-06],
       [-1.39639043e-04],
       [-1.97211037e-03],
       [-1.62946953e-09]]), 'outputs': array([[1.39595709e-03],
       [9.90090690e-01],
       [1.82833410e-03],
       [1.18877673e-02],
       [4.54534714e-02],
       [4.03675031e-05]]), 'errors': array([[-1.39595709e-03],
       [ 9.90931035e-03],
       [-1.82833410e-03],
       [-1.18877673e-02],
       [-4.54534714e-02],
       [-4.03675031e-05]])}]
Accuracy: 45.23809523809524 %

train_data group 3 length:  170
   0   1   2   3   4   5   6   7   8  ...  36  37  38  39  40  41  42  43  44
0   0   1   0   0   0   0   0   1   0 ...   0   0   0   1   0   0   0   0   0
1   0   1   0   0   0   0   1   0   0 ...   0   0   0   0   1   0   0   0   0
2   0   0   1   0   0   0   0   1   0 ...   0   0   0   1   0   0   0   0   0
3   0   1   0   0   0   0   0   1   0 ...   0   0   0   1   0   0   0   0   0
4   0   0   1   0   0   0   1   0   0 ...   0   0   0   0   1   0   0   0   0

[5 rows x 45 columns]
Initial Neural Network:
[{'weights': array([[-0.001,  0.006, -0.002, -0.001,  0.003,  0.01 ,  0.009,  0.006,
         0.009,  0.005,  0.007,  0.009,  0.006,  0.01 ,  0.009,  0.005,
         0.005,  0.007,  0.003,  0.001, -0.008,  0.002,  0.004,  0.   ,
         0.005, -0.009, -0.01 ,  0.01 , -0.008, -0.003, -0.01 , -0.001,
         0.004,  0.005,  0.004, -0.005, -0.003,  0.004, -0.006,  0.   ,
         0.003, -0.003,  0.001, -0.003,  0.007],
       [ 0.01 ,  0.002,  0.004,  0.001, -0.01 ,  0.004, -0.007, -0.004,
         0.006,  0.005, -0.008,  0.   , -0.002,  0.005, -0.003, -0.005,
        -0.003, -0.003,  0.009,  0.01 ,  0.003,  0.   , -0.01 ,  0.003,
         0.004, -0.007, -0.005, -0.002,  0.002, -0.002, -0.004,  0.003,
        -0.007,  0.004, -0.01 ,  0.004,  0.01 ,  0.001,  0.003, -0.01 ,
        -0.005, -0.006,  0.01 , -0.005, -0.001],
       [-0.002, -0.008,  0.009,  0.01 ,  0.008, -0.001,  0.006, -0.01 ,
         0.003,  0.008, -0.006, -0.001, -0.001,  0.001,  0.005, -0.008,
         0.005, -0.008,  0.   , -0.001, -0.005, -0.009,  0.003, -0.004,
         0.004,  0.006,  0.   , -0.006,  0.006, -0.008,  0.01 , -0.009,
        -0.003, -0.006, -0.001,  0.005,  0.   , -0.008,  0.008,  0.007,
        -0.005,  0.009, -0.007,  0.009,  0.009],
       [-0.009, -0.003, -0.006,  0.01 , -0.003, -0.007,  0.004, -0.006,
         0.003,  0.   ,  0.003,  0.003, -0.001,  0.008, -0.001, -0.001,
        -0.004, -0.007,  0.009, -0.009, -0.009, -0.004, -0.01 ,  0.006,
        -0.007,  0.009, -0.007,  0.005, -0.005,  0.002,  0.   , -0.001,
         0.006,  0.   ,  0.001, -0.004,  0.01 ,  0.005,  0.005, -0.003,
        -0.007, -0.008, -0.008, -0.002,  0.002],
       [ 0.001, -0.008, -0.006, -0.003, -0.005,  0.   , -0.001,  0.004,
        -0.008, -0.001, -0.007,  0.005,  0.003,  0.007,  0.004,  0.007,
         0.008, -0.005, -0.001, -0.007, -0.005,  0.003,  0.001,  0.008,
        -0.01 ,  0.001, -0.01 ,  0.01 , -0.008, -0.007,  0.009, -0.008,
        -0.002, -0.005,  0.002, -0.008, -0.005,  0.007,  0.001, -0.008,
        -0.004,  0.008,  0.006, -0.01 ,  0.009],
       [-0.006,  0.006, -0.008, -0.004, -0.01 ,  0.009, -0.004,  0.001,
        -0.01 , -0.007,  0.001,  0.   , -0.002,  0.01 ,  0.003,  0.006,
        -0.005,  0.   ,  0.008, -0.002,  0.007,  0.004, -0.009,  0.004,
         0.009,  0.01 ,  0.001, -0.01 , -0.01 ,  0.002,  0.002, -0.004,
         0.004, -0.006,  0.002,  0.002, -0.01 ,  0.007,  0.   , -0.008,
         0.009,  0.006, -0.007,  0.005,  0.007],
       [-0.009, -0.009,  0.002, -0.005,  0.007,  0.003,  0.006,  0.   ,
        -0.01 ,  0.007,  0.01 ,  0.005,  0.007, -0.002,  0.009, -0.006,
        -0.002,  0.007,  0.007, -0.005,  0.008,  0.006,  0.001, -0.009,
         0.008,  0.007, -0.003, -0.01 ,  0.   , -0.003,  0.008,  0.007,
        -0.01 , -0.006,  0.01 , -0.005, -0.005,  0.005, -0.001, -0.009,
         0.004,  0.003,  0.   ,  0.008,  0.005]]), 'deltas': array([[0.],
       [0.],
       [0.],
       [0.],
       [0.],
       [0.],
       [0.]]), 'outputs': array([[0.],
       [0.],
       [0.],
       [0.],
       [0.],
       [0.],
       [0.]]), 'errors': array([[0.],
       [0.],
       [0.],
       [0.],
       [0.],
       [0.],
       [0.]])}, {'weights': array([[-0.002,  0.007,  0.004,  0.007,  0.009, -0.002,  0.009],
       [-0.005, -0.006,  0.   ,  0.009,  0.003,  0.009, -0.003],
       [-0.008,  0.001,  0.008, -0.003, -0.004,  0.   ,  0.003],
       [-0.002,  0.003, -0.004,  0.006,  0.005,  0.   ,  0.002],
       [ 0.001,  0.   ,  0.003, -0.008,  0.01 , -0.007, -0.006],
       [-0.001, -0.002, -0.002, -0.001,  0.   ,  0.005, -0.003]]), 'deltas': array([[0.],
       [0.],
       [0.],
       [0.],
       [0.],
       [0.],
       [0.]]), 'outputs': array([[0.],
       [0.],
       [0.],
       [0.],
       [0.],
       [0.],
       [0.]]), 'errors': array([[0.],
       [0.],
       [0.],
       [0.],
       [0.],
       [0.],
       [0.]])}]
Training complete!
Training done. epoch: 88 , total error: 0.0006011967001219722
[{'weights': array([[ 2.69235339e-01,  2.06068755e+00,  2.72111377e-01,
        -2.76939245e+00, -2.03873947e+00,  1.77825554e+00,
        -5.47713152e+00,  1.87939308e+00, -1.47269726e+00,
         1.12008250e+00, -2.11456358e+00, -3.84091796e-01,
         1.41890416e+00, -8.15198264e-02, -1.00882662e+00,
         3.06497643e+00,  2.01209773e+00,  3.86530745e-01,
        -7.33198442e+00, -3.21718144e-01, -5.03866775e+00,
         9.18272740e+00, -7.93423525e+00,  2.40240970e-01,
         1.34183696e+00, -1.05463790e+00, -1.22154012e+00,
         1.00000000e-02,  3.80803656e-02, -4.05214972e-02,
        -2.37277859e+00,  2.47971633e+00,  1.33013289e-01,
        -2.41552719e+00,  2.12181987e+00, -2.00376228e-01,
        -5.80976425e+00,  1.67722295e+00, -6.00000000e-03,
        -2.58859295e+00, -2.81967155e-01, -8.11505095e-01,
        -2.35786071e-01,  1.70475361e+00, -2.20409766e+00],
       [ 2.55609592e+00, -3.61659925e+00, -5.02178890e-01,
         1.86197443e+00,  9.10176961e-02,  3.25207321e+00,
         4.43023831e+00,  6.00363463e-02, -7.38686789e+00,
         3.18299308e-02,  1.24605302e+00,  2.72579603e+00,
         7.84787870e-01,  2.96085157e+00, -7.34217858e+00,
         8.67238885e-01, -6.75299947e+00,  7.90425415e+00,
        -3.82614386e+00,  2.19896020e+00, -1.82431146e+00,
        -4.07415022e+00,  8.13589906e+00, -4.08515528e-01,
        -1.44561194e+00, -1.83651114e+00,  1.73997271e+00,
        -2.00000000e-03,  4.69848346e-01,  2.26613936e+00,
        -5.73974564e+00,  1.91487819e+00,  6.41955569e-01,
         1.29408242e+00,  3.16637787e+00, -2.86652671e+00,
        -2.33281586e+00,  2.42127461e+00,  3.00000000e-03,
        -5.90493033e+00,  3.07006666e+00,  3.15206738e+00,
        -6.90169559e-01,  7.40275747e-01,  3.82309910e-01],
       [ 2.79040236e-01, -2.73504176e+00,  1.28715732e+00,
        -6.87099447e-01, -5.62836314e-02, -4.19570117e-02,
         4.73995265e-01, -1.56061730e+00, -8.24762533e-01,
         3.01142947e-02, -1.12055589e+00, -4.44982262e-01,
        -1.66261403e+00, -4.80755325e-01,  1.77768022e+00,
         3.19340492e+00, -3.07532693e+00, -1.34656330e+00,
        -8.98284068e-01,  1.85542096e-01, -1.06361450e+00,
         6.10674984e-01, -1.21364875e-01, -1.39795951e+00,
         3.20366210e-02, -1.85437902e+00, -1.33800089e-02,
        -6.00000000e-03, -4.94682510e-02, -7.71603043e-01,
        -2.67853576e+00,  1.45774241e+00,  4.52713347e-02,
         1.89777398e-03, -1.36064334e+00, -9.09957026e-02,
        -7.39517465e-01,  2.57929225e-01,  8.00000000e-03,
        -1.31950099e+00,  2.82842528e+00, -3.32426576e-01,
        -3.07576610e+00, -1.69588938e-02, -1.92022728e+00],
       [ 3.92110330e-01, -2.76611765e+00,  1.27374726e+00,
        -7.25968841e-01, -6.79739695e-02, -3.04144131e-02,
         4.59621820e-01, -1.51963691e+00, -8.53237944e-01,
         5.44645790e-02, -1.06150932e+00, -4.57756755e-01,
        -1.60999629e+00, -5.25894418e-01,  1.78395392e+00,
         3.23754582e+00, -3.13771086e+00, -1.38643118e+00,
        -8.60034178e-01,  2.51427532e-01, -1.04995023e+00,
         5.69598698e-01, -7.65101242e-02, -1.39052780e+00,
         4.01865876e-02, -1.86537269e+00,  7.12490107e-02,
         5.00000000e-03, -9.20791883e-02, -6.75561804e-01,
        -2.71443039e+00,  1.45068461e+00,  5.69101306e-02,
         6.19457942e-03, -1.39946845e+00, -1.13771268e-01,
        -7.32596199e-01,  3.74633045e-01,  5.00000000e-03,
        -1.31237846e+00,  2.87172033e+00, -3.61157764e-01,
        -3.08424327e+00, -2.51436997e-02, -1.88120287e+00],
       [ 3.23712760e-01, -2.99814810e+00,  1.40139859e+00,
        -5.43741051e-01, -8.18424914e-02,  5.50924026e-02,
         4.49473953e-01, -1.36937896e+00, -1.04694998e+00,
         2.81422929e-02, -1.02765510e+00, -3.46061132e-01,
        -1.69343277e+00, -2.27199502e-01,  1.42872821e+00,
         2.93788003e+00, -2.99796090e+00, -9.48452589e-01,
        -9.52282451e-01,  8.51956130e-02, -1.04981994e+00,
         5.08260666e-01,  1.26117785e-01, -1.53279199e+00,
         6.76131862e-02, -1.70689870e+00, -9.77817913e-02,
         1.00000000e-02, -8.99397987e-02, -6.76848104e-01,
        -2.53961666e+00,  1.20013491e+00,  1.13310012e-01,
         1.23995535e-02, -1.24248158e+00, -8.09394543e-02,
        -7.70176994e-01,  2.11977737e-01,  1.00000000e-03,
        -1.37337461e+00,  2.66228111e+00, -3.31726387e-01,
        -2.91554114e+00,  7.27407417e-02, -1.86862029e+00],
       [-3.64401819e-01,  6.26344516e+00, -3.16322644e+00,
        -3.55117689e+00, -2.08200397e+00,  1.61108778e+00,
         2.60238941e+00, -3.53143150e+00, -3.44159578e+00,
        -1.26813862e-01, -6.46846174e+00,  2.26527783e-01,
        -8.93264826e-01, -3.71920115e+00,  7.99103598e+00,
         2.06584141e+00,  9.09528572e+00, -9.21946525e+00,
        -3.16055148e+00, -1.64947436e+00, -4.17384245e+00,
         5.14284969e+00, -1.76732798e+00, -2.29492685e+00,
         2.32883632e-01, -2.04916754e+00, -5.98356605e-01,
        -1.00000000e-02, -2.26839804e-01, -1.83834306e+00,
         4.48800161e+00, -2.46442458e+00, -1.26821795e+00,
        -1.79437998e+00,  1.81799862e-01, -5.22393340e-01,
        -2.62964330e+00,  9.58728312e-02,  0.00000000e+00,
         4.08718657e-01, -6.14569625e+00,  2.56174207e+00,
         2.35105920e-01,  6.97656489e-02, -2.86836395e+00],
       [-9.00000000e-03, -9.00000000e-03,  2.00000000e-03,
        -5.00000000e-03,  7.00000000e-03,  3.00000000e-03,
         6.00000000e-03,  0.00000000e+00, -1.00000000e-02,
         7.00000000e-03,  1.00000000e-02,  5.00000000e-03,
         7.00000000e-03, -2.00000000e-03,  9.00000000e-03,
        -6.00000000e-03, -2.00000000e-03,  7.00000000e-03,
         7.00000000e-03, -5.00000000e-03,  8.00000000e-03,
         6.00000000e-03,  1.00000000e-03, -9.00000000e-03,
         8.00000000e-03,  7.00000000e-03, -3.00000000e-03,
        -1.00000000e-02,  0.00000000e+00, -3.00000000e-03,
         8.00000000e-03,  7.00000000e-03, -1.00000000e-02,
        -6.00000000e-03,  1.00000000e-02, -5.00000000e-03,
        -5.00000000e-03,  5.00000000e-03, -1.00000000e-03,
        -9.00000000e-03,  4.00000000e-03,  3.00000000e-03,
         0.00000000e+00,  8.00000000e-03,  5.00000000e-03]]), 'deltas': array([[1.22007607e-06],
       [1.68279830e-12],
       [3.09498844e-04],
       [2.97581980e-04],
       [2.49026238e-04],
       [3.24488756e-10],
       [0.00000000e+00]]), 'outputs': array([[1.12215193e-04],
       [1.00000000e+00],
       [9.70677563e-01],
       [9.71840319e-01],
       [9.76548684e-01],
       [2.98411585e-08],
       [1.00000000e+00]]), 'errors': 0.01087386622023597}, {'weights': array([[ 1.35526874,  2.54130346,  2.25927977,  2.26951194,  2.19411932,
         5.87162139, -5.46140371],
       [-0.27662457,  0.50019468, -2.28875687, -2.75049392, -1.35584792,
        -0.17630344, -0.74560442],
       [ 0.90146045, -0.65586585, -0.34886235, -0.28810563, -0.64801916,
         1.08838502, -3.62219194],
       [-1.14613272,  2.42093188, -1.01842052, -0.9219095 , -0.9721361 ,
        -2.14493581, -3.52210333],
       [ 0.90833508,  0.82875955, -0.78857533, -0.72395148, -0.81241945,
        -2.66691869, -3.02325507],
       [-9.46206088, -7.55679005, -1.39962481, -1.35271583, -1.54371762,
        -6.5480222 ,  2.06659817]]), 'deltas': array([[ 6.65843100e-04],
       [-2.41696145e-06],
       [-1.55646144e-05],
       [-3.61853651e-04],
       [-1.30169977e-04],
       [-3.97141279e-09]]), 'outputs': array([[9.73851939e-01],
       [1.55586882e-03],
       [3.95302237e-03],
       [1.92078158e-02],
       [1.14752363e-02],
       [6.30211320e-05]]), 'errors': array([[ 2.61480607e-02],
       [-1.55586882e-03],
       [-3.95302237e-03],
       [-1.92078158e-02],
       [-1.14752363e-02],
       [-6.30211320e-05]])}]
Accuracy: 52.27272727272727 %

train_data group 4 length:  171
   0   1   2   3   4   5   6   7   8  ...  36  37  38  39  40  41  42  43  44
0   0   1   0   0   0   0   0   1   0 ...   0   0   0   1   0   0   0   0   0
1   0   1   0   0   0   0   1   0   0 ...   0   0   0   0   1   0   0   0   0
2   0   0   1   0   0   0   0   1   0 ...   0   0   0   1   0   0   0   0   0
3   0   1   0   0   0   0   0   1   0 ...   0   0   0   1   0   0   0   0   0
4   0   0   1   0   0   0   1   0   0 ...   0   0   0   0   1   0   0   0   0

[5 rows x 45 columns]
Initial Neural Network:
[{'weights': array([[ 0.007,  0.007,  0.   ,  0.   , -0.008,  0.008,  0.002,  0.01 ,
        -0.003, -0.003,  0.01 ,  0.009, -0.007, -0.001,  0.01 ,  0.01 ,
        -0.006,  0.004, -0.004, -0.003,  0.   ,  0.008,  0.004, -0.001,
        -0.003,  0.009, -0.004, -0.01 , -0.006,  0.006,  0.008, -0.001,
        -0.004, -0.004, -0.004,  0.01 ,  0.005, -0.002,  0.004,  0.004,
         0.009, -0.002,  0.008,  0.002, -0.005],
       [-0.003, -0.007,  0.005,  0.002,  0.009,  0.01 ,  0.007,  0.007,
        -0.005,  0.006,  0.008,  0.   , -0.006, -0.005, -0.003, -0.007,
         0.006,  0.009, -0.005, -0.004, -0.003,  0.007,  0.009, -0.002,
        -0.001, -0.004,  0.002,  0.007,  0.005, -0.002,  0.003, -0.003,
         0.01 ,  0.003, -0.008,  0.002,  0.007,  0.003, -0.006,  0.009,
         0.006, -0.005, -0.01 ,  0.004, -0.004],
       [ 0.01 , -0.006,  0.006, -0.001, -0.006, -0.009,  0.001, -0.007,
        -0.006, -0.005,  0.006,  0.004, -0.009,  0.004,  0.008,  0.01 ,
        -0.007, -0.002, -0.003,  0.001,  0.004,  0.003, -0.005, -0.009,
        -0.008, -0.007, -0.003, -0.01 ,  0.001, -0.005,  0.01 ,  0.003,
        -0.004, -0.002, -0.004, -0.001,  0.   ,  0.01 , -0.002, -0.004,
        -0.006,  0.008,  0.007,  0.004, -0.01 ],
       [-0.004,  0.004,  0.004,  0.01 , -0.003, -0.004, -0.004,  0.002,
         0.001,  0.006,  0.003,  0.006,  0.002,  0.002, -0.004,  0.007,
         0.01 ,  0.003, -0.007,  0.002,  0.003, -0.002,  0.002, -0.01 ,
         0.005, -0.002,  0.01 ,  0.01 ,  0.006,  0.003, -0.002,  0.002,
        -0.004, -0.007,  0.008,  0.005, -0.006, -0.003,  0.008,  0.006,
         0.004, -0.006, -0.001, -0.005, -0.008],
       [ 0.005,  0.006,  0.01 , -0.005, -0.003, -0.004,  0.004, -0.004,
         0.007, -0.002, -0.008, -0.001, -0.005,  0.01 , -0.002,  0.001,
         0.   , -0.009, -0.01 , -0.002, -0.008,  0.005,  0.   , -0.009,
         0.002, -0.003, -0.003,  0.008,  0.006, -0.001, -0.01 , -0.005,
         0.005,  0.006,  0.007,  0.008,  0.01 ,  0.004, -0.001,  0.01 ,
         0.   , -0.005, -0.008,  0.004, -0.002],
       [-0.005, -0.01 ,  0.004,  0.003, -0.003,  0.005,  0.005,  0.009,
         0.005, -0.004,  0.004, -0.003, -0.005,  0.   , -0.01 , -0.008,
         0.001, -0.006,  0.002, -0.009,  0.008, -0.005,  0.009, -0.002,
        -0.004, -0.002, -0.005,  0.001,  0.004, -0.008,  0.004, -0.001,
        -0.008, -0.003,  0.008,  0.004,  0.01 , -0.004,  0.002, -0.002,
         0.002,  0.   , -0.001,  0.01 , -0.008],
       [ 0.005, -0.01 ,  0.001,  0.001, -0.01 ,  0.01 ,  0.01 ,  0.006,
        -0.007,  0.009, -0.001, -0.004,  0.009,  0.006, -0.007,  0.008,
         0.002,  0.007,  0.004, -0.007, -0.003,  0.008, -0.004, -0.005,
         0.   ,  0.003, -0.01 ,  0.005, -0.009, -0.004, -0.005,  0.01 ,
         0.005,  0.003, -0.01 ,  0.002,  0.005,  0.01 ,  0.002, -0.009,
        -0.004, -0.005,  0.001, -0.005,  0.004]]), 'deltas': array([[0.],
       [0.],
       [0.],
       [0.],
       [0.],
       [0.],
       [0.]]), 'outputs': array([[0.],
       [0.],
       [0.],
       [0.],
       [0.],
       [0.],
       [0.]]), 'errors': array([[0.],
       [0.],
       [0.],
       [0.],
       [0.],
       [0.],
       [0.]])}, {'weights': array([[ 0.002,  0.   ,  0.001, -0.001, -0.005,  0.01 ,  0.   ],
       [-0.004, -0.003,  0.008,  0.003,  0.002, -0.008,  0.001],
       [-0.004, -0.009,  0.004,  0.007, -0.008,  0.003, -0.004],
       [ 0.01 ,  0.009,  0.003,  0.006, -0.01 , -0.006,  0.001],
       [ 0.007, -0.001, -0.004, -0.005,  0.004,  0.003, -0.003],
       [ 0.007,  0.006,  0.009,  0.   , -0.006, -0.01 , -0.01 ]]), 'deltas': array([[0.],
       [0.],
       [0.],
       [0.],
       [0.],
       [0.],
       [0.]]), 'outputs': array([[0.],
       [0.],
       [0.],
       [0.],
       [0.],
       [0.],
       [0.]]), 'errors': array([[0.],
       [0.],
       [0.],
       [0.],
       [0.],
       [0.],
       [0.]])}]
Training complete!
Training done. epoch: 88 , total error: 0.000563612023581775
[{'weights': array([[-3.18515438e+00,  9.04602270e-01, -4.18069653e+00,
         1.05644117e+00,  1.93909978e+00,  8.30312583e-01,
        -6.26699326e-01, -1.31805095e+00, -3.41320207e+00,
         1.06993207e+00,  2.50567238e+00, -2.35063314e+00,
         6.94844173e-02, -3.53442008e+00, -1.40811273e-01,
         2.95552875e+00, -1.68292491e+00,  6.04641540e-01,
        -3.67794176e+00, -1.67001132e+00, -2.67983304e+00,
         1.17648845e+00,  2.37937283e+00, -3.63170055e+00,
        -7.08035384e-01,  3.11102471e+00, -3.07512080e+00,
        -3.95332163e+00,  4.34710032e-01, -2.58645497e+00,
        -8.41595772e+00,  3.19015076e+00,  3.22656820e+00,
         1.11898604e+00,  1.37038305e+00, -3.17685250e+00,
        -2.01575318e+00,  1.11171183e-01,  2.52343753e-01,
        -2.60612857e-01, -3.53004725e+00,  2.54738422e-02,
         3.12478571e-01,  2.00000000e-03, -3.47670769e+00],
       [ 2.74889642e-01, -2.48442949e+00,  4.92435963e-01,
        -4.18438610e-01,  3.43953728e-01,  6.67753705e-01,
        -5.14035807e-01, -1.70923145e+00, -7.78147895e-01,
         5.61072675e-01, -2.00404632e+00,  2.91038197e-02,
        -1.66387237e+00, -1.69960904e-01,  2.00518701e+00,
         3.76762066e+00, -3.13154216e+00, -1.83903430e+00,
        -8.07269710e-01,  2.11636740e-01, -6.54760604e-01,
         5.32522575e-01, -1.10834476e+00, -9.51656214e-01,
         3.94650239e-01, -1.07662908e+00, -2.58695860e-01,
        -2.46408332e-01, -2.05855502e-01, -2.13618301e-01,
        -2.10704935e+00,  1.68289981e+00,  2.85152061e-01,
        -1.43397299e+00, -1.09354173e+00, -6.73096770e-01,
        -7.15007321e-01,  4.87249148e-01,  1.94807908e-01,
         1.07982656e+00,  8.25356372e-01, -3.11974110e-01,
        -3.39079759e+00,  4.00000000e-03, -1.80158877e+00],
       [ 1.56360258e+00, -2.67454727e+00, -3.43852000e-01,
        -5.13485212e-01,  2.59979747e-01,  1.64683650e+00,
        -9.00520364e-01, -1.07553955e+00, -2.33545149e+00,
         9.27372753e-01,  1.30092951e+00,  1.65331206e+00,
        -2.53309771e+00, -2.82388009e+00,  7.04434079e-01,
         2.98146087e+00, -2.83575042e+00, -3.25307567e+00,
        -1.65439393e+00,  3.04945699e+00,  1.92701538e-01,
        -1.60423722e+00, -1.59167013e+00,  1.14244883e+00,
         1.34454816e-01, -1.24308749e+00, -6.29171462e-01,
        -3.78914884e-01,  5.20871676e-01,  2.28056737e-01,
        -5.30961246e+00,  4.85741334e+00,  3.61605881e-01,
        -1.84676565e+00, -4.03121289e-01, -1.09512369e+00,
        -8.04518509e-01,  2.66480440e+00, -2.07034306e+00,
        -5.05860742e-01, -5.04457313e-01,  1.38567243e+00,
        -2.08165653e+00,  4.00000000e-03, -1.72130216e+00],
       [-5.27974736e-01,  6.59375947e-01, -1.64614004e+00,
        -5.79282418e-01,  4.91726073e-01, -9.89184835e-01,
         3.03625976e+00, -1.76988881e+00, -1.95296809e+00,
         6.34867924e-02, -8.01429142e+00, -3.55229150e+00,
         1.10417741e+00,  2.68690070e+00,  6.17120963e+00,
         1.40108675e+00,  4.61969347e+00, -3.66500542e+00,
        -1.81976064e+00, -2.13430934e+00,  1.78040671e-02,
        -1.02437314e-01,  3.82544340e+00, -3.37502037e+00,
        -1.98108497e+00,  3.19329717e+00, -9.22132406e-01,
        -4.16622738e+00,  3.05767432e-01, -1.41789756e+00,
         2.89738338e+00, -3.47335351e+00,  3.30600248e-02,
         3.39512491e-01,  2.14322730e+00, -2.68267659e+00,
        -1.48806482e+00,  8.73478635e-02,  3.38871068e-01,
        -5.80421005e-01, -1.36864578e+00, -2.56738765e-01,
         5.95510374e-01, -5.00000000e-03, -1.62129518e+00],
       [ 1.36336049e-01, -2.26220457e+00,  5.40825213e-01,
        -6.28622193e-01,  2.52989993e-01,  5.72249078e-01,
        -5.72209600e-01, -2.38785064e+00,  9.37609187e-02,
         3.21374738e-01, -2.63531936e+00,  6.83884238e-02,
        -1.81292367e+00,  5.83209241e-02,  2.34185818e+00,
         3.76591799e+00, -2.93371943e+00, -2.19707536e+00,
        -8.17063406e-01,  1.88264707e-01, -8.25820707e-01,
         1.19753902e+00, -1.17192942e+00, -1.20495274e+00,
         2.14883311e-02, -1.29721600e+00, -3.46871596e-01,
        -2.40877135e-01, -8.07107762e-02, -6.88074035e-01,
        -1.45644860e+00,  1.55729293e+00,  1.82992250e-01,
        -1.57443805e+00, -1.10135159e+00, -5.98663294e-01,
        -7.15650283e-01,  3.35995989e-01,  1.33993672e-01,
         1.42674900e+00,  7.06969588e-01, -4.34705927e-01,
        -3.67568817e+00,  4.00000000e-03, -1.97567551e+00],
       [ 1.05032837e+00, -2.41930591e+00,  4.54665004e-01,
        -1.09585633e+00,  3.10413245e-01,  4.43464078e-01,
        -8.24994822e-01, -2.53511202e+00, -2.46497556e-02,
         1.27253690e+00, -2.52788509e+00,  1.76853310e-01,
        -1.59794204e+00, -3.33480191e-03,  2.24955300e+00,
         4.19203377e+00, -2.69580182e+00, -2.88057741e+00,
        -9.55990246e-01,  6.31580090e-01, -6.14440616e-01,
         1.12468885e+00, -1.46011015e+00, -1.43703807e+00,
         7.04144356e-01, -1.01681420e+00, -2.27526878e-01,
        -2.54007807e-01, -1.92406738e-01,  1.17220700e-01,
        -1.47632653e+00,  1.47822511e+00,  2.50608525e-01,
        -2.07448344e+00, -1.01971371e+00, -8.58988846e-01,
        -8.45445279e-01,  9.00468142e-01,  1.54924072e-01,
         1.47999573e+00,  8.59660442e-01, -2.66633993e-01,
        -3.76277780e+00,  1.00000000e-02, -1.69675562e+00],
       [ 5.00000000e-03, -1.00000000e-02,  1.00000000e-03,
         1.00000000e-03, -1.00000000e-02,  1.00000000e-02,
         1.00000000e-02,  6.00000000e-03, -7.00000000e-03,
         9.00000000e-03, -1.00000000e-03, -4.00000000e-03,
         9.00000000e-03,  6.00000000e-03, -7.00000000e-03,
         8.00000000e-03,  2.00000000e-03,  7.00000000e-03,
         4.00000000e-03, -7.00000000e-03, -3.00000000e-03,
         8.00000000e-03, -4.00000000e-03, -5.00000000e-03,
         0.00000000e+00,  3.00000000e-03, -1.00000000e-02,
         5.00000000e-03, -9.00000000e-03, -4.00000000e-03,
        -5.00000000e-03,  1.00000000e-02,  5.00000000e-03,
         3.00000000e-03, -1.00000000e-02,  2.00000000e-03,
         5.00000000e-03,  1.00000000e-02,  2.00000000e-03,
        -9.00000000e-03, -4.00000000e-03, -5.00000000e-03,
         1.00000000e-03, -5.00000000e-03,  4.00000000e-03]]), 'deltas': array([[7.15578333e-04],
       [1.44652679e-04],
       [3.78398136e-04],
       [1.87212115e-05],
       [7.56612515e-05],
       [4.38725448e-05],
       [0.00000000e+00]]), 'outputs': array([[0.4294372 ],
       [0.94773824],
       [0.15296564],
       [0.99354805],
       [0.97338447],
       [0.9847449 ],
       [1.        ]]), 'errors': 0.002920478851073623}, {'weights': array([[-2.51220561,  2.83333248, -1.52132005,  5.33136122,  3.4834768 ,
         1.46707419, -5.07114585],
       [ 1.78647958, -1.73920544,  0.96187772,  1.68833061, -2.7022767 ,
        -2.02043371, -2.5625984 ],
       [-0.14017783, -0.64472604, -1.19400193,  1.62863978, -0.65017004,
        -0.72534312, -3.7255333 ],
       [-3.80244498, -3.23728141,  5.0551289 , -1.33060133, -3.23615779,
        -0.78865476, -2.91629318],
       [ 1.91168809, -0.26899784,  0.3034496 , -2.94206868, -1.26340119,
         3.0651437 , -2.93480751],
       [-8.7144788 , -1.75675602, -5.29006352, -6.8703547 , -1.69305111,
        -3.10961035,  2.40640514]]), 'deltas': array([[ 2.56192200e-06],
       [-3.78656941e-06],
       [-1.74275729e-04],
       [-3.13619335e-11],
       [-9.15225869e-04],
       [-4.68184483e-14]]), 'outputs': array([[9.98398116e-01],
       [1.94780885e-03],
       [1.32899602e-02],
       [5.60018831e-06],
       [3.07285044e-02],
       [2.16375734e-07]]), 'errors': array([[ 1.60188404e-03],
       [-1.94780885e-03],
       [-1.32899602e-02],
       [-5.60018831e-06],
       [-3.07285044e-02],
       [-2.16375734e-07]])}]
Accuracy: 46.51162790697674 %

Feedforward Neural Network AVG Accuracy (%): 48.57193194402497 %
