Namespace(error_threshold=0.01, max_epochs=1000, num_layers=2, num_nodes_per_hidden_layer=6, training_rate=1.1)

train_data group 0 length:  171
   0   1   2   3   4   5   6   7   8  ...  36  37  38  39  40  41  42  43  44
0   0   0   1   0   0   0   1   0   0 ...   0   0   0   1   0   0   0   0   0
1   0   1   0   0   0   0   1   0   0 ...   0   0   0   0   0   1   0   0   0
2   0   0   1   0   0   0   0   1   0 ...   0   0   0   1   0   0   0   0   0
3   0   1   0   0   0   0   1   0   0 ...   0   0   0   0   0   1   0   0   0
4   0   0   1   0   0   0   0   1   0 ...   0   0   0   1   0   0   0   0   0

[5 rows x 45 columns]
Initial Neural Network:
[{'weights': array([[ 0.004, -0.007, -0.003,  0.001,  0.003, -0.009, -0.003, -0.005,
        -0.01 ,  0.   , -0.005,  0.002, -0.005,  0.008, -0.002, -0.005,
         0.008,  0.005,  0.009,  0.007, -0.004,  0.   ,  0.002, -0.006,
        -0.001, -0.007,  0.002,  0.01 ,  0.   ,  0.007,  0.005,  0.01 ,
        -0.004,  0.008,  0.005, -0.008,  0.   ,  0.006,  0.008, -0.003,
         0.009,  0.002,  0.003,  0.001,  0.001],
       [ 0.007, -0.01 , -0.01 , -0.008, -0.001,  0.   , -0.01 ,  0.003,
        -0.009,  0.005, -0.007,  0.006, -0.008,  0.002,  0.005, -0.006,
         0.01 ,  0.002, -0.007,  0.006,  0.01 , -0.008, -0.004, -0.003,
        -0.007,  0.001, -0.006, -0.008,  0.004,  0.004,  0.01 ,  0.   ,
         0.01 ,  0.008, -0.004, -0.007,  0.008, -0.007, -0.01 , -0.002,
         0.002,  0.003,  0.004, -0.001,  0.   ],
       [ 0.002, -0.008, -0.01 , -0.003, -0.009,  0.   , -0.006, -0.003,
         0.008,  0.003,  0.002, -0.009,  0.002, -0.001, -0.005, -0.002,
        -0.003, -0.007,  0.006,  0.006, -0.004, -0.008,  0.007, -0.01 ,
        -0.009, -0.001,  0.009,  0.009,  0.005, -0.005, -0.007,  0.008,
         0.002,  0.   , -0.01 , -0.01 , -0.004,  0.004,  0.004, -0.005,
        -0.006, -0.009,  0.007, -0.002, -0.006],
       [-0.005, -0.001,  0.009,  0.006,  0.002,  0.002,  0.007,  0.004,
        -0.007, -0.004,  0.008,  0.001,  0.005, -0.009, -0.01 ,  0.002,
        -0.002, -0.007, -0.007,  0.008,  0.006, -0.001,  0.004, -0.003,
         0.002, -0.006,  0.004,  0.   ,  0.002,  0.008,  0.007,  0.   ,
         0.003, -0.005, -0.01 , -0.003, -0.003, -0.003, -0.009,  0.009,
         0.009, -0.008,  0.008,  0.003,  0.002],
       [-0.002, -0.004,  0.003,  0.   , -0.006,  0.007,  0.007, -0.004,
         0.008, -0.002, -0.001, -0.007, -0.007, -0.007, -0.004, -0.007,
         0.007,  0.005, -0.005,  0.002,  0.007,  0.008,  0.002,  0.   ,
         0.003, -0.006, -0.008, -0.001,  0.01 ,  0.002,  0.006, -0.004,
         0.01 , -0.01 , -0.008,  0.001, -0.005,  0.005, -0.005, -0.008,
        -0.007,  0.006,  0.01 , -0.005, -0.006],
       [ 0.009,  0.005,  0.   ,  0.   ,  0.002, -0.001, -0.007, -0.008,
         0.009, -0.001,  0.009, -0.008,  0.002, -0.004, -0.007,  0.   ,
         0.003, -0.004, -0.007, -0.007, -0.004,  0.008, -0.006, -0.005,
         0.004,  0.006,  0.   ,  0.006,  0.001, -0.01 ,  0.009,  0.003,
        -0.001, -0.009, -0.005,  0.007,  0.004,  0.004,  0.001, -0.006,
         0.004, -0.001,  0.006,  0.003, -0.01 ],
       [ 0.004, -0.003,  0.006,  0.007, -0.01 ,  0.   ,  0.006, -0.004,
         0.004,  0.008,  0.005,  0.008, -0.006,  0.001,  0.009, -0.009,
         0.005, -0.009,  0.007,  0.003,  0.009,  0.003, -0.009,  0.003,
         0.001, -0.009, -0.004,  0.003, -0.008, -0.004, -0.002,  0.004,
        -0.006, -0.009, -0.007, -0.004, -0.004,  0.004, -0.002, -0.004,
        -0.004,  0.   , -0.006, -0.007,  0.009]]), 'deltas': array([[0.],
       [0.],
       [0.],
       [0.],
       [0.],
       [0.],
       [0.]]), 'outputs': array([[0.],
       [0.],
       [0.],
       [0.],
       [0.],
       [0.],
       [0.]]), 'errors': array([[0.],
       [0.],
       [0.],
       [0.],
       [0.],
       [0.],
       [0.]])}, {'weights': array([[-0.005, -0.01 , -0.01 ,  0.005,  0.004, -0.007, -0.003],
       [-0.003, -0.006, -0.007,  0.009,  0.006,  0.007, -0.005],
       [ 0.   ,  0.005,  0.009,  0.01 , -0.007,  0.004,  0.006],
       [ 0.005,  0.008, -0.005, -0.004,  0.002, -0.002,  0.01 ],
       [ 0.002, -0.003, -0.002, -0.002, -0.01 , -0.007,  0.007],
       [-0.008,  0.003, -0.005,  0.01 , -0.007, -0.008, -0.005]]), 'deltas': array([[0.],
       [0.],
       [0.],
       [0.],
       [0.],
       [0.],
       [0.]]), 'outputs': array([[0.],
       [0.],
       [0.],
       [0.],
       [0.],
       [0.],
       [0.]]), 'errors': array([[0.],
       [0.],
       [0.],
       [0.],
       [0.],
       [0.],
       [0.]])}]
Training complete!
Training done. epoch: 25 , total error: 0.001497422394135406
[{'weights': array([[-3.19118599e-01, -1.29116671e+00,  9.40989928e-01,
        -9.21115723e-01,  2.90464511e-01, -3.19997090e-01,
        -4.74666510e-01, -1.42189398e+00,  8.16775073e-01,
         7.48359167e-02, -2.06290014e+00, -5.08409954e-01,
        -8.82227036e-01, -6.43230924e-01,  2.79682146e+00,
         2.36616787e+00, -2.67265143e+00, -1.68572581e-01,
        -8.66971541e-01,  6.80810846e-02, -1.00080040e+00,
         1.48177002e+00, -9.22935248e-01, -6.08184680e-01,
        -2.56796289e-01, -7.00802474e-01, -3.77312943e-01,
        -2.75912260e-01,  6.10810846e-02, -2.36395942e-01,
        -1.39679058e+00,  1.28461848e+00,  6.41786033e-02,
        -9.87557158e-01, -2.14602000e-01, -6.26501788e-01,
        -6.46628134e-01,  6.00000000e-03,  1.94785328e-01,
         8.53077854e-01,  4.19241621e-01,  1.94359644e-01,
        -2.76123262e+00,  8.60691035e-03, -1.29694659e+00],
       [ 9.80905249e-02, -1.24317180e-01, -5.09364405e-01,
        -5.77272516e-01,  6.43593344e-01, -1.66024005e+00,
         7.39380707e-01,  4.03739713e-01, -3.30568325e-01,
         3.89417718e-01, -1.60651826e+00, -1.12779285e-01,
        -4.16715425e-01,  3.18189726e-01,  1.36855301e+00,
         6.57511746e-02,  3.50906192e+00, -1.53050487e+00,
        -3.10052782e+00,  6.13949370e-01, -3.42386080e-01,
         1.43230561e+00,  4.67758288e-02, -7.22866710e-01,
        -8.73098882e-01,  1.43260412e+00, -9.12230247e-01,
        -1.58859347e+00,  6.11949370e-01,  9.01368415e-02,
        -2.43296300e+00,  1.36120128e+00,  1.04138742e+00,
        -4.75032785e-01,  2.74495617e+00, -1.35044812e+00,
        -2.18892332e+00, -7.00000000e-03,  3.34145042e-01,
        -1.41828767e+00, -2.44881616e-01,  1.33067354e+00,
        -6.75954594e-01,  5.67180101e-01, -4.47270233e-01],
       [-2.97434404e-01, -1.07080602e+00,  5.34709046e-01,
        -4.44670190e-01,  3.22675629e-01, -3.25724434e-03,
         4.93961417e-01, -1.64004406e+00,  2.01162009e-01,
         2.26519478e-02, -1.23907758e+00, -2.71532187e-01,
        -8.89433739e-01, -3.38379054e-01,  1.79989663e+00,
         1.55641466e+00, -2.52125586e+00,  5.90025786e-01,
        -6.19899080e-01,  6.71885628e-02, -7.53211928e-01,
         4.57274330e-01,  4.01419035e-01, -8.76922528e-01,
        -1.80084843e-01, -4.90355304e-01, -3.19293676e-01,
        -1.62065517e-01,  6.61885628e-02, -2.52453165e-01,
        -2.03009339e+00,  1.70204952e+00,  3.01220726e-01,
        -6.50249628e-01, -2.78289127e-01, -4.70743095e-01,
        -4.95224988e-01,  4.00000000e-03,  2.96731276e-01,
        -1.01405132e+00,  9.10757368e-01,  4.97063673e-01,
        -1.41489287e+00,  7.85972159e-02, -9.33525934e-01],
       [ 2.74606825e-01, -4.13684917e-01, -1.07720508e+00,
        -5.72922413e-01, -3.97620663e-01, -1.70392370e+00,
         2.44945647e+00, -1.68487971e+00, -1.25042821e+00,
        -6.05110690e-03, -4.55169426e+00, -7.33914381e-01,
        -2.41469827e+00,  3.33429646e-02,  5.46413769e+00,
         2.59735835e-01,  4.56201621e+00, -5.73094241e+00,
        -1.46347824e+00,  1.68842346e-01, -1.90542581e+00,
         2.61701125e+00, -5.22955523e-01, -1.76840633e+00,
        -6.10049842e-01, -5.00223077e-01, -5.27496987e-01,
        -1.33294853e+00,  1.62842346e-01, -3.64705748e-01,
         2.38971899e+00, -2.21681603e+00, -2.12205848e-01,
        -1.78081762e+00,  1.43684657e-01, -8.49952355e-01,
        -1.73728313e+00, -3.00000000e-03,  2.20724580e-01,
        -9.96741528e-01, -1.59315754e+00,  1.68351482e+00,
        -1.09899306e+00, -1.71448937e-01, -2.19582625e+00],
       [-3.25297073e-01, -1.04584212e+00,  3.94916506e-01,
        -4.97316418e-01,  2.44890653e-01, -1.90177960e-01,
         3.37505250e-01, -1.86415638e+00,  5.04603804e-01,
         8.57683276e-03, -1.61898244e+00, -4.10777319e-01,
        -8.37043606e-01, -3.14383124e-01,  1.93553803e+00,
         1.83219033e+00, -2.42424130e+00,  1.83815319e-02,
        -7.02078008e-01,  5.80989905e-02, -8.95465986e-01,
         7.16588523e-01,  2.82088626e-02, -8.09969685e-01,
        -2.39010164e-01, -7.50596403e-01, -3.25531481e-01,
        -2.14619557e-01,  6.60989905e-02, -2.48855657e-01,
        -2.14112987e+00,  1.77975147e+00,  9.17889378e-02,
        -6.97203334e-01, -3.33607335e-01, -5.12305402e-01,
        -5.41896851e-01,  5.00000000e-03,  1.51161139e-01,
        -7.38852799e-01,  9.14459102e-01,  1.43404932e-01,
        -1.55689162e+00,  1.42319293e-02, -1.22564845e+00],
       [-3.17666281e-01, -9.96003415e-01,  3.74221599e-01,
        -5.21572081e-01,  2.47424754e-01, -2.12840767e-01,
         2.97536903e-01, -1.93067980e+00,  5.96843440e-01,
         1.15447979e-02, -1.63953843e+00, -4.13124220e-01,
        -8.36321959e-01, -3.22916585e-01,  1.97430577e+00,
         1.88114397e+00, -2.45357235e+00, -5.31961049e-03,
        -7.11684374e-01,  4.48369392e-02, -9.22439342e-01,
         7.53169401e-01,  1.28417272e-02, -8.37382398e-01,
        -2.38784812e-01, -7.43395735e-01, -3.15935075e-01,
        -2.10101553e-01,  5.28369392e-02, -2.61553338e-01,
        -2.11623332e+00,  1.77958508e+00,  6.93014616e-02,
        -7.08695302e-01, -3.25518722e-01, -5.08038714e-01,
        -5.36085845e-01,  4.00000000e-03,  1.47047857e-01,
        -6.98308323e-01,  9.21038850e-01,  1.28260486e-01,
        -1.59689618e+00,  2.23097453e-02, -1.23959542e+00],
       [ 4.00000000e-03, -3.00000000e-03,  6.00000000e-03,
         7.00000000e-03, -1.00000000e-02,  0.00000000e+00,
         6.00000000e-03, -4.00000000e-03,  4.00000000e-03,
         8.00000000e-03,  5.00000000e-03,  8.00000000e-03,
        -6.00000000e-03,  1.00000000e-03,  9.00000000e-03,
        -9.00000000e-03,  5.00000000e-03, -9.00000000e-03,
         7.00000000e-03,  3.00000000e-03,  9.00000000e-03,
         3.00000000e-03, -9.00000000e-03,  3.00000000e-03,
         1.00000000e-03, -9.00000000e-03, -4.00000000e-03,
         3.00000000e-03, -8.00000000e-03, -4.00000000e-03,
        -2.00000000e-03,  4.00000000e-03, -6.00000000e-03,
        -9.00000000e-03, -7.00000000e-03, -4.00000000e-03,
        -4.00000000e-03,  4.00000000e-03, -2.00000000e-03,
        -4.00000000e-03, -4.00000000e-03,  0.00000000e+00,
        -6.00000000e-03, -7.00000000e-03,  9.00000000e-03]]), 'deltas': array([[3.85655891e-05],
       [5.50557514e-06],
       [2.82996062e-04],
       [2.36477702e-03],
       [3.48187774e-04],
       [3.33819504e-04],
       [0.00000000e+00]]), 'outputs': array([[0.99651203],
       [0.99950355],
       [0.97380836],
       [0.30798622],
       [0.96756691],
       [0.96894966],
       [1.        ]]), 'errors': 0.011095430698808733}, {'weights': array([[ 1.34961479,  0.50132229,  1.41395719,  3.34398032,  1.65388705,
         1.65131565, -3.75171992],
       [-1.92340824,  2.19034445, -1.05155661, -0.9582987 , -1.2989867 ,
        -1.41696438, -1.48866001],
       [ 0.61679402,  0.58682023, -0.47092952,  0.29240463, -0.30041473,
        -0.24045455, -3.35108308],
       [-0.72000809,  1.58941731, -0.41942377, -3.22747434, -0.56516712,
        -0.59415164, -2.54194388],
       [-0.76995665,  0.8863196 , -0.7125258 , -2.00212364, -0.7618641 ,
        -0.75303303, -2.56907432],
       [-1.53557625, -7.76195464, -1.05731637, -2.77785769, -1.1905089 ,
        -1.18417718,  1.40909092]]), 'deltas': array([[ 5.70633956e-04],
       [-3.20939741e-05],
       [-2.03039660e-03],
       [-2.17417369e-04],
       [-2.83407200e-05],
       [-3.32349413e-11]]), 'outputs': array([[9.75817877e-01],
       [5.68131604e-03],
       [4.61367916e-02],
       [1.48558404e-02],
       [5.33786575e-03],
       [5.76499202e-06]]), 'errors': array([[ 2.41821227e-02],
       [-5.68131604e-03],
       [-4.61367916e-02],
       [-1.48558404e-02],
       [-5.33786575e-03],
       [-5.76499202e-06]])}]
neural_net output [2.80629218e-01 4.99786574e-01 7.09735794e-02 3.85261964e-02
 4.36928543e-02 2.90664878e-04]
target: 0 prediction: 1
neural_net output [5.14100689e-01 4.35669977e-01 7.72963910e-02 1.55572847e-02
 2.49300772e-02 1.14993636e-04]
target: 0 prediction: 0
neural_net output [8.63348023e-01 6.50548077e-02 1.16165306e-01 5.95867767e-03
 8.92842442e-03 2.91519595e-05]
target: 0 prediction: 0
neural_net output [2.80629218e-01 4.99786574e-01 7.09735794e-02 3.85261964e-02
 4.36928543e-02 2.90664878e-04]
target: 0 prediction: 1
neural_net output [9.90210983e-01 4.19277846e-03 4.73273037e-02 6.58528047e-03
 3.13228162e-03 2.75853258e-06]
target: 0 prediction: 0
neural_net output [0.45617942 0.33821777 0.06853115 0.01266858 0.02246209 0.00063466]
target: 0 prediction: 0
neural_net output [5.19844313e-01 4.34267322e-01 7.75441092e-02 1.51364493e-02
 2.45557537e-02 1.13508294e-04]
target: 0 prediction: 0
neural_net output [5.00131995e-01 4.27352331e-01 7.62456376e-02 1.55960883e-02
 2.50696833e-02 1.42246006e-04]
target: 0 prediction: 0
neural_net output [2.80629218e-01 4.99786574e-01 7.09735794e-02 3.85261964e-02
 4.36928543e-02 2.90664878e-04]
target: 0 prediction: 1
neural_net output [5.27159628e-01 4.29425001e-01 7.76950762e-02 1.48619191e-02
 2.41811450e-02 1.10340397e-04]
target: 0 prediction: 0
neural_net output [5.27159628e-01 4.29425001e-01 7.76950762e-02 1.48619191e-02
 2.41811450e-02 1.10340397e-04]
target: 0 prediction: 0
neural_net output [5.14100689e-01 4.35669977e-01 7.72963910e-02 1.55572847e-02
 2.49300772e-02 1.14993636e-04]
target: 0 prediction: 0
neural_net output [5.16287080e-01 4.30815953e-01 7.71680442e-02 1.51026314e-02
 2.45408206e-02 1.21541989e-04]
target: 0 prediction: 0
neural_net output [0.02809811 0.31610776 0.04087178 0.11634354 0.09194043 0.22325139]
target: 0 prediction: 1
neural_net output [5.16287080e-01 4.30815953e-01 7.71680442e-02 1.51026314e-02
 2.45408206e-02 1.21541989e-04]
target: 1 prediction: 0
neural_net output [5.27159628e-01 4.29425001e-01 7.76950762e-02 1.48619191e-02
 2.41811450e-02 1.10340397e-04]
target: 1 prediction: 0
neural_net output [0.02525368 0.19544047 0.03523329 0.07831101 0.07273788 0.69940804]
target: 1 prediction: 5
neural_net output [0.08013774 0.49491182 0.05233501 0.22279369 0.10992322 0.00096911]
target: 1 prediction: 1
neural_net output [5.40079696e-01 4.21802470e-01 7.67872916e-02 1.47043003e-02
 2.36806715e-02 1.03946813e-04]
target: 1 prediction: 0
neural_net output [5.40079696e-01 4.21802470e-01 7.67872916e-02 1.47043003e-02
 2.36806715e-02 1.03946813e-04]
target: 1 prediction: 0
neural_net output [0.04149602 0.66025013 0.0597897  0.25711068 0.14797533 0.00160312]
target: 1 prediction: 1
neural_net output [0.0360188  0.58399924 0.05435113 0.23074906 0.13768083 0.00535689]
target: 1 prediction: 1
neural_net output [0.02809811 0.31610776 0.04087178 0.11634354 0.09194043 0.22325139]
target: 1 prediction: 1
neural_net output [5.16287080e-01 4.30815953e-01 7.71680442e-02 1.51026314e-02
 2.45408206e-02 1.21541989e-04]
target: 1 prediction: 0
neural_net output [7.44867064e-01 3.09197307e-02 5.04627400e-02 6.38608812e-02
 2.06439049e-02 5.13708993e-05]
target: 1 prediction: 0
neural_net output [0.0290354  0.25718718 0.03737294 0.09963233 0.08171523 0.37071812]
target: 1 prediction: 5
neural_net output [5.22130271e-01 4.35338838e-01 7.77256287e-02 1.50998662e-02
 2.45115169e-02 1.10141018e-04]
target: 1 prediction: 0
neural_net output [5.16287080e-01 4.30815953e-01 7.71680442e-02 1.51026314e-02
 2.45408206e-02 1.21541989e-04]
target: 1 prediction: 0
neural_net output [5.33214242e-01 4.27977854e-01 7.72595943e-02 1.48651921e-02
 2.40169660e-02 1.05250515e-04]
target: 1 prediction: 0
neural_net output [0.03124855 0.44803384 0.04751365 0.16641624 0.11360658 0.03851473]
target: 2 prediction: 1
neural_net output [5.16287080e-01 4.30815953e-01 7.71680442e-02 1.51026314e-02
 2.45408206e-02 1.21541989e-04]
target: 2 prediction: 0
neural_net output [5.16287080e-01 4.30815953e-01 7.71680442e-02 1.51026314e-02
 2.45408206e-02 1.21541989e-04]
target: 2 prediction: 0
neural_net output [0.04516997 0.64397005 0.05846714 0.25300347 0.14282836 0.00148886]
target: 3 prediction: 1
neural_net output [0.03436894 0.43592621 0.04667907 0.16547143 0.11025578 0.03297461]
target: 3 prediction: 1
neural_net output [0.02447437 0.21052167 0.03573216 0.08224584 0.07565308 0.66910506]
target: 3 prediction: 5
neural_net output [0.03359333 0.50464416 0.04986764 0.1919207  0.12284585 0.01663062]
target: 4 prediction: 1
neural_net output [0.02472706 0.23787874 0.03684041 0.09063595 0.08031408 0.56221648]
target: 4 prediction: 5
neural_net output [0.02309043 0.18326721 0.03383983 0.07282512 0.07094439 0.80252794]
target: 5 prediction: 5
neural_net output [0.02304703 0.18649285 0.03400405 0.07374083 0.0715595  0.7941033 ]
target: 5 prediction: 5
neural_net output [0.02295045 0.18411032 0.03386441 0.0729763  0.07115078 0.80334089]
target: 5 prediction: 5
neural_net output [0.02309043 0.18326721 0.03383983 0.07282512 0.07094439 0.80252794]
target: 5 prediction: 5
neural_net output [0.09879309 0.19483347 0.05277732 0.11399257 0.06632191 0.00974731]
target: 5 prediction: 1
neural_net output [0.02295045 0.18411032 0.03386441 0.0729763  0.07115078 0.80334089]
target: 5 prediction: 5
Accuracy: 44.18604651162791 %

train_data group 1 length:  172
   0   1   2   3   4   5   6   7   8  ...  36  37  38  39  40  41  42  43  44
0   0   1   0   0   0   0   0   1   0 ...   0   0   0   1   0   0   0   0   0
1   0   1   0   0   0   0   1   0   0 ...   0   0   0   0   1   0   0   0   0
2   0   0   1   0   0   0   0   1   0 ...   0   0   0   1   0   0   0   0   0
3   0   1   0   0   0   0   0   1   0 ...   0   0   0   1   0   0   0   0   0
4   0   0   1   0   0   0   1   0   0 ...   0   0   0   0   1   0   0   0   0

[5 rows x 45 columns]
Initial Neural Network:
[{'weights': array([[ 0.003, -0.009, -0.002,  0.004,  0.008, -0.007,  0.   ,  0.005,
        -0.004,  0.002,  0.004,  0.009, -0.004, -0.007,  0.005, -0.006,
         0.003,  0.009,  0.003,  0.003, -0.002, -0.002, -0.005,  0.007,
        -0.006,  0.009,  0.01 ,  0.004,  0.005, -0.006,  0.001, -0.005,
        -0.007,  0.005, -0.006,  0.007,  0.003,  0.008, -0.005,  0.009,
         0.009,  0.001,  0.01 ,  0.007, -0.001],
       [-0.001,  0.001,  0.002, -0.005, -0.004,  0.001, -0.001,  0.003,
         0.   ,  0.009, -0.005,  0.007, -0.001, -0.007, -0.006,  0.005,
         0.006,  0.01 , -0.002,  0.009,  0.008,  0.   ,  0.005,  0.008,
        -0.006, -0.002, -0.008, -0.008, -0.004, -0.002,  0.01 ,  0.008,
         0.006, -0.002, -0.002,  0.002, -0.004,  0.01 ,  0.009,  0.005,
         0.01 , -0.008,  0.001, -0.002,  0.006],
       [ 0.002,  0.01 ,  0.002, -0.002, -0.009, -0.001, -0.003, -0.009,
        -0.001, -0.004, -0.001,  0.009,  0.   ,  0.002,  0.005,  0.002,
        -0.006, -0.006,  0.007, -0.009,  0.009,  0.003, -0.005, -0.001,
        -0.001,  0.007, -0.009,  0.005,  0.009,  0.003,  0.002, -0.007,
         0.   ,  0.   ,  0.006,  0.   ,  0.003,  0.009,  0.008,  0.004,
        -0.002,  0.003,  0.004, -0.006, -0.008],
       [ 0.009,  0.002,  0.002,  0.003,  0.003,  0.003,  0.008, -0.005,
         0.006,  0.008,  0.002,  0.002, -0.002,  0.   ,  0.002, -0.003,
         0.001, -0.001, -0.003,  0.004, -0.005, -0.005,  0.008,  0.005,
         0.001,  0.004, -0.003,  0.   ,  0.002,  0.004, -0.009, -0.003,
         0.006, -0.01 ,  0.002, -0.004, -0.007,  0.002,  0.01 ,  0.007,
         0.01 ,  0.006, -0.005, -0.003,  0.008],
       [-0.004,  0.007, -0.007,  0.006, -0.004,  0.   , -0.01 ,  0.006,
        -0.007,  0.005, -0.007,  0.005,  0.005,  0.005,  0.002, -0.008,
        -0.006, -0.003,  0.01 ,  0.004, -0.001, -0.005, -0.006,  0.006,
         0.006,  0.006, -0.01 ,  0.   , -0.004,  0.006,  0.001,  0.006,
         0.004, -0.003,  0.009, -0.009,  0.001,  0.009, -0.01 , -0.001,
         0.   ,  0.   ,  0.01 ,  0.009,  0.004],
       [-0.007,  0.005,  0.01 ,  0.004, -0.005, -0.01 ,  0.005,  0.002,
         0.004, -0.001, -0.006,  0.003,  0.003, -0.001,  0.008,  0.   ,
         0.009, -0.003, -0.007,  0.   ,  0.002, -0.005,  0.008, -0.001,
        -0.001,  0.009, -0.005,  0.002,  0.001,  0.002, -0.007, -0.01 ,
         0.01 ,  0.004,  0.009, -0.005,  0.005,  0.005, -0.003,  0.007,
         0.   ,  0.008,  0.002, -0.001, -0.007],
       [-0.007, -0.001,  0.009,  0.007,  0.005,  0.003, -0.01 , -0.004,
         0.005, -0.009,  0.005,  0.007,  0.008,  0.004,  0.009, -0.003,
         0.008, -0.003, -0.003, -0.008,  0.006, -0.005, -0.009,  0.003,
         0.001, -0.006, -0.006, -0.009,  0.006, -0.008, -0.01 ,  0.   ,
         0.004, -0.01 ,  0.004,  0.008, -0.008, -0.005, -0.007, -0.003,
         0.003,  0.005, -0.009,  0.001,  0.   ]]), 'deltas': array([[0.],
       [0.],
       [0.],
       [0.],
       [0.],
       [0.],
       [0.]]), 'outputs': array([[0.],
       [0.],
       [0.],
       [0.],
       [0.],
       [0.],
       [0.]]), 'errors': array([[0.],
       [0.],
       [0.],
       [0.],
       [0.],
       [0.],
       [0.]])}, {'weights': array([[ 0.009, -0.004,  0.   , -0.008, -0.009,  0.003, -0.001],
       [-0.008,  0.005,  0.006, -0.007,  0.01 ,  0.009,  0.002],
       [ 0.005,  0.007,  0.006,  0.001, -0.01 ,  0.002,  0.001],
       [ 0.004,  0.002, -0.009, -0.006, -0.004, -0.001,  0.003],
       [ 0.003, -0.003,  0.002,  0.001, -0.003, -0.004,  0.   ],
       [ 0.002, -0.007,  0.008,  0.01 , -0.005,  0.006, -0.005]]), 'deltas': array([[0.],
       [0.],
       [0.],
       [0.],
       [0.],
       [0.],
       [0.]]), 'outputs': array([[0.],
       [0.],
       [0.],
       [0.],
       [0.],
       [0.],
       [0.]]), 'errors': array([[0.],
       [0.],
       [0.],
       [0.],
       [0.],
       [0.],
       [0.]])}]
Training complete!
Training done. epoch: 28 , total error: 0.002811441504259042
[{'weights': array([[ 1.27698723e-01, -1.64005642e+00,  6.19492306e-01,
        -5.95429297e-01,  1.71328518e-01,  6.84091779e-02,
         5.53812456e-01, -1.22635951e+00, -7.22828294e-01,
         2.00000000e-03, -1.73410541e+00, -2.71353799e-01,
        -4.28881896e-01,  5.51162439e-02,  1.06525869e+00,
         1.73535223e+00, -1.84161361e+00, -1.06151002e+00,
        -4.04917716e-01,  2.63722950e-01, -8.61367129e-01,
         4.63379560e-01, -3.05691256e-01, -5.65741295e-01,
        -5.95460495e-02, -1.16313665e+00,  9.78567827e-02,
        -1.75977720e-01, -5.17085839e-02, -2.51988769e-01,
        -2.06054304e+00,  1.35994789e+00,  4.43098243e-01,
        -8.23480493e-01, -9.96128521e-01, -4.85336340e-01,
        -4.73978849e-01,  4.39510311e-01,  2.01967229e-01,
        -1.74063361e-01,  9.22659149e-01, -2.17751019e-01,
        -1.74680098e+00, -6.90099601e-02, -1.32196617e+00],
       [ 5.21743349e-02, -1.82673940e+00,  2.98125612e-01,
        -3.64466972e-01,  2.02575675e-01, -1.28530228e-02,
         6.93068146e-01, -1.36952259e+00, -9.39023277e-01,
         9.00000000e-03, -2.15395945e+00, -2.58409266e-01,
        -1.04107756e+00,  4.34256034e-01,  1.37585950e+00,
         1.84901972e+00, -1.63814317e+00, -9.49845435e-01,
        -7.64591705e-01, -9.97701571e-02, -1.28632029e+00,
         6.14922239e-01, -3.87028855e-01, -4.51581738e-01,
        -1.06322097e-01, -7.94938408e-01, -3.48874324e-01,
        -4.31853596e-01, -7.76644186e-02, -4.61316900e-01,
        -2.36640446e+00,  1.40447323e+00,  5.26573870e-01,
        -7.14656484e-01, -7.35934020e-01, -5.28285662e-01,
        -6.89880709e-01,  1.08867260e-01,  2.28902385e-01,
        -5.31487251e-01,  7.47931541e-01, -2.54976602e-01,
        -1.43881203e+00, -1.47986404e-01, -1.62533075e+00],
       [ 1.75873408e-01, -1.73897363e+00,  1.28048398e+00,
        -1.08378953e+00,  1.66005100e-01,  7.30619920e-02,
        -3.16635296e-01, -1.05552893e+00,  8.17015623e-02,
        -4.00000000e-03, -2.15824967e+00, -2.62991234e-01,
        -5.80750113e-01, -6.52024890e-01,  2.46561523e+00,
         1.94299941e+00, -1.60067318e+00, -1.42260625e+00,
        -4.48199906e-01,  3.13079242e-01, -1.01919458e+00,
         1.84231889e+00, -1.55867299e+00, -4.00238525e-01,
        -6.26134602e-02, -1.09987261e+00,  1.74556869e-01,
        -1.93720518e-01, -7.23644078e-02, -4.42372338e-01,
        -2.71324423e-01,  2.27377896e-01,  4.71015918e-01,
        -1.19009773e+00, -9.43385662e-01, -4.62280426e-01,
        -5.27404109e-01,  5.30310110e-01,  2.25359416e-01,
         1.60565859e+00,  2.84931390e-01, -2.90129166e-01,
        -2.71442174e+00, -8.64397430e-02, -1.21140067e+00],
       [ 7.76969455e-02,  1.53914540e+00, -2.09891830e+00,
        -7.29499264e-01, -1.87322719e-01, -6.52620122e-01,
         1.71067667e+00, -6.22127710e-01, -1.84182678e+00,
         8.00000000e-03, -4.30984550e+00, -9.39422076e-01,
        -9.95922383e-01,  6.58929946e-01,  4.17236207e+00,
         2.37203238e+00,  3.41083707e+00, -5.98138484e+00,
        -1.19566631e+00, -2.57162328e-02, -1.33863790e+00,
         1.56372472e+00,  1.32155156e-01, -1.21156557e+00,
        -5.59574350e-01,  1.93366773e-01, -5.24563615e-01,
        -1.12108467e+00,  3.73835743e-02, -1.48510900e+00,
         2.14040051e+00, -1.04743613e+00,  2.16717705e-01,
        -1.25447102e+00, -6.14740119e-01, -2.85209284e-01,
        -9.32271601e-01,  1.56706977e-01,  2.60616087e-01,
        -1.57964062e+00,  1.18020862e+00, -2.71113017e-01,
        -4.39615392e-01, -2.92737525e-01, -1.40989794e+00],
       [-1.11542687e-01, -1.67520863e+00,  5.51082294e-01,
        -4.48990661e-01,  1.83303194e-01,  9.09037192e-02,
         5.16530370e-01, -1.34403687e+00, -7.73753709e-01,
         5.00000000e-03, -1.80636688e+00, -2.98322167e-01,
        -7.29206759e-01,  8.39902299e-02,  1.26054908e+00,
         1.79319210e+00, -1.84045134e+00, -9.67749785e-01,
        -4.73457693e-01, -1.38897703e-02, -1.13720262e+00,
         5.44686727e-01, -2.67470660e-01, -5.94007680e-01,
        -4.53622588e-02, -1.04755094e+00, -1.75058859e-01,
        -2.14138506e-01, -7.06081878e-02, -4.88559890e-01,
        -2.24071207e+00,  1.53565829e+00,  5.00722811e-01,
        -7.92465635e-01, -8.34923332e-01, -5.06539808e-01,
        -5.59134807e-01,  1.78570232e-01,  2.22671223e-01,
        -3.47100526e-01,  8.07277532e-01, -1.43537508e-01,
        -1.68695818e+00, -1.11037810e-01, -1.49535649e+00],
       [ 2.06415701e-03,  1.66243236e+00, -2.34732072e+00,
        -1.36795825e-01,  5.46729244e-01, -7.29419110e-01,
         1.04517139e+00,  5.71179009e-01, -1.16582207e+00,
        -1.00000000e-03, -2.35530497e+00, -5.69024161e-01,
        -4.40513976e-01,  1.41586393e+00,  1.67608840e+00,
         1.16664317e+00,  1.13925089e+00,  2.25348941e-01,
        -3.59515464e+00,  7.83020857e-01, -1.05772419e+00,
         3.27398897e+00,  1.17434663e-01, -1.71243853e+00,
        -8.98151704e-01,  1.92584972e+00, -1.23374763e+00,
        -1.56982540e+00,  6.04832523e-01, -1.98782557e-01,
        -1.91413762e+00,  5.58288307e-01,  1.55489868e+00,
        -2.81157594e-01,  2.46305642e+00, -2.13633219e+00,
        -1.39542351e+00,  8.78980918e-01, -7.91724272e-02,
        -1.28119541e+00,  6.25794809e-02, -1.35707255e-01,
         2.72440451e-01,  8.17991945e-01, -2.86890787e-01],
       [-7.00000000e-03, -1.00000000e-03,  9.00000000e-03,
         7.00000000e-03,  5.00000000e-03,  3.00000000e-03,
        -1.00000000e-02, -4.00000000e-03,  5.00000000e-03,
        -9.00000000e-03,  5.00000000e-03,  7.00000000e-03,
         8.00000000e-03,  4.00000000e-03,  9.00000000e-03,
        -3.00000000e-03,  8.00000000e-03, -3.00000000e-03,
        -3.00000000e-03, -8.00000000e-03,  6.00000000e-03,
        -5.00000000e-03, -9.00000000e-03,  3.00000000e-03,
         1.00000000e-03, -6.00000000e-03, -6.00000000e-03,
        -9.00000000e-03,  6.00000000e-03, -8.00000000e-03,
        -1.00000000e-02,  0.00000000e+00,  4.00000000e-03,
        -1.00000000e-02,  4.00000000e-03,  8.00000000e-03,
        -8.00000000e-03, -5.00000000e-03, -7.00000000e-03,
        -3.00000000e-03,  3.00000000e-03,  5.00000000e-03,
        -9.00000000e-03,  1.00000000e-03,  0.00000000e+00]]), 'deltas': array([[2.29684604e-03],
       [1.87083123e-03],
       [3.38031269e-04],
       [3.52871440e-04],
       [1.86287651e-03],
       [1.71037332e-06],
       [0.00000000e+00]]), 'outputs': array([[0.80740466],
       [0.85119784],
       [0.97656523],
       [0.97550993],
       [0.85196374],
       [0.99988419],
       [1.        ]]), 'errors': 0.014770488437805457}, {'weights': array([[ 1.29472656,  1.74285854,  1.26965058,  3.09573957,  1.54570842,
         0.81647272, -4.18954362],
       [-1.23179949, -0.55110476, -2.30638712, -0.74776128, -1.1596152 ,
         4.13398699, -3.04113751],
       [-0.37608347, -0.56024853,  1.21477305,  0.76428346, -0.47741848,
         0.34216082, -3.65628703],
       [-0.49497084, -0.7337478 , -0.62379003, -3.3680167 , -0.5963408 ,
         0.50964895, -1.8038602 ],
       [-0.81133106, -0.84577716, -0.86896871, -1.72734575, -0.83356094,
         0.82793862, -2.67007093],
       [-1.20959209, -1.73144533, -1.33376807, -2.67803904, -1.35993752,
        -7.42368543,  1.86243464]]), 'deltas': array([[ 7.55911195e-05],
       [-1.63491641e-04],
       [-4.98282039e-03],
       [-1.44691149e-06],
       [-2.43217407e-06],
       [-4.31545095e-12]]), 'outputs': array([[9.91267473e-01],
       [1.28694647e-02],
       [7.33288362e-02],
       [1.20360088e-03],
       [1.56076137e-03],
       [2.07736851e-06]]), 'errors': array([[ 8.73252748e-03],
       [-1.28694647e-02],
       [-7.33288362e-02],
       [-1.20360088e-03],
       [-1.56076137e-03],
       [-2.07736851e-06]])}]
Accuracy: 54.761904761904766 %

train_data group 2 length:  172
   0   1   2   3   4   5   6   7   8  ...  36  37  38  39  40  41  42  43  44
0   0   1   0   0   0   0   0   1   0 ...   0   0   0   1   0   0   0   0   0
1   0   1   0   0   0   0   1   0   0 ...   0   0   0   0   1   0   0   0   0
2   0   0   1   0   0   0   0   1   0 ...   0   0   0   1   0   0   0   0   0
3   0   1   0   0   0   0   0   1   0 ...   0   0   0   1   0   0   0   0   0
4   0   0   1   0   0   0   1   0   0 ...   0   0   0   0   1   0   0   0   0

[5 rows x 45 columns]
Initial Neural Network:
[{'weights': array([[ 0.006, -0.008,  0.007, -0.009,  0.003,  0.001, -0.009,  0.004,
        -0.006, -0.01 , -0.003, -0.004, -0.008,  0.008, -0.001,  0.01 ,
         0.004, -0.008,  0.   , -0.002,  0.005,  0.008,  0.009, -0.007,
        -0.002, -0.007,  0.006, -0.003,  0.004,  0.009,  0.005, -0.007,
         0.007, -0.001,  0.006, -0.001, -0.009, -0.009,  0.005, -0.003,
        -0.003,  0.006, -0.008, -0.009, -0.005],
       [ 0.004, -0.003,  0.   ,  0.001,  0.008,  0.01 ,  0.009, -0.003,
        -0.005,  0.009, -0.006, -0.009,  0.009, -0.01 ,  0.007,  0.001,
         0.003,  0.006, -0.002,  0.008, -0.004, -0.003, -0.001, -0.003,
         0.001,  0.007,  0.005,  0.001, -0.007,  0.009,  0.009,  0.006,
         0.007,  0.003, -0.003, -0.003,  0.005,  0.001,  0.008,  0.009,
         0.004, -0.004, -0.002, -0.009,  0.006],
       [-0.01 , -0.007,  0.01 ,  0.008, -0.006, -0.009,  0.01 , -0.009,
         0.001,  0.004,  0.004,  0.002, -0.008, -0.009, -0.002,  0.002,
        -0.003, -0.007,  0.001,  0.   ,  0.009,  0.009, -0.01 , -0.005,
         0.01 , -0.004, -0.001,  0.006, -0.001, -0.001, -0.004,  0.003,
         0.001,  0.007, -0.004,  0.001,  0.009,  0.003, -0.004,  0.006,
        -0.008, -0.004,  0.   ,  0.003,  0.009],
       [ 0.009,  0.   , -0.008,  0.002,  0.003,  0.002, -0.004,  0.001,
        -0.007, -0.002, -0.005, -0.009,  0.002, -0.004,  0.006,  0.01 ,
        -0.003,  0.001,  0.001, -0.001, -0.003,  0.   ,  0.003,  0.003,
         0.003,  0.   ,  0.01 ,  0.007,  0.005, -0.001,  0.008,  0.005,
         0.004,  0.   ,  0.004,  0.004,  0.005, -0.008,  0.004, -0.003,
         0.001, -0.002, -0.009, -0.001, -0.007],
       [ 0.002, -0.007,  0.007, -0.006,  0.007,  0.003, -0.007, -0.007,
         0.009, -0.007,  0.005,  0.004, -0.01 , -0.003, -0.001,  0.001,
        -0.007, -0.005,  0.01 ,  0.002,  0.01 , -0.004, -0.01 ,  0.004,
        -0.005, -0.008, -0.005,  0.005,  0.007, -0.009,  0.002, -0.01 ,
        -0.009,  0.   ,  0.002,  0.006, -0.009, -0.007, -0.007, -0.008,
         0.004, -0.007, -0.001,  0.006,  0.004],
       [-0.004,  0.01 ,  0.005,  0.002, -0.003,  0.01 ,  0.006, -0.007,
        -0.004,  0.   , -0.003, -0.009,  0.005,  0.007,  0.009,  0.007,
         0.004,  0.008,  0.006,  0.005,  0.   ,  0.001,  0.   , -0.002,
         0.009,  0.   ,  0.005,  0.01 ,  0.007, -0.003,  0.001,  0.007,
        -0.006, -0.001, -0.005, -0.005,  0.002,  0.006, -0.008,  0.005,
        -0.003,  0.008,  0.008,  0.006,  0.003],
       [-0.001,  0.008, -0.007,  0.004, -0.005,  0.009, -0.007, -0.007,
         0.001,  0.005,  0.004, -0.004,  0.003, -0.005,  0.009,  0.001,
        -0.009,  0.006, -0.001, -0.001,  0.006,  0.   ,  0.008,  0.004,
         0.002,  0.001,  0.002, -0.009,  0.007,  0.003, -0.007,  0.01 ,
         0.006, -0.002,  0.005,  0.   ,  0.01 ,  0.002, -0.007,  0.004,
        -0.005, -0.001, -0.007,  0.   , -0.004]]), 'deltas': array([[0.],
       [0.],
       [0.],
       [0.],
       [0.],
       [0.],
       [0.]]), 'outputs': array([[0.],
       [0.],
       [0.],
       [0.],
       [0.],
       [0.],
       [0.]]), 'errors': array([[0.],
       [0.],
       [0.],
       [0.],
       [0.],
       [0.],
       [0.]])}, {'weights': array([[ 0.008,  0.01 ,  0.   , -0.004,  0.005, -0.004,  0.009],
       [ 0.005, -0.005,  0.01 ,  0.004,  0.009, -0.007,  0.002],
       [-0.006,  0.   ,  0.004,  0.   ,  0.001, -0.003, -0.006],
       [ 0.001,  0.004,  0.005, -0.005,  0.001,  0.008, -0.01 ],
       [ 0.004,  0.008,  0.01 , -0.002,  0.001,  0.002, -0.009],
       [-0.007, -0.004,  0.008,  0.003, -0.006, -0.009,  0.001]]), 'deltas': array([[0.],
       [0.],
       [0.],
       [0.],
       [0.],
       [0.],
       [0.]]), 'outputs': array([[0.],
       [0.],
       [0.],
       [0.],
       [0.],
       [0.],
       [0.]]), 'errors': array([[0.],
       [0.],
       [0.],
       [0.],
       [0.],
       [0.],
       [0.]])}]
Training complete!
Training done. epoch: 114 , total error: 0.0038381659459068677
[{'weights': array([[ 6.52662447e-01, -2.68435143e+00,  3.12385257e-01,
         2.28526925e-01,  1.65521517e-01, -2.18513971e-02,
         7.37919374e-01, -1.42322867e+00, -8.65366241e-01,
         2.28271646e-01, -1.94290552e+00, -2.26829600e-01,
        -1.45017665e+00, -1.68004241e-02,  2.30445690e+00,
         2.29772765e+00, -2.62284050e+00, -8.88668579e-01,
        -6.24901871e-01,  5.18428010e-01, -1.49849596e+00,
         1.96776343e+00, -8.26490055e-01, -9.12747615e-01,
        -4.12850930e-02, -1.05925048e+00, -1.51534586e-01,
        -2.46371381e-01,  1.32901157e-01,  1.43611801e-01,
        -3.34078847e+00,  2.77434645e+00, -7.02957960e-04,
        -8.87722111e-01, -7.93525934e-01, -4.80472612e-01,
        -6.06923138e-01,  4.46222709e-01,  1.02443686e-01,
        -3.15030536e+00,  2.47150913e+00, -4.28718383e-01,
        -1.38744249e-01, -9.49964222e-02, -1.32925529e+00],
       [ 8.70983083e-01, -2.62222214e+00,  1.83808273e+00,
        -1.84847636e+00,  1.90062069e-01, -9.58076879e-01,
         5.64217401e+00, -2.38344486e+00, -3.98120980e+00,
         1.18986910e-01, -5.27730499e+00,  1.17155494e+00,
        -3.77706224e+00,  4.59242957e-01,  5.83299872e+00,
         5.63642776e-01,  7.20943152e+00, -7.84117080e+00,
        -2.01835432e+00,  5.20880214e-01, -4.12441123e+00,
         1.68882805e+00,  1.33809589e+00,  4.51116244e-01,
        -9.45199561e-01,  4.09211634e-01, -7.40108022e-01,
        -1.62241583e+00,  3.77741599e-01, -7.75466469e-01,
         1.23976818e+00,  4.20749727e-01, -1.86789338e+00,
        -5.64728675e-01,  3.79611178e-01,  8.01182949e-01,
        -3.50117780e+00,  4.07355490e-01,  3.39457570e-01,
         3.54859210e-01, -5.42866811e+00,  2.07309933e+00,
        -1.10556523e-01,  1.52769548e+00, -1.57557062e+00],
       [ 1.66965221e+00, -2.91859681e+00,  1.72239708e+00,
        -1.66649548e+00,  1.60615029e-01, -9.42759069e-02,
        -3.06284294e-01, -6.66027109e-01, -1.07239571e+00,
         1.10855504e+00, -1.19498810e+00, -3.75628454e-01,
        -1.34949245e+00, -1.08903580e+00,  2.96871683e+00,
         3.51657486e+00, -3.38307641e+00, -1.66829739e+00,
        -6.75058753e-01,  1.17542973e+00, -1.29088797e+00,
         2.11359812e+00, -1.85684169e+00, -8.34037659e-01,
         8.53741220e-01, -1.03745311e+00, -3.13843771e-01,
        -2.14102387e-01,  5.37971298e-01,  1.03021214e+00,
        -1.31001967e+00,  7.91199721e-01,  3.67518937e-02,
        -1.56957206e+00, -3.87497176e-01, -8.22387237e-01,
        -6.23725573e-01,  7.04931597e-01,  1.06250417e-01,
        -4.01275800e-01,  1.04267282e-01, -3.61669026e-01,
        -3.04550395e-01, -6.72000336e-02, -1.01842797e+00],
       [ 8.26931003e-01, -2.34668464e+00,  1.75914939e-01,
         1.06686353e-01,  1.70935874e-01,  3.25950804e-03,
         6.34859576e-01, -1.35071811e+00, -6.58912846e-01,
         2.89295401e-01, -1.86553558e+00,  2.42211435e-02,
        -1.21160429e+00, -2.54532575e-01,  2.22523483e+00,
         2.03283422e+00, -2.71996239e+00, -4.57031434e-01,
        -6.08606575e-01,  6.88549702e-01, -1.42369991e+00,
         2.19056583e+00, -8.77125514e-01, -9.89966272e-01,
         3.40093937e-02, -9.46581542e-01, -8.18986207e-02,
        -2.22633788e-01,  2.00897478e-01,  5.26972741e-01,
        -3.69188355e+00,  3.03827871e+00,  3.11136513e-02,
        -9.60698031e-01, -6.34803274e-01, -5.13462225e-01,
        -5.77305759e-01,  5.49203813e-01,  1.13150972e-01,
        -3.30243076e+00,  2.89965030e+00, -4.69566050e-01,
        -1.28134918e-01, -8.57350455e-02, -1.07921647e+00],
       [ 2.00511737e+00, -2.26223701e+00,  4.18200953e-02,
        -5.44154888e-01,  3.70482260e-01,  2.14556836e-01,
         8.29747194e-01, -1.32121820e+00, -6.17773482e-01,
         4.93715489e-01, -1.23013197e+00, -1.37722170e-01,
        -2.93499012e-01, -1.07479628e+00,  2.33917727e+00,
         1.78731209e+00, -2.86261704e+00, -8.93843880e-01,
        -5.96579221e-01,  2.17475589e+00, -4.05752776e-01,
         2.29482967e+00, -1.41321165e+00, -1.14215603e+00,
         2.69318621e-01, -1.34144448e+00,  1.98673375e-01,
        -1.99873369e-01,  9.49672305e-01,  2.09013528e+00,
        -4.12970978e+00,  2.80086712e+00,  3.03246248e-01,
        -1.48251103e+00, -5.03841343e-01, -9.48246690e-01,
        -5.78915915e-01,  1.28974977e+00,  3.34282014e-01,
        -2.98776285e+00,  3.21861055e+00, -4.62854975e-01,
        -9.03314804e-02, -7.56334028e-02, -3.87972165e-01],
       [-1.76125085e+00,  1.33864046e+00, -6.35580401e+00,
         4.45899573e-02,  3.00341588e+00,  1.94383400e+00,
        -1.75382182e+00, -1.64456194e+00, -2.83945959e+00,
         5.58600784e-01, -4.45008429e+00, -5.53405781e+00,
         2.98528696e+00,  8.28003758e+00, -5.01259101e+00,
         6.18112534e-01, -1.03668872e+00,  3.64679757e+00,
        -6.79858524e+00, -1.40044713e-01, -6.28307473e+00,
         7.23764696e-01,  1.64738714e-01,  4.11067280e+00,
        -2.44851005e+00,  3.51183999e+00, -5.33786549e+00,
        -2.42393722e+00,  5.31554156e-01, -4.50337000e+00,
        -2.21255694e-01, -3.76306509e+00,  3.77331969e+00,
         9.71962530e-01,  4.92966043e+00, -4.11325804e+00,
        -8.33989898e+00,  5.25557554e-01,  3.24753047e+00,
         1.82273036e+00, -1.67504738e+00, -2.91178811e+00,
        -2.49749015e+00,  1.54518672e+00, -3.73740856e+00],
       [-1.00000000e-03,  8.00000000e-03, -7.00000000e-03,
         4.00000000e-03, -5.00000000e-03,  9.00000000e-03,
        -7.00000000e-03, -7.00000000e-03,  1.00000000e-03,
         5.00000000e-03,  4.00000000e-03, -4.00000000e-03,
         3.00000000e-03, -5.00000000e-03,  9.00000000e-03,
         1.00000000e-03, -9.00000000e-03,  6.00000000e-03,
        -1.00000000e-03, -1.00000000e-03,  6.00000000e-03,
         0.00000000e+00,  8.00000000e-03,  4.00000000e-03,
         2.00000000e-03,  1.00000000e-03,  2.00000000e-03,
        -9.00000000e-03,  7.00000000e-03,  3.00000000e-03,
        -7.00000000e-03,  1.00000000e-02,  6.00000000e-03,
        -2.00000000e-03,  5.00000000e-03,  0.00000000e+00,
         1.00000000e-02,  2.00000000e-03, -7.00000000e-03,
         4.00000000e-03, -5.00000000e-03, -1.00000000e-03,
        -7.00000000e-03,  0.00000000e+00, -4.00000000e-03]]), 'deltas': array([[1.41359673e-05],
       [1.12743794e-06],
       [1.51902478e-04],
       [7.92740784e-06],
       [8.74252249e-06],
       [2.92181458e-08],
       [0.00000000e+00]]), 'outputs': array([[9.98982783e-01],
       [9.99918946e-01],
       [9.88958381e-01],
       [9.99429803e-01],
       [9.99371137e-01],
       [2.10038768e-06],
       [1.00000000e+00]]), 'errors': 0.013910863933762991}, {'weights': array([[  2.07774761,   3.99373616,   2.23671785,   1.73952852,
          0.1349272 ,   1.60757592,  -5.9416437 ],
       [ -0.05128677,   0.01229056,  -4.90299728,   2.19076558,
          1.04849147,   0.58751491,  -0.7606818 ],
       [ -0.99819704,   0.55300961,   2.59202356,  -1.21548408,
         -1.53003336,   1.5579307 ,  -4.04573635],
       [ -2.72391482,  -2.34541939,  -0.76598728,  -3.67793196,
          4.98682421,   1.16894892,  -2.76792216],
       [ -1.45522192,  -3.40804138,   3.97341792,  -1.40260914,
          0.35897916,   1.24491173,  -3.27114546],
       [ -1.61085763,  -6.76603974,  -3.32758156,  -1.70406334,
         -5.03234262, -10.06540259,   2.74007624]]), 'deltas': array([[ 2.10295305e-04],
       [-6.71876904e-03],
       [-8.54409793e-05],
       [-4.70254948e-07],
       [-2.73245041e-05],
       [-2.51095119e-14]]), 'outputs': array([[9.85391339e-01],
       [8.57247805e-02],
       [9.28665050e-03],
       [6.85986704e-04],
       [5.24103686e-03],
       [1.58459824e-07]]), 'errors': array([[ 1.46086612e-02],
       [-8.57247805e-02],
       [-9.28665050e-03],
       [-6.85986704e-04],
       [-5.24103686e-03],
       [-1.58459824e-07]])}]
Accuracy: 54.761904761904766 %

train_data group 3 length:  170
   0   1   2   3   4   5   6   7   8  ...  36  37  38  39  40  41  42  43  44
0   0   1   0   0   0   0   0   1   0 ...   0   0   0   1   0   0   0   0   0
1   0   1   0   0   0   0   1   0   0 ...   0   0   0   0   1   0   0   0   0
2   0   0   1   0   0   0   0   1   0 ...   0   0   0   1   0   0   0   0   0
3   0   1   0   0   0   0   0   1   0 ...   0   0   0   1   0   0   0   0   0
4   0   0   1   0   0   0   1   0   0 ...   0   0   0   0   1   0   0   0   0

[5 rows x 45 columns]
Initial Neural Network:
[{'weights': array([[ 0.008,  0.004,  0.001,  0.   , -0.008, -0.003, -0.003, -0.008,
         0.005,  0.006,  0.005, -0.008, -0.003,  0.007, -0.001, -0.001,
        -0.004,  0.008,  0.001, -0.01 ,  0.006,  0.009,  0.009, -0.003,
         0.006,  0.009,  0.01 ,  0.008,  0.006,  0.009, -0.006,  0.   ,
        -0.003,  0.007,  0.005, -0.001,  0.01 ,  0.003,  0.004, -0.002,
        -0.008, -0.007, -0.008,  0.008, -0.004],
       [ 0.009,  0.005,  0.004,  0.002,  0.006, -0.008,  0.005,  0.003,
        -0.002,  0.002, -0.009, -0.01 , -0.003,  0.007,  0.006,  0.001,
        -0.009,  0.008,  0.002, -0.009, -0.004, -0.004,  0.004,  0.002,
        -0.008,  0.005,  0.009,  0.006, -0.009,  0.009,  0.01 ,  0.001,
         0.003,  0.005, -0.002,  0.001, -0.006,  0.002,  0.002,  0.005,
        -0.01 ,  0.003, -0.002, -0.008, -0.003],
       [-0.01 , -0.002, -0.008, -0.007,  0.007,  0.005,  0.01 , -0.008,
         0.005,  0.003, -0.004,  0.004, -0.009,  0.   ,  0.   ,  0.007,
         0.005,  0.001, -0.008,  0.003,  0.005,  0.005, -0.005, -0.008,
         0.002,  0.   ,  0.003,  0.01 , -0.009,  0.008,  0.009,  0.004,
         0.007, -0.01 ,  0.005,  0.004, -0.009,  0.   , -0.006, -0.006,
        -0.002, -0.007,  0.009, -0.01 , -0.001],
       [ 0.   ,  0.009,  0.005, -0.008, -0.002,  0.007,  0.005, -0.002,
        -0.001,  0.006, -0.005,  0.008,  0.005, -0.001, -0.006,  0.005,
        -0.004,  0.005, -0.009,  0.007,  0.004, -0.006,  0.01 ,  0.007,
        -0.008, -0.008,  0.007,  0.005, -0.01 ,  0.001, -0.007,  0.   ,
         0.004,  0.001,  0.009,  0.01 , -0.008,  0.01 ,  0.   ,  0.01 ,
         0.   , -0.004, -0.008,  0.   ,  0.004],
       [ 0.004,  0.008, -0.005, -0.005,  0.009, -0.005,  0.003,  0.   ,
        -0.007,  0.   ,  0.009,  0.01 ,  0.004, -0.004,  0.01 , -0.01 ,
         0.004, -0.003, -0.001,  0.   , -0.009,  0.001,  0.   ,  0.01 ,
        -0.002,  0.007, -0.007,  0.004, -0.008, -0.007,  0.002, -0.01 ,
        -0.003,  0.008, -0.007,  0.008,  0.008, -0.001, -0.004,  0.002,
        -0.01 ,  0.007, -0.006, -0.01 , -0.01 ],
       [ 0.001, -0.003,  0.009,  0.01 ,  0.008,  0.005,  0.   , -0.01 ,
         0.009, -0.006,  0.003, -0.009, -0.01 , -0.003, -0.006,  0.002,
         0.006,  0.004,  0.003,  0.008,  0.01 , -0.008, -0.002, -0.002,
         0.007, -0.005,  0.005, -0.007,  0.009,  0.009, -0.004, -0.003,
         0.005,  0.001, -0.002,  0.   , -0.008, -0.001,  0.006,  0.01 ,
         0.001,  0.006, -0.009, -0.005, -0.001],
       [-0.01 , -0.002,  0.007,  0.007, -0.008,  0.   , -0.007, -0.01 ,
        -0.002,  0.006, -0.004,  0.004,  0.007,  0.007,  0.002,  0.004,
        -0.008, -0.002,  0.006, -0.006, -0.008,  0.009, -0.003, -0.002,
         0.   , -0.004, -0.005,  0.002,  0.   ,  0.01 ,  0.001, -0.004,
        -0.009,  0.01 , -0.005,  0.   ,  0.002, -0.009, -0.006, -0.005,
        -0.003, -0.01 ,  0.003,  0.   ,  0.001]]), 'deltas': array([[0.],
       [0.],
       [0.],
       [0.],
       [0.],
       [0.],
       [0.]]), 'outputs': array([[0.],
       [0.],
       [0.],
       [0.],
       [0.],
       [0.],
       [0.]]), 'errors': array([[0.],
       [0.],
       [0.],
       [0.],
       [0.],
       [0.],
       [0.]])}, {'weights': array([[-0.002, -0.006, -0.005, -0.009, -0.01 ,  0.007,  0.001],
       [ 0.   , -0.009,  0.007, -0.001,  0.005, -0.006, -0.009],
       [-0.001,  0.005, -0.009, -0.006, -0.007, -0.009, -0.002],
       [ 0.004,  0.004,  0.01 ,  0.007, -0.01 ,  0.002,  0.006],
       [ 0.   ,  0.   , -0.009, -0.002, -0.006, -0.004,  0.01 ],
       [-0.004, -0.006,  0.006, -0.001, -0.005,  0.006, -0.004]]), 'deltas': array([[0.],
       [0.],
       [0.],
       [0.],
       [0.],
       [0.],
       [0.]]), 'outputs': array([[0.],
       [0.],
       [0.],
       [0.],
       [0.],
       [0.],
       [0.]]), 'errors': array([[0.],
       [0.],
       [0.],
       [0.],
       [0.],
       [0.],
       [0.]])}]
Training complete!
Training done. epoch: 19 , total error: 0.007869357927519806
[{'weights': array([[-9.42954591e-02, -1.73626768e+00,  9.35416156e-01,
        -2.19255357e-01, -5.90025822e-02, -1.03707813e-02,
         5.70190146e-01, -6.44125829e-01, -9.31569609e-01,
        -1.65528852e-01, -1.08546473e+00, -4.07907680e-01,
        -8.65148919e-01, -2.30946546e-01,  1.41106295e+00,
         1.68499771e+00, -1.51302103e+00, -5.35276531e-01,
        -9.06545687e-01,  8.54406136e-02, -7.49470042e-01,
         5.60814818e-01, -1.49060665e-01, -8.21857648e-01,
         8.16861250e-03, -1.05155958e+00, -4.96068273e-02,
         8.00000000e-03, -5.22385126e-02, -5.12153681e-01,
        -1.65943658e+00,  8.12625124e-01,  1.19804687e-01,
         6.77555222e-02, -3.30648514e-01, -3.32231291e-01,
        -7.69611335e-01,  2.71086215e-01,  4.00000000e-03,
        -5.57358880e-01,  8.57410282e-01, -5.08900611e-01,
        -8.23413528e-01, -1.63142188e-01, -1.18240492e+00],
       [ 4.31926480e-01, -1.64239606e-01, -7.69504013e-01,
        -9.86161215e-01, -2.35709823e-01, -6.03728010e-01,
         6.59341646e-01, -8.96962418e-01, -7.49561651e-01,
        -1.58777744e-01, -3.25990617e+00, -9.67349368e-01,
        -2.31888642e+00,  3.31331556e+00,  1.47413822e+00,
         1.31080884e+00,  3.47283960e+00, -4.31169046e+00,
        -1.99666708e+00, -2.31979077e-01, -1.91019617e+00,
         2.04951954e+00, -1.40605365e+00, -7.86999819e-01,
         2.94041919e-01, -1.06757324e+00, -6.24660866e-01,
         6.00000000e-03, -5.24540699e-02, -1.36352864e+00,
         1.69546284e+00, -1.22056315e+00, -8.03493811e-01,
        -2.95654108e-02, -1.51828408e-01,  9.84148410e-02,
        -1.93980781e+00,  2.38533198e-01,  2.00000000e-03,
         1.65957690e+00, -3.49058852e-01, -1.40431861e+00,
        -1.17986761e+00, -4.88020003e-01, -1.75268818e+00],
       [-8.63950114e-02, -1.73573012e+00,  9.44394599e-01,
        -2.37063664e-01, -4.73505106e-02,  1.32612741e-02,
         5.60117580e-01, -6.16171949e-01, -9.15197949e-01,
        -1.69153668e-01, -1.07178286e+00, -3.89907521e-01,
        -8.27636813e-01, -2.59520220e-01,  1.39770271e+00,
         1.68641406e+00, -1.52498394e+00, -5.41992821e-01,
        -8.85413233e-01,  1.31831222e-01, -7.16959401e-01,
         5.46541583e-01, -1.42134705e-01, -8.30859173e-01,
         2.66985312e-04, -1.06384693e+00, -7.67687979e-03,
         1.00000000e-02, -7.66209042e-02, -4.79374172e-01,
        -1.62810047e+00,  8.06573162e-01,  1.35215723e-01,
         4.15410425e-02, -3.60406339e-01, -3.21770251e-01,
        -7.67321085e-01,  3.07352964e-01, -6.00000000e-03,
        -5.32187950e-01,  8.57548964e-01, -4.97976725e-01,
        -8.11820230e-01, -1.73708769e-01, -1.14314471e+00],
       [ 6.09022898e-01, -1.60348465e+00, -3.05164290e-01,
         7.05707283e-02, -1.38785990e-01, -2.23558016e-01,
         1.69687685e+00, -1.75134176e+00, -1.02426177e+00,
        -5.45565986e-02, -1.39556222e+00, -3.73754889e-01,
        -8.26919664e-01,  3.19225772e+00, -1.96686224e+00,
        -5.78408109e-01,  1.25491637e+00, -1.01144234e+00,
        -1.11297930e+00,  8.00720836e-02, -6.05544975e-01,
        -2.17962874e-01,  1.02263339e+00, -1.62144536e+00,
         5.74785167e-02, -1.22131072e+00, -1.23743243e-01,
         5.00000000e-03, -3.77873337e-02, -3.53502323e-01,
        -1.13959807e+00,  2.53039523e-02,  1.47813226e-01,
        -5.28580825e-02, -4.14965002e-01, -2.53877219e-01,
        -9.26405081e-01,  2.44406003e-01,  0.00000000e+00,
        -3.58404411e+00,  1.76707154e+00, -7.44015894e-02,
         7.45213597e-01, -2.27680734e-01, -1.36784130e+00],
       [ 7.09554096e-01,  6.81157426e-01, -8.92335837e-01,
         1.79024297e-01, -3.43633973e-01,  4.08069520e-01,
         1.03220658e+00,  5.50632367e-01, -1.52411447e+00,
        -1.53027987e-01, -1.18347339e+00, -1.19050372e+00,
        -4.31154165e-01,  9.80674429e-01,  2.17622286e+00,
         1.00231926e+00,  1.68345158e+00,  4.65432479e-01,
        -3.14941094e+00,  3.10973627e-01, -1.16811236e+00,
         1.52014905e+00, -1.85052725e-01, -1.98947705e-01,
         3.54729748e-01, -1.22784998e-02,  4.04987623e-01,
         4.00000000e-03, -7.79431140e-02, -1.05826851e-02,
        -1.82539589e-01,  7.36691027e-02,  5.01567226e-01,
        -6.93480452e-02,  1.66794048e+00, -6.27217638e-01,
        -2.12156689e+00,  1.41161006e+00, -4.00000000e-03,
        -2.45608084e-01,  9.21831000e-01, -5.22405461e-01,
         6.22201192e-01, -4.70252638e-01,  3.12766009e-01],
       [-8.27573651e-02, -1.74852759e+00,  9.70315232e-01,
        -2.21609701e-01, -4.55235658e-02,  1.13253913e-02,
         5.48031596e-01, -6.05721611e-01, -9.28318625e-01,
        -1.80419740e-01, -1.09253343e+00, -4.05934214e-01,
        -8.40030568e-01, -2.63050268e-01,  1.42344549e+00,
         1.70405446e+00, -1.52762806e+00, -5.43027469e-01,
        -8.95562234e-01,  1.32060314e-01, -7.33531292e-01,
         5.58991054e-01, -1.59279174e-01, -8.19430170e-01,
         5.14659356e-03, -1.07151685e+00, -1.25672590e-02,
        -7.00000000e-03, -6.00188838e-02, -4.85599164e-01,
        -1.63381875e+00,  7.89123122e-01,  1.26440621e-01,
         5.87511787e-02, -3.58225419e-01, -3.31901157e-01,
        -7.79951839e-01,  3.05975427e-01,  6.00000000e-03,
        -5.16225218e-01,  8.60801097e-01, -4.94344528e-01,
        -8.29908188e-01, -1.70426150e-01, -1.15410299e+00],
       [-1.00000000e-02, -2.00000000e-03,  7.00000000e-03,
         7.00000000e-03, -8.00000000e-03,  0.00000000e+00,
        -7.00000000e-03, -1.00000000e-02, -2.00000000e-03,
         6.00000000e-03, -4.00000000e-03,  4.00000000e-03,
         7.00000000e-03,  7.00000000e-03,  2.00000000e-03,
         4.00000000e-03, -8.00000000e-03, -2.00000000e-03,
         6.00000000e-03, -6.00000000e-03, -8.00000000e-03,
         9.00000000e-03, -3.00000000e-03, -2.00000000e-03,
         0.00000000e+00, -4.00000000e-03, -5.00000000e-03,
         2.00000000e-03,  0.00000000e+00,  1.00000000e-02,
         1.00000000e-03, -4.00000000e-03, -9.00000000e-03,
         1.00000000e-02, -5.00000000e-03,  0.00000000e+00,
         2.00000000e-03, -9.00000000e-03, -6.00000000e-03,
        -5.00000000e-03, -3.00000000e-03, -1.00000000e-02,
         3.00000000e-03,  0.00000000e+00,  1.00000000e-03]]), 'deltas': array([[3.17594529e-03],
       [1.07204604e-02],
       [3.16995157e-03],
       [1.70594261e-04],
       [4.72624071e-05],
       [2.99196786e-03],
       [0.00000000e+00]]), 'outputs': array([[0.95340972],
       [0.18367619],
       [0.95350215],
       [0.0023917 ],
       [0.99933854],
       [0.95623846],
       [1.        ]]), 'errors': 0.07149869428843189}, {'weights': array([[ 1.34648724,  1.76875084,  1.31037257,  1.37501399,  1.92868946,
         1.30610056, -3.9093713 ],
       [-1.20696332, -1.421566  , -1.20878179, -0.18679973,  3.07236267,
        -1.23352023, -2.84457338],
       [-0.40141313,  0.27275737, -0.3989281 , -0.6422248 ,  0.77181029,
        -0.3980373 , -3.04792482],
       [-0.42127201, -1.98169314, -0.3888254 , -0.52536194,  0.06291929,
        -0.39390655, -1.93587693],
       [-0.69406713, -1.66152528, -0.69901719, -0.79417718,  0.26139271,
        -0.69710343, -2.34124372],
       [-1.42225105, -2.93728127, -1.39063863, -1.82266585, -6.82996104,
        -1.40153766,  1.85114519]]), 'deltas': array([[ 1.11495228e-02],
       [-8.11378218e-04],
       [-1.07645916e-03],
       [-1.04481165e-03],
       [-1.50791166e-04],
       [-5.16745345e-09]]), 'outputs': array([[8.87943935e-01],
       [2.89055297e-02],
       [3.33709725e-02],
       [3.28682192e-02],
       [1.23562816e-02],
       [7.18875856e-05]]), 'errors': array([[ 1.12056065e-01],
       [-2.89055297e-02],
       [-3.33709725e-02],
       [-3.28682192e-02],
       [-1.23562816e-02],
       [-7.18875856e-05]])}]
Accuracy: 50.0 %

train_data group 4 length:  171
   0   1   2   3   4   5   6   7   8  ...  36  37  38  39  40  41  42  43  44
0   0   1   0   0   0   0   0   1   0 ...   0   0   0   1   0   0   0   0   0
1   0   1   0   0   0   0   1   0   0 ...   0   0   0   0   1   0   0   0   0
2   0   0   1   0   0   0   0   1   0 ...   0   0   0   1   0   0   0   0   0
3   0   1   0   0   0   0   0   1   0 ...   0   0   0   1   0   0   0   0   0
4   0   0   1   0   0   0   1   0   0 ...   0   0   0   0   1   0   0   0   0

[5 rows x 45 columns]
Initial Neural Network:
[{'weights': array([[ 0.005, -0.001,  0.007, -0.004,  0.008, -0.008,  0.01 ,  0.001,
        -0.005, -0.004,  0.01 , -0.005,  0.004, -0.004, -0.006,  0.007,
         0.009, -0.01 , -0.01 , -0.01 ,  0.009, -0.001,  0.003,  0.   ,
        -0.009, -0.001, -0.004, -0.005,  0.006, -0.005, -0.01 ,  0.   ,
        -0.01 , -0.003,  0.001,  0.004, -0.001, -0.01 ,  0.01 , -0.008,
        -0.003, -0.008,  0.008,  0.003,  0.   ],
       [ 0.006, -0.007, -0.009,  0.004,  0.007,  0.008,  0.007, -0.009,
         0.   , -0.002,  0.001, -0.006,  0.   ,  0.   , -0.007,  0.008,
        -0.01 ,  0.003, -0.001, -0.005,  0.009,  0.009, -0.005, -0.003,
        -0.003,  0.008, -0.001,  0.006,  0.005, -0.005,  0.   , -0.01 ,
        -0.001, -0.01 , -0.002,  0.005, -0.003, -0.005,  0.008,  0.006,
         0.008,  0.003, -0.006, -0.009, -0.005],
       [-0.002, -0.008, -0.004,  0.003,  0.007, -0.005, -0.009, -0.006,
        -0.003, -0.01 ,  0.001,  0.007, -0.003, -0.01 , -0.007,  0.01 ,
         0.005,  0.01 ,  0.   , -0.01 ,  0.007,  0.006, -0.004,  0.003,
         0.006,  0.002, -0.003,  0.007,  0.005, -0.01 ,  0.009,  0.003,
        -0.007, -0.007, -0.006, -0.004,  0.005, -0.002, -0.01 , -0.005,
        -0.003,  0.008, -0.004, -0.01 , -0.004],
       [ 0.01 , -0.009,  0.004,  0.005,  0.009, -0.009, -0.002,  0.009,
        -0.003,  0.002,  0.007, -0.006,  0.004, -0.009, -0.002,  0.002,
        -0.004, -0.001, -0.009, -0.001,  0.001,  0.009,  0.003, -0.005,
         0.007,  0.004,  0.005,  0.   , -0.005,  0.007, -0.004, -0.008,
         0.006,  0.007, -0.004,  0.006,  0.004, -0.006, -0.001,  0.008,
         0.007,  0.009, -0.005, -0.01 ,  0.005],
       [ 0.   , -0.003,  0.008,  0.001, -0.002,  0.   ,  0.   ,  0.001,
         0.004,  0.007,  0.006, -0.002, -0.006,  0.004, -0.004, -0.003,
         0.   ,  0.002,  0.007, -0.006, -0.001,  0.002,  0.009,  0.01 ,
         0.006,  0.001,  0.005,  0.006, -0.006,  0.008, -0.01 ,  0.008,
        -0.008, -0.009,  0.003,  0.008,  0.001,  0.01 , -0.008,  0.007,
         0.003,  0.01 , -0.009, -0.009,  0.009],
       [ 0.007,  0.003, -0.007, -0.001, -0.01 ,  0.006, -0.002, -0.001,
         0.001, -0.005, -0.008,  0.001, -0.004,  0.   , -0.007, -0.01 ,
        -0.001,  0.   ,  0.009,  0.004, -0.004, -0.003, -0.003, -0.009,
        -0.007, -0.007, -0.005,  0.008, -0.003,  0.003, -0.006,  0.   ,
        -0.005,  0.007, -0.009,  0.004, -0.006,  0.004,  0.004,  0.009,
        -0.005,  0.003, -0.009, -0.005, -0.005],
       [-0.003,  0.008,  0.006, -0.007, -0.006,  0.001, -0.007, -0.007,
        -0.01 , -0.007, -0.01 , -0.001, -0.004,  0.004,  0.007,  0.   ,
        -0.01 ,  0.001,  0.01 ,  0.004,  0.009,  0.004, -0.002,  0.009,
        -0.006,  0.006, -0.001,  0.003, -0.003,  0.005, -0.001,  0.001,
        -0.01 ,  0.005,  0.001,  0.003,  0.005,  0.001,  0.005, -0.004,
         0.007,  0.004, -0.008,  0.008,  0.007]]), 'deltas': array([[0.],
       [0.],
       [0.],
       [0.],
       [0.],
       [0.],
       [0.]]), 'outputs': array([[0.],
       [0.],
       [0.],
       [0.],
       [0.],
       [0.],
       [0.]]), 'errors': array([[0.],
       [0.],
       [0.],
       [0.],
       [0.],
       [0.],
       [0.]])}, {'weights': array([[-0.003, -0.006,  0.001, -0.008,  0.001,  0.003,  0.003],
       [-0.003, -0.001, -0.009, -0.004,  0.003,  0.005,  0.01 ],
       [-0.001,  0.008, -0.008,  0.   , -0.009,  0.   , -0.005],
       [ 0.004, -0.007,  0.006,  0.002,  0.004,  0.007, -0.007],
       [ 0.   ,  0.003, -0.01 ,  0.   , -0.006,  0.006, -0.008],
       [-0.008,  0.007,  0.01 ,  0.004, -0.007,  0.   ,  0.004]]), 'deltas': array([[0.],
       [0.],
       [0.],
       [0.],
       [0.],
       [0.],
       [0.]]), 'outputs': array([[0.],
       [0.],
       [0.],
       [0.],
       [0.],
       [0.],
       [0.]]), 'errors': array([[0.],
       [0.],
       [0.],
       [0.],
       [0.],
       [0.],
       [0.]])}]
Training complete!
Training done. epoch: 31 , total error: 0.002086946163173923
[{'weights': array([[-6.90203818e-01,  2.52297407e-01, -2.59901482e+00,
         1.98461539e+00,  3.98494018e-01,  2.03415141e+00,
        -2.38210731e-01, -1.59899969e+00, -6.73150267e-01,
        -1.98602541e-01,  2.46827399e-01,  1.10423412e+00,
         9.59453953e-01, -4.91013806e+00,  1.92981076e+00,
        -1.97584239e+00,  3.23838062e+00, -1.55105855e+00,
        -6.43634482e-01,  2.49342982e-01,  3.05221478e-01,
         2.28745628e+00, -4.56576480e-01, -1.80007132e+00,
        -1.00284178e+00,  7.21423030e-01, -3.06588239e-01,
        -9.71242834e-01, -1.16403779e-01,  1.41759721e-01,
        -2.68407332e+00, -2.27261817e+00,  1.11754725e+00,
         3.00057270e+00,  8.61632564e-02, -4.70686087e-01,
        -7.51461646e-01,  4.42613400e-01,  2.85592550e-02,
        -4.45900426e+00,  6.71397332e-01,  2.02035143e+00,
         1.08744368e+00,  3.00000000e-03, -6.68811822e-01],
       [-4.84567153e-03, -1.68956705e+00, -1.07566001e+00,
         1.96187418e+00,  3.93402739e-01,  1.97164233e+00,
        -1.16281761e+00,  4.04359424e-01, -1.38584795e+00,
        -2.39131996e-01,  4.47255929e-01,  1.35277866e+00,
         2.42975095e+00, -3.18692364e+00, -1.47065771e+00,
        -2.52131898e+00,  9.31134416e-01,  9.73278548e-01,
        -7.22187041e-01,  9.18297250e-01,  2.44755423e-01,
         1.38086084e+00, -2.29077316e-01, -8.49165414e-01,
        -9.56169335e-01,  5.72234308e-01, -3.90438637e-01,
        -7.84024650e-01,  2.04433173e-01,  5.69992577e-01,
        -2.70982886e+00, -1.92111951e+00,  6.22985957e-01,
         2.99617404e+00,  5.24972318e-01, -5.92559791e-01,
        -7.93615455e-01,  8.19418962e-01, -3.71011839e-01,
        -2.91691745e+00,  1.45561426e+00,  3.10608063e-01,
         7.45899323e-01, -9.00000000e-03, -4.20795806e-01],
       [-5.89458426e-01, -2.30090774e-01, -2.06151839e+00,
         2.03882842e+00,  3.90707195e-01,  1.90978585e+00,
        -6.98978359e-01, -7.95652508e-01, -6.86487716e-01,
        -2.09199243e-01,  2.41098438e-01,  1.29262738e+00,
         1.55411236e+00, -4.34397898e+00,  7.96608829e-01,
        -2.08946728e+00,  2.03038163e+00, -1.24408499e-01,
        -6.41507485e-01,  3.92469663e-01,  3.92587328e-01,
         2.40374373e+00, -7.22259184e-01, -1.50813991e+00,
        -9.95463938e-01,  9.64333102e-01, -2.37567807e-01,
        -1.03445502e+00, -1.28842254e-01,  2.03634603e-01,
        -2.60169052e+00, -2.27266550e+00,  1.07238677e+00,
         3.13880267e+00,  2.78295705e-01, -5.23593248e-01,
        -7.54639959e-01,  6.16844538e-01, -8.14390105e-02,
        -3.44628364e+00,  1.33072601e-01,  1.79011594e+00,
         1.07156312e+00, -1.00000000e-02, -4.51531974e-01],
       [ 6.34965049e-01, -1.74318931e+00, -3.03658913e+00,
         1.71322079e+00,  4.37375618e-01,  1.22802046e+00,
         1.66458418e+00, -2.33174072e+00, -2.41594670e+00,
        -1.61134214e-01, -2.50615887e+00, -2.22187804e-01,
        -6.43921698e-01, -2.23389695e-01,  1.57644107e+00,
        -1.84387450e+00, -5.72965679e+00,  6.29540609e+00,
        -1.66810555e+00,  9.20013761e-01,  1.17855823e-01,
        -1.70555929e+00, -5.37381282e-01,  8.51136705e-01,
        -7.24268953e-01, -3.57467583e-01, -1.62946510e+00,
        -7.52436560e-01,  7.30152250e-01,  9.34608124e-01,
        -6.36804206e-01, -4.98723992e+00,  6.05708817e-01,
         2.07851020e+00,  2.56410161e+00, -2.01802109e+00,
        -2.80707164e+00,  2.80233134e-01, -3.34590052e-02,
        -2.01293959e+00,  7.55594897e-01, -2.44414437e-01,
        -4.92457865e-01, -1.00000000e-02, -2.00821699e+00],
       [-8.93660560e-01, -6.63910505e-01, -3.56715698e-01,
         1.68836052e-02,  7.44071623e-01, -6.40520177e-01,
        -6.78212276e-02,  3.78793618e-01, -6.42179365e-01,
        -1.73604382e-01, -7.13586538e-01, -8.51363887e-02,
        -2.26084820e+00,  3.67069208e+00, -1.77045249e+00,
         1.13584083e+00,  2.28907122e+00, -1.31740356e+00,
        -2.61618293e+00, -6.48657098e-01, -9.76206797e-01,
        -2.58190089e+00,  2.58531492e+00, -1.03549152e+00,
         8.76952756e-01,  2.77772558e+00, -1.56353955e+00,
        -2.39619995e+00,  3.06823921e-02, -7.24675502e-01,
        -1.63969442e+00, -5.48360180e-01,  6.11434173e-01,
         1.13296440e+00,  3.03534507e+00, -2.84539579e+00,
        -1.83121093e+00,  8.03544690e-02,  4.17575648e-01,
        -2.86801264e+00,  1.50742810e+00,  1.57591116e-01,
         5.66618955e-02, -9.00000000e-03, -1.14833153e+00],
       [-8.86353178e-02, -4.60404090e-01, -2.05225095e+00,
         1.99616443e+00,  3.68456593e-01,  1.79514761e+00,
        -4.73451649e-01, -5.07257392e-01, -8.17430223e-01,
        -2.26677676e-01,  3.63216157e-01,  1.30398691e+00,
         1.79612632e+00, -4.12917107e+00,  4.19172349e-01,
        -2.27080439e+00,  1.65664159e+00, -1.11708387e-02,
        -6.68737125e-01,  1.06740143e+00,  9.65644580e-01,
         2.29822344e+00, -9.93000984e-01, -1.43534595e+00,
        -1.09019042e+00,  6.64274058e-01, -1.30825942e-01,
        -1.06036211e+00,  2.91244663e-01,  7.53608490e-01,
        -2.64615069e+00, -2.45033486e+00,  9.68647108e-01,
         3.14456061e+00,  3.98596999e-01, -5.56294972e-01,
        -7.65354550e-01,  8.72708220e-01, -1.81325032e-01,
        -3.13837606e+00,  3.16237234e-01,  1.74083405e+00,
         8.50635446e-01, -5.00000000e-03, -2.33669334e-01],
       [-3.00000000e-03,  8.00000000e-03,  6.00000000e-03,
        -7.00000000e-03, -6.00000000e-03,  1.00000000e-03,
        -7.00000000e-03, -7.00000000e-03, -1.00000000e-02,
        -7.00000000e-03, -1.00000000e-02, -1.00000000e-03,
        -4.00000000e-03,  4.00000000e-03,  7.00000000e-03,
         0.00000000e+00, -1.00000000e-02,  1.00000000e-03,
         1.00000000e-02,  4.00000000e-03,  9.00000000e-03,
         4.00000000e-03, -2.00000000e-03,  9.00000000e-03,
        -6.00000000e-03,  6.00000000e-03, -1.00000000e-03,
         3.00000000e-03, -3.00000000e-03,  5.00000000e-03,
        -1.00000000e-03,  1.00000000e-03, -1.00000000e-02,
         5.00000000e-03,  1.00000000e-03,  3.00000000e-03,
         5.00000000e-03,  1.00000000e-03,  5.00000000e-03,
        -4.00000000e-03,  7.00000000e-03,  4.00000000e-03,
        -8.00000000e-03,  8.00000000e-03,  7.00000000e-03]]), 'deltas': array([[2.84307272e-03],
       [9.37327750e-04],
       [1.41850897e-03],
       [1.57387303e-03],
       [5.87747849e-05],
       [1.56365470e-03],
       [0.00000000e+00]]), 'outputs': array([[0.61827772],
       [0.914958  ],
       [0.8636566 ],
       [0.15453079],
       [0.99509692],
       [0.84669471],
       [1.        ]]), 'errors': 0.012046388460504936}, {'weights': array([[-0.75292499, -2.10770537, -0.97561839, -2.13532205,  0.81058327,
        -1.06438551, -2.05301414],
       [ 1.81837121,  1.20723407,  1.36730462,  2.05698265,  4.07302046,
         0.77919026, -4.89603504],
       [-0.93978852, -0.85059993, -0.87103917, -0.25173588,  1.41940007,
        -0.88248009, -3.17195579],
       [-1.67923795,  1.5819733 , -1.42322864,  1.36517325, -1.95428883,
         1.9248222 , -1.89784569],
       [-0.76883697, -0.57624652, -0.700711  , -1.01304284, -0.1628559 ,
        -0.66509066, -2.6950282 ],
       [-1.44292175, -2.1045908 , -1.50916568, -2.20700873, -8.38593843,
        -2.23828929,  1.32184777]]), 'deltas': array([[-1.07769490e-05],
       [ 7.72058791e-04],
       [-8.76770184e-05],
       [-3.06387018e-03],
       [-3.08768025e-05],
       [-2.38784914e-12]]), 'outputs': array([[3.28823708e-03],
       [9.71813989e-01],
       [9.40796015e-03],
       [5.70006060e-02],
       [5.57223648e-03],
       [1.54526788e-06]]), 'errors': array([[-3.28823708e-03],
       [ 2.81860107e-02],
       [-9.40796015e-03],
       [-5.70006060e-02],
       [-5.57223648e-03],
       [-1.54526788e-06]])}]
Accuracy: 46.51162790697674 %

Feedforward Neural Network AVG Accuracy (%): 50.04429678848284 %
