Namespace(error_threshold=0.01, max_epochs=1000, num_layers=2, num_nodes_per_hidden_layer=6, training_rate=0.9)

train_data group 0 length:  171
   0   1   2   3   4   5   6   7   8  ...  36  37  38  39  40  41  42  43  44
0   0   0   1   0   0   0   1   0   0 ...   0   0   0   1   0   0   0   0   0
1   0   1   0   0   0   0   1   0   0 ...   0   0   0   0   0   1   0   0   0
2   0   0   1   0   0   0   0   1   0 ...   0   0   0   1   0   0   0   0   0
3   0   1   0   0   0   0   1   0   0 ...   0   0   0   0   0   1   0   0   0
4   0   0   1   0   0   0   0   1   0 ...   0   0   0   1   0   0   0   0   0

[5 rows x 45 columns]
Initial Neural Network:
[{'weights': array([[-0.005,  0.009, -0.004,  0.006,  0.003,  0.005,  0.004, -0.01 ,
         0.003, -0.005,  0.002,  0.007,  0.001,  0.006, -0.006,  0.   ,
         0.009, -0.006, -0.007, -0.004,  0.006, -0.001,  0.004,  0.001,
        -0.008,  0.008, -0.008,  0.004,  0.006, -0.006, -0.01 , -0.005,
        -0.004, -0.004, -0.007, -0.006,  0.008, -0.007, -0.006, -0.002,
         0.005,  0.003,  0.005,  0.006,  0.002],
       [-0.007,  0.004, -0.009, -0.007, -0.005, -0.005, -0.004, -0.008,
         0.   ,  0.001, -0.009,  0.01 ,  0.003, -0.009, -0.005,  0.01 ,
         0.002, -0.001,  0.   ,  0.   , -0.008,  0.   ,  0.003,  0.003,
         0.   ,  0.004, -0.004,  0.004, -0.002,  0.007,  0.007,  0.001,
         0.   ,  0.009, -0.001, -0.009, -0.006,  0.002,  0.01 ,  0.008,
        -0.004, -0.003,  0.007,  0.01 ,  0.004],
       [ 0.003,  0.002,  0.   ,  0.001,  0.004, -0.002, -0.01 , -0.01 ,
        -0.01 , -0.009,  0.009,  0.007, -0.007,  0.002, -0.01 , -0.009,
        -0.01 ,  0.003, -0.009, -0.004, -0.001,  0.003, -0.001, -0.002,
        -0.002, -0.008,  0.009,  0.001,  0.   ,  0.002,  0.003,  0.003,
         0.   , -0.009,  0.008,  0.008,  0.01 , -0.009,  0.003, -0.005,
        -0.005,  0.002,  0.   ,  0.008, -0.002],
       [ 0.005, -0.009,  0.006,  0.009, -0.002,  0.005,  0.004, -0.008,
        -0.002, -0.004,  0.002, -0.004,  0.002, -0.004,  0.004,  0.   ,
         0.01 ,  0.001, -0.007,  0.01 ,  0.007, -0.001, -0.002, -0.001,
         0.01 ,  0.004,  0.007,  0.003,  0.004,  0.002,  0.002,  0.004,
        -0.007, -0.008, -0.006, -0.009, -0.008,  0.004,  0.   ,  0.01 ,
        -0.008, -0.004, -0.01 ,  0.001, -0.008],
       [ 0.007,  0.005,  0.007, -0.001,  0.006, -0.01 ,  0.01 ,  0.009,
        -0.003, -0.004, -0.01 ,  0.004, -0.002, -0.009,  0.008, -0.002,
        -0.01 , -0.005,  0.004,  0.01 ,  0.007, -0.001,  0.001, -0.004,
        -0.002, -0.002,  0.004,  0.008,  0.007, -0.008,  0.001,  0.009,
        -0.009,  0.005, -0.006, -0.009,  0.006,  0.006,  0.006, -0.005,
         0.003,  0.004,  0.007, -0.001,  0.005],
       [-0.004,  0.006,  0.002,  0.004, -0.01 , -0.007, -0.005, -0.001,
         0.009, -0.009, -0.01 ,  0.   ,  0.008,  0.003,  0.002, -0.008,
        -0.001, -0.002,  0.001, -0.003,  0.001,  0.01 ,  0.01 ,  0.007,
        -0.004,  0.003,  0.009,  0.006,  0.005,  0.002, -0.007, -0.001,
        -0.003, -0.005, -0.006,  0.01 , -0.001,  0.008,  0.007, -0.003,
        -0.009, -0.01 , -0.008,  0.001, -0.001],
       [ 0.009, -0.007, -0.001, -0.004, -0.003,  0.001,  0.001, -0.01 ,
         0.006,  0.01 ,  0.008, -0.002, -0.006, -0.006, -0.01 ,  0.002,
         0.007,  0.001, -0.003, -0.004,  0.   , -0.008,  0.006, -0.01 ,
         0.007,  0.002, -0.006, -0.008,  0.008,  0.001, -0.01 , -0.001,
         0.006,  0.01 , -0.01 ,  0.008,  0.008, -0.004,  0.001,  0.002,
         0.   ,  0.005, -0.009,  0.   ,  0.002]]), 'deltas': array([[0.],
       [0.],
       [0.],
       [0.],
       [0.],
       [0.],
       [0.]]), 'outputs': array([[0.],
       [0.],
       [0.],
       [0.],
       [0.],
       [0.],
       [0.]]), 'errors': array([[0.],
       [0.],
       [0.],
       [0.],
       [0.],
       [0.],
       [0.]])}, {'weights': array([[-0.005, -0.005,  0.006, -0.003, -0.007,  0.009, -0.009],
       [-0.005,  0.008,  0.005, -0.002, -0.004,  0.006,  0.002],
       [ 0.009,  0.005, -0.007, -0.006,  0.009, -0.01 ,  0.004],
       [-0.007,  0.003, -0.009, -0.008,  0.006,  0.001, -0.004],
       [ 0.004,  0.009, -0.01 , -0.002,  0.002, -0.006,  0.   ],
       [ 0.005, -0.001,  0.007, -0.002,  0.002,  0.01 ,  0.002]]), 'deltas': array([[0.],
       [0.],
       [0.],
       [0.],
       [0.],
       [0.],
       [0.]]), 'outputs': array([[0.],
       [0.],
       [0.],
       [0.],
       [0.],
       [0.],
       [0.]]), 'errors': array([[0.],
       [0.],
       [0.],
       [0.],
       [0.],
       [0.],
       [0.]])}]
Training complete!
Training done. epoch: 17 , total error: 0.009157403522645984
[{'weights': array([[-3.30885998e-01, -1.18590304e+00,  4.37260500e-01,
        -1.92443112e-01,  7.16287364e-03, -2.71785428e-01,
         2.63357476e-01, -1.39824617e+00,  9.22392943e-02,
         3.76260572e-02, -1.52936176e+00, -4.59162811e-01,
        -1.05861400e+00,  1.79979303e-01,  1.60335050e+00,
         1.66123571e+00, -1.63886216e+00, -4.94587449e-01,
        -8.48369571e-01,  3.87746930e-02, -6.39025885e-01,
         7.11421007e-01, -6.32684622e-01, -5.53474289e-01,
        -1.58044985e-01, -6.07158022e-01, -4.52439667e-01,
        -2.52985778e-01,  4.87746930e-02, -3.65038917e-01,
        -1.50305339e+00,  1.04597434e+00,  6.91608006e-02,
        -5.49851608e-01, -2.76240562e-01, -5.03959115e-01,
        -5.58387980e-01, -7.00000000e-03,  5.37788829e-02,
        -3.18783994e-01,  5.34610344e-01, -8.99041506e-02,
        -1.26807255e+00, -1.14658420e-01, -1.27180877e+00],
       [-4.14422393e-01,  1.56977178e-01, -5.11949704e-01,
         1.44192539e-01,  3.25030717e-01, -1.08694042e+00,
         4.32817482e-01,  3.19437235e-01, -1.75390271e-01,
         2.17904314e-01, -1.17727198e+00, -1.00376645e+00,
        -4.11466926e-01,  7.51602593e-01,  1.55473110e+00,
         7.00891405e-01,  1.26457221e+00, -2.05859472e-01,
        -2.45634534e+00,  4.31569539e-01,  1.28483444e-01,
         1.00219668e+00, -9.45099839e-02, -9.46768688e-01,
        -3.67573120e-01,  1.30834290e+00, -9.11650323e-01,
        -1.10043378e+00,  4.29569539e-01, -2.52176469e-01,
        -1.11146421e+00,  5.75130654e-01,  5.11159668e-01,
         2.51786925e-02,  2.19035184e+00, -1.23295421e+00,
        -1.38733302e+00,  2.00000000e-03,  1.47763721e-01,
        -9.19321465e-01,  3.21453155e-01,  8.14001364e-01,
        -3.11238869e-01, -1.63065848e-01, -2.72171664e-01],
       [-2.91004445e-01, -1.12519889e+00,  3.71802420e-01,
        -4.72483791e-02,  1.02238639e-02, -1.04241154e-01,
         2.29619724e-01, -1.12347061e+00, -1.69389094e-01,
         3.50557006e-02, -1.28360287e+00, -3.21716011e-01,
        -8.15911599e-01,  1.58042201e-01,  1.17276284e+00,
         1.27732567e+00, -1.37968070e+00, -3.03067716e-01,
        -7.40612259e-01,  2.56095732e-02, -5.06309793e-01,
         3.75058667e-01, -3.45104663e-01, -4.57199236e-01,
        -1.60870408e-01, -4.99290821e-01, -4.04212862e-01,
        -2.15531323e-01,  2.96095732e-02, -3.37547588e-01,
        -1.47470046e+00,  1.02243889e+00,  1.16927937e-01,
        -4.19544207e-01, -1.92784807e-01, -4.62024029e-01,
        -4.86939910e-01, -9.00000000e-03,  7.93233130e-02,
        -6.39690495e-01,  4.57497875e-01,  4.01988158e-03,
        -8.38627860e-01, -7.46248346e-02, -1.09342543e+00],
       [-3.47562969e-01, -1.27304325e+00,  4.39176139e-01,
        -9.62752513e-02, -5.87111740e-02, -3.93128121e-01,
         5.83037009e-01, -1.47246494e+00, -1.43561835e-01,
         7.57013805e-02, -1.62218403e+00, -5.37867939e-01,
        -1.14065640e+00,  4.45493385e-01,  1.50979849e+00,
         1.54230611e+00, -1.30044286e+00, -7.21221453e-01,
        -9.57575744e-01,  1.05517439e-01, -6.25614014e-01,
         6.58330393e-01, -6.90207885e-01, -5.31448281e-01,
        -1.43476720e-01, -6.16078182e-01, -4.83757929e-01,
        -3.27097835e-01,  9.95174394e-02, -3.13539109e-01,
        -1.69290520e+00,  1.18550517e+00,  4.45379616e-02,
        -5.76015336e-01, -1.62257061e-01, -5.88415242e-01,
        -6.65532377e-01,  4.00000000e-03,  4.77881725e-02,
        -7.31205951e-01,  5.83639789e-01,  2.53109586e-02,
        -1.05941784e+00, -1.74743460e-01, -1.35341651e+00],
       [-1.05900469e-01, -2.76666515e-01, -6.85969330e-01,
        -2.53512011e-01, -1.79993460e-01, -7.57896088e-01,
         1.68546900e+00, -2.13368333e+00, -4.23741972e-01,
         1.05810604e-01, -2.82050880e+00, -1.15326326e+00,
        -2.05728741e+00,  4.58218660e-01,  4.03779903e+00,
         1.83655479e-01,  2.92564552e+00, -3.35000715e+00,
        -1.49053261e+00,  2.02196966e-01, -8.97831925e-01,
         2.00981160e+00, -1.21406901e+00, -9.36255943e-01,
        -4.86696507e-01, -1.85323324e-01, -6.88602033e-01,
        -8.34313394e-01,  1.99196966e-01, -3.98594463e-01,
         8.94701874e-01, -1.00473860e+00, -2.29711833e-01,
        -7.89698764e-01,  3.34463940e-01, -9.62364703e-01,
        -1.06483252e+00,  6.00000000e-03,  1.63691502e-01,
        -5.16182893e-01, -3.09342620e-01,  8.63870635e-01,
        -1.21562270e+00, -3.40764207e-01, -1.52104179e+00],
       [-3.43864474e-01, -1.23748966e+00,  4.94922227e-01,
        -2.16720856e-01, -1.15423349e-02, -3.35413445e-01,
         2.78255435e-01, -1.41338180e+00,  1.06370894e-01,
         3.84738181e-02, -1.58867549e+00, -4.97897640e-01,
        -1.10542746e+00,  1.82013002e-01,  1.70029249e+00,
         1.70300194e+00, -1.68672552e+00, -5.01815033e-01,
        -8.86064083e-01,  4.59075899e-02, -6.58147712e-01,
         7.82764212e-01, -7.19494310e-01, -5.42991100e-01,
        -1.50826192e-01, -6.30353846e-01, -4.50860099e-01,
        -2.62388746e-01,  5.39075899e-02, -3.61478691e-01,
        -1.46386676e+00,  1.00609610e+00,  5.87993445e-02,
        -5.66245093e-01, -2.51520227e-01, -5.13268127e-01,
        -5.94955068e-01,  8.00000000e-03,  5.70483196e-02,
        -2.94032127e-01,  5.07867041e-01, -6.93374073e-02,
        -1.35593974e+00, -1.30252867e-01, -1.31369510e+00],
       [ 9.00000000e-03, -7.00000000e-03, -1.00000000e-03,
        -4.00000000e-03, -3.00000000e-03,  1.00000000e-03,
         1.00000000e-03, -1.00000000e-02,  6.00000000e-03,
         1.00000000e-02,  8.00000000e-03, -2.00000000e-03,
        -6.00000000e-03, -6.00000000e-03, -1.00000000e-02,
         2.00000000e-03,  7.00000000e-03,  1.00000000e-03,
        -3.00000000e-03, -4.00000000e-03,  0.00000000e+00,
        -8.00000000e-03,  6.00000000e-03, -1.00000000e-02,
         7.00000000e-03,  2.00000000e-03, -6.00000000e-03,
        -8.00000000e-03,  8.00000000e-03,  1.00000000e-03,
        -1.00000000e-02, -1.00000000e-03,  6.00000000e-03,
         1.00000000e-02, -1.00000000e-02,  8.00000000e-03,
         8.00000000e-03, -4.00000000e-03,  1.00000000e-03,
         2.00000000e-03,  0.00000000e+00,  5.00000000e-03,
        -9.00000000e-03,  0.00000000e+00,  2.00000000e-03]]), 'deltas': array([[0.0095166 ],
       [0.00016619],
       [0.01486799],
       [0.01323039],
       [0.01540225],
       [0.00828596],
       [0.        ]]), 'outputs': array([[0.8177765 ],
       [0.99739092],
       [0.63109433],
       [0.70695072],
       [0.59391423],
       [0.84677405],
       [1.        ]]), 'errors': 0.06386203853415644}, {'weights': array([[ 1.16977377,  1.1874974 ,  0.52801416,  1.33223249,  2.16105725,
         1.38274692, -3.76931293],
       [-1.43758055,  3.01767926, -0.35149404, -0.30394239, -0.55951823,
        -1.68865323, -2.45384753],
       [-0.19372308,  0.40404507, -0.44708543, -0.35563878,  0.3372872 ,
        -0.14839498, -2.88118683],
       [-0.55941434,  0.45993434, -0.52530081, -0.58390273, -1.77160342,
        -0.56222348, -1.96102421],
       [-0.72712521, -0.03290705, -0.71711903, -0.76393989, -1.27810137,
        -0.74144526, -2.25814888],
       [-1.33317506, -5.78623679, -1.07922787, -1.68871483, -2.92671452,
        -1.40719998,  2.10612222]]), 'deltas': array([[ 1.14608029e-02],
       [-3.06502741e-03],
       [-1.81866292e-03],
       [-2.02201113e-04],
       [-2.63102020e-05],
       [-4.96830739e-09]]), 'outputs': array([[8.86284142e-01],
       [5.70117051e-02],
       [4.36071748e-02],
       [1.43226833e-02],
       [5.14258727e-03],
       [7.04887057e-05]]), 'errors': array([[ 1.13715858e-01],
       [-5.70117051e-02],
       [-4.36071748e-02],
       [-1.43226833e-02],
       [-5.14258727e-03],
       [-7.04887057e-05]])}]
neural_net output [0.10664746 0.58812504 0.08224687 0.1286017  0.07049938 0.01497321]
target: 0 prediction: 1
neural_net output [0.36802407 0.50154978 0.10278613 0.03988887 0.02917427 0.0016342 ]
target: 0 prediction: 1
neural_net output [6.04037224e-01 2.60379511e-01 8.42883158e-02 2.58967965e-02
 1.60758688e-02 5.52584560e-04]
target: 0 prediction: 0
neural_net output [0.10664746 0.58812504 0.08224687 0.1286017  0.07049938 0.01497321]
target: 0 prediction: 1
neural_net output [9.63654905e-01 3.11463282e-02 3.61720756e-02 6.73216498e-03
 2.31159517e-03 1.42792183e-05]
target: 0 prediction: 0
neural_net output [0.19783439 0.38361316 0.08772871 0.05817461 0.04158966 0.0125849 ]
target: 0 prediction: 1
neural_net output [0.33471859 0.49847692 0.10066313 0.04368101 0.03141776 0.00212848]
target: 0 prediction: 1
neural_net output [0.35501381 0.46662971 0.10141934 0.03898904 0.02925909 0.0021495 ]
target: 0 prediction: 1
neural_net output [0.10664746 0.58812504 0.08224687 0.1286017  0.07049938 0.01497321]
target: 0 prediction: 1
neural_net output [0.39605558 0.48961168 0.1043777  0.03617557 0.02718724 0.00141598]
target: 0 prediction: 1
neural_net output [0.39605558 0.48961168 0.1043777  0.03617557 0.02718724 0.00141598]
target: 0 prediction: 1
neural_net output [0.36802407 0.50154978 0.10278613 0.03988887 0.02917427 0.0016342 ]
target: 0 prediction: 1
neural_net output [0.35523392 0.49190714 0.10205082 0.04061904 0.029825   0.00189026]
target: 0 prediction: 1
neural_net output [0.06713883 0.56171063 0.07503339 0.16861125 0.08881694 0.03881568]
target: 0 prediction: 1
neural_net output [0.35523392 0.49190714 0.10205082 0.04061904 0.029825   0.00189026]
target: 1 prediction: 1
neural_net output [0.39605558 0.48961168 0.1043777  0.03617557 0.02718724 0.00141598]
target: 1 prediction: 1
neural_net output [0.04282557 0.26073351 0.06261557 0.14441662 0.08848253 0.30113066]
target: 1 prediction: 5
neural_net output [0.07893917 0.60007136 0.07403177 0.17004215 0.08357776 0.02198387]
target: 1 prediction: 1
neural_net output [0.40532611 0.49019845 0.1038489  0.03574323 0.02663521 0.00130264]
target: 1 prediction: 1
neural_net output [0.40532611 0.49019845 0.1038489  0.03574323 0.02663521 0.00130264]
target: 1 prediction: 1
neural_net output [0.08255973 0.61610981 0.07898333 0.15981572 0.08291796 0.02056807]
target: 1 prediction: 1
neural_net output [0.06529598 0.57433936 0.07469471 0.17510463 0.09089699 0.03808888]
target: 1 prediction: 1
neural_net output [0.06713883 0.56171063 0.07503339 0.16861125 0.08881694 0.03881568]
target: 1 prediction: 1
neural_net output [0.35523392 0.49190714 0.10205082 0.04061904 0.029825   0.00189026]
target: 1 prediction: 1
neural_net output [0.33032039 0.37290115 0.07506334 0.05915553 0.03074043 0.00228112]
target: 1 prediction: 1
neural_net output [0.04498197 0.33237589 0.06582817 0.15403367 0.09164608 0.21165078]
target: 1 prediction: 1
neural_net output [0.38818763 0.4940436  0.1041985  0.03708413 0.02773982 0.00147392]
target: 1 prediction: 1
neural_net output [0.35523392 0.49190714 0.10205082 0.04061904 0.029825   0.00189026]
target: 1 prediction: 1
neural_net output [0.40168883 0.49474988 0.10443597 0.03603351 0.02693689 0.00132089]
target: 1 prediction: 1
neural_net output [0.06978881 0.60645143 0.07653674 0.17549407 0.09005687 0.029087  ]
target: 2 prediction: 1
neural_net output [0.35523392 0.49190714 0.10205082 0.04061904 0.029825   0.00189026]
target: 2 prediction: 1
neural_net output [0.35523392 0.49190714 0.10205082 0.04061904 0.029825   0.00189026]
target: 2 prediction: 1
neural_net output [0.11258187 0.57622441 0.0794084  0.12639602 0.06743117 0.0136951 ]
target: 3 prediction: 1
neural_net output [0.05530982 0.45184745 0.07012652 0.16382908 0.09059534 0.08932081]
target: 3 prediction: 1
neural_net output [0.02538542 0.10061332 0.0547676  0.12710743 0.09354942 0.82650738]
target: 3 prediction: 5
neural_net output [0.06103636 0.5398562  0.07358716 0.17286124 0.09183175 0.05103362]
target: 4 prediction: 1
neural_net output [0.0516743  0.43237363 0.06983267 0.16397584 0.09257337 0.11110075]
target: 4 prediction: 1
neural_net output [0.02311224 0.08364334 0.05348509 0.12428731 0.09450959 0.87944145]
target: 5 prediction: 5
neural_net output [0.02446893 0.09585577 0.05451788 0.12678883 0.09439245 0.84573045]
target: 5 prediction: 5
neural_net output [0.02293192 0.08232939 0.05337572 0.12404394 0.09458432 0.88319948]
target: 5 prediction: 5
neural_net output [0.02311224 0.08364334 0.05348509 0.12428731 0.09450959 0.87944145]
target: 5 prediction: 5
neural_net output [0.06916341 0.48554224 0.07004213 0.15967602 0.08287216 0.0473388 ]
target: 5 prediction: 1
neural_net output [0.02293192 0.08232939 0.05337572 0.12404394 0.09458432 0.88319948]
target: 5 prediction: 5
Accuracy: 48.837209302325576 %

train_data group 1 length:  172
   0   1   2   3   4   5   6   7   8  ...  36  37  38  39  40  41  42  43  44
0   0   1   0   0   0   0   0   1   0 ...   0   0   0   1   0   0   0   0   0
1   0   1   0   0   0   0   1   0   0 ...   0   0   0   0   1   0   0   0   0
2   0   0   1   0   0   0   0   1   0 ...   0   0   0   1   0   0   0   0   0
3   0   1   0   0   0   0   0   1   0 ...   0   0   0   1   0   0   0   0   0
4   0   0   1   0   0   0   1   0   0 ...   0   0   0   0   1   0   0   0   0

[5 rows x 45 columns]
Initial Neural Network:
[{'weights': array([[ 0.001,  0.005,  0.009, -0.01 ,  0.007,  0.   , -0.002, -0.009,
         0.005, -0.01 ,  0.01 , -0.002,  0.   , -0.005, -0.002, -0.003,
         0.005, -0.004, -0.004, -0.003,  0.003, -0.002, -0.009,  0.   ,
        -0.008,  0.008,  0.008, -0.005,  0.006, -0.004, -0.001,  0.004,
        -0.002, -0.004,  0.01 , -0.003, -0.009, -0.01 ,  0.004,  0.005,
         0.004,  0.003,  0.006, -0.009,  0.002],
       [-0.006,  0.001, -0.007,  0.009, -0.007, -0.004, -0.006,  0.008,
        -0.003, -0.009,  0.003,  0.009, -0.005,  0.004,  0.002,  0.002,
        -0.007,  0.005, -0.007, -0.003,  0.002, -0.007,  0.005,  0.001,
         0.007,  0.004,  0.005,  0.004,  0.006,  0.005,  0.004,  0.002,
         0.007,  0.001,  0.004, -0.004, -0.002,  0.007,  0.01 , -0.009,
         0.001,  0.008,  0.001, -0.005, -0.01 ],
       [ 0.009,  0.01 ,  0.002,  0.007, -0.004,  0.01 , -0.005,  0.006,
         0.002,  0.004,  0.   ,  0.002, -0.008, -0.005,  0.007, -0.004,
         0.003,  0.009,  0.003, -0.01 ,  0.005,  0.007, -0.002,  0.004,
        -0.008, -0.008,  0.009,  0.008, -0.01 ,  0.01 ,  0.001,  0.002,
         0.001,  0.005,  0.005, -0.008,  0.005, -0.004, -0.005,  0.008,
         0.01 , -0.005, -0.006,  0.007,  0.004],
       [-0.01 ,  0.005, -0.005, -0.003, -0.003,  0.   , -0.007, -0.003,
        -0.005, -0.006,  0.003,  0.005,  0.003,  0.007,  0.001,  0.004,
        -0.003,  0.009, -0.008,  0.002, -0.008,  0.004, -0.002,  0.   ,
        -0.007, -0.008,  0.   , -0.003, -0.002, -0.008, -0.005, -0.008,
        -0.004, -0.003,  0.004,  0.01 , -0.01 ,  0.002,  0.008,  0.   ,
         0.006,  0.001,  0.003, -0.008,  0.006],
       [-0.008,  0.008, -0.009, -0.005,  0.007, -0.005,  0.01 ,  0.   ,
         0.003, -0.01 ,  0.003,  0.003,  0.004,  0.   ,  0.003, -0.008,
        -0.01 , -0.001, -0.004,  0.005,  0.01 ,  0.007, -0.009,  0.01 ,
         0.003, -0.007, -0.002,  0.009, -0.002,  0.009,  0.005,  0.001,
         0.005, -0.01 , -0.005, -0.005, -0.01 ,  0.   , -0.001, -0.008,
         0.005, -0.006, -0.006, -0.007,  0.004],
       [ 0.008, -0.01 , -0.008,  0.006, -0.004,  0.005,  0.002,  0.   ,
        -0.002,  0.006,  0.   , -0.007, -0.001, -0.009, -0.001,  0.01 ,
         0.004,  0.001,  0.01 , -0.004,  0.008, -0.006,  0.   ,  0.009,
         0.006,  0.004, -0.004,  0.001,  0.001,  0.009, -0.001, -0.002,
         0.007, -0.009,  0.01 , -0.001,  0.009, -0.01 , -0.009, -0.001,
        -0.006,  0.01 ,  0.007, -0.007,  0.   ],
       [ 0.006,  0.005, -0.007,  0.004, -0.009,  0.01 ,  0.01 ,  0.009,
        -0.009, -0.001,  0.005,  0.01 ,  0.005,  0.007, -0.005,  0.001,
         0.007, -0.008, -0.007,  0.   ,  0.007,  0.01 ,  0.002,  0.003,
         0.01 , -0.007, -0.008,  0.009, -0.002, -0.001,  0.002,  0.008,
         0.   ,  0.007, -0.005, -0.006, -0.01 , -0.002,  0.008,  0.001,
        -0.005, -0.003,  0.001, -0.001,  0.   ]]), 'deltas': array([[0.],
       [0.],
       [0.],
       [0.],
       [0.],
       [0.],
       [0.]]), 'outputs': array([[0.],
       [0.],
       [0.],
       [0.],
       [0.],
       [0.],
       [0.]]), 'errors': array([[0.],
       [0.],
       [0.],
       [0.],
       [0.],
       [0.],
       [0.]])}, {'weights': array([[ 0.008,  0.007, -0.004, -0.003,  0.005, -0.008, -0.003],
       [-0.008,  0.006,  0.   , -0.002, -0.002,  0.   ,  0.01 ],
       [ 0.009,  0.006,  0.004, -0.007, -0.007,  0.008, -0.001],
       [ 0.006,  0.006, -0.009, -0.001,  0.005, -0.004, -0.004],
       [ 0.   , -0.003,  0.004,  0.006, -0.01 , -0.004, -0.009],
       [ 0.009,  0.007, -0.003, -0.002, -0.005,  0.001,  0.006]]), 'deltas': array([[0.],
       [0.],
       [0.],
       [0.],
       [0.],
       [0.],
       [0.]]), 'outputs': array([[0.],
       [0.],
       [0.],
       [0.],
       [0.],
       [0.],
       [0.]]), 'errors': array([[0.],
       [0.],
       [0.],
       [0.],
       [0.],
       [0.],
       [0.]])}]
Training complete!
Training done. epoch: 15 , total error: 0.00931690492481822
[{'weights': array([[-7.57448404e-01,  9.66169775e-02, -1.94011016e+00,
         1.38222767e+00,  3.86726266e-01,  1.05472474e+00,
        -1.88807341e-01, -1.26388601e+00, -4.52019050e-01,
        -1.00000000e-02,  1.61967590e-01,  4.36238934e-01,
        -5.72379546e-01, -2.27093368e+00,  1.40211905e+00,
        -6.80361945e-01,  8.07655410e-01, -1.25081164e-01,
        -8.12030345e-01, -4.31696113e-02,  3.09920568e-01,
         4.50788826e-01, -3.98767798e-01, -8.71792720e-01,
        -3.50136531e-01,  2.98269203e-01, -3.95362870e-01,
        -6.05959285e-01, -1.23934703e-01,  2.28875068e-01,
        -2.06389452e+00, -1.98406185e+00,  1.30013850e+00,
         1.66795515e+00,  3.70084207e-01, -7.21209092e-01,
        -6.73149975e-01,  1.63721712e-01,  8.56549274e-03,
        -2.56442295e+00,  1.80607239e-01,  4.71069943e-01,
         1.15160793e+00, -7.38498118e-02, -8.41987655e-01],
       [-9.84754769e-01,  1.64742733e+00, -3.31326444e+00,
         1.36670954e+00,  3.60750870e-01, -8.30568444e-02,
         2.32030341e-01,  1.66686570e-01, -1.23379153e+00,
        -9.00000000e-03, -1.64970825e+00,  4.95336355e-01,
        -1.60022310e+00,  1.51338828e+00,  3.41075239e-01,
        -1.89404943e+00,  1.74290386e+00,  1.11009734e+00,
        -1.62219216e+00, -2.59891080e-01,  1.62365065e-01,
        -1.23088725e+00, -7.89891811e-02,  3.20461181e-01,
        -7.80812842e-02,  2.01930689e+00, -1.10439878e+00,
        -1.53352997e+00, -2.75509608e-01, -3.49227277e-01,
        -3.18208442e+00,  5.16529227e-01,  8.57827207e-01,
         1.26282379e+00,  2.49188439e+00, -2.35089648e+00,
        -1.06544462e+00,  2.32317217e-01, -2.05991978e-01,
        -6.09222401e-01, -1.18540755e+00,  5.86951212e-01,
         3.97192415e-01, -1.06645140e-01, -9.23131467e-01],
       [-7.45537249e-01,  4.49421234e-01, -2.07198611e+00,
         1.30564352e+00,  3.78240856e-01,  1.00546726e+00,
        -1.50678408e-01, -1.06512855e+00, -4.84878053e-01,
         4.00000000e-03,  2.90664520e-02,  6.34619431e-01,
        -6.36815872e-01, -2.40471922e+00,  1.66563146e+00,
        -9.05649495e-01,  7.81913539e-01,  2.60171804e-01,
        -8.23245966e-01, -2.04076259e-02,  3.15841464e-01,
         6.00252990e-01, -2.61713802e-01, -1.00494522e+00,
        -3.51653174e-01,  4.04111060e-01, -4.44445091e-01,
        -5.88462632e-01, -8.04210800e-02,  2.55806259e-01,
        -1.94421644e+00, -1.86894021e+00,  1.29924651e+00,
         1.56888614e+00,  5.88834057e-01, -7.54955742e-01,
        -6.84341988e-01,  1.43753179e-01, -8.50724940e-03,
        -2.80395086e+00,  2.19300485e-01,  7.71996735e-01,
         1.18320618e+00, -6.47702787e-02, -7.04217744e-01],
       [-7.57015432e-01, -8.48648408e-02, -9.83171220e-01,
         1.03742994e+00,  3.71439905e-01,  4.43837177e-01,
         3.38932626e-01,  4.11643106e-01, -1.60959455e+00,
        -6.00000000e-03, -3.19472548e+00,  4.17702717e-01,
        -1.50083654e+00,  2.53194933e+00,  1.36472832e+00,
         1.76517079e+00,  5.40902338e-01, -7.97472335e-01,
        -1.92430653e+00,  1.95240912e-02, -4.22073437e-01,
         4.98957586e-01, -9.65652823e-02, -7.92687109e-01,
         3.99186598e-01,  1.73487443e+00, -9.48789808e-01,
        -1.16183917e+00, -3.74270989e-02, -3.18567190e-01,
        -1.01243981e+00, -6.27792701e-01,  7.34190317e-01,
         7.96427738e-01,  2.29692883e+00, -2.03062499e+00,
        -9.22824260e-01,  2.87404350e-01, -1.70655682e-02,
        -1.10808777e+00, -2.21429554e-02,  1.41283334e-01,
         4.87374018e-01,  1.03391726e-01, -3.94181644e-01],
       [ 3.02007310e-01, -5.29375793e-01, -1.83570521e+00,
         1.33802750e+00,  3.91173474e-01,  1.01995351e+00,
        -7.50315866e-01, -1.20871419e-01, -4.67638944e-01,
        -1.00000000e-02, -1.73979806e-01,  5.79432135e-01,
        -5.88115029e-02, -5.62737794e-01, -9.77757514e-02,
        -4.50933116e-01, -1.93177024e-02,  2.57117016e-01,
        -7.83392445e-01,  6.51653527e-01,  1.37974693e+00,
        -6.19155880e-03, -7.78406837e-01, -6.61823589e-01,
        -2.39197668e-01,  3.94491640e-01, -8.72606624e-02,
        -5.67272179e-01, -6.88315187e-02,  1.06764804e+00,
        -2.48544014e+00, -1.55344458e+00,  1.05314503e+00,
         1.60121892e+00,  5.46196069e-01, -7.96616418e-01,
        -6.42361489e-01,  7.92102118e-01, -2.47193000e-01,
        -1.29051824e+00,  2.07518025e-02,  3.36115920e-01,
         6.29922613e-01, -4.51448139e-02, -3.22872720e-01],
       [ 4.16249643e-01, -6.76379620e-01, -1.87167420e+00,
         1.43266269e+00,  3.77924987e-01,  1.03709792e+00,
        -8.39969840e-01,  1.59107814e-03, -5.06935663e-01,
         6.00000000e-03, -2.13528338e-01,  5.92008861e-01,
        -1.20647155e-01, -3.09947156e-01, -2.79102718e-01,
        -3.51523953e-01, -1.14672021e-01,  2.50049936e-01,
        -7.81984740e-01,  7.05914271e-01,  1.53095220e+00,
        -9.53019561e-02, -8.46975698e-01, -7.03190666e-01,
        -1.81700384e-01,  4.19542854e-01, -1.54782512e-01,
        -5.70150318e-01, -5.82653008e-03,  1.16975907e+00,
        -2.62215119e+00, -1.46220463e+00,  1.02359441e+00,
         1.58178584e+00,  6.47902358e-01, -8.31241463e-01,
        -6.28491769e-01,  7.85082308e-01, -2.87467940e-01,
        -1.17988530e+00, -3.58641529e-02,  3.84827464e-01,
         5.67138057e-01, -4.64325762e-02, -3.13216506e-01],
       [ 6.00000000e-03,  5.00000000e-03, -7.00000000e-03,
         4.00000000e-03, -9.00000000e-03,  1.00000000e-02,
         1.00000000e-02,  9.00000000e-03, -9.00000000e-03,
        -1.00000000e-03,  5.00000000e-03,  1.00000000e-02,
         5.00000000e-03,  7.00000000e-03, -5.00000000e-03,
         1.00000000e-03,  7.00000000e-03, -8.00000000e-03,
        -7.00000000e-03,  0.00000000e+00,  7.00000000e-03,
         1.00000000e-02,  2.00000000e-03,  3.00000000e-03,
         1.00000000e-02, -7.00000000e-03, -8.00000000e-03,
         9.00000000e-03, -2.00000000e-03, -1.00000000e-03,
         2.00000000e-03,  8.00000000e-03,  0.00000000e+00,
         7.00000000e-03, -5.00000000e-03, -6.00000000e-03,
        -1.00000000e-02, -2.00000000e-03,  8.00000000e-03,
         1.00000000e-03, -5.00000000e-03, -3.00000000e-03,
         1.00000000e-03, -1.00000000e-03,  0.00000000e+00]]), 'deltas': array([[0.01589112],
       [0.00551013],
       [0.01443836],
       [0.00431407],
       [0.00705114],
       [0.0052562 ],
       [0.        ]]), 'outputs': array([[0.45850646],
       [0.90485961],
       [0.34373356],
       [0.92731514],
       [0.87394508],
       [0.90972987],
       [1.        ]]), 'errors': 0.06400525855010286}, {'weights': array([[-0.61461836, -1.10641621, -0.47427474,  3.3113867 , -0.93496711,
        -1.08251047, -2.84126257],
       [ 1.30976473,  1.90541659,  1.22365672,  1.50133172,  1.02269882,
         1.10767693, -3.72811132],
       [-0.58912195, -0.30012181, -0.59642225,  0.79993237, -0.59033854,
        -0.58839057, -2.68478078],
       [-0.46999725,  0.0231929 , -0.55415155, -1.09780264,  0.2722176 ,
         0.35763567, -1.56461254],
       [-0.781834  , -0.291152  , -0.7924893 , -0.62464887, -0.74730183,
        -0.73736582, -2.30998231],
       [-1.58320456, -3.27097554, -1.62218072, -4.33312225, -1.73549784,
        -1.77106006,  2.05643104]]), 'deltas': array([[-2.10411219e-03],
       [ 7.83265697e-03],
       [-5.27201584e-04],
       [-6.60210059e-03],
       [-3.59732025e-05],
       [-7.82347318e-09]]), 'outputs': array([[4.69878117e-02],
       [9.07074913e-01],
       [2.32323271e-02],
       [8.49408257e-02],
       [6.01588922e-03],
       [8.84543117e-05]]), 'errors': array([[-4.69878117e-02],
       [ 9.29250868e-02],
       [-2.32323271e-02],
       [-8.49408257e-02],
       [-6.01588922e-03],
       [-8.84543117e-05]])}]
Accuracy: 47.61904761904761 %

train_data group 2 length:  172
   0   1   2   3   4   5   6   7   8  ...  36  37  38  39  40  41  42  43  44
0   0   1   0   0   0   0   0   1   0 ...   0   0   0   1   0   0   0   0   0
1   0   1   0   0   0   0   1   0   0 ...   0   0   0   0   1   0   0   0   0
2   0   0   1   0   0   0   0   1   0 ...   0   0   0   1   0   0   0   0   0
3   0   1   0   0   0   0   0   1   0 ...   0   0   0   1   0   0   0   0   0
4   0   0   1   0   0   0   1   0   0 ...   0   0   0   0   1   0   0   0   0

[5 rows x 45 columns]
Initial Neural Network:
[{'weights': array([[ 0.01 , -0.007, -0.003,  0.008, -0.003,  0.002,  0.002,  0.002,
        -0.006, -0.005,  0.009,  0.006,  0.001, -0.001, -0.009,  0.009,
        -0.008, -0.002, -0.008,  0.006, -0.003, -0.003,  0.01 ,  0.001,
         0.003,  0.006, -0.009,  0.006,  0.001, -0.006, -0.008,  0.002,
        -0.006,  0.001,  0.008, -0.008,  0.001,  0.009,  0.008,  0.001,
        -0.001,  0.007,  0.008,  0.001, -0.008],
       [ 0.004,  0.001,  0.007, -0.003,  0.009,  0.006,  0.001, -0.005,
        -0.008, -0.009,  0.008, -0.003, -0.006, -0.004,  0.002, -0.01 ,
        -0.002,  0.   ,  0.005, -0.003, -0.003,  0.002, -0.009,  0.004,
        -0.002,  0.   ,  0.005, -0.004,  0.01 ,  0.003,  0.001,  0.005,
        -0.003,  0.01 ,  0.009, -0.009, -0.006,  0.01 ,  0.009, -0.003,
        -0.001,  0.   ,  0.008,  0.009, -0.003],
       [ 0.01 , -0.003,  0.003, -0.002,  0.002,  0.009, -0.003,  0.008,
         0.006,  0.009,  0.006,  0.009,  0.002, -0.004,  0.004, -0.007,
        -0.003,  0.002, -0.006,  0.007,  0.003, -0.009,  0.002,  0.001,
         0.007, -0.007, -0.004, -0.004,  0.002,  0.01 ,  0.006, -0.001,
         0.007, -0.006,  0.003,  0.001, -0.005, -0.01 , -0.005, -0.009,
         0.004,  0.008, -0.008,  0.002,  0.007],
       [-0.01 ,  0.   ,  0.002,  0.009, -0.004, -0.006, -0.009,  0.005,
         0.005,  0.01 ,  0.008, -0.003, -0.003, -0.007, -0.003,  0.008,
        -0.006, -0.001,  0.002, -0.005,  0.01 ,  0.   , -0.009, -0.002,
         0.004,  0.007, -0.003, -0.003, -0.004,  0.001,  0.01 ,  0.005,
        -0.001,  0.001, -0.008, -0.005, -0.006,  0.001,  0.007, -0.008,
        -0.003, -0.009, -0.004, -0.008, -0.002],
       [-0.007, -0.005, -0.004,  0.005, -0.007, -0.009,  0.009,  0.004,
        -0.01 , -0.003, -0.009, -0.008,  0.01 ,  0.   , -0.004,  0.007,
        -0.008, -0.005, -0.003,  0.002,  0.   , -0.005,  0.006,  0.006,
         0.009, -0.004,  0.008, -0.01 ,  0.002, -0.006,  0.004, -0.01 ,
        -0.006,  0.002, -0.01 ,  0.002, -0.001, -0.006, -0.002, -0.001,
         0.004, -0.01 , -0.002,  0.004, -0.009],
       [ 0.008, -0.01 , -0.005, -0.008, -0.009,  0.008,  0.004, -0.005,
         0.005, -0.001, -0.004,  0.01 , -0.009,  0.007, -0.005,  0.009,
        -0.009,  0.002,  0.   ,  0.004,  0.002,  0.002,  0.01 , -0.001,
        -0.006, -0.006, -0.004,  0.009, -0.006,  0.002, -0.004, -0.006,
         0.001,  0.001,  0.003,  0.006,  0.005,  0.007, -0.008,  0.003,
         0.006,  0.004,  0.004,  0.01 ,  0.003],
       [-0.006,  0.   , -0.008, -0.005,  0.002,  0.007,  0.01 , -0.002,
         0.002, -0.008,  0.005, -0.002,  0.008, -0.003,  0.01 , -0.006,
         0.007, -0.003, -0.004,  0.005,  0.003,  0.01 , -0.005,  0.008,
         0.005, -0.001, -0.009,  0.004,  0.001, -0.004, -0.002,  0.01 ,
        -0.001, -0.008,  0.   ,  0.01 , -0.007,  0.001, -0.009, -0.002,
         0.006,  0.   , -0.005, -0.007, -0.006]]), 'deltas': array([[0.],
       [0.],
       [0.],
       [0.],
       [0.],
       [0.],
       [0.]]), 'outputs': array([[0.],
       [0.],
       [0.],
       [0.],
       [0.],
       [0.],
       [0.]]), 'errors': array([[0.],
       [0.],
       [0.],
       [0.],
       [0.],
       [0.],
       [0.]])}, {'weights': array([[ 0.01 , -0.01 , -0.003,  0.005, -0.006, -0.005,  0.002],
       [ 0.007, -0.005, -0.006, -0.003,  0.008, -0.007,  0.008],
       [ 0.008, -0.003, -0.01 , -0.002,  0.003,  0.001,  0.004],
       [ 0.005, -0.001,  0.009,  0.007, -0.005, -0.01 , -0.008],
       [ 0.004, -0.007, -0.009, -0.01 , -0.006,  0.001,  0.007],
       [-0.008,  0.007,  0.009,  0.009, -0.005,  0.01 , -0.004]]), 'deltas': array([[0.],
       [0.],
       [0.],
       [0.],
       [0.],
       [0.],
       [0.]]), 'outputs': array([[0.],
       [0.],
       [0.],
       [0.],
       [0.],
       [0.],
       [0.]]), 'errors': array([[0.],
       [0.],
       [0.],
       [0.],
       [0.],
       [0.],
       [0.]])}]
Training complete!
Training done. epoch: 84 , total error: 0.0028571345354237105
[{'weights': array([[ 9.57486353e-02, -3.81619589e-01,  6.10037330e-01,
        -2.27773118e+00, -6.27382153e-02, -1.02894453e+00,
         2.25916989e+00, -1.39002681e+00, -2.02426701e+00,
         1.57765437e-01, -4.40424895e+00, -5.22600123e-01,
        -3.07471040e+00, -2.82282451e-01,  6.26853890e+00,
         7.59867835e-01,  5.33913922e+00, -6.27781949e+00,
        -1.70688247e+00, -1.38608113e-01, -2.64590341e+00,
         1.14272805e+00,  9.65704112e-01, -1.25798641e-01,
        -1.35003313e+00,  5.14154591e-01, -1.05413867e+00,
        -1.64504425e+00,  1.67725309e-01, -8.38680950e-01,
         1.00174024e+00,  2.77996188e-02, -1.24095503e+00,
        -9.88206900e-01, -2.86979876e-01, -1.80036809e-01,
        -1.88555345e+00,  9.64856891e-02,  2.52781430e-01,
         8.90518352e-01, -4.33182390e+00,  1.36243339e+00,
         1.75155977e-01, -1.01586834e-01, -2.02930302e+00],
       [ 1.07839746e+00, -2.20005526e+00,  1.27911897e+00,
        -1.49591484e+00,  2.37186475e-01,  9.23445127e-02,
        -9.30653098e-01, -1.28785300e+00,  1.17555161e-01,
         8.74339226e-01, -1.66536138e+00, -6.20657729e-01,
        -1.40690015e+00, -8.73245122e-01,  3.44389718e+00,
         2.77327930e+00, -3.10766266e+00, -1.01983190e+00,
        -9.30947794e-01,  1.15589585e+00, -1.20241806e+00,
         1.89837731e+00, -1.87792831e+00, -5.60590569e-01,
         6.15292437e-01, -7.26617054e-01, -5.54048176e-01,
        -2.33850719e-01,  4.06248750e-01,  1.89210164e+00,
        -1.95503066e+00,  5.29372016e-01,  2.69915334e-02,
        -1.59670172e+00, -2.15611255e-01, -1.10746700e+00,
        -8.17970549e-01,  8.14186383e-01,  2.20595227e-01,
        -8.46564008e-01,  6.76268940e-01, -3.33020730e-01,
        -5.14813348e-01, -8.81380528e-02, -1.12226720e+00],
       [ 3.19561207e+00, -4.91243211e+00,  8.28157408e-01,
        -9.76357466e-01,  1.55744049e-01, -3.30281062e-01,
         1.31561279e+00, -1.99607072e+00, -9.98796206e-01,
         3.19259154e-01, -2.58305590e+00, -1.16510393e+00,
        -1.00995959e+00,  6.84070977e+00, -3.78486640e+00,
        -1.60128322e+00,  3.83806440e+00, -3.61555059e+00,
        -1.07262398e+00,  7.25117344e-01, -1.23269237e+00,
         5.20860013e+00, -3.91551715e+00, -1.51363439e+00,
        -2.62032260e-01, -7.42677595e-01, -8.11548543e-01,
        -2.47857044e-01,  6.98071318e-02, -8.07026931e-01,
        -4.23415959e-01,  3.85169133e-01, -6.51900704e-03,
        -8.51483285e-01, -1.95157096e+00,  3.36612470e-01,
        -9.75731146e-01,  6.84289993e-01,  1.71123589e-01,
        -3.54896317e+00,  3.26815279e+00, -1.45737707e+00,
         1.14014684e-01, -9.81032790e-02, -1.71227605e+00],
       [ 1.40716301e+00, -2.13393446e+00,  1.15461864e+00,
        -1.54823222e+00,  2.46229574e-01,  8.92837272e-02,
        -5.54387231e-01, -1.15913440e+00,  2.52332602e-02,
         7.32849193e-01, -1.49385897e+00, -5.54320185e-01,
        -1.27288131e+00, -1.22817160e+00,  3.67007661e+00,
         2.70424045e+00, -3.32350555e+00, -1.15082248e+00,
        -8.96316870e-01,  1.79324900e+00, -5.97511876e-01,
         1.76801127e+00, -1.96722019e+00, -5.51878512e-01,
         4.80443854e-01, -1.11888042e+00, -2.95555231e-01,
        -2.16718098e-01,  7.56998297e-01,  2.33751926e+00,
        -2.01766368e+00,  4.94612927e-01,  4.87822899e-02,
        -1.71840625e+00, -2.80474306e-01, -1.10935599e+00,
        -8.12618477e-01,  1.07748045e+00,  2.42812869e-01,
        -6.77194072e-01,  7.17776497e-01, -3.22176460e-01,
        -5.23983835e-01, -9.75775784e-02, -8.73155449e-01],
       [ 8.20539094e-01, -2.28872849e+00,  2.76898813e-01,
        -1.74227571e-02,  1.67716633e-01,  3.69957236e-02,
         6.91700981e-02, -1.51562785e+00,  1.35292248e-02,
         3.63936103e-01, -1.93798077e+00, -9.20139448e-01,
        -1.08873825e+00,  1.71580425e-01,  2.74128134e+00,
         1.84240515e+00, -1.70269969e+00, -1.03857092e+00,
        -8.24831663e-01,  6.93700425e-01, -1.14233939e+00,
         1.53092171e+00, -9.77247026e-01, -5.23278882e-01,
         1.04946884e-01, -6.49996080e-01, -2.42157604e-01,
        -2.42857199e-01,  1.08014181e-01,  1.20949528e+00,
        -3.12455141e+00,  1.87415849e+00, -2.38990226e-02,
        -9.74200046e-01, -4.05215375e-01, -6.90054573e-01,
        -7.25697239e-01,  6.22917900e-01,  1.58052584e-01,
        -2.15337114e+00,  1.84891116e+00, -4.22549214e-01,
        -1.75602730e-01, -1.25384770e-01, -1.03199670e+00],
       [-8.54429047e-01,  7.75345102e-01, -2.49809167e+00,
        -1.74878869e+00,  1.59217337e+00, -2.75043408e-01,
         4.44565342e-01, -1.78421187e+00, -2.18988642e+00,
         1.10578540e+00, -1.75716862e+00, -2.89182396e+00,
         9.95645101e-01,  5.86061297e+00, -4.91805644e+00,
         9.82162461e-01, -2.13124010e+00,  2.61609431e+00,
        -4.35507969e+00,  1.84272074e-01, -4.67189540e+00,
         1.49327512e+00, -4.77456756e-01,  1.69936128e+00,
        -7.46075194e-01,  3.08560684e+00, -4.67369057e+00,
        -1.71244762e+00,  5.83740404e-01, -3.51839047e-01,
        -1.05536513e+00, -2.00026707e+00,  9.71214105e-01,
        -2.79533804e-01,  2.56441664e+00, -2.29117365e+00,
        -5.22851433e+00,  7.37818344e-01,  1.52066205e+00,
         7.46373018e-01, -5.57996727e-01, -1.80978075e+00,
        -2.59464022e+00,  1.53325373e+00, -2.70679094e+00],
       [-6.00000000e-03,  0.00000000e+00, -8.00000000e-03,
        -5.00000000e-03,  2.00000000e-03,  7.00000000e-03,
         1.00000000e-02, -2.00000000e-03,  2.00000000e-03,
        -8.00000000e-03,  5.00000000e-03, -2.00000000e-03,
         8.00000000e-03, -3.00000000e-03,  1.00000000e-02,
        -6.00000000e-03,  7.00000000e-03, -3.00000000e-03,
        -4.00000000e-03,  5.00000000e-03,  3.00000000e-03,
         1.00000000e-02, -5.00000000e-03,  8.00000000e-03,
         5.00000000e-03, -1.00000000e-03, -9.00000000e-03,
         4.00000000e-03,  1.00000000e-03, -4.00000000e-03,
        -2.00000000e-03,  1.00000000e-02, -1.00000000e-03,
        -8.00000000e-03,  0.00000000e+00,  1.00000000e-02,
        -7.00000000e-03,  1.00000000e-03, -9.00000000e-03,
        -2.00000000e-03,  6.00000000e-03,  0.00000000e+00,
        -5.00000000e-03, -7.00000000e-03, -6.00000000e-03]]), 'deltas': array([[1.14199925e-04],
       [2.69837673e-05],
       [4.99539748e-05],
       [1.21608213e-05],
       [5.20835470e-06],
       [7.58482636e-04],
       [0.00000000e+00]]), 'outputs': array([[9.95964968e-01],
       [9.50475225e-04],
       [9.98238994e-01],
       [4.28128478e-04],
       [1.83318126e-04],
       [9.72555425e-01],
       [1.00000000e+00]]), 'errors': 0.028416773443893272}, {'weights': array([[ 5.20762034,  1.27943331,  2.62957201,  0.98748096,  1.87639184,
         0.74755362, -5.20826994],
       [-0.01630906, -1.31538547, -2.02729011, -1.16412428,  0.16267394,
         0.34437336, -1.08311474],
       [ 0.85014906,  0.97885375, -1.63324813,  0.73053847, -1.44409706,
         1.45081989, -4.03048675],
       [-3.49835244, -0.96899422, -0.60916707,  2.60081819, -1.56155355,
         0.5657724 , -2.15838493],
       [-2.2756615 ,  1.32271798, -0.91545916,  1.15917775, -1.14677462,
         1.33594014, -3.21859917],
       [-6.81047753, -2.91304045, -2.58889274, -3.69013274, -1.72778903,
        -9.78970131,  2.19069126]]), 'deltas': array([[ 1.15680377e-03],
       [-3.22193882e-03],
       [-1.01205313e-03],
       [-1.10722736e-05],
       [-3.66453314e-05],
       [-3.10841310e-15]]), 'outputs': array([[9.65383763e-01],
       [5.84989736e-02],
       [3.23400187e-02],
       [3.33306189e-03],
       [6.07200142e-03],
       [5.57531459e-08]]), 'errors': array([[ 3.46162368e-02],
       [-5.84989736e-02],
       [-3.23400187e-02],
       [-3.33306189e-03],
       [-6.07200142e-03],
       [-5.57531459e-08]])}]
Accuracy: 52.38095238095239 %

train_data group 3 length:  170
   0   1   2   3   4   5   6   7   8  ...  36  37  38  39  40  41  42  43  44
0   0   1   0   0   0   0   0   1   0 ...   0   0   0   1   0   0   0   0   0
1   0   1   0   0   0   0   1   0   0 ...   0   0   0   0   1   0   0   0   0
2   0   0   1   0   0   0   0   1   0 ...   0   0   0   1   0   0   0   0   0
3   0   1   0   0   0   0   0   1   0 ...   0   0   0   1   0   0   0   0   0
4   0   0   1   0   0   0   1   0   0 ...   0   0   0   0   1   0   0   0   0

[5 rows x 45 columns]
Initial Neural Network:
[{'weights': array([[-0.004, -0.002, -0.01 ,  0.006, -0.006, -0.002, -0.002,  0.009,
        -0.006,  0.01 , -0.001, -0.007,  0.003, -0.001, -0.01 , -0.006,
        -0.009,  0.01 ,  0.002,  0.006,  0.006, -0.002, -0.004,  0.006,
         0.001,  0.004,  0.002,  0.002, -0.005,  0.004, -0.007,  0.005,
        -0.002, -0.005,  0.008, -0.01 ,  0.01 , -0.006, -0.009,  0.005,
        -0.009, -0.009, -0.01 ,  0.004, -0.009],
       [-0.002,  0.009,  0.001,  0.005,  0.005, -0.007,  0.007,  0.002,
         0.006, -0.001, -0.005, -0.008,  0.001,  0.001, -0.003, -0.004,
        -0.005, -0.003, -0.006,  0.   ,  0.004,  0.006, -0.002, -0.01 ,
         0.002, -0.001,  0.005,  0.001, -0.003, -0.005,  0.007,  0.   ,
         0.009, -0.008, -0.009,  0.004, -0.01 , -0.004,  0.01 ,  0.006,
         0.005,  0.01 ,  0.005, -0.005,  0.003],
       [ 0.002,  0.004,  0.   ,  0.01 ,  0.003, -0.009,  0.   ,  0.008,
        -0.004,  0.   , -0.008, -0.005,  0.003, -0.008, -0.009,  0.01 ,
        -0.001, -0.001, -0.004,  0.008,  0.004, -0.002,  0.006,  0.004,
        -0.001, -0.003, -0.001, -0.005,  0.007,  0.001,  0.005, -0.006,
        -0.002,  0.005,  0.004, -0.01 ,  0.001, -0.002, -0.001,  0.001,
         0.001, -0.001, -0.003, -0.002, -0.008],
       [ 0.003, -0.006,  0.005,  0.003, -0.007,  0.001,  0.   ,  0.01 ,
        -0.009, -0.002,  0.004,  0.006,  0.002,  0.009,  0.006, -0.005,
        -0.003,  0.008, -0.01 ,  0.   ,  0.005,  0.004,  0.008,  0.01 ,
         0.007, -0.008, -0.004, -0.009, -0.009,  0.008,  0.004, -0.007,
        -0.003, -0.002, -0.009, -0.003, -0.003, -0.005,  0.01 , -0.007,
        -0.004, -0.002, -0.002, -0.005, -0.007],
       [-0.009,  0.004,  0.003, -0.009,  0.002,  0.01 ,  0.008, -0.002,
         0.009,  0.005, -0.006, -0.008, -0.004, -0.008, -0.005,  0.002,
         0.009, -0.009, -0.006, -0.006, -0.004,  0.009, -0.001,  0.001,
        -0.004,  0.004, -0.003,  0.006, -0.002, -0.008,  0.007, -0.001,
        -0.01 ,  0.008, -0.01 , -0.008, -0.003,  0.01 ,  0.   ,  0.003,
        -0.009,  0.004,  0.003,  0.006,  0.002],
       [-0.001, -0.01 ,  0.008, -0.005, -0.009, -0.01 , -0.005, -0.002,
         0.003,  0.008,  0.01 ,  0.008,  0.009, -0.002,  0.004,  0.003,
         0.005, -0.006,  0.   , -0.001, -0.003, -0.009,  0.01 ,  0.01 ,
        -0.006,  0.004, -0.006,  0.007, -0.005,  0.01 , -0.005, -0.002,
         0.01 , -0.006, -0.01 , -0.001,  0.01 ,  0.002, -0.005, -0.007,
        -0.006, -0.006, -0.005, -0.01 , -0.005],
       [ 0.006,  0.007, -0.002,  0.004,  0.007, -0.01 ,  0.008, -0.003,
         0.002,  0.001, -0.01 ,  0.006, -0.004,  0.002, -0.001, -0.004,
         0.006, -0.009,  0.004, -0.007,  0.009, -0.009,  0.   ,  0.009,
        -0.003, -0.004, -0.006,  0.004, -0.01 , -0.009,  0.006,  0.   ,
        -0.007,  0.002, -0.006, -0.005, -0.007,  0.009,  0.   , -0.005,
         0.01 ,  0.001,  0.   ,  0.002, -0.004]]), 'deltas': array([[0.],
       [0.],
       [0.],
       [0.],
       [0.],
       [0.],
       [0.]]), 'outputs': array([[0.],
       [0.],
       [0.],
       [0.],
       [0.],
       [0.],
       [0.]]), 'errors': array([[0.],
       [0.],
       [0.],
       [0.],
       [0.],
       [0.],
       [0.]])}, {'weights': array([[ 0.004, -0.01 ,  0.01 , -0.006, -0.01 ,  0.008, -0.01 ],
       [ 0.004,  0.004, -0.003, -0.009, -0.01 , -0.002, -0.002],
       [-0.006, -0.009,  0.005, -0.005,  0.003, -0.007,  0.005],
       [ 0.008, -0.01 ,  0.007, -0.004,  0.01 ,  0.004,  0.01 ],
       [ 0.003, -0.002,  0.008, -0.006,  0.007,  0.007,  0.003],
       [ 0.005, -0.007,  0.009,  0.005,  0.002, -0.006, -0.007]]), 'deltas': array([[0.],
       [0.],
       [0.],
       [0.],
       [0.],
       [0.],
       [0.]]), 'outputs': array([[0.],
       [0.],
       [0.],
       [0.],
       [0.],
       [0.],
       [0.]]), 'errors': array([[0.],
       [0.],
       [0.],
       [0.],
       [0.],
       [0.],
       [0.]])}]
Training complete!
Training done. epoch: 52 , total error: 0.009898463646687611
[{'weights': array([[ 4.14721316e-01, -2.14142681e+00,  1.33324428e+00,
        -9.67295719e-01, -2.12014476e-02, -1.85353140e-02,
         5.03687571e-01, -1.68578420e+00,  5.12584140e-02,
        -2.07584851e-01, -1.27080620e+00, -6.88759097e-01,
        -5.26164381e-01, -8.59035042e-01,  1.96280634e+00,
         2.41156815e+00, -2.93277960e+00, -4.76404352e-01,
        -1.04815002e+00,  6.82807443e-01, -5.13789372e-01,
         5.30269024e-01, -1.43328459e-01, -1.12356073e+00,
        -1.08548841e-01, -1.71249986e+00,  4.85150991e-01,
         2.00000000e-03, -1.37609508e-01, -4.10187462e-01,
        -2.35080623e+00,  1.27923852e+00,  5.35368444e-02,
         5.72599427e-02, -1.13798597e+00, -1.77455580e-01,
        -9.24653514e-01,  8.76136681e-01, -9.00000000e-03,
        -6.89305734e-01,  2.00167538e+00, -5.24805506e-02,
        -2.58258744e+00, -6.22600376e-02, -1.37495838e+00],
       [-1.97803539e-01,  1.44568293e+00, -1.40480955e-01,
        -1.87681625e+00, -8.72445123e-01,  1.44970870e+00,
         1.84221435e+00, -2.52323129e+00, -2.12920613e+00,
        -2.92348562e-01, -2.64095744e+00, -1.66261860e+00,
        -1.01917098e+00, -2.65328946e+00,  6.30217354e+00,
         1.71970812e+00,  6.44877036e+00, -7.42859279e+00,
        -1.80039041e+00, -6.17358216e-01, -2.94939078e+00,
         1.26496653e+00,  3.14529099e-02, -1.18817109e-01,
         1.11925508e-01, -1.31520336e+00, -4.28612484e-01,
         1.00000000e-03,  8.49528998e-02, -8.34119934e-01,
         2.38711231e+00, -2.57307481e+00,  3.57523408e-02,
        -6.72532850e-01,  6.74742602e-01,  1.34585726e-01,
        -2.77091522e+00,  2.82723954e-01,  1.00000000e-02,
         1.17338726e+00, -4.40587299e+00,  2.10053754e+00,
        -9.70298273e-02, -4.09884932e-01, -1.65686294e+00],
       [ 2.45344611e-01, -2.70239671e+00,  4.34008703e-01,
        -1.65184842e-01, -6.47925150e-01, -2.64924744e-02,
         3.10870841e+00, -4.89020343e+00, -8.97456930e-01,
        -1.54708970e-01, -1.26432414e+00, -4.05155825e-01,
        -1.30824637e+00,  4.62589977e+00, -4.53032682e+00,
        -1.92478388e+00,  2.90740216e+00, -2.70897919e+00,
        -1.13160651e+00,  1.48140333e-02, -1.31792590e+00,
        -2.60518487e-01,  1.48720241e+00, -2.90373719e+00,
         1.50825776e-01, -2.63847087e+00, -2.43084186e-01,
        -5.00000000e-03,  2.94016625e-02, -4.81109996e-01,
        -2.37475685e+00,  3.95739426e-01,  2.79074595e-02,
        -4.19933428e-01, -1.99097496e+00, -1.51172741e-02,
        -9.77499106e-01,  1.21437950e-01, -1.00000000e-03,
        -7.02353697e+00,  3.57376993e+00,  7.10828089e-02,
         7.28887066e-01, -2.09356224e-01, -2.86315339e+00],
       [ 3.32007946e-01, -9.36174407e-01,  1.17142576e+00,
        -1.14756864e+00, -2.44512596e-02, -1.13323546e-01,
         6.99766896e-01, -3.26781399e+00,  2.28272076e+00,
        -2.04110723e-01, -5.11630606e-01, -1.48447978e+00,
         9.00290471e-02, -2.01235258e+00,  3.34267332e+00,
         2.40861230e+00, -4.72554955e+00,  2.10652700e+00,
        -1.01051697e+00,  6.08166620e-01, -2.28932720e-01,
         1.10682296e+00, -2.83209511e-01, -1.00300129e+00,
        -1.60440038e-01, -8.84498607e-01,  5.34000471e-01,
        -9.00000000e-03, -2.73262468e-01,  1.55261665e-01,
        -2.02880197e+00,  1.25860808e+00,  1.00448934e-01,
        -8.82773152e-02, -5.31935508e-01, -1.52769756e-01,
        -8.81104658e-01,  9.43049318e-01,  1.00000000e-02,
         2.74296316e-01,  9.93310365e-01,  1.48053152e+00,
        -3.49381050e+00,  1.22911689e-01, -6.09760604e-01],
       [ 3.65743401e-01,  7.37139139e-01,  1.02345988e+00,
        -2.53341137e+00, -8.81999056e-01,  5.13147531e-01,
         1.87507238e+00, -1.85169830e+00, -1.70876953e+00,
        -7.78200870e-02, -3.35216820e+00, -1.12732415e+00,
         1.06230427e+00,  6.37899311e+00, -4.27287304e+00,
         2.76729443e+00, -1.16508108e+00,  3.01955265e+00,
        -5.35968597e+00, -5.52148045e-01, -2.04309131e+00,
         4.70924469e+00, -3.78731482e+00, -2.81211473e-02,
        -1.29785419e-01,  3.70513037e-01, -1.70592041e+00,
         6.00000000e-03,  5.43393563e-02, -2.95805359e+00,
         1.44536344e-01,  3.31937058e+00, -7.34599018e-01,
        -1.05532233e+00,  3.34946005e+00, -1.78145683e-01,
        -5.31826791e+00,  8.55885531e-01,  0.00000000e+00,
         1.54427091e+00, -3.52827197e+00,  9.55708967e-01,
        -1.31145057e+00,  1.06667465e+00, -1.27806801e+00],
       [ 1.32917049e+00, -2.52904744e+00,  1.52101849e+00,
        -1.14911615e+00, -2.53681852e-02,  2.30923962e-02,
         1.08148120e+00, -1.22887757e+00, -4.91404877e-01,
        -2.26633953e-01, -6.99298848e-01, -5.72338904e-01,
        -2.13993044e-01, -1.14307223e+00,  1.82136023e+00,
         2.11251646e+00, -3.07390701e+00, -4.95627078e-01,
        -1.09804937e+00,  1.71972421e+00,  3.47341860e-01,
         1.40870402e-01, -1.39384927e-01, -1.01862282e+00,
        -1.64547310e-01, -2.16192554e+00,  9.44932852e-01,
         7.00000000e-03,  3.73649897e-01,  4.81725368e-01,
        -2.54001919e+00,  1.06115563e+00,  1.00233436e-01,
         6.75619557e-02, -1.08956359e+00, -1.78766566e-01,
        -9.85286382e-01,  1.41827375e+00, -5.00000000e-03,
        -4.29443467e-01,  2.15286977e+00, -1.64114656e-01,
        -2.34313605e+00, -8.65183910e-02, -8.41342795e-01],
       [ 6.00000000e-03,  7.00000000e-03, -2.00000000e-03,
         4.00000000e-03,  7.00000000e-03, -1.00000000e-02,
         8.00000000e-03, -3.00000000e-03,  2.00000000e-03,
         1.00000000e-03, -1.00000000e-02,  6.00000000e-03,
        -4.00000000e-03,  2.00000000e-03, -1.00000000e-03,
        -4.00000000e-03,  6.00000000e-03, -9.00000000e-03,
         4.00000000e-03, -7.00000000e-03,  9.00000000e-03,
        -9.00000000e-03,  0.00000000e+00,  9.00000000e-03,
        -3.00000000e-03, -4.00000000e-03, -6.00000000e-03,
         4.00000000e-03, -1.00000000e-02, -9.00000000e-03,
         6.00000000e-03,  0.00000000e+00, -7.00000000e-03,
         2.00000000e-03, -6.00000000e-03, -5.00000000e-03,
        -7.00000000e-03,  9.00000000e-03,  0.00000000e+00,
        -5.00000000e-03,  1.00000000e-02,  1.00000000e-03,
         0.00000000e+00,  2.00000000e-03, -4.00000000e-03]]), 'deltas': array([[6.22481326e-03],
       [1.49680967e-05],
       [1.04818391e-03],
       [6.72234609e-03],
       [1.99889091e-06],
       [5.00382857e-03],
       [0.00000000e+00]]), 'outputs': array([[9.04268841e-01],
       [2.08200403e-04],
       [9.85204292e-01],
       [8.95618817e-01],
       [9.99972201e-01],
       [9.24750729e-01],
       [1.00000000e+00]]), 'errors': 0.07190770756377066}, {'weights': array([[ 2.04691886,  3.52822077,  3.24483103,  1.64953799,  0.74480499,
         1.85925527, -4.79982454],
       [-1.50330826,  0.01173185, -2.24065277, -2.30878747,  0.17616296,
        -1.84409999, -0.29818203],
       [-0.23209351,  1.16359796, -1.43468046,  0.54881563,  0.74755501,
        -0.37690836, -3.81279587],
       [-1.28065688, -2.33584762, -0.92345395, -0.68658617,  0.3561846 ,
         2.9500829 , -2.30508489],
       [-0.70397661, -2.36831706, -0.93929987, -0.77872839,  0.96360541,
        -0.60865841, -2.7317429 ],
       [-1.8846195 , -5.50951845, -2.15911936, -2.03594209, -8.0570526 ,
        -2.98618588,  1.85324155]]), 'deltas': array([[ 2.19676154e-04],
       [-3.29461447e-07],
       [-1.09306448e-04],
       [-1.66679830e-02],
       [-9.99139141e-05],
       [-1.99685338e-13]]), 'outputs': array([[9.85066601e-01],
       [5.74152172e-04],
       [1.05103521e-02],
       [1.39148108e-01],
       [1.00462861e-02],
       [4.46861754e-07]]), 'errors': array([[ 1.49333987e-02],
       [-5.74152172e-04],
       [-1.05103521e-02],
       [-1.39148108e-01],
       [-1.00462861e-02],
       [-4.46861754e-07]])}]
Accuracy: 45.45454545454545 %

train_data group 4 length:  171
   0   1   2   3   4   5   6   7   8  ...  36  37  38  39  40  41  42  43  44
0   0   1   0   0   0   0   0   1   0 ...   0   0   0   1   0   0   0   0   0
1   0   1   0   0   0   0   1   0   0 ...   0   0   0   0   1   0   0   0   0
2   0   0   1   0   0   0   0   1   0 ...   0   0   0   1   0   0   0   0   0
3   0   1   0   0   0   0   0   1   0 ...   0   0   0   1   0   0   0   0   0
4   0   0   1   0   0   0   1   0   0 ...   0   0   0   0   1   0   0   0   0

[5 rows x 45 columns]
Initial Neural Network:
[{'weights': array([[ 0.001,  0.005, -0.008, -0.002,  0.009, -0.008,  0.003, -0.004,
        -0.002, -0.006,  0.008, -0.009, -0.001,  0.009, -0.01 ,  0.   ,
         0.004,  0.009,  0.006,  0.005,  0.004,  0.01 ,  0.   , -0.009,
        -0.003,  0.008, -0.005, -0.002,  0.006,  0.001, -0.003,  0.007,
        -0.003, -0.003, -0.007,  0.01 , -0.005,  0.002, -0.002, -0.008,
         0.005, -0.003,  0.001,  0.   ,  0.009],
       [ 0.001,  0.009, -0.001, -0.002, -0.006, -0.009,  0.005,  0.006,
        -0.002, -0.008,  0.003, -0.001,  0.007, -0.006, -0.007,  0.004,
        -0.003,  0.01 ,  0.006, -0.007, -0.001,  0.004, -0.009, -0.008,
        -0.002,  0.002, -0.005, -0.001,  0.005,  0.008,  0.008, -0.002,
         0.   ,  0.005, -0.007,  0.007,  0.003, -0.01 ,  0.008,  0.004,
        -0.002,  0.003, -0.009,  0.004, -0.009],
       [-0.006,  0.009,  0.001,  0.007,  0.004, -0.002,  0.009,  0.002,
        -0.01 , -0.001, -0.009, -0.009, -0.002, -0.007, -0.007,  0.002,
        -0.007, -0.007,  0.004,  0.01 ,  0.003, -0.003, -0.001, -0.006,
        -0.009,  0.008,  0.002,  0.002, -0.001, -0.009,  0.009, -0.001,
        -0.008,  0.004,  0.009, -0.009, -0.002,  0.008,  0.   ,  0.004,
        -0.007, -0.008,  0.01 , -0.001,  0.008],
       [-0.006, -0.009,  0.006,  0.003, -0.007,  0.006, -0.003,  0.   ,
        -0.003, -0.002,  0.01 , -0.01 ,  0.005,  0.001,  0.006, -0.003,
        -0.003,  0.006,  0.   , -0.009,  0.006, -0.01 , -0.01 ,  0.009,
         0.002, -0.005, -0.008, -0.007,  0.008,  0.007, -0.003, -0.006,
        -0.002, -0.001, -0.01 , -0.003,  0.004,  0.005, -0.008, -0.007,
        -0.005, -0.009, -0.01 ,  0.009, -0.002],
       [-0.005,  0.008,  0.009,  0.01 ,  0.005, -0.002, -0.004,  0.007,
        -0.008,  0.004, -0.01 ,  0.008, -0.01 ,  0.001, -0.009,  0.   ,
        -0.01 ,  0.005, -0.009,  0.005, -0.003,  0.004, -0.001,  0.002,
        -0.01 , -0.001, -0.007,  0.003,  0.002,  0.01 , -0.007,  0.006,
         0.008, -0.003,  0.003,  0.   , -0.001, -0.004,  0.   , -0.01 ,
         0.009, -0.006,  0.   , -0.007,  0.006],
       [ 0.   , -0.007, -0.003,  0.005,  0.009, -0.002,  0.001,  0.004,
         0.008, -0.002, -0.006, -0.005, -0.008,  0.01 ,  0.005,  0.007,
        -0.002,  0.007,  0.009,  0.003,  0.004, -0.008, -0.005, -0.001,
         0.001,  0.   , -0.008, -0.007,  0.004, -0.008,  0.009, -0.006,
         0.005, -0.001,  0.01 ,  0.001,  0.006, -0.007, -0.006, -0.006,
        -0.01 , -0.005, -0.003,  0.001,  0.   ],
       [ 0.   ,  0.009,  0.003, -0.002,  0.004,  0.004,  0.004,  0.   ,
        -0.009, -0.004,  0.004,  0.003,  0.01 ,  0.001,  0.006, -0.008,
        -0.005, -0.004, -0.01 ,  0.006, -0.009, -0.005, -0.003, -0.007,
         0.008,  0.005, -0.004, -0.007,  0.002, -0.002, -0.001, -0.009,
         0.003, -0.003,  0.003, -0.005, -0.007,  0.006, -0.007, -0.001,
         0.009,  0.006,  0.005, -0.001,  0.003]]), 'deltas': array([[0.],
       [0.],
       [0.],
       [0.],
       [0.],
       [0.],
       [0.]]), 'outputs': array([[0.],
       [0.],
       [0.],
       [0.],
       [0.],
       [0.],
       [0.]]), 'errors': array([[0.],
       [0.],
       [0.],
       [0.],
       [0.],
       [0.],
       [0.]])}, {'weights': array([[ 0.002, -0.004, -0.002, -0.001,  0.003,  0.001, -0.005],
       [-0.01 , -0.008, -0.002,  0.01 ,  0.003,  0.009, -0.003],
       [-0.01 , -0.002, -0.006,  0.009, -0.009, -0.008,  0.005],
       [-0.009,  0.005, -0.006,  0.007, -0.008,  0.009, -0.001],
       [ 0.004,  0.001, -0.009, -0.001,  0.   , -0.009,  0.006],
       [-0.001, -0.006,  0.003,  0.007, -0.009,  0.   , -0.001]]), 'deltas': array([[0.],
       [0.],
       [0.],
       [0.],
       [0.],
       [0.],
       [0.]]), 'outputs': array([[0.],
       [0.],
       [0.],
       [0.],
       [0.],
       [0.],
       [0.]]), 'errors': array([[0.],
       [0.],
       [0.],
       [0.],
       [0.],
       [0.],
       [0.]])}]
Training complete!
Training done. epoch: 57 , total error: 0.001511794149792632
[{'weights': array([[-2.57636298e+00,  1.09074860e+00,  5.70912167e-01,
        -4.79504076e-01,  3.29230423e-01, -7.11547763e-02,
         7.37728031e-01, -1.22117931e+00, -4.77057875e-01,
        -5.53119398e-02, -4.26095543e+00, -2.55898270e+00,
        -1.23514165e+00,  7.29432234e-01,  6.25267168e+00,
         2.68405895e+00,  2.56196247e+00, -4.02445735e+00,
        -1.13903629e+00, -1.12850364e+00,  7.95747265e-02,
         1.30313111e+00,  1.99806931e+00, -3.24912964e+00,
        -1.19962137e+00,  8.53528628e-01, -6.67403861e-01,
        -1.40332583e+00,  1.54225196e-01, -5.09087310e-01,
         3.34647802e+00, -3.02620150e+00,  2.97803131e-01,
        -1.17996822e+00, -6.61474081e-01,  1.30264212e-01,
        -9.55026301e-01,  1.81778658e-01,  2.32481641e-01,
        -2.69825275e+00,  2.15899789e+00, -4.28219363e-01,
        -1.07501647e-01,  0.00000000e+00, -1.06097587e+00],
       [ 5.26266733e-01, -1.87929752e+00,  5.18124834e-01,
        -8.59664863e-01,  3.03829869e-01,  1.40804119e-01,
        -2.82221439e-01, -1.86109628e+00,  3.11681190e-01,
         2.91091466e-01, -2.20189126e+00, -1.68957246e-01,
        -1.30230930e+00,  1.66354040e-01,  2.11106282e+00,
         2.69860181e+00, -2.19220750e+00, -1.84655583e+00,
        -8.00838464e-01,  7.59259041e-01, -2.80282274e-01,
         1.36334829e+00, -1.28161960e+00, -1.41446269e+00,
         2.05275332e-01, -1.05961858e+00, -2.39103697e-01,
        -2.92258552e-01,  2.00239880e-01,  2.84699223e-01,
        -1.32657899e+00,  1.11258401e+00,  2.72057253e-01,
        -1.71550244e+00, -8.42026035e-01, -6.84097521e-01,
        -7.57595840e-01,  6.51626651e-01,  2.41351800e-01,
         1.06723019e+00,  1.09272879e+00, -3.32368584e-01,
        -3.22333133e+00,  4.00000000e-03, -1.40074094e+00],
       [-9.32832404e-01, -8.10533283e-01, -9.10785886e-01,
        -3.39499307e-01,  8.87486549e-01, -1.67500094e-01,
         8.52992425e-01, -7.80281404e-01, -2.31582774e+00,
         2.87452480e-01, -1.09925764e+00, -1.31405106e+00,
        -8.96996859e-01,  2.83829427e+00, -1.68315305e+00,
        -6.52237902e-01,  2.15402554e+00,  4.12462487e-01,
        -2.99735260e+00, -1.03606186e+00, -2.78378970e+00,
         3.64258392e-01,  1.63649371e-01,  9.21678903e-01,
        -8.02961296e-01,  2.00834840e+00, -2.27065819e+00,
        -2.25335037e+00,  4.05495831e-01, -1.82812359e+00,
        -2.24155204e+00,  7.50846727e-01,  1.61602408e+00,
        -4.23359507e-01,  1.17352289e+00, -1.95307806e+00,
        -2.09903599e+00,  2.33648413e-01,  5.29778423e-01,
         1.58592591e+00, -1.72496150e+00,  8.10873463e-01,
        -2.79400221e+00, -1.00000000e-03, -2.11316433e+00],
       [ 9.59009339e-01, -2.07780647e+00,  6.55431243e-01,
        -9.82346272e-01,  3.54859345e-01,  4.30384641e-01,
        -1.19418403e-01, -1.45819767e+00, -3.95776078e-01,
         4.63154698e-01, -1.49921737e+00,  5.45666036e-03,
        -1.31982225e+00, -1.72725553e-01,  1.92045570e+00,
         2.71329455e+00, -2.21595385e+00, -2.23635890e+00,
        -7.99504124e-01,  1.45166951e+00,  2.89136266e-01,
         8.41450847e-01, -1.52605925e+00, -1.15453679e+00,
         4.69156114e-01, -1.26829800e+00, -2.31457778e-01,
        -2.50675302e-01,  6.60578262e-01,  8.01438712e-01,
        -1.53885355e+00,  1.16518514e+00,  4.18631655e-01,
        -1.92925477e+00, -6.14190564e-01, -9.32517556e-01,
        -7.11259452e-01,  9.08830497e-01,  2.59284258e-01,
         1.17061458e+00,  1.11891111e+00, -1.91522840e-01,
        -3.20685567e+00,  9.00000000e-03, -1.07985282e+00],
       [ 7.76578465e-01, -1.73689601e+00,  2.63174206e-01,
        -6.34755906e-01,  3.13016617e-01,  6.35108713e-01,
         1.69686823e+00, -2.40513462e+00, -9.38477435e-01,
        -3.72475092e-02, -3.83501696e+00, -1.52925380e+00,
        -1.36083468e+00, -1.86454567e-02,  5.67786827e+00,
         1.46987406e-01,  6.10822267e+00, -5.24161855e+00,
        -1.27162271e+00, -7.96851449e-01,  6.04812723e-02,
        -8.55115838e-01,  1.27035211e+00, -7.04627439e-01,
        -8.24972725e-01,  1.59894545e+00, -6.53181358e-01,
        -2.13629546e+00,  1.41648749e-01, -9.01185637e-01,
         3.01345132e+00, -2.16346196e+00,  2.32930813e-01,
        -1.21361716e+00, -1.53271060e+00,  1.00842398e+00,
        -9.24736607e-01,  1.78655257e-01,  2.22485354e-01,
         2.87605666e-01, -2.22442085e+00,  1.42810392e+00,
        -5.44171354e-01, -7.00000000e-03, -1.03988262e+00],
       [ 3.72366720e-01, -1.80963898e+00,  4.76301177e-01,
        -8.09953762e-01,  3.13152161e-01,  1.18655042e-01,
        -2.52750723e-01, -1.94747856e+00,  4.12000645e-01,
         2.16800916e-01, -2.30672337e+00, -1.92688756e-01,
        -1.34699169e+00,  2.18377679e-01,  2.16225345e+00,
         2.74094040e+00, -2.28117115e+00, -1.72886797e+00,
        -7.82251946e-01,  6.13577986e-01, -3.86450573e-01,
         1.36883301e+00, -1.16026879e+00, -1.39582950e+00,
         1.02943179e-01, -1.05045999e+00, -2.75415719e-01,
        -3.07343086e-01,  1.60446112e-01,  1.44073227e-01,
        -1.43116896e+00,  1.22605032e+00,  2.58684525e-01,
        -1.66041179e+00, -8.36800018e-01, -6.44655929e-01,
        -7.38341510e-01,  5.36971363e-01,  2.25053410e-01,
         9.58870689e-01,  1.06319102e+00, -3.51252270e-01,
        -3.15658213e+00,  1.00000000e-03, -1.46177268e+00],
       [ 0.00000000e+00,  9.00000000e-03,  3.00000000e-03,
        -2.00000000e-03,  4.00000000e-03,  4.00000000e-03,
         4.00000000e-03,  0.00000000e+00, -9.00000000e-03,
        -4.00000000e-03,  4.00000000e-03,  3.00000000e-03,
         1.00000000e-02,  1.00000000e-03,  6.00000000e-03,
        -8.00000000e-03, -5.00000000e-03, -4.00000000e-03,
        -1.00000000e-02,  6.00000000e-03, -9.00000000e-03,
        -5.00000000e-03, -3.00000000e-03, -7.00000000e-03,
         8.00000000e-03,  5.00000000e-03, -4.00000000e-03,
        -7.00000000e-03,  2.00000000e-03, -2.00000000e-03,
        -1.00000000e-03, -9.00000000e-03,  3.00000000e-03,
        -3.00000000e-03,  3.00000000e-03, -5.00000000e-03,
        -7.00000000e-03,  6.00000000e-03, -7.00000000e-03,
        -1.00000000e-03,  9.00000000e-03,  6.00000000e-03,
         5.00000000e-03, -1.00000000e-03,  3.00000000e-03]]), 'deltas': array([[6.79397728e-05],
       [4.89689504e-05],
       [1.58592692e-03],
       [4.44232152e-05],
       [1.59937063e-04],
       [4.68284617e-05],
       [0.00000000e+00]]), 'outputs': array([[0.99299788],
       [0.99496305],
       [0.79613005],
       [0.99543278],
       [0.98335465],
       [0.99518429],
       [1.        ]]), 'errors': 0.009771155695520903}, {'weights': array([[ 1.76348434,  2.15984214,  0.81681528,  0.96972362,  1.66069194,
         2.40789267, -5.48371512],
       [ 1.26848028, -1.39839789,  2.61656992, -1.25841508, -1.72795313,
        -1.32162673, -1.59737852],
       [ 1.57643947, -0.54280417,  0.73017121, -0.60957236, -0.53635948,
        -0.54201813, -3.26672296],
       [-2.80668059, -0.92126407,  1.05766369,  4.02969689, -0.27626737,
        -2.00310856, -2.25393175],
       [-2.09799369, -0.14428136,  1.12267798,  0.3955069 , -1.58717335,
        -0.33352585, -2.39091126],
       [-2.12776791, -2.42598965, -8.50283502, -3.9907729 , -2.02642247,
        -2.11285582,  1.89984214]]), 'deltas': array([[ 2.82843370e-04],
       [-3.77754810e-04],
       [-1.15974538e-03],
       [-1.08289098e-03],
       [-2.86119630e-05],
       [-6.77476460e-16]]), 'outputs': array([[9.83037575e-01],
       [1.96295295e-02],
       [3.46610253e-02],
       [3.34722734e-02],
       [5.36341761e-03],
       [2.60283783e-08]]), 'errors': array([[ 1.69624251e-02],
       [-1.96295295e-02],
       [-3.46610253e-02],
       [-3.34722734e-02],
       [-5.36341761e-03],
       [-2.60283783e-08]])}]
Accuracy: 53.48837209302325 %

Feedforward Neural Network AVG Accuracy (%): 49.556025369978855 %
