Namespace(error_threshold=0.01, max_epochs=1000, num_layers=2, num_nodes_per_hidden_layer=6, training_rate=1.4)

train_data group 0 length:  171
   0   1   2   3   4   5   6   7   8  ...  36  37  38  39  40  41  42  43  44
0   0   0   1   0   0   0   1   0   0 ...   0   0   0   1   0   0   0   0   0
1   0   1   0   0   0   0   1   0   0 ...   0   0   0   0   0   1   0   0   0
2   0   0   1   0   0   0   0   1   0 ...   0   0   0   1   0   0   0   0   0
3   0   1   0   0   0   0   1   0   0 ...   0   0   0   0   0   1   0   0   0
4   0   0   1   0   0   0   0   1   0 ...   0   0   0   1   0   0   0   0   0

[5 rows x 45 columns]
Initial Neural Network:
[{'weights': array([[ 0.009, -0.001,  0.01 , -0.009, -0.001, -0.002,  0.008, -0.003,
         0.002, -0.008, -0.005,  0.007, -0.01 ,  0.001, -0.008,  0.004,
         0.001, -0.01 ,  0.006, -0.009,  0.008, -0.004,  0.003, -0.01 ,
         0.002,  0.001,  0.004,  0.004, -0.008, -0.008,  0.   , -0.006,
         0.007, -0.002,  0.   , -0.007, -0.005,  0.004, -0.006,  0.001,
         0.009,  0.003, -0.004, -0.009,  0.007],
       [-0.004,  0.01 ,  0.006,  0.006,  0.005, -0.005, -0.006,  0.001,
         0.004, -0.009,  0.009,  0.   ,  0.004, -0.01 , -0.002, -0.002,
         0.009,  0.008, -0.003, -0.005,  0.   ,  0.007, -0.007,  0.007,
         0.   ,  0.004, -0.004,  0.009, -0.003, -0.006,  0.006, -0.002,
         0.004,  0.008,  0.008, -0.001,  0.009,  0.005,  0.002, -0.002,
        -0.007, -0.007,  0.003, -0.006, -0.006],
       [-0.001,  0.008, -0.009,  0.004, -0.001,  0.004, -0.001,  0.004,
        -0.006, -0.004, -0.005,  0.009,  0.004,  0.01 , -0.002, -0.006,
        -0.001, -0.003, -0.006, -0.007,  0.005,  0.004,  0.002, -0.004,
        -0.007, -0.006,  0.006,  0.002, -0.006,  0.004, -0.006,  0.004,
        -0.01 ,  0.005,  0.004, -0.004,  0.009, -0.004,  0.   , -0.004,
         0.01 , -0.01 ,  0.009,  0.01 ,  0.01 ],
       [-0.007, -0.007,  0.01 , -0.009,  0.001, -0.005,  0.01 , -0.003,
        -0.009,  0.002,  0.003, -0.002,  0.005,  0.008, -0.006,  0.002,
        -0.006,  0.004, -0.003, -0.006, -0.008,  0.008,  0.003, -0.008,
        -0.001, -0.005, -0.007,  0.002, -0.006, -0.006,  0.008, -0.009,
         0.002, -0.004,  0.009,  0.009,  0.001,  0.004, -0.001, -0.005,
        -0.002, -0.006, -0.004, -0.008,  0.001],
       [ 0.001, -0.007, -0.002, -0.006, -0.001, -0.001,  0.007, -0.005,
        -0.003,  0.009, -0.009,  0.002,  0.003,  0.004,  0.004,  0.007,
        -0.004,  0.009,  0.004, -0.01 ,  0.008, -0.001, -0.006, -0.005,
         0.003,  0.005,  0.01 ,  0.   ,  0.001,  0.003, -0.007,  0.006,
        -0.009,  0.004, -0.002, -0.006,  0.006, -0.01 , -0.007,  0.009,
        -0.006,  0.008,  0.009, -0.006,  0.003],
       [ 0.007, -0.006, -0.01 , -0.007,  0.   , -0.008, -0.008, -0.001,
        -0.006, -0.002,  0.006,  0.008, -0.003,  0.003, -0.007, -0.009,
         0.006,  0.003, -0.002, -0.003,  0.003,  0.002, -0.003, -0.009,
         0.005,  0.01 , -0.006, -0.002, -0.006,  0.003,  0.008,  0.005,
         0.002,  0.008,  0.001, -0.001,  0.002,  0.   , -0.006, -0.003,
         0.004, -0.003, -0.001,  0.004, -0.003],
       [-0.003,  0.007,  0.003, -0.003, -0.01 , -0.004,  0.002,  0.008,
         0.008, -0.002, -0.007,  0.006,  0.007,  0.003, -0.008,  0.005,
        -0.005,  0.006,  0.004,  0.007,  0.009, -0.009, -0.009,  0.   ,
        -0.006, -0.008,  0.006,  0.   ,  0.004, -0.003, -0.002, -0.006,
         0.004, -0.007, -0.01 ,  0.003, -0.006,  0.001, -0.006, -0.005,
        -0.006,  0.002, -0.002,  0.001,  0.01 ]]), 'deltas': array([[0.],
       [0.],
       [0.],
       [0.],
       [0.],
       [0.],
       [0.]]), 'outputs': array([[0.],
       [0.],
       [0.],
       [0.],
       [0.],
       [0.],
       [0.]]), 'errors': array([[0.],
       [0.],
       [0.],
       [0.],
       [0.],
       [0.],
       [0.]])}, {'weights': array([[ 0.007,  0.007, -0.006, -0.004,  0.004, -0.001, -0.004],
       [ 0.005, -0.009, -0.001,  0.01 , -0.001, -0.01 ,  0.007],
       [-0.001,  0.   ,  0.   ,  0.008, -0.005,  0.002, -0.004],
       [ 0.01 ,  0.   , -0.001, -0.008, -0.002,  0.006,  0.002],
       [ 0.01 ,  0.009,  0.004, -0.002, -0.008,  0.007,  0.   ],
       [-0.001,  0.004,  0.007, -0.004,  0.01 ,  0.01 ,  0.01 ]]), 'deltas': array([[0.],
       [0.],
       [0.],
       [0.],
       [0.],
       [0.],
       [0.]]), 'outputs': array([[0.],
       [0.],
       [0.],
       [0.],
       [0.],
       [0.],
       [0.]]), 'errors': array([[0.],
       [0.],
       [0.],
       [0.],
       [0.],
       [0.],
       [0.]])}]
Training complete!
Training done. epoch: 43 , total error: 0.00047757416857917414
[{'weights': array([[ 4.45175108e-01, -1.75646957e-01,  8.59224455e-03,
        -6.68822694e-03, -1.30551535e+00,  8.87118081e-01,
         1.45212478e+00, -2.29929245e+00, -1.51987052e+00,
         4.34836924e-01, -5.22166001e+00, -8.51890488e-01,
        -2.72062983e-01,  1.76855389e+00,  3.51997641e+00,
         1.87350384e+00,  2.67208848e-01, -1.12975543e-01,
        -3.96960862e+00,  8.91788300e-01, -1.87155812e+00,
         1.03862668e+00,  1.57524335e-01,  2.13818335e-01,
        -5.81494416e-01,  1.76296544e+00, -1.97157001e+00,
        -1.72526690e+00,  8.92788300e-01, -6.39944789e-01,
        -1.91251633e+00,  8.18656496e-01,  3.34708285e+00,
        -2.66436141e+00,  3.77891490e+00, -3.31634947e+00,
        -2.15615559e+00,  4.00000000e-03,  6.33506989e-01,
         2.35624393e+00, -3.18667606e-01,  7.93783913e-02,
        -3.18383469e+00,  2.47967933e-02, -1.03508318e+00],
       [-1.02980066e+00,  4.27421170e-01, -1.64537206e+00,
        -7.95661331e-01,  8.86324900e-02, -7.31080688e-01,
         1.15156011e+00, -3.92878710e+00,  7.16295925e-01,
        -2.00768642e-01, -3.43300902e+00, -1.02436884e+00,
        -1.61789457e+00, -2.03447258e+00,  5.13296462e+00,
         5.53177035e-01,  1.01160158e+00, -2.74649076e+00,
        -1.74094562e+00, -4.81226248e-02, -1.03638914e+00,
         5.88135783e-01, -5.32509059e+00,  3.25080991e+00,
        -4.48246350e-01, -2.24956842e+00, -4.21881426e-01,
        -2.54207925e-01, -4.61226248e-02, -6.58772693e-01,
        -1.12073473e+00, -1.10326847e-01,  1.81690958e-01,
        -1.25963708e+00, -1.19366718e+00, -1.17326285e+00,
        -7.91242166e-01,  5.00000000e-03,  1.98391807e-01,
         1.71008584e+00, -1.81045063e+00,  1.00384541e+00,
        -3.68559029e+00, -2.14670715e-01, -2.98378039e+00],
       [ 4.28732034e-01, -1.17893066e+00, -3.18959050e+00,
        -1.35287156e+00,  1.69817639e+00, -7.38315532e-01,
         2.54547024e+00, -5.09521374e+00, -3.69858291e-01,
         5.94330296e-02, -1.65168019e+00, -9.84552437e-01,
        -1.54457101e+00, -1.12882841e+00,  1.73014775e+00,
        -1.64245353e+00,  3.17743552e+00, -3.26113161e+00,
        -2.80777874e+00,  9.15444061e-01,  8.02736250e-01,
         2.11790670e+00, -4.28688200e+00, -9.42680416e-01,
        -1.28656483e+00, -1.40831179e+00, -8.57550764e-01,
        -2.25006581e+00,  9.16444061e-01,  1.26326327e-01,
        -3.38834675e+00, -1.50036964e+00,  2.10027895e+00,
        -9.36373181e-01, -1.92485548e+00, -1.07228043e+00,
        -2.08451354e+00, -4.00000000e-03,  1.49516515e+00,
        -2.79362551e+00, -9.69571304e-01,  2.78289807e+00,
        -2.18548400e+00, -4.14701561e-01, -3.58548430e+00],
       [-1.94636088e+00, -6.84212669e-01,  7.30755983e-01,
        -1.25338486e+00,  4.50099488e-02, -7.42513644e-01,
        -1.45634087e+00, -1.02007012e+00,  2.28853425e-01,
        -1.11121273e-01, -3.49036639e+00, -8.35344466e-01,
        -1.75575663e+00,  5.29743809e-02,  2.94030063e+00,
         5.89657710e-01, -1.14120873e-01, -1.62049562e+00,
        -1.93356015e+00, -2.66735464e-02, -1.33199331e+00,
         3.94026935e+00, -6.45773070e+00,  9.97980128e-01,
        -2.50717945e-01, -1.79445962e+00, -1.05609874e+00,
        -2.34960572e-01, -2.66735464e-02, -1.18889356e+00,
         2.07238436e+00, -2.36674263e+00,  1.29526657e-01,
        -1.75146731e+00, -7.77885680e-01, -7.55596895e-01,
        -1.65537937e+00,  4.00000000e-03,  1.10669472e-01,
         3.87377345e+00, -1.23251243e+00,  1.42443424e-01,
        -5.80674566e+00, -9.81512568e-02, -3.09519248e+00],
       [-4.17846755e-01, -1.44286674e+00,  4.83138971e-01,
        -8.09370989e-01,  1.11381719e+00,  1.12853499e+00,
        -4.88787934e-02, -3.07036997e+00,  1.00772919e+00,
        -6.81437320e-02, -1.84742122e+00, -6.54626219e-01,
        -2.00445589e+00, -1.19868451e+00,  4.65105952e+00,
         2.54021733e+00, -4.89003372e+00,  2.13072496e+00,
        -8.32932148e-01, -1.04740458e-04, -2.38716682e-01,
         1.26865291e+00, -3.19277337e-01, -1.51838471e+00,
        -2.51402494e-01, -4.10463310e-01, -4.64640653e-01,
        -1.77919616e-01,  1.08952595e-02, -5.38889125e-01,
        -2.96223199e+00,  2.52775056e+00,  1.27747379e+00,
        -1.36523156e+00, -1.14276392e+00, -5.65614356e-01,
        -5.85286758e-01, -1.00000000e-02,  1.22653671e+00,
        -2.39597778e+00,  1.77278086e+00,  3.01489667e+00,
        -3.03428719e+00, -4.01540882e-01, -1.05512832e+00],
       [-3.89529214e-01, -1.04455912e+00,  5.27362193e-01,
        -6.15718812e-01,  1.23331949e-01,  5.59146348e-02,
         6.06940228e-01, -2.89024503e+00,  8.86095316e-01,
        -6.68181557e-02, -2.22386583e+00, -4.57210473e-01,
        -2.04023772e+00, -4.30322353e-01,  3.77552336e+00,
         2.38408721e+00, -3.70728908e+00,  7.68243196e-01,
        -8.34130404e-01,  9.76075024e-04, -1.28336488e+00,
         1.38312456e+00,  2.41898809e-01, -1.48860521e+00,
        -2.38166283e-01, -7.46236703e-01, -4.54832126e-01,
        -1.84020254e-01, -2.02392498e-03, -5.06674206e-01,
        -2.61702889e+00,  2.67860060e+00,  2.25611155e-01,
        -1.13762167e+00, -4.65783615e-01, -5.61188735e-01,
        -5.60163034e-01,  0.00000000e+00,  2.00022376e-01,
        -1.48591227e+00,  1.15546372e+00,  1.61567895e+00,
        -2.49494815e+00, -1.72395262e-01, -1.38611301e+00],
       [-3.00000000e-03,  7.00000000e-03,  3.00000000e-03,
        -3.00000000e-03, -1.00000000e-02, -4.00000000e-03,
         2.00000000e-03,  8.00000000e-03,  8.00000000e-03,
        -2.00000000e-03, -7.00000000e-03,  6.00000000e-03,
         7.00000000e-03,  3.00000000e-03, -8.00000000e-03,
         5.00000000e-03, -5.00000000e-03,  6.00000000e-03,
         4.00000000e-03,  7.00000000e-03,  9.00000000e-03,
        -9.00000000e-03, -9.00000000e-03,  0.00000000e+00,
        -6.00000000e-03, -8.00000000e-03,  6.00000000e-03,
         0.00000000e+00,  4.00000000e-03, -3.00000000e-03,
        -2.00000000e-03, -6.00000000e-03,  4.00000000e-03,
        -7.00000000e-03, -1.00000000e-02,  3.00000000e-03,
        -6.00000000e-03,  1.00000000e-03, -6.00000000e-03,
        -5.00000000e-03, -6.00000000e-03,  2.00000000e-03,
        -2.00000000e-03,  1.00000000e-03,  1.00000000e-02]]), 'deltas': array([[3.12300352e-08],
       [6.64668486e-05],
       [1.31683854e-10],
       [1.89328362e-04],
       [1.33816725e-04],
       [9.35227046e-05],
       [0.00000000e+00]]), 'outputs': array([[9.99992667e-01],
       [1.58584190e-02],
       [3.09203873e-08],
       [9.53369869e-01],
       [9.67524116e-01],
       [9.77535492e-01],
       [1.00000000e+00]]), 'errors': 0.004258803642859062}, {'weights': array([[ 3.9691129 ,  1.79935554,  1.38127846,  1.61558864,  2.01588964,
         2.38069845, -4.09921134],
       [ 1.58247734, -0.17443377,  2.44582596, -2.52067923, -1.49081359,
        -1.59426393, -2.30404547],
       [ 0.87905946, -0.66165874, -0.17557651,  1.17439036, -0.89168649,
        -1.09946233, -3.54853979],
       [ 0.3887953 , -0.69673633, -1.33311704, -1.06977113, -0.55446622,
        -0.60670057, -3.21790035],
       [ 0.02567552, -0.82204027, -1.43668489, -0.91984755, -0.74876124,
        -0.74395319, -3.05340738],
       [-7.43589851, -1.55727401, -8.3450453 , -1.25401643, -2.23362681,
        -1.33950321,  1.9792877 ]]), 'deltas': array([[ 1.07316213e-05],
       [-4.72266805e-06],
       [-8.46628045e-04],
       [-4.54497828e-05],
       [-2.13925115e-05],
       [-1.53504697e-09]]), 'outputs': array([[9.96718697e-01],
       [2.17553782e-03],
       [2.95363406e-02],
       [6.76456389e-03],
       [4.63596250e-03],
       [3.91804430e-05]]), 'errors': array([[ 3.28130323e-03],
       [-2.17553782e-03],
       [-2.95363406e-02],
       [-6.76456389e-03],
       [-4.63596250e-03],
       [-3.91804430e-05]])}]
neural_net output [0.45849083 0.32362274 0.06433004 0.05556157 0.04616375 0.0045506 ]
target: 0 prediction: 0
neural_net output [0.46451408 0.32585867 0.06461339 0.05569834 0.04617693 0.00434974]
target: 0 prediction: 0
neural_net output [8.94971963e-01 2.43315492e-02 1.42503089e-01 1.67582610e-02
 1.52566769e-02 7.43554843e-04]
target: 0 prediction: 0
neural_net output [0.45849083 0.32362274 0.06433004 0.05556157 0.04616375 0.0045506 ]
target: 0 prediction: 0
neural_net output [9.86159589e-01 2.17475952e-02 9.37315391e-03 1.81590617e-02
 1.07673379e-02 1.19802780e-04]
target: 0 prediction: 0
neural_net output [0.12884576 0.01272923 0.09023379 0.01572912 0.01989027 0.38118183]
target: 0 prediction: 5
neural_net output [0.43873757 0.31693209 0.06325507 0.05517407 0.04615466 0.00527783]
target: 0 prediction: 0
neural_net output [0.63101204 0.18881161 0.08218683 0.03865046 0.03278962 0.0024925 ]
target: 0 prediction: 0
neural_net output [0.45849083 0.32362274 0.06433004 0.05556157 0.04616375 0.0045506 ]
target: 0 prediction: 0
neural_net output [0.48375551 0.3231939  0.06377428 0.05437888 0.04487679 0.00402356]
target: 0 prediction: 0
neural_net output [0.48375551 0.3231939  0.06377428 0.05437888 0.04487679 0.00402356]
target: 0 prediction: 0
neural_net output [0.46451408 0.32585867 0.06461339 0.05569834 0.04617693 0.00434974]
target: 0 prediction: 0
neural_net output [0.46741669 0.32683774 0.06480094 0.0557526  0.04617763 0.00425529]
target: 0 prediction: 0
neural_net output [0.46813477 0.3263638  0.06468289 0.05571263 0.04613509 0.00425034]
target: 0 prediction: 0
neural_net output [0.46741669 0.32683774 0.06480094 0.0557526  0.04617763 0.00425529]
target: 1 prediction: 0
neural_net output [0.48375551 0.3231939  0.06377428 0.05437888 0.04487679 0.00402356]
target: 1 prediction: 0
neural_net output [0.34970668 0.28413814 0.05835239 0.05315106 0.04593441 0.01064913]
target: 1 prediction: 0
neural_net output [0.7693429  0.12186713 0.03066867 0.03608268 0.02688165 0.00169478]
target: 1 prediction: 0
neural_net output [0.47776366 0.32069246 0.06358993 0.05515861 0.04556555 0.00414691]
target: 1 prediction: 0
neural_net output [0.47776366 0.32069246 0.06358993 0.05515861 0.04556555 0.00414691]
target: 1 prediction: 0
neural_net output [0.46025096 0.30635401 0.06572318 0.05392977 0.04510188 0.00470271]
target: 1 prediction: 0
neural_net output [0.46599911 0.32601852 0.06463155 0.05570107 0.04615668 0.00430919]
target: 1 prediction: 0
neural_net output [0.46813477 0.3263638  0.06468289 0.05571263 0.04613509 0.00425034]
target: 1 prediction: 0
neural_net output [0.46741669 0.32683774 0.06480094 0.0557526  0.04617763 0.00425529]
target: 1 prediction: 0
neural_net output [9.86315864e-01 2.05423967e-02 9.95149503e-03 1.76096141e-02
 1.05254947e-02 1.18246895e-04]
target: 1 prediction: 0
neural_net output [0.16695384 0.18942166 0.04390756 0.04649627 0.04375156 0.0699821 ]
target: 1 prediction: 1
neural_net output [0.49886586 0.32220229 0.06287612 0.05260727 0.04328786 0.00367971]
target: 1 prediction: 0
neural_net output [0.46741669 0.32683774 0.06480094 0.0557526  0.04617763 0.00425529]
target: 1 prediction: 0
neural_net output [0.4944873  0.31696652 0.06207321 0.05390132 0.04431197 0.00381662]
target: 1 prediction: 0
neural_net output [0.7333979  0.07262815 0.13842332 0.02653996 0.02434505 0.00179961]
target: 2 prediction: 0
neural_net output [0.46741669 0.32683774 0.06480094 0.0557526  0.04617763 0.00425529]
target: 2 prediction: 0
neural_net output [0.46741669 0.32683774 0.06480094 0.0557526  0.04617763 0.00425529]
target: 2 prediction: 0
neural_net output [0.37753365 0.28691321 0.0581283  0.05269281 0.04509266 0.00875021]
target: 3 prediction: 0
neural_net output [0.45528204 0.3150276  0.06277746 0.05484541 0.04564034 0.00483852]
target: 3 prediction: 0
neural_net output [0.01713058 0.09227833 0.02827013 0.0386498  0.04505885 0.86846808]
target: 3 prediction: 5
neural_net output [0.11104977 0.18173002 0.04290761 0.04644286 0.04555966 0.14213627]
target: 4 prediction: 1
neural_net output [0.3753894  0.29467808 0.05989257 0.05384678 0.04607982 0.00860817]
target: 4 prediction: 0
neural_net output [0.01636302 0.09075448 0.02795394 0.03848894 0.04504963 0.87816671]
target: 5 prediction: 5
neural_net output [0.01632527 0.09080544 0.02796612 0.03849928 0.04507019 0.87848252]
target: 5 prediction: 5
neural_net output [0.01636984 0.09047333 0.02801868 0.03843549 0.04500587 0.8782357 ]
target: 5 prediction: 5
neural_net output [0.01636302 0.09075448 0.02795394 0.03848894 0.04504963 0.87816671]
target: 5 prediction: 5
neural_net output [0.61534233 0.22407915 0.04792129 0.04653799 0.03662004 0.00255435]
target: 5 prediction: 0
neural_net output [0.01636984 0.09047333 0.02801868 0.03843549 0.04500587 0.8782357 ]
target: 5 prediction: 5
Accuracy: 44.18604651162791 %

train_data group 1 length:  172
   0   1   2   3   4   5   6   7   8  ...  36  37  38  39  40  41  42  43  44
0   0   1   0   0   0   0   0   1   0 ...   0   0   0   1   0   0   0   0   0
1   0   1   0   0   0   0   1   0   0 ...   0   0   0   0   1   0   0   0   0
2   0   0   1   0   0   0   0   1   0 ...   0   0   0   1   0   0   0   0   0
3   0   1   0   0   0   0   0   1   0 ...   0   0   0   1   0   0   0   0   0
4   0   0   1   0   0   0   1   0   0 ...   0   0   0   0   1   0   0   0   0

[5 rows x 45 columns]
Initial Neural Network:
[{'weights': array([[ 0.002, -0.004, -0.008, -0.009,  0.009, -0.007,  0.   ,  0.006,
        -0.002, -0.005,  0.004, -0.01 , -0.008, -0.001,  0.002, -0.001,
        -0.006, -0.003, -0.01 ,  0.001,  0.001, -0.001,  0.004,  0.003,
        -0.008, -0.004,  0.004,  0.003,  0.005,  0.005, -0.008, -0.001,
         0.001, -0.008, -0.004,  0.   , -0.002, -0.009, -0.01 ,  0.001,
         0.009,  0.005,  0.007, -0.005,  0.   ],
       [-0.002, -0.003,  0.01 , -0.004, -0.008, -0.008, -0.007, -0.008,
         0.009, -0.003,  0.007, -0.009,  0.01 , -0.003,  0.   , -0.009,
         0.004, -0.001, -0.009, -0.005,  0.008, -0.005, -0.007,  0.003,
        -0.006, -0.004,  0.007, -0.004,  0.006,  0.001,  0.003, -0.01 ,
        -0.003, -0.01 ,  0.008, -0.001,  0.001, -0.001, -0.009,  0.01 ,
        -0.01 ,  0.006,  0.007, -0.002,  0.002],
       [ 0.003,  0.   , -0.002,  0.006, -0.003, -0.008,  0.001,  0.001,
         0.002, -0.008, -0.007, -0.008,  0.005,  0.007, -0.002,  0.002,
         0.008,  0.006,  0.008, -0.008,  0.007, -0.003, -0.006,  0.   ,
        -0.007, -0.007,  0.006,  0.007,  0.002, -0.001, -0.005, -0.005,
         0.   , -0.001,  0.001,  0.007, -0.006,  0.005, -0.001,  0.006,
        -0.002, -0.005,  0.006, -0.002, -0.008],
       [ 0.007, -0.004, -0.003, -0.007,  0.002, -0.004, -0.007,  0.006,
        -0.005,  0.007,  0.003,  0.005,  0.001,  0.001,  0.003,  0.002,
         0.002, -0.002,  0.001, -0.006, -0.002,  0.007,  0.002, -0.006,
        -0.007,  0.01 , -0.009,  0.01 , -0.002, -0.002,  0.006, -0.003,
        -0.002, -0.01 , -0.002,  0.006, -0.006, -0.009,  0.003,  0.001,
        -0.003, -0.002, -0.001, -0.002,  0.005],
       [-0.003,  0.007, -0.008,  0.002,  0.01 ,  0.004,  0.002,  0.002,
        -0.008,  0.008, -0.009, -0.004,  0.006, -0.007, -0.003, -0.008,
        -0.009,  0.005, -0.006, -0.003,  0.004, -0.001,  0.005,  0.005,
         0.   ,  0.001, -0.003, -0.007,  0.001, -0.009,  0.007, -0.001,
         0.001,  0.009, -0.008,  0.007,  0.009, -0.006,  0.003,  0.009,
         0.006, -0.003,  0.008, -0.001,  0.007],
       [-0.01 ,  0.001, -0.001, -0.008,  0.01 , -0.008, -0.009, -0.001,
         0.004, -0.006, -0.008,  0.006, -0.004, -0.001,  0.   , -0.009,
         0.004, -0.01 ,  0.003, -0.007,  0.001, -0.008,  0.003,  0.008,
         0.001, -0.01 , -0.004,  0.002, -0.006, -0.008, -0.002, -0.001,
        -0.003, -0.002, -0.002, -0.009,  0.004, -0.002, -0.001,  0.   ,
        -0.006,  0.008,  0.001,  0.009,  0.002],
       [ 0.004,  0.01 ,  0.01 ,  0.004,  0.004,  0.001, -0.004, -0.009,
         0.003,  0.01 ,  0.006, -0.009, -0.002,  0.009, -0.009, -0.002,
        -0.004,  0.003, -0.009, -0.005,  0.008,  0.003, -0.002,  0.007,
         0.006, -0.002,  0.004, -0.007,  0.01 , -0.004,  0.009, -0.008,
        -0.006,  0.01 ,  0.007, -0.006, -0.01 ,  0.007,  0.01 ,  0.006,
         0.001,  0.005,  0.006, -0.003,  0.003]]), 'deltas': array([[0.],
       [0.],
       [0.],
       [0.],
       [0.],
       [0.],
       [0.]]), 'outputs': array([[0.],
       [0.],
       [0.],
       [0.],
       [0.],
       [0.],
       [0.]]), 'errors': array([[0.],
       [0.],
       [0.],
       [0.],
       [0.],
       [0.],
       [0.]])}, {'weights': array([[ 0.007,  0.008, -0.001, -0.01 ,  0.008, -0.004, -0.003],
       [-0.007,  0.008, -0.005, -0.009,  0.001,  0.006,  0.004],
       [ 0.006,  0.008, -0.002,  0.   ,  0.009, -0.004, -0.007],
       [ 0.005, -0.005, -0.004,  0.005, -0.006,  0.005,  0.009],
       [-0.003,  0.003, -0.007,  0.002, -0.006, -0.001, -0.006],
       [ 0.001, -0.001,  0.009,  0.006,  0.002,  0.006, -0.007]]), 'deltas': array([[0.],
       [0.],
       [0.],
       [0.],
       [0.],
       [0.],
       [0.]]), 'outputs': array([[0.],
       [0.],
       [0.],
       [0.],
       [0.],
       [0.],
       [0.]]), 'errors': array([[0.],
       [0.],
       [0.],
       [0.],
       [0.],
       [0.],
       [0.]])}]
Training complete!
Training done. epoch: 9 , total error: 0.0034645518809202983
[{'weights': array([[ 1.19199902e-01, -1.13609719e+00, -1.10297555e+00,
         1.32223391e+00,  4.95038667e-01,  1.07420861e+00,
        -3.45870941e-01, -1.08301172e-01, -9.15636753e-01,
        -5.00000000e-03,  5.20681720e-01,  2.16660302e-01,
        -1.43158509e-01, -2.71796537e-01, -6.27987234e-01,
         8.31960655e-02, -2.19554631e-01, -3.46585012e-01,
        -4.94631280e-01,  6.65974599e-01,  9.29599624e-01,
         2.46335811e-01, -6.87524981e-01, -6.68860816e-01,
        -1.13149896e-01,  1.11921654e-02, -1.43399098e-01,
        -2.96836837e-01,  1.44443512e-01,  2.26291965e-01,
        -2.06912820e+00, -7.37464214e-01,  1.31602544e+00,
         9.60674749e-01,  2.25208875e-01, -6.40430294e-01,
        -5.66136663e-01,  5.70805501e-01,  9.29523237e-02,
        -5.99762012e-01,  5.14299934e-02,  1.58464623e-01,
         2.81363009e-01, -1.67095871e-01, -2.92600258e-01],
       [-1.19757458e-01,  6.67993658e-01, -3.09351480e+00,
         1.28457533e+00,  4.68263206e-01,  7.14413602e-01,
         1.41979776e+00, -1.86630085e+00, -1.06735059e+00,
        -3.00000000e-03, -1.94000245e+00, -2.37562587e-01,
        -1.37909925e+00,  1.03464305e+00,  1.74158118e+00,
        -1.08368961e+00,  1.06751011e-01,  1.41981120e+00,
        -1.18006005e+00, -6.82526246e-02,  2.81042016e-02,
        -3.85469401e-01,  6.50098316e-01, -6.64293806e-01,
        -4.20879378e-01,  6.58190507e-01, -6.66174723e-01,
        -7.75487880e-01,  3.03202845e-03,  2.91891173e-01,
        -1.15191035e+00, -2.23618546e+00,  1.39758118e+00,
         8.94183391e-01,  8.30250307e-01, -9.19286447e-01,
        -9.49301956e-01,  6.60920020e-02,  1.84806026e-01,
        -2.04538222e+00,  3.55488385e-01,  9.91752198e-01,
         3.72055773e-01, -4.48354203e-01, -7.83440068e-01],
       [-2.02860241e-01, -9.89219933e-01, -1.03779799e+00,
         1.35740723e+00,  4.65120351e-01,  9.81390989e-01,
        -4.13672571e-01, -1.21667827e-01, -8.61401176e-01,
        -8.00000000e-03,  3.35502585e-01,  2.12712059e-01,
        -2.07235073e-01, -1.72155075e-01, -5.85175082e-01,
         1.27650135e-01, -6.68702374e-02, -2.46770486e-01,
        -4.51868934e-01,  2.42508936e-01,  5.27852883e-01,
         3.30352157e-01, -6.08645822e-01, -5.55913876e-01,
        -1.13995928e-01,  9.20367918e-02, -1.23480600e-01,
        -2.48773663e-01, -1.23133115e-01, -8.12267332e-02,
        -1.91558682e+00, -6.52472204e-01,  1.22164011e+00,
         1.00429506e+00,  1.34597323e-01, -5.19213757e-01,
        -5.94972774e-01,  4.27895127e-01,  1.46343496e-01,
        -6.71633843e-01,  5.73435009e-02,  1.64635055e-01,
         1.93568697e-01, -1.52263995e-01, -4.19350586e-01],
       [-3.65602644e-01, -6.80801412e-01, -1.16635594e+00,
         1.11430802e+00,  3.92966709e-01,  7.18834192e-01,
        -3.00418367e-02, -5.52417807e-01, -8.46859814e-01,
         7.00000000e-03, -2.21995296e-02,  1.21590497e-01,
        -4.40374817e-01, -1.16187300e-01, -2.30314115e-01,
         2.12035344e-01, -1.77028769e-01, -3.16615365e-01,
        -4.33267462e-01,  1.13909875e-02,  4.25316540e-02,
         4.85857139e-01, -7.13848813e-01, -3.84089668e-01,
        -1.36935577e-01, -1.82708713e-01, -2.12873969e-01,
        -1.97821405e-01, -9.80811784e-02, -1.70885057e-01,
        -1.65972187e+00, -6.39846598e-01,  8.50497534e-01,
         9.08470721e-01,  5.60105441e-02, -3.97311034e-01,
        -7.16222349e-01,  1.42321286e-01,  2.06716288e-01,
        -6.10016637e-01,  6.81799051e-02,  9.53079744e-02,
        -1.06147995e-01, -1.54808513e-01, -6.95485265e-01],
       [-6.83479120e-01,  3.93103176e-01, -1.17373067e+00,
         6.40280615e-01,  4.43859627e-01,  1.97658889e-01,
         9.88018440e-01, -1.66383745e-01, -1.40725996e+00,
         8.00000000e-03, -2.27899851e+00,  2.53777958e-01,
        -1.83824504e+00,  1.83629195e+00,  1.62220728e+00,
         1.02964987e+00,  9.07675358e-01, -2.68227789e-01,
        -1.96838607e+00, -1.09677744e-01, -9.61140646e-01,
         1.33438550e+00,  4.10801538e-01, -9.20006125e-01,
        -2.39006643e-01,  1.78998720e+00, -1.04986867e+00,
        -1.13387008e+00, -2.21482560e-03, -7.30002336e-01,
        -1.72886112e+00,  2.46102965e-01,  1.19626941e+00,
         6.35524715e-01,  1.85707100e+00, -1.35929476e+00,
        -1.13840398e+00,  1.01255883e-01,  1.56405481e-01,
        -1.13783793e+00,  4.99694916e-01,  1.69070767e-02,
         5.82282711e-01, -3.30013151e-01, -3.80966373e-01],
       [-2.16529212e-02, -1.06007843e+00, -1.01903797e+00,
         1.25258809e+00,  5.21760019e-01,  1.12254397e+00,
        -4.17576579e-01, -1.71263330e-01, -8.66125268e-01,
        -6.00000000e-03,  4.99461770e-01,  2.21036156e-01,
        -1.67839311e-01, -3.26675745e-01, -5.51404078e-01,
         4.93621410e-02, -1.81861344e-01, -2.33179334e-01,
        -4.69228395e-01,  4.97485725e-01,  7.58258405e-01,
         2.77033673e-01, -5.77342293e-01, -6.60286889e-01,
        -1.11084103e-01,  7.56063637e-02, -1.49157983e-01,
        -2.87922942e-01,  2.50533543e-02,  7.75429114e-02,
        -1.97786346e+00, -7.45902707e-01,  1.35176313e+00,
         9.60038917e-01,  1.57603256e-01, -6.00487990e-01,
        -5.37916957e-01,  5.26269181e-01,  1.26111304e-01,
        -7.30604142e-01,  4.25003943e-02,  2.15907791e-01,
         3.25906137e-01, -1.60131388e-01, -3.16421207e-01],
       [ 4.00000000e-03,  1.00000000e-02,  1.00000000e-02,
         4.00000000e-03,  4.00000000e-03,  1.00000000e-03,
        -4.00000000e-03, -9.00000000e-03,  3.00000000e-03,
         1.00000000e-02,  6.00000000e-03, -9.00000000e-03,
        -2.00000000e-03,  9.00000000e-03, -9.00000000e-03,
        -2.00000000e-03, -4.00000000e-03,  3.00000000e-03,
        -9.00000000e-03, -5.00000000e-03,  8.00000000e-03,
         3.00000000e-03, -2.00000000e-03,  7.00000000e-03,
         6.00000000e-03, -2.00000000e-03,  4.00000000e-03,
        -7.00000000e-03,  1.00000000e-02, -4.00000000e-03,
         9.00000000e-03, -8.00000000e-03, -6.00000000e-03,
         1.00000000e-02,  7.00000000e-03, -6.00000000e-03,
        -1.00000000e-02,  7.00000000e-03,  1.00000000e-02,
         6.00000000e-03,  1.00000000e-03,  5.00000000e-03,
         6.00000000e-03, -3.00000000e-03,  3.00000000e-03]]), 'deltas': array([[0.00138475],
       [0.00444589],
       [0.00176673],
       [0.00473176],
       [0.00121733],
       [0.00154304],
       [0.        ]]), 'outputs': array([[0.93074064],
       [0.29254711],
       [0.90957984],
       [0.67242097],
       [0.93969432],
       [0.92210047],
       [1.        ]]), 'errors': 0.021481528113447872}, {'weights': array([[-0.72648024,  0.6058056 , -0.374828  ,  0.12703585,  2.41285864,
        -0.79827448, -3.5498536 ],
       [ 0.99284056,  1.07981802,  0.81939298,  0.58608047,  2.30072843,
         1.1349237 , -2.65634626],
       [-0.60001349, -0.1235343 , -0.58491658, -0.51512864,  0.58939848,
        -0.60811548, -2.71276245],
       [-0.14448622, -0.86194981, -0.35401335, -0.60888766, -0.69675054,
        -0.20188754, -1.90005934],
       [-0.71341385, -1.11768506, -0.72328967, -0.73992628, -0.53307572,
        -0.70363926, -2.24921495],
       [-1.33571191, -2.87072148, -1.22364402, -1.22524622, -4.8060743 ,
        -1.22143881,  1.90462951]]), 'deltas': array([[-3.39695788e-03],
       [ 2.51213726e-03],
       [-2.18805975e-04],
       [-4.20108016e-04],
       [-1.50784403e-05],
       [-1.82431327e-07]]), 'outputs': array([[6.01185563e-02],
       [9.48537068e-01],
       [1.49035667e-02],
       [2.07121557e-02],
       [3.89067278e-03],
       [4.27211069e-04]]), 'errors': array([[-0.06011856],
       [ 0.05146293],
       [-0.01490357],
       [-0.02071216],
       [-0.00389067],
       [-0.00042721]])}]
Accuracy: 45.23809523809524 %

train_data group 2 length:  172
   0   1   2   3   4   5   6   7   8  ...  36  37  38  39  40  41  42  43  44
0   0   1   0   0   0   0   0   1   0 ...   0   0   0   1   0   0   0   0   0
1   0   1   0   0   0   0   1   0   0 ...   0   0   0   0   1   0   0   0   0
2   0   0   1   0   0   0   0   1   0 ...   0   0   0   1   0   0   0   0   0
3   0   1   0   0   0   0   0   1   0 ...   0   0   0   1   0   0   0   0   0
4   0   0   1   0   0   0   1   0   0 ...   0   0   0   0   1   0   0   0   0

[5 rows x 45 columns]
Initial Neural Network:
[{'weights': array([[-0.009, -0.006, -0.01 , -0.008,  0.003,  0.003, -0.006, -0.006,
        -0.004,  0.009,  0.   , -0.01 ,  0.004,  0.005, -0.01 , -0.009,
        -0.009, -0.01 ,  0.002, -0.01 , -0.004,  0.   , -0.008,  0.006,
        -0.006,  0.002, -0.004, -0.007,  0.006,  0.007,  0.01 ,  0.008,
         0.01 , -0.004,  0.009,  0.009,  0.008, -0.003, -0.003, -0.004,
         0.004,  0.007,  0.008,  0.005, -0.002],
       [-0.009, -0.004,  0.   ,  0.006,  0.006, -0.004, -0.005,  0.002,
         0.   , -0.007,  0.002, -0.008, -0.002,  0.009,  0.006,  0.004,
        -0.007,  0.   , -0.009,  0.006,  0.01 , -0.003,  0.002, -0.01 ,
        -0.001, -0.007, -0.002, -0.006,  0.004,  0.008, -0.009, -0.008,
         0.   , -0.001,  0.001, -0.004, -0.008, -0.006, -0.004, -0.001,
         0.005,  0.009, -0.001,  0.003, -0.006],
       [-0.001,  0.002,  0.007, -0.006, -0.006, -0.01 , -0.008,  0.007,
        -0.007,  0.006,  0.005,  0.009,  0.004,  0.002, -0.008, -0.009,
         0.009,  0.006, -0.004, -0.009,  0.002, -0.007, -0.007,  0.006,
        -0.003,  0.007, -0.006,  0.007,  0.001,  0.007,  0.006,  0.009,
         0.006, -0.01 ,  0.003, -0.001, -0.009, -0.002, -0.005,  0.002,
         0.004,  0.01 ,  0.009, -0.01 ,  0.   ],
       [ 0.009,  0.008, -0.001,  0.002,  0.004,  0.01 , -0.001, -0.007,
         0.   , -0.007,  0.004, -0.009,  0.005,  0.005,  0.008, -0.008,
         0.003,  0.009, -0.005, -0.003,  0.004, -0.006, -0.008,  0.004,
         0.005,  0.002,  0.006, -0.003,  0.005,  0.   , -0.002, -0.01 ,
         0.008,  0.01 ,  0.004, -0.001,  0.001, -0.004,  0.006,  0.005,
        -0.007,  0.001,  0.01 , -0.002,  0.007],
       [ 0.006, -0.008, -0.007,  0.002, -0.002, -0.008,  0.008,  0.003,
         0.008,  0.   , -0.005,  0.008, -0.009,  0.004,  0.   ,  0.008,
         0.002, -0.007,  0.004,  0.003, -0.001, -0.001,  0.009,  0.001,
        -0.006,  0.   ,  0.002,  0.01 , -0.007, -0.003, -0.004,  0.004,
        -0.007, -0.009,  0.01 , -0.01 , -0.001,  0.009, -0.005, -0.008,
         0.002,  0.01 , -0.005, -0.002,  0.005],
       [ 0.002,  0.006,  0.001,  0.006,  0.   ,  0.003,  0.008, -0.009,
        -0.01 , -0.007,  0.01 , -0.01 ,  0.007,  0.008, -0.005, -0.004,
        -0.01 ,  0.009, -0.002,  0.006,  0.005,  0.01 ,  0.001,  0.006,
         0.009,  0.001, -0.005, -0.009, -0.01 ,  0.007, -0.006, -0.006,
        -0.003, -0.002,  0.009,  0.005, -0.008,  0.   ,  0.004, -0.006,
        -0.01 ,  0.008, -0.007,  0.001, -0.009],
       [-0.002, -0.01 ,  0.004,  0.002, -0.007,  0.   ,  0.01 ,  0.001,
         0.004,  0.007,  0.002,  0.006,  0.001, -0.005, -0.01 , -0.008,
         0.005,  0.008,  0.007,  0.008, -0.01 , -0.005,  0.003,  0.008,
        -0.006, -0.008, -0.005, -0.004,  0.001,  0.01 , -0.008, -0.001,
         0.006,  0.003, -0.001, -0.003, -0.005,  0.004,  0.   ,  0.003,
         0.005, -0.002,  0.004, -0.003,  0.001]]), 'deltas': array([[0.],
       [0.],
       [0.],
       [0.],
       [0.],
       [0.],
       [0.]]), 'outputs': array([[0.],
       [0.],
       [0.],
       [0.],
       [0.],
       [0.],
       [0.]]), 'errors': array([[0.],
       [0.],
       [0.],
       [0.],
       [0.],
       [0.],
       [0.]])}, {'weights': array([[ 0.004, -0.002, -0.006, -0.006, -0.004, -0.003, -0.005],
       [-0.01 ,  0.001, -0.006, -0.007,  0.005,  0.004,  0.007],
       [ 0.01 ,  0.004,  0.008,  0.   ,  0.002,  0.008, -0.001],
       [-0.006,  0.   , -0.007,  0.01 ,  0.   ,  0.001,  0.003],
       [ 0.007,  0.009, -0.005, -0.006, -0.002,  0.001, -0.004],
       [ 0.01 , -0.003,  0.003, -0.001,  0.009,  0.009,  0.01 ]]), 'deltas': array([[0.],
       [0.],
       [0.],
       [0.],
       [0.],
       [0.],
       [0.]]), 'outputs': array([[0.],
       [0.],
       [0.],
       [0.],
       [0.],
       [0.],
       [0.]]), 'errors': array([[0.],
       [0.],
       [0.],
       [0.],
       [0.],
       [0.],
       [0.]])}]
Training complete!
Training done. epoch: 15 , total error: 0.009571908586185833
[{'weights': array([[ 1.33404683e+00, -1.91777459e+00,  5.42566844e-01,
        -9.46866956e-01,  8.61065909e-02,  2.60995179e-01,
         4.35973774e-01, -1.20095731e+00, -9.47627285e-01,
         5.75694349e-01, -5.69928811e-01, -2.43727904e-01,
        -3.35376385e-01, -1.31024851e+00,  1.57636032e+00,
         1.59335900e+00, -1.61206304e+00, -1.36414989e+00,
        -8.06094075e-01,  1.28102673e+00, -1.61599694e-01,
        -1.66041537e-02, -7.55694990e-01, -2.77906685e-01,
         3.27884235e-01, -1.22793274e+00,  9.90980987e-02,
        -1.92652532e-01,  4.46565890e-01,  8.81000038e-01,
        -1.42108483e+00, -1.56208715e-01,  1.83710304e-01,
        -3.28338087e-01, -6.17957653e-01, -5.54951342e-01,
        -7.07517558e-01,  9.14180462e-01,  1.14324803e-01,
        -6.22460005e-01,  2.53871867e-01, -2.53902817e-01,
        -2.23961286e-01, -5.46904526e-03, -8.73921287e-01],
       [ 1.47777235e+00, -1.89050417e+00,  4.03853399e-01,
        -8.91390256e-01,  6.28845431e-02,  3.20452580e-01,
         4.07366138e-01, -1.19288958e+00, -9.89907368e-01,
         6.04594095e-01, -4.54959333e-01, -2.10863509e-01,
        -3.62185417e-01, -1.48237849e+00,  1.68100261e+00,
         1.68779860e+00, -1.65210566e+00, -1.47273038e+00,
        -8.83616914e-01,  1.47827021e+00,  2.45226240e-02,
        -1.29166364e-01, -8.34667292e-01, -2.91456652e-01,
         3.92383543e-01, -1.29255317e+00,  3.95116970e-02,
        -1.87044238e-01,  5.92701568e-01,  9.78603521e-01,
        -1.46155858e+00, -1.11252487e-01,  1.71438719e-01,
        -4.23615311e-01, -5.40039507e-01, -6.07298170e-01,
        -7.76364365e-01,  9.45782080e-01,  1.20535822e-01,
        -5.39110469e-01,  2.79444877e-01, -2.92863230e-01,
        -2.58876876e-01, -9.97844180e-03, -8.42384139e-01],
       [-6.21887026e-01,  4.31806713e-01, -7.59835157e-01,
        -1.14935881e+00,  6.93942168e-01, -8.83131931e-01,
         7.82900385e-02,  3.43876400e-01, -1.72375661e+00,
         7.71389984e-01, -1.29227711e+00, -1.46382449e+00,
        -5.03566896e-01,  7.82205070e-02,  1.79211586e+00,
         1.93016284e-01,  3.41128242e+00, -1.06030688e+00,
        -3.22408263e+00, -7.28241314e-01, -1.89778867e+00,
         1.26050036e+00,  7.92423419e-01, -6.41763813e-01,
        -9.23703410e-01,  1.64091302e+00, -1.72425331e+00,
        -1.69380004e+00,  3.84808217e-01, -1.38876493e+00,
        -1.12399727e+00,  8.37478480e-01,  9.81850802e-01,
        -6.89899199e-01,  1.38586450e+00, -1.40945124e+00,
        -1.96509258e+00,  8.21626813e-02,  4.91184519e-01,
        -6.67032448e-01, -1.22043683e+00,  5.40275869e-01,
        -3.82661531e-01,  3.43522822e-01, -1.40133212e+00],
       [ 1.47734108e+00, -1.13920165e+00, -1.12112745e+00,
        -1.73969623e+00,  4.76234507e-02, -5.42766497e-01,
         1.47229342e+00, -1.63737333e+00, -1.93326045e+00,
         1.39046059e-01, -3.67629522e+00, -1.21345158e+00,
        -1.34294482e+00,  5.34144041e+00, -1.59280958e+00,
        -2.93450805e-01,  4.43097546e+00, -5.10586310e+00,
        -2.35146459e+00,  8.18742236e-01, -1.10335558e+00,
         2.70924986e-01, -2.67980052e+00,  2.03036646e+00,
        -1.01619615e+00, -9.75729583e-01, -1.25272405e+00,
        -9.14560732e-01,  6.55953565e-01, -1.12477396e+00,
         1.40797175e+00, -2.01695849e+00,  2.19415993e-01,
        -9.76716097e-01, -8.47737838e-01, -7.83928676e-02,
        -2.23317728e+00,  3.96006963e-01,  2.72240221e-01,
         1.43775655e+00, -9.11748031e-01, -2.27669613e+00,
        -5.34264109e-01, -2.05109076e-01, -2.49006080e+00],
       [ 9.36471595e-02, -2.22349777e+00,  1.43297842e+00,
        -7.77617416e-01,  1.08579510e-01,  6.32103337e-02,
        -2.43766374e-01, -2.10403293e-01, -1.11137309e+00,
         1.56422328e-01, -1.75950002e+00, -2.81016314e-01,
        -1.26702745e+00, -2.20003678e-01,  2.16863737e+00,
         2.30819013e+00, -1.88697012e+00, -1.25067551e+00,
        -7.38431615e-01,  2.20977023e-01, -9.84018578e-01,
         1.33710841e+00, -9.68050208e-01, -6.17072878e-01,
        -1.22876848e-01, -8.57009418e-01, -3.86416461e-01,
        -1.98196360e-01,  8.97121408e-02, -3.24463104e-01,
        -7.47370457e-01,  7.30479564e-02,  1.75594134e-01,
        -5.52718629e-01, -5.45598128e-01, -4.63110736e-01,
        -6.53698014e-01,  2.25803797e-01,  8.26929817e-02,
        -3.85345778e-01, -2.85530021e-01, -3.58873847e-01,
        -3.06813297e-01, -2.33471551e-02, -1.35191010e+00],
       [ 9.11366528e-01, -1.94347895e+00,  7.57242905e-01,
        -8.43027202e-01,  9.45307365e-02,  1.36397338e-01,
         3.97242643e-01, -1.00157363e+00, -9.44539582e-01,
         3.59107245e-01, -9.24640361e-01, -2.53771139e-01,
        -4.85340388e-01, -1.01879372e+00,  1.65417963e+00,
         1.58431323e+00, -1.61202388e+00, -1.22591058e+00,
        -7.54391525e-01,  9.68646764e-01, -3.36392542e-01,
         2.15519887e-01, -6.18998516e-01, -4.03112377e-01,
         1.35617565e-01, -1.13804055e+00,  6.45792125e-03,
        -1.98280868e-01,  2.68497514e-01,  5.09111419e-01,
        -1.47911819e+00,  9.02332538e-02,  1.91542130e-01,
        -3.60134593e-01, -6.74815867e-01, -5.11187383e-01,
        -6.99394395e-01,  7.54723884e-01,  1.02307779e-01,
        -8.57233886e-01,  2.98230578e-01, -2.53421284e-01,
        -2.26220685e-01, -1.37207050e-02, -1.04736598e+00],
       [-2.00000000e-03, -1.00000000e-02,  4.00000000e-03,
         2.00000000e-03, -7.00000000e-03,  0.00000000e+00,
         1.00000000e-02,  1.00000000e-03,  4.00000000e-03,
         7.00000000e-03,  2.00000000e-03,  6.00000000e-03,
         1.00000000e-03, -5.00000000e-03, -1.00000000e-02,
        -8.00000000e-03,  5.00000000e-03,  8.00000000e-03,
         7.00000000e-03,  8.00000000e-03, -1.00000000e-02,
        -5.00000000e-03,  3.00000000e-03,  8.00000000e-03,
        -6.00000000e-03, -8.00000000e-03, -5.00000000e-03,
        -4.00000000e-03,  1.00000000e-03,  1.00000000e-02,
        -8.00000000e-03, -1.00000000e-03,  6.00000000e-03,
         3.00000000e-03, -1.00000000e-03, -3.00000000e-03,
        -5.00000000e-03,  4.00000000e-03,  0.00000000e+00,
         3.00000000e-03,  5.00000000e-03, -2.00000000e-03,
         4.00000000e-03, -3.00000000e-03,  1.00000000e-03]]), 'deltas': array([[0.00683454],
       [0.00706584],
       [0.00567422],
       [0.00025035],
       [0.00359237],
       [0.00842485],
       [0.        ]]), 'outputs': array([[0.08593462],
       [0.08915722],
       [0.92986714],
       [0.00288558],
       [0.95685082],
       [0.10862726],
       [1.        ]]), 'errors': 0.08700892950600524}, {'weights': array([[ 0.33611853,  0.1358582 ,  3.20663588,  1.7324783 ,  3.02296148,
         0.56086038, -3.69255276],
       [-0.32066283, -0.25021633,  2.02018268, -1.66347059, -2.41946924,
        -0.57561374, -2.10851659],
       [-0.53584637, -0.54474523,  0.76708447,  0.23019809, -0.09032175,
        -0.50123669, -3.12477562],
       [-0.0945291 ,  0.12046419, -0.43965843, -1.21038273, -0.71931369,
        -0.21661417, -2.31208345],
       [-0.65903911, -0.62306842, -0.75940338, -1.16401472, -0.82137326,
        -0.70950073, -2.41151136],
       [-1.36032967, -1.5467167 , -6.92332522, -2.90109265, -1.50525937,
        -1.31079341,  1.14936225]]), 'deltas': array([[ 8.13098156e-03],
       [-4.09526623e-03],
       [-4.21831857e-03],
       [-9.53550229e-04],
       [-2.63916396e-04],
       [-6.34173488e-07]]), 'outputs': array([[9.05225132e-01],
       [6.62246810e-02],
       [6.72491598e-02],
       [3.13757502e-02],
       [1.63802135e-02],
       [7.96667507e-04]]), 'errors': array([[ 0.09477487],
       [-0.06622468],
       [-0.06724916],
       [-0.03137575],
       [-0.01638021],
       [-0.00079667]])}]
Accuracy: 57.14285714285714 %

train_data group 3 length:  170
   0   1   2   3   4   5   6   7   8  ...  36  37  38  39  40  41  42  43  44
0   0   1   0   0   0   0   0   1   0 ...   0   0   0   1   0   0   0   0   0
1   0   1   0   0   0   0   1   0   0 ...   0   0   0   0   1   0   0   0   0
2   0   0   1   0   0   0   0   1   0 ...   0   0   0   1   0   0   0   0   0
3   0   1   0   0   0   0   0   1   0 ...   0   0   0   1   0   0   0   0   0
4   0   0   1   0   0   0   1   0   0 ...   0   0   0   0   1   0   0   0   0

[5 rows x 45 columns]
Initial Neural Network:
[{'weights': array([[-0.01 , -0.009,  0.   , -0.003,  0.008, -0.001, -0.004, -0.003,
         0.004,  0.005,  0.003, -0.006,  0.003, -0.007,  0.   ,  0.01 ,
         0.009, -0.008, -0.004, -0.005,  0.007,  0.006,  0.002,  0.007,
        -0.01 , -0.008,  0.01 ,  0.006, -0.007, -0.01 ,  0.01 ,  0.007,
        -0.01 ,  0.003, -0.001, -0.008,  0.004, -0.009, -0.004,  0.008,
        -0.005, -0.006, -0.008, -0.004,  0.002],
       [ 0.007, -0.006, -0.007, -0.005, -0.007,  0.003,  0.005, -0.01 ,
        -0.005, -0.001, -0.004, -0.002, -0.006, -0.009, -0.008, -0.009,
         0.004,  0.001,  0.004, -0.007,  0.01 , -0.009,  0.001, -0.004,
         0.007, -0.01 , -0.01 , -0.005, -0.007,  0.001, -0.009, -0.002,
         0.001, -0.002, -0.01 ,  0.003,  0.008,  0.006, -0.008, -0.01 ,
         0.001,  0.007,  0.004,  0.   , -0.01 ],
       [ 0.007,  0.001,  0.008, -0.007, -0.003,  0.002,  0.003,  0.01 ,
         0.009,  0.008, -0.01 , -0.002, -0.007,  0.01 , -0.001,  0.001,
        -0.002, -0.002,  0.01 ,  0.009,  0.005, -0.006,  0.006, -0.002,
        -0.006,  0.002,  0.002, -0.007, -0.009, -0.003, -0.01 ,  0.005,
         0.   ,  0.008, -0.003, -0.001, -0.008, -0.006,  0.002,  0.008,
         0.006,  0.008,  0.009,  0.01 ,  0.   ],
       [-0.005,  0.005,  0.008,  0.002, -0.01 ,  0.004,  0.001, -0.002,
        -0.004,  0.007, -0.003, -0.01 , -0.006,  0.001,  0.001, -0.003,
         0.009,  0.008, -0.01 , -0.01 ,  0.003,  0.008, -0.001, -0.006,
         0.002, -0.003,  0.007, -0.01 , -0.004,  0.003,  0.   ,  0.005,
        -0.006,  0.005,  0.003, -0.01 , -0.007, -0.002, -0.009, -0.01 ,
        -0.008,  0.009, -0.001,  0.004, -0.003],
       [-0.006,  0.002, -0.01 ,  0.005,  0.002, -0.002,  0.007, -0.002,
        -0.006,  0.004, -0.006, -0.007,  0.003,  0.009,  0.003,  0.009,
         0.005,  0.008,  0.003, -0.004, -0.002, -0.01 ,  0.001,  0.005,
        -0.001, -0.001, -0.009,  0.002,  0.008,  0.   , -0.006, -0.005,
        -0.006,  0.008,  0.01 , -0.003,  0.001,  0.01 , -0.007,  0.002,
         0.004, -0.007,  0.001,  0.   ,  0.001],
       [ 0.001,  0.002,  0.005,  0.01 ,  0.006,  0.004,  0.003, -0.003,
         0.002,  0.002,  0.005, -0.002, -0.005,  0.01 ,  0.009,  0.   ,
        -0.007, -0.005, -0.005, -0.009, -0.008, -0.002, -0.002, -0.009,
        -0.004, -0.01 , -0.003, -0.008, -0.001, -0.002,  0.009, -0.002,
        -0.002, -0.01 ,  0.01 ,  0.003,  0.004,  0.006,  0.006, -0.01 ,
         0.003,  0.007,  0.   ,  0.01 , -0.003],
       [ 0.005,  0.   ,  0.001,  0.009, -0.006,  0.006, -0.004, -0.009,
         0.008,  0.   ,  0.007,  0.005,  0.002,  0.008, -0.002, -0.006,
        -0.008, -0.003,  0.01 ,  0.009,  0.006, -0.003,  0.004, -0.001,
         0.005,  0.01 , -0.004,  0.004,  0.004,  0.003,  0.005,  0.005,
         0.01 , -0.007,  0.008, -0.002, -0.003, -0.005,  0.001, -0.003,
         0.001, -0.002,  0.003,  0.006,  0.007]]), 'deltas': array([[0.],
       [0.],
       [0.],
       [0.],
       [0.],
       [0.],
       [0.]]), 'outputs': array([[0.],
       [0.],
       [0.],
       [0.],
       [0.],
       [0.],
       [0.]]), 'errors': array([[0.],
       [0.],
       [0.],
       [0.],
       [0.],
       [0.],
       [0.]])}, {'weights': array([[-0.009,  0.008, -0.003,  0.005,  0.001,  0.009,  0.   ],
       [ 0.001, -0.008, -0.01 ,  0.009, -0.003, -0.004, -0.006],
       [-0.005, -0.003, -0.004, -0.008, -0.003,  0.008, -0.002],
       [-0.006,  0.009,  0.009, -0.008, -0.01 , -0.01 ,  0.005],
       [-0.005, -0.009,  0.003, -0.01 ,  0.007, -0.009, -0.01 ],
       [ 0.002,  0.004,  0.001, -0.003, -0.004, -0.004,  0.01 ]]), 'deltas': array([[0.],
       [0.],
       [0.],
       [0.],
       [0.],
       [0.],
       [0.]]), 'outputs': array([[0.],
       [0.],
       [0.],
       [0.],
       [0.],
       [0.],
       [0.]]), 'errors': array([[0.],
       [0.],
       [0.],
       [0.],
       [0.],
       [0.],
       [0.]])}]
Training complete!
Training done. epoch: 14 , total error: 0.0036573285727466774
[{'weights': array([[ 6.12603371e-02, -1.52937526e+00,  8.24951230e-01,
        -1.50156455e-01, -5.06817753e-02,  4.46205573e-02,
         6.35189488e-01, -3.23064237e-01, -1.05824592e+00,
        -1.27501809e-01, -9.40654402e-01, -4.28093500e-01,
        -8.05895308e-01, -2.57337685e-01,  1.59497898e+00,
         1.56987787e+00, -1.42101714e+00, -5.03587875e-01,
        -7.51129649e-01,  2.77854880e-01, -3.93060654e-01,
         5.53252035e-01, -2.78675582e-01, -6.95185294e-01,
        -4.33242493e-03, -8.83769111e-01,  1.63748066e-01,
         6.00000000e-03, -1.14980875e-01, -3.25011331e-01,
        -1.49837462e+00,  8.09230247e-01,  2.09799923e-01,
        -2.56461345e-02, -3.06677547e-01, -1.56746961e-01,
        -8.27401755e-01,  4.46824343e-01, -4.00000000e-03,
        -4.17541708e-01,  7.93938373e-01, -5.63711434e-01,
        -5.98945843e-01, -5.87413078e-02, -8.28001920e-01],
       [ 1.28657550e-01, -1.43778093e+00,  8.05208097e-01,
        -1.77811762e-01, -7.38512115e-02,  4.41029819e-02,
         6.74204770e-01, -3.42679154e-01, -9.88691446e-01,
        -1.32515405e-01, -9.27627919e-01, -3.43377352e-01,
        -6.54193004e-01, -2.52551629e-01,  1.41117165e+00,
         1.56379655e+00, -1.40355812e+00, -5.89408463e-01,
        -6.70631581e-01,  3.55223368e-01, -2.98688503e-01,
         4.85888099e-01, -2.29944676e-01, -6.75290095e-01,
        -1.45430788e-02, -8.84578820e-01,  2.47100773e-01,
        -5.00000000e-03, -1.27100206e-01, -2.04856914e-01,
        -1.46776125e+00,  7.83581346e-01,  1.81919685e-01,
        -4.14611243e-02, -4.32782238e-01, -1.18186860e-01,
        -7.35965215e-01,  5.56356060e-01, -8.00000000e-03,
        -4.01119477e-01,  7.38079663e-01, -5.52874988e-01,
        -5.02182287e-01, -1.74811645e-02, -7.47578253e-01],
       [ 3.48417023e-01, -2.32333289e-01, -6.48605672e-01,
         2.06124930e-01, -1.64478502e-01, -1.04127429e-01,
         1.58723496e+00,  3.14507981e-01, -2.01570647e+00,
        -2.46784556e-01, -1.71904007e+00, -7.74086208e-01,
        -5.42051247e-01,  2.12856453e-01,  2.31544556e+00,
         1.66809459e+00,  2.14731068e+00, -8.49572771e-01,
        -3.16331670e+00, -2.83391310e-01, -8.85906938e-01,
         9.22714408e-01, -3.83478317e-01, -7.69579621e-01,
         6.16374957e-01, -8.43190341e-01,  3.46289707e-01,
        -7.00000000e-03, -4.97487652e-03, -3.88076852e-01,
         1.55253778e-01, -7.00434515e-01,  2.90939464e-01,
         1.45442614e-01,  1.49122509e+00, -1.03761410e+00,
        -2.16667344e+00,  1.19818694e+00,  2.00000000e-03,
         1.02493654e-01, -3.90087200e-01, -1.16579549e+00,
         8.11050998e-01,  1.86462526e-01, -4.96875511e-01],
       [ 2.75023229e-01, -7.11685126e-01, -1.14138344e+00,
         1.30188179e-01, -9.19261269e-02, -3.27759569e-01,
         2.94466913e+00, -2.54464630e+00, -1.37601539e+00,
        -2.30031163e-01, -1.92289196e+00, -5.71463468e-01,
        -1.43890604e+00,  4.30508298e+00, -1.92860480e+00,
         2.08599899e-01,  2.20704654e+00, -2.42269510e+00,
        -1.48698519e+00, -5.17494412e-02, -4.70853322e-01,
         1.79811099e-01, -3.32654634e+00,  1.54712115e+00,
         5.36684131e-01, -1.32961563e+00, -1.80797949e-01,
        -1.00000000e-02, -2.93697083e-02, -7.45502626e-01,
        -4.69035907e-01, -4.02638218e-01,  2.33294870e-01,
        -1.48901407e-01, -2.30066020e-01, -1.71985755e-01,
        -1.30575353e+00,  1.52022016e-01, -9.00000000e-03,
        -3.38076912e+00,  1.63909490e+00,  3.50784931e-01,
         6.30807783e-02, -2.17974778e-01, -1.54278329e+00],
       [ 2.49100983e-02, -1.49330573e+00,  7.93106351e-01,
        -1.25773675e-01, -4.39683975e-02,  7.24205203e-02,
         6.62209775e-01, -3.06687798e-01, -1.10306460e+00,
        -1.61909255e-01, -9.64918372e-01, -4.42523466e-01,
        -8.59680674e-01, -2.66165571e-01,  1.69725673e+00,
         1.57272863e+00, -1.39681063e+00, -4.51564974e-01,
        -7.98427147e-01,  2.57042761e-01, -4.38321290e-01,
         6.45125469e-01, -3.86348038e-01, -6.82369069e-01,
         1.68815702e-02, -8.52481028e-01,  1.09688933e-01,
         2.00000000e-03, -9.72392623e-02, -3.73948980e-01,
        -1.52561553e+00,  8.02475607e-01,  2.15758548e-01,
         3.42989952e-02, -2.15100033e-01, -1.44059504e-01,
        -9.01010035e-01,  4.40138215e-01, -7.00000000e-03,
        -3.30941531e-01,  7.20362636e-01, -5.33489579e-01,
        -6.33903866e-01, -6.00590170e-02, -8.37031357e-01],
       [ 6.01148002e-02, -1.49395975e+00,  8.02656066e-01,
        -1.30340562e-01, -5.67662752e-02,  7.06727329e-02,
         6.57633816e-01, -4.14744880e-01, -1.02419307e+00,
        -1.23664316e-01, -8.99166858e-01, -3.87842169e-01,
        -7.87628074e-01, -2.03987044e-01,  1.45332843e+00,
         1.50172439e+00, -1.41601482e+00, -4.97685397e-01,
        -7.12716503e-01,  2.56396609e-01, -3.98601571e-01,
         4.62393066e-01, -1.90551778e-01, -7.38245090e-01,
        -2.29034526e-03, -8.94682932e-01,  1.45225431e-01,
        -8.00000000e-03, -1.06838218e-01, -3.13326957e-01,
        -1.51126219e+00,  7.96489197e-01,  2.24840498e-01,
        -4.60362698e-02, -3.48812868e-01, -1.39566572e-01,
        -7.73857065e-01,  4.42940785e-01,  6.00000000e-03,
        -5.09207796e-01,  7.81361993e-01, -5.51849660e-01,
        -5.22129405e-01, -3.04708519e-02, -8.45295719e-01],
       [ 5.00000000e-03,  0.00000000e+00,  1.00000000e-03,
         9.00000000e-03, -6.00000000e-03,  6.00000000e-03,
        -4.00000000e-03, -9.00000000e-03,  8.00000000e-03,
         0.00000000e+00,  7.00000000e-03,  5.00000000e-03,
         2.00000000e-03,  8.00000000e-03, -2.00000000e-03,
        -6.00000000e-03, -8.00000000e-03, -3.00000000e-03,
         1.00000000e-02,  9.00000000e-03,  6.00000000e-03,
        -3.00000000e-03,  4.00000000e-03, -1.00000000e-03,
         5.00000000e-03,  1.00000000e-02, -4.00000000e-03,
         4.00000000e-03,  4.00000000e-03,  3.00000000e-03,
         5.00000000e-03,  5.00000000e-03,  1.00000000e-02,
        -7.00000000e-03,  8.00000000e-03, -2.00000000e-03,
        -3.00000000e-03, -5.00000000e-03,  1.00000000e-03,
        -3.00000000e-03,  1.00000000e-03, -2.00000000e-03,
         3.00000000e-03,  6.00000000e-03,  7.00000000e-03]]), 'deltas': array([[0.00047057],
       [0.00059858],
       [0.0006473 ],
       [0.00014755],
       [0.00045881],
       [0.00058011],
       [0.        ]]), 'outputs': array([[0.9806297 ],
       [0.97522367],
       [0.97314984],
       [0.00599188],
       [0.98112304],
       [0.9760075 ],
       [1.        ]]), 'errors': 0.024773017304276723}, {'weights': array([[ 0.9694801 ,  0.92460279,  3.17487562,  1.11540597,  0.8256056 ,
         1.04630442, -3.94585562],
       [-0.86836467, -1.01492758,  2.45421545, -0.24192236, -0.57467586,
        -0.86660722, -1.90044115],
       [-0.46703941, -0.54713972,  0.82136192, -0.72889855, -0.43954197,
        -0.51390224, -3.0593497 ],
       [-0.42146858, -0.30914623, -0.81647255, -0.99236567, -0.44431073,
        -0.40727912, -2.04201488],
       [-0.72634196, -0.6697954 , -0.57574099, -1.11532117, -0.72003115,
        -0.71719257, -2.47503453],
       [-1.27739592, -1.06181808, -6.91935308, -2.79288322, -1.44632841,
        -1.2134086 ,  0.82151927]]), 'deltas': array([[ 3.04456252e-03],
       [-3.47833248e-03],
       [-2.20575597e-04],
       [-1.48331794e-04],
       [-8.83671248e-06],
       [-3.99585055e-10]]), 'outputs': array([[9.43184866e-01],
       [6.08583242e-02],
       [1.49641729e-02],
       [1.22544716e-02],
       [2.97709569e-03],
       [1.99898235e-05]]), 'errors': array([[ 5.68151342e-02],
       [-6.08583242e-02],
       [-1.49641729e-02],
       [-1.22544716e-02],
       [-2.97709569e-03],
       [-1.99898235e-05]])}]
Accuracy: 50.0 %

train_data group 4 length:  171
   0   1   2   3   4   5   6   7   8  ...  36  37  38  39  40  41  42  43  44
0   0   1   0   0   0   0   0   1   0 ...   0   0   0   1   0   0   0   0   0
1   0   1   0   0   0   0   1   0   0 ...   0   0   0   0   1   0   0   0   0
2   0   0   1   0   0   0   0   1   0 ...   0   0   0   1   0   0   0   0   0
3   0   1   0   0   0   0   0   1   0 ...   0   0   0   1   0   0   0   0   0
4   0   0   1   0   0   0   1   0   0 ...   0   0   0   0   1   0   0   0   0

[5 rows x 45 columns]
Initial Neural Network:
[{'weights': array([[ 0.001, -0.006, -0.01 ,  0.007,  0.006,  0.001,  0.002,  0.   ,
        -0.007, -0.003, -0.01 ,  0.003,  0.005,  0.008,  0.008,  0.01 ,
         0.003,  0.003, -0.009,  0.001,  0.01 , -0.001,  0.008,  0.   ,
        -0.001, -0.007, -0.01 , -0.005,  0.009, -0.001, -0.01 ,  0.005,
         0.002, -0.002, -0.009,  0.004,  0.004,  0.001, -0.005, -0.003,
        -0.001, -0.01 ,  0.003, -0.005,  0.007],
       [-0.008,  0.004,  0.002,  0.002, -0.005,  0.004,  0.008, -0.007,
         0.004, -0.003, -0.008,  0.004,  0.004,  0.006,  0.007, -0.009,
         0.003, -0.002, -0.004, -0.001,  0.008,  0.01 , -0.004,  0.   ,
        -0.002, -0.002,  0.   ,  0.001,  0.003,  0.001, -0.004, -0.003,
         0.01 ,  0.006, -0.004, -0.009,  0.005,  0.009,  0.004,  0.005,
        -0.002,  0.009,  0.001, -0.004, -0.003],
       [-0.001,  0.002, -0.01 ,  0.001,  0.004,  0.004, -0.002, -0.01 ,
         0.009, -0.007, -0.01 , -0.001,  0.007, -0.008, -0.001, -0.009,
         0.005, -0.006, -0.009, -0.004,  0.004,  0.008,  0.001, -0.003,
         0.002,  0.002, -0.005,  0.008, -0.009,  0.   , -0.004,  0.009,
        -0.005, -0.001, -0.008, -0.004,  0.001, -0.003,  0.002, -0.004,
         0.008, -0.005,  0.002,  0.001, -0.001],
       [ 0.005, -0.006,  0.004, -0.01 , -0.001, -0.005,  0.007,  0.006,
        -0.007, -0.01 , -0.007,  0.006, -0.002, -0.007,  0.001,  0.007,
         0.008, -0.008, -0.008, -0.009, -0.008, -0.005,  0.01 ,  0.005,
        -0.003,  0.   ,  0.004, -0.008,  0.007, -0.007,  0.   ,  0.002,
         0.   , -0.001, -0.002, -0.009,  0.004, -0.001,  0.   ,  0.   ,
        -0.007,  0.001, -0.004,  0.009, -0.005],
       [-0.01 , -0.007,  0.   , -0.005, -0.007,  0.01 , -0.008, -0.003,
         0.007,  0.001, -0.006, -0.007,  0.004,  0.008, -0.006,  0.007,
         0.008, -0.001,  0.003,  0.008,  0.01 , -0.009, -0.003, -0.004,
         0.005,  0.01 ,  0.003,  0.01 , -0.003, -0.002, -0.009, -0.005,
        -0.009, -0.002, -0.008, -0.002,  0.003, -0.002,  0.002, -0.006,
         0.003, -0.006,  0.   , -0.006,  0.001],
       [ 0.005,  0.003, -0.005, -0.007,  0.01 ,  0.002,  0.002,  0.008,
         0.002, -0.008,  0.   ,  0.01 , -0.009,  0.004,  0.004, -0.007,
         0.008,  0.003, -0.007, -0.01 , -0.007, -0.01 , -0.009, -0.003,
         0.004,  0.005,  0.008,  0.005,  0.001,  0.001,  0.01 ,  0.006,
         0.005,  0.007, -0.001, -0.004, -0.004, -0.005,  0.006, -0.001,
        -0.009, -0.004, -0.003,  0.006, -0.003],
       [ 0.006, -0.002, -0.006, -0.004,  0.   , -0.001,  0.005,  0.008,
        -0.01 ,  0.004,  0.01 ,  0.007,  0.001,  0.002, -0.008,  0.006,
        -0.01 ,  0.005, -0.007, -0.002, -0.001,  0.009,  0.01 ,  0.002,
        -0.009,  0.01 , -0.001, -0.001,  0.007, -0.01 , -0.003,  0.002,
        -0.007, -0.01 ,  0.01 , -0.007, -0.007, -0.008, -0.001, -0.004,
         0.009, -0.003,  0.01 , -0.001,  0.   ]]), 'deltas': array([[0.],
       [0.],
       [0.],
       [0.],
       [0.],
       [0.],
       [0.]]), 'outputs': array([[0.],
       [0.],
       [0.],
       [0.],
       [0.],
       [0.],
       [0.]]), 'errors': array([[0.],
       [0.],
       [0.],
       [0.],
       [0.],
       [0.],
       [0.]])}, {'weights': array([[-0.003, -0.005, -0.004,  0.   ,  0.004,  0.008, -0.008],
       [-0.002,  0.001,  0.002, -0.009, -0.005,  0.002,  0.005],
       [ 0.008, -0.01 ,  0.009, -0.01 ,  0.007,  0.004, -0.003],
       [-0.002,  0.009,  0.003, -0.01 ,  0.01 , -0.007,  0.006],
       [ 0.004, -0.008, -0.008, -0.006,  0.01 ,  0.002,  0.007],
       [-0.005,  0.001,  0.   ,  0.01 ,  0.008,  0.001,  0.008]]), 'deltas': array([[0.],
       [0.],
       [0.],
       [0.],
       [0.],
       [0.],
       [0.]]), 'outputs': array([[0.],
       [0.],
       [0.],
       [0.],
       [0.],
       [0.],
       [0.]]), 'errors': array([[0.],
       [0.],
       [0.],
       [0.],
       [0.],
       [0.],
       [0.]])}]
Training complete!
Training done. epoch: 16 , total error: 0.006828987774171571
[{'weights': array([[-2.95660474e-01, -3.06815117e-01, -2.64072822e+00,
         1.68592726e+00,  4.44481592e-01,  1.49952741e+00,
        -3.40728456e-01, -1.67474308e+00, -5.45467220e-01,
        -5.63836186e-02,  7.29938364e-01,  3.29218291e-01,
         8.51313619e-01, -4.27143558e+00,  1.26417034e+00,
        -2.37899344e+00,  1.91020903e+00, -8.72761470e-02,
        -6.98436540e-01,  1.51702131e-01,  3.77883320e-01,
         1.15739693e+00, -9.60822293e-01, -1.07368619e+00,
        -5.95566729e-01, -2.64667470e-01, -1.96950652e-01,
        -6.00350319e-01, -6.18265200e-02,  1.25929164e-01,
        -2.54122367e+00, -1.76966945e+00,  9.71963741e-01,
         2.09620526e+00, -4.22628233e-01, -5.85037421e-01,
        -5.94110979e-01,  2.77559850e-01,  2.08421822e-01,
        -4.84907717e+00,  5.10922185e-01,  2.58863497e+00,
         6.27725049e-01, -5.00000000e-03, -1.10379496e+00],
       [-1.34274632e-02, -5.53861975e-01, -1.79632767e+00,
         1.28732517e+00,  4.28356370e-01,  1.38098018e+00,
        -1.01701431e+00, -3.49865179e-01, -6.06621325e-01,
        -4.44149355e-02,  1.57287282e-01,  3.98347184e-01,
         2.16116074e+00, -3.73405264e+00,  3.87321866e-01,
        -2.16243698e+00,  1.22296717e+00,  5.27900969e-01,
        -6.94623679e-01,  4.50256951e-01,  5.63883775e-01,
         1.44659586e+00, -1.11692079e+00, -9.79859985e-01,
        -5.44634421e-01,  3.83350905e-02,  9.08416542e-02,
        -5.31068914e-01, -2.39043397e-01,  2.95626786e-01,
        -2.35440511e+00, -1.35396681e+00,  8.71288948e-01,
         1.90852062e+00, -2.00246630e-01, -6.46955390e-01,
        -6.07568254e-01,  7.51361721e-01,  6.54729874e-02,
        -3.36750025e+00,  1.12589053e+00,  7.88233911e-01,
         8.23440239e-01, -4.00000000e-03, -6.45935566e-01],
       [ 8.50568696e-02, -1.02476553e+00, -1.28912953e+00,
         1.06106915e+00,  4.32766235e-01,  1.17370702e+00,
        -1.34121315e+00,  3.79999181e-01, -9.08958733e-01,
        -4.05371328e-02, -2.49901788e-01,  3.62231094e-01,
         2.71962893e+00, -3.33239807e+00, -2.43562980e-01,
        -2.52044282e+00,  1.03384792e+00,  8.24328865e-01,
        -7.06671912e-01,  6.14935132e-01,  4.28324159e-01,
         1.24871984e+00, -8.37245363e-01, -1.09071410e+00,
        -4.68087357e-01, -4.98277797e-02, -9.18367527e-03,
        -4.21696730e-01, -2.54294630e-01,  2.35519154e-01,
        -2.25467285e+00, -1.07821691e+00,  9.59515064e-01,
         1.40585273e+00, -1.37704782e-01, -7.22596730e-01,
        -6.29712472e-01,  9.15542765e-01, -1.68531595e-01,
        -3.24806737e+00,  1.28986704e+00,  5.58942323e-01,
         6.69255198e-01,  1.00000000e-03, -7.32002815e-01],
       [-6.67790624e-01, -1.12632037e-01, -1.34665961e+00,
         9.60631225e-01,  4.80859067e-01, -1.11218781e-01,
         9.04748604e-01, -7.11812559e-02, -1.21931380e+00,
        -1.89626747e-01, -1.09936834e+00,  6.55763940e-02,
        -1.98311760e+00,  3.29174753e+00, -9.61429966e-01,
         1.19706272e+00,  2.26007626e+00, -1.16210327e+00,
        -2.39943430e+00, -5.83193397e-01, -1.11497247e+00,
        -1.26439880e+00,  2.07979855e+00, -3.59631957e-01,
        -1.93873100e-02,  2.85331349e+00, -1.67992642e+00,
        -2.01769119e+00,  1.69712135e-01, -1.03474897e+00,
        -1.49350103e+00,  4.08182861e-01,  2.88790676e-01,
         1.14768448e+00,  3.26164940e+00, -2.60412809e+00,
        -1.55295999e+00, -4.41030654e-02,  2.53949773e-01,
        -2.79810150e+00,  1.77036022e+00,  1.21263531e-01,
         2.18885767e-01,  9.00000000e-03, -6.82591982e-01],
       [ 5.77834046e-02, -6.87045776e-01, -1.72345618e+00,
         1.53400640e+00,  4.25141358e-01,  1.86030129e+00,
        -9.07727405e-01, -5.81941386e-01, -6.35568088e-01,
        -9.26352054e-02,  5.87403006e-01,  4.96696517e-01,
         1.91063335e+00, -3.27985565e+00, -8.64480146e-02,
        -1.54960431e+00,  9.17036525e-01,  3.72596303e-01,
        -7.15953350e-01,  6.36354033e-01,  7.25974889e-01,
         1.40983086e+00, -1.10535391e+00, -7.69306979e-01,
        -6.26715654e-01,  3.33503826e-01,  7.87524329e-02,
        -6.20126232e-01, -1.36700822e-01,  3.23281762e-01,
        -2.39256434e+00, -1.76630707e+00,  8.66531228e-01,
         2.57748762e+00,  9.13742508e-02, -6.21492405e-01,
        -6.40344584e-01,  8.15998149e-01, -1.71062059e-02,
        -2.64509956e+00,  8.01298395e-01,  7.24980455e-01,
         7.45249917e-01, -6.00000000e-03, -3.63570795e-01],
       [ 1.77253266e-01, -6.60112513e-01, -3.31363032e+00,
         1.78865561e+00,  4.75731316e-01,  1.32523575e+00,
         1.55042623e+00, -3.03999071e+00, -1.23473468e+00,
        -1.33039222e-01, -1.55569675e+00, -2.67033991e-01,
        -1.81541606e+00, -3.47871311e-01,  2.45691548e+00,
        -3.90977177e-02, -5.39541437e+00,  4.35301874e+00,
        -1.21051935e+00,  7.40910073e-01,  9.08148182e-01,
        -6.97338339e-01, -1.31058013e+00,  8.26639635e-01,
        -1.28997198e+00,  3.95315553e-01, -1.80257905e+00,
        -1.06968191e+00,  9.57842774e-01,  1.04950281e+00,
        -6.33174385e-01, -4.82890646e+00,  6.61042580e-01,
         2.24243282e+00,  2.38061228e+00, -2.12648605e+00,
        -1.87158637e+00, -1.44658392e-02,  8.58233518e-02,
        -2.74678806e+00,  1.12740242e+00,  5.16260402e-01,
        -4.51977401e-01,  6.00000000e-03, -1.54110263e+00],
       [ 6.00000000e-03, -2.00000000e-03, -6.00000000e-03,
        -4.00000000e-03,  0.00000000e+00, -1.00000000e-03,
         5.00000000e-03,  8.00000000e-03, -1.00000000e-02,
         4.00000000e-03,  1.00000000e-02,  7.00000000e-03,
         1.00000000e-03,  2.00000000e-03, -8.00000000e-03,
         6.00000000e-03, -1.00000000e-02,  5.00000000e-03,
        -7.00000000e-03, -2.00000000e-03, -1.00000000e-03,
         9.00000000e-03,  1.00000000e-02,  2.00000000e-03,
        -9.00000000e-03,  1.00000000e-02, -1.00000000e-03,
        -1.00000000e-03,  7.00000000e-03, -1.00000000e-02,
        -3.00000000e-03,  2.00000000e-03, -7.00000000e-03,
        -1.00000000e-02,  1.00000000e-02, -7.00000000e-03,
        -7.00000000e-03, -8.00000000e-03, -1.00000000e-03,
        -4.00000000e-03,  9.00000000e-03, -3.00000000e-03,
         1.00000000e-02, -1.00000000e-03,  0.00000000e+00]]), 'deltas': array([[0.00179906],
       [0.00489083],
       [0.00078346],
       [0.00086911],
       [0.01634134],
       [0.01063456],
       [0.        ]]), 'outputs': array([[0.02376223],
       [0.06763863],
       [0.01020634],
       [0.98866502],
       [0.69821771],
       [0.83596887],
       [1.        ]]), 'errors': 0.07755380494975234}, {'weights': array([[-0.66900192, -0.97335083, -1.10324765,  1.81168475, -1.15260804,
        -1.86539094, -2.3710873 ],
       [ 1.51122071,  1.14995087,  1.0066779 ,  3.54185707,  1.08138711,
         2.16470793, -3.82265758],
       [-0.7923957 , -0.69043085, -0.65333681,  0.82929729, -0.70737368,
        -0.27580991, -3.20623332],
       [-0.66107741, -0.37262833, -0.31172755, -0.71864179, -0.18863736,
        -0.04220923, -2.15270612],
       [-0.72046798, -0.71159717, -0.65361345, -0.45846585, -0.67121082,
        -0.96328801, -2.54796458],
       [-1.30761394, -1.33941199, -1.37432532, -6.71874784, -1.4550861 ,
        -2.84192383,  1.54609601]]), 'deltas': array([[-2.03349923e-03],
       [ 7.08781738e-03],
       [-1.54146807e-03],
       [-1.89517496e-03],
       [-1.61444112e-04],
       [-3.22944137e-08]]), 'outputs': array([[4.61729028e-02],
       [9.11834591e-01],
       [4.00726520e-02],
       [4.45366596e-02],
       [1.27880968e-02],
       [1.79722616e-04]]), 'errors': array([[-0.0461729 ],
       [ 0.08816541],
       [-0.04007265],
       [-0.04453666],
       [-0.0127881 ],
       [-0.00017972]])}]
Accuracy: 48.837209302325576 %

Feedforward Neural Network AVG Accuracy (%): 49.08084163898117 %
