Namespace(error_threshold=0.01, max_epochs=1000, num_layers=2, num_nodes_per_hidden_layer=6, training_rate=0.4)

train_data group 0 length:  171
   0   1   2   3   4   5   6   7   8  ...  36  37  38  39  40  41  42  43  44
0   0   0   1   0   0   0   1   0   0 ...   0   0   0   1   0   0   0   0   0
1   0   1   0   0   0   0   1   0   0 ...   0   0   0   0   0   1   0   0   0
2   0   0   1   0   0   0   0   1   0 ...   0   0   0   1   0   0   0   0   0
3   0   1   0   0   0   0   1   0   0 ...   0   0   0   0   0   1   0   0   0
4   0   0   1   0   0   0   0   1   0 ...   0   0   0   1   0   0   0   0   0

[5 rows x 45 columns]
Initial Neural Network:
[{'weights': array([[-0.004,  0.006, -0.008, -0.01 ,  0.004, -0.009,  0.007, -0.004,
        -0.004, -0.007,  0.002,  0.008, -0.005, -0.004,  0.001,  0.004,
         0.003, -0.003,  0.   ,  0.004, -0.006,  0.009, -0.007,  0.001,
         0.006, -0.001,  0.005, -0.004,  0.007,  0.   , -0.008,  0.007,
        -0.007, -0.003, -0.009,  0.005,  0.006, -0.004, -0.01 , -0.003,
         0.01 , -0.001,  0.006, -0.003,  0.004],
       [ 0.004,  0.008,  0.007, -0.01 ,  0.008,  0.005,  0.   , -0.007,
         0.   , -0.002,  0.001, -0.001,  0.005, -0.004, -0.01 , -0.007,
         0.004, -0.003, -0.005,  0.004,  0.   ,  0.002, -0.007, -0.002,
        -0.001, -0.005, -0.004, -0.006, -0.002,  0.009, -0.003, -0.006,
        -0.009,  0.003, -0.007,  0.008,  0.002, -0.01 , -0.007,  0.   ,
         0.007, -0.001,  0.008, -0.009,  0.002],
       [-0.008, -0.006, -0.008,  0.003,  0.01 , -0.008, -0.009, -0.002,
        -0.006, -0.008, -0.004,  0.001,  0.006,  0.008,  0.009, -0.002,
         0.01 , -0.004, -0.009,  0.007, -0.006, -0.002,  0.007,  0.006,
        -0.008, -0.006, -0.01 ,  0.003,  0.01 , -0.01 , -0.005, -0.007,
         0.005, -0.006,  0.007, -0.01 ,  0.01 , -0.01 , -0.01 ,  0.005,
         0.004,  0.005, -0.006,  0.007, -0.004],
       [-0.004, -0.007,  0.002, -0.008, -0.003, -0.008,  0.002,  0.009,
         0.007,  0.006, -0.008, -0.004,  0.   ,  0.007,  0.002,  0.009,
         0.002, -0.005,  0.001, -0.006,  0.01 , -0.003,  0.01 ,  0.001,
        -0.004, -0.01 ,  0.006, -0.009, -0.008, -0.004, -0.003,  0.01 ,
         0.009,  0.004, -0.008, -0.009, -0.004, -0.004,  0.008,  0.006,
         0.004, -0.008,  0.01 , -0.003,  0.003],
       [ 0.005,  0.005, -0.001,  0.008,  0.001,  0.009,  0.   , -0.007,
         0.008, -0.009, -0.004, -0.009, -0.001, -0.005, -0.001,  0.007,
        -0.005,  0.003, -0.01 , -0.003, -0.009, -0.004, -0.008,  0.003,
        -0.002, -0.008,  0.003,  0.008,  0.   , -0.001, -0.01 , -0.001,
         0.   , -0.005,  0.006,  0.001, -0.01 , -0.002, -0.009, -0.004,
        -0.005, -0.002,  0.001, -0.009,  0.002],
       [-0.002,  0.001, -0.006,  0.01 ,  0.009, -0.002, -0.006,  0.001,
         0.005, -0.005, -0.01 , -0.008,  0.001,  0.   ,  0.01 , -0.004,
         0.009,  0.008, -0.01 ,  0.006, -0.01 , -0.005, -0.01 ,  0.003,
         0.002,  0.001, -0.007, -0.001,  0.005,  0.009,  0.008,  0.005,
         0.01 , -0.002,  0.001,  0.   ,  0.004, -0.001, -0.003, -0.006,
         0.008, -0.003,  0.008,  0.007, -0.002],
       [ 0.01 , -0.009, -0.007,  0.01 , -0.009, -0.005,  0.004,  0.007,
        -0.01 ,  0.   , -0.005, -0.001, -0.005, -0.005, -0.002,  0.001,
        -0.004,  0.   , -0.008, -0.001, -0.007,  0.005,  0.009, -0.006,
         0.004,  0.01 , -0.001, -0.005,  0.01 ,  0.   , -0.001,  0.009,
        -0.01 , -0.01 ,  0.004,  0.002,  0.002, -0.009,  0.   ,  0.009,
        -0.009,  0.001, -0.001,  0.007, -0.01 ]]), 'deltas': array([[0.],
       [0.],
       [0.],
       [0.],
       [0.],
       [0.],
       [0.]]), 'outputs': array([[0.],
       [0.],
       [0.],
       [0.],
       [0.],
       [0.],
       [0.]]), 'errors': array([[0.],
       [0.],
       [0.],
       [0.],
       [0.],
       [0.],
       [0.]])}, {'weights': array([[ 0.008, -0.006,  0.002,  0.008, -0.001,  0.01 ,  0.004],
       [ 0.01 , -0.002, -0.007, -0.009, -0.006,  0.   ,  0.007],
       [-0.002,  0.008,  0.002,  0.001,  0.006, -0.006,  0.004],
       [-0.01 , -0.01 , -0.002, -0.01 , -0.005,  0.004, -0.001],
       [ 0.005, -0.006, -0.004, -0.008, -0.002, -0.003, -0.008],
       [ 0.01 , -0.004,  0.009,  0.004,  0.01 ,  0.003, -0.006]]), 'deltas': array([[0.],
       [0.],
       [0.],
       [0.],
       [0.],
       [0.],
       [0.]]), 'outputs': array([[0.],
       [0.],
       [0.],
       [0.],
       [0.],
       [0.],
       [0.]]), 'errors': array([[0.],
       [0.],
       [0.],
       [0.],
       [0.],
       [0.],
       [0.]])}]
Training complete!
Training done. epoch: 76 , total error: 0.002890893939248038
[{'weights': array([[-2.80235314e-01, -1.13474570e+00,  2.42453980e-01,
        -2.66051800e-01,  9.40912886e-02, -4.79923363e-01,
        -1.45948545e-01, -1.80885863e+00,  8.72600038e-01,
         2.12642950e-01, -1.47731427e+00, -6.10229788e-01,
        -1.15478689e+00,  2.25699172e-02,  1.88927349e+00,
         2.21070198e+00, -2.02148226e+00, -5.90714970e-01,
        -1.04252054e+00,  1.19528236e-01, -8.64812195e-01,
         9.34066802e-01, -5.00304055e-01, -9.45172948e-01,
         4.67348475e-02, -4.10525860e-01, -5.36240446e-01,
        -5.01249479e-01,  1.22528236e-01, -2.06069260e-01,
        -1.80495451e+00,  1.24659822e+00,  6.39046163e-02,
        -6.42966617e-01, -1.88741212e-01, -6.15383248e-01,
        -7.98260964e-01, -4.00000000e-03,  2.61897874e-01,
        -3.46869047e-01,  8.33676945e-01,  3.87355060e-02,
        -1.65264655e+00, -1.96384399e-01, -1.32848755e+00],
       [-2.34691043e-01, -1.11980482e+00,  1.80256341e-01,
        -2.02458138e-01,  1.11090852e-01, -4.14351610e-01,
        -9.50481419e-02, -1.76132993e+00,  7.71887640e-01,
         2.12235231e-01, -1.41235475e+00, -5.95446113e-01,
        -1.13263988e+00,  1.03022205e-02,  1.83853171e+00,
         2.15349695e+00, -2.04010236e+00, -5.03720990e-01,
        -1.01519691e+00,  1.15916500e-01, -8.31808712e-01,
         8.42189059e-01, -3.96534491e-01, -9.47862736e-01,
         4.34100681e-02, -3.91843231e-01, -5.33636963e-01,
        -4.84043117e-01,  1.09916500e-01, -1.94485232e-01,
        -1.94760165e+00,  1.37846897e+00,  8.86088228e-02,
        -6.13597723e-01, -1.82728899e-01, -5.98751899e-01,
        -7.83113392e-01, -1.00000000e-02,  2.77987378e-01,
        -4.95084760e-01,  9.03325941e-01,  6.32758175e-02,
        -1.55882366e+00, -1.90300149e-01, -1.28060681e+00],
       [-6.06432297e-01, -9.16179404e-01, -5.03376378e-01,
         5.44451818e-01,  5.75441456e-01, -1.43124980e+00,
         3.06027349e-01, -1.92630469e-01, -1.41616448e-03,
         3.89174278e-01, -1.05451320e+00, -7.74496463e-01,
         5.08153775e-01,  2.84524975e+00, -2.40148867e+00,
         1.16572857e+00, -1.07352404e+00,  1.90876077e+00,
        -3.13674659e+00,  2.40686488e-01, -2.82033286e-01,
         1.02614143e+00, -1.70034905e+00, -3.08147776e-01,
         3.64293879e-01,  1.58272804e+00, -1.59105289e+00,
        -1.13545644e+00,  2.43686488e-01, -9.60192121e-01,
        -1.38718865e+00,  9.48798144e-01,  4.43074885e-02,
         4.34180335e-01,  2.55234537e+00, -1.77805080e+00,
        -2.04661406e+00, -1.00000000e-02,  3.72224687e-01,
         5.17683860e-01,  1.93924008e-01,  1.25962965e+00,
        -2.99706486e+00,  1.43732533e-01, -9.01094806e-01],
       [-7.00190562e-01,  4.46389596e-01, -1.45069230e+00,
        -1.10130880e-01,  4.90627558e-01, -1.22827723e+00,
        -1.38777112e+00,  7.04362363e-01,  3.36637367e-01,
         2.87052033e-01, -1.43349377e+00, -1.01460595e+00,
        -3.95231029e-01, -6.54548486e-01,  2.19088265e+00,
        -1.10549423e+00,  2.56913251e+00, -1.11585371e+00,
        -1.98394157e+00,  3.33160406e-01, -5.14513501e-01,
         2.12518771e+00, -9.57160558e-01, -1.69829893e+00,
        -2.45211313e-01,  2.63224748e-01, -8.04100935e-01,
        -1.11528081e+00,  3.31160406e-01, -1.93888496e-01,
        -1.44342603e-01, -8.63202613e-01,  2.31915214e-01,
        -3.18478089e-01,  7.06509895e-01, -9.94597702e-01,
        -1.50963143e+00, -4.00000000e-03,  4.80722650e-01,
        -2.90904498e+00,  2.32394459e+00,  3.27667869e+00,
        -4.00956158e+00,  2.29866922e-02, -1.30099659e+00],
       [ 1.64990085e-01, -1.95331185e+00,  7.02993168e-01,
        -8.56668968e-01,  2.83566613e-02, -1.51052294e+00,
         1.16279750e+00, -2.35167968e+00,  6.24555149e-01,
         1.44209076e-01, -2.23407426e+00, -1.51864800e+00,
        -1.84074742e+00,  3.99777578e+00, -3.55946999e-01,
         7.59205912e-01,  1.69320295e+00, -3.04158720e+00,
        -1.44634835e+00,  9.58857862e-02, -1.45904498e+00,
         2.79869670e+00, -3.80262819e+00,  6.11880996e-01,
        -1.00545424e-01, -6.16177600e-01, -8.10983644e-01,
        -6.00365442e-01,  9.88857862e-02, -5.62888782e-01,
        -6.79925525e-02, -3.58796381e-01, -6.35237976e-02,
        -8.95439386e-01, -2.48172202e-01, -6.59907179e-01,
        -1.28159105e+00, -2.00000000e-03,  2.46029527e-01,
        -3.79552840e-01,  7.82637494e-01,  2.31896778e-01,
        -2.35170119e+00, -2.33921143e-01, -1.92964090e+00],
       [-1.22666481e+00,  3.35162042e-01, -5.25666842e-01,
        -4.18603253e-02, -2.30202534e-01, -1.13988068e+00,
         9.26578359e-01, -1.19141095e+00, -4.24631962e-01,
         1.21112766e-01, -3.05191771e+00, -6.24545872e-01,
        -1.70971115e+00, -1.87447483e-01,  3.86538974e+00,
        -2.59983695e-02,  2.79001269e+00, -3.35443518e+00,
        -1.27348348e+00,  1.71671859e-01, -1.21923390e+00,
         1.86093613e+00,  1.64635720e-01, -2.52263541e+00,
        -4.93500856e-03, -3.44568156e-01, -6.13152876e-01,
        -9.16183298e-01,  1.70671859e-01, -3.05368251e-01,
         1.55606282e+00, -1.50592463e+00, -4.20599287e-01,
        -9.95403126e-01, -5.87876911e-02, -6.97891763e-01,
        -1.19722801e+00, -1.00000000e-03,  2.54674993e-01,
        -9.09337618e-01,  3.44000693e-01,  1.71402972e+00,
        -2.55407122e+00, -2.81854042e-01, -1.70323247e+00],
       [ 1.00000000e-02, -9.00000000e-03, -7.00000000e-03,
         1.00000000e-02, -9.00000000e-03, -5.00000000e-03,
         4.00000000e-03,  7.00000000e-03, -1.00000000e-02,
         0.00000000e+00, -5.00000000e-03, -1.00000000e-03,
        -5.00000000e-03, -5.00000000e-03, -2.00000000e-03,
         1.00000000e-03, -4.00000000e-03,  0.00000000e+00,
        -8.00000000e-03, -1.00000000e-03, -7.00000000e-03,
         5.00000000e-03,  9.00000000e-03, -6.00000000e-03,
         4.00000000e-03,  1.00000000e-02, -1.00000000e-03,
        -5.00000000e-03,  1.00000000e-02,  0.00000000e+00,
        -1.00000000e-03,  9.00000000e-03, -1.00000000e-02,
        -1.00000000e-02,  4.00000000e-03,  2.00000000e-03,
         2.00000000e-03, -9.00000000e-03,  0.00000000e+00,
         9.00000000e-03, -9.00000000e-03,  1.00000000e-03,
        -1.00000000e-03,  7.00000000e-03, -1.00000000e-02]]), 'deltas': array([[0.00020546],
       [0.00023861],
       [0.00017068],
       [0.00029292],
       [0.00188016],
       [0.00182693],
       [0.        ]]), 'outputs': array([[0.98372475],
       [0.98104735],
       [0.98651779],
       [0.02337197],
       [0.82169676],
       [0.82808003],
       [1.        ]]), 'errors': 0.012832878578434575}, {'weights': array([[ 2.09088842e+00,  2.25998667e+00, -4.90255795e-02,
        -1.94800937e-01,  1.53794441e+00,  3.56868698e+00,
        -3.85431939e+00],
       [-1.71850919e+00, -1.67545793e+00,  1.22542956e+00,
         1.60116879e+00, -7.87046886e-01, -4.18184736e-01,
        -1.20941009e+00],
       [ 7.43169261e-02, -1.71949886e-01,  8.16038284e-01,
         2.86373884e-01, -6.92743518e-01,  7.78027133e-01,
        -3.33485881e+00],
       [-6.78627537e-01, -6.38765632e-01,  1.62703281e+00,
        -1.66710276e+00, -1.29204130e+00, -2.33703082e+00,
        -2.20093992e+00],
       [-5.74989224e-01, -5.84365667e-01,  1.11198238e+00,
         4.57293168e-03, -1.26315719e+00, -1.72232609e+00,
        -2.65252105e+00],
       [-1.97590138e+00, -1.91551474e+00, -6.27722046e+00,
        -4.07510287e+00, -2.03613089e+00, -2.98628147e+00,
         2.34144004e+00]]), 'deltas': array([[ 1.00904723e-04],
       [-1.80328011e-04],
       [-5.01426828e-03],
       [-5.15272091e-05],
       [-3.25065685e-05],
       [-4.47183355e-11]]), 'outputs': array([[9.89903769e-01],
       [1.35203374e-02],
       [7.35694218e-02],
       [7.20424301e-03],
       [5.71782338e-03],
       [6.68719931e-06]]), 'errors': array([[ 1.00962305e-02],
       [-1.35203374e-02],
       [-7.35694218e-02],
       [-7.20424301e-03],
       [-5.71782338e-03],
       [-6.68719931e-06]])}]
neural_net output [0.14807162 0.46256079 0.1039069  0.06232937 0.05576091 0.00477099]
target: 0 prediction: 1
neural_net output [4.63647426e-01 6.34316152e-01 1.36210763e-01 7.00143119e-03
 2.25225048e-02 5.52629748e-05]
target: 0 prediction: 1
neural_net output [7.14518339e-01 2.12617943e-01 1.19455413e-01 1.58953176e-02
 1.99420281e-02 2.77888047e-04]
target: 0 prediction: 0
neural_net output [0.14807162 0.46256079 0.1039069  0.06232937 0.05576091 0.00477099]
target: 0 prediction: 1
neural_net output [9.55935412e-01 2.53784624e-02 1.02133736e-01 1.32511306e-02
 1.39887975e-02 8.72904465e-05]
target: 0 prediction: 0
neural_net output [0.47838594 0.33688652 0.06713593 0.00603541 0.01241187 0.00195017]
target: 0 prediction: 0
neural_net output [0.07974142 0.23206259 0.04817999 0.0550628  0.04009116 0.44699512]
target: 0 prediction: 5
neural_net output [0.30352577 0.28572763 0.05692014 0.05047672 0.02822735 0.00090072]
target: 0 prediction: 0
neural_net output [0.14807162 0.46256079 0.1039069  0.06232937 0.05576091 0.00477099]
target: 0 prediction: 1
neural_net output [0.41292439 0.26862221 0.08115784 0.00600719 0.01286501 0.08563604]
target: 0 prediction: 0
neural_net output [0.41292439 0.26862221 0.08115784 0.00600719 0.01286501 0.08563604]
target: 0 prediction: 0
neural_net output [4.63647426e-01 6.34316152e-01 1.36210763e-01 7.00143119e-03
 2.25225048e-02 5.52629748e-05]
target: 0 prediction: 1
neural_net output [0.39525024 0.36055105 0.12211385 0.04062294 0.03144968 0.00204698]
target: 0 prediction: 0
neural_net output [0.02194114 0.49743368 0.07551791 0.34171336 0.16803018 0.01837413]
target: 0 prediction: 1
neural_net output [0.39525024 0.36055105 0.12211385 0.04062294 0.03144968 0.00204698]
target: 1 prediction: 0
neural_net output [0.41292439 0.26862221 0.08115784 0.00600719 0.01286501 0.08563604]
target: 1 prediction: 0
neural_net output [0.02171959 0.4727491  0.07198124 0.33783729 0.16604829 0.02297278]
target: 1 prediction: 1
neural_net output [2.10848164e-02 7.82465961e-01 9.37463435e-02 1.02681323e-01
 1.66994872e-01 4.02340929e-04]
target: 1 prediction: 1
neural_net output [0.39249777 0.48879984 0.09460017 0.00208878 0.01261869 0.00761375]
target: 1 prediction: 1
neural_net output [0.39249777 0.48879984 0.09460017 0.00208878 0.01261869 0.00761375]
target: 1 prediction: 1
neural_net output [0.02080338 0.74021211 0.08855416 0.12577498 0.15652778 0.001267  ]
target: 1 prediction: 1
neural_net output [0.02012344 0.49949963 0.07419676 0.35583643 0.17470943 0.01945007]
target: 1 prediction: 1
neural_net output [0.02194114 0.49743368 0.07551791 0.34171336 0.16803018 0.01837413]
target: 1 prediction: 1
neural_net output [0.39525024 0.36055105 0.12211385 0.04062294 0.03144968 0.00204698]
target: 1 prediction: 0
neural_net output [6.86629616e-01 2.66300098e-01 1.22844453e-01 9.98286678e-03
 3.24609628e-02 9.55744141e-06]
target: 1 prediction: 0
neural_net output [0.02087838 0.24524363 0.0364998  0.11100338 0.0710411  0.86482727]
target: 1 prediction: 5
neural_net output [6.64116777e-01 5.70198602e-01 9.82892297e-02 4.19261028e-03
 1.27907707e-02 5.39717465e-06]
target: 1 prediction: 0
neural_net output [0.39525024 0.36055105 0.12211385 0.04062294 0.03144968 0.00204698]
target: 1 prediction: 0
neural_net output [0.38636623 0.50795627 0.0978424  0.00223089 0.01330036 0.00588802]
target: 1 prediction: 1
neural_net output [0.02133819 0.54937924 0.07706323 0.29558048 0.16781217 0.01021566]
target: 2 prediction: 1
neural_net output [0.39525024 0.36055105 0.12211385 0.04062294 0.03144968 0.00204698]
target: 2 prediction: 0
neural_net output [0.39525024 0.36055105 0.12211385 0.04062294 0.03144968 0.00204698]
target: 2 prediction: 0
neural_net output [0.03104879 0.50951581 0.06394383 0.1959623  0.1214317  0.00628297]
target: 3 prediction: 1
neural_net output [0.02026997 0.49632199 0.07395654 0.35498085 0.1739492  0.01987998]
target: 3 prediction: 1
neural_net output [0.02086503 0.23761375 0.03541966 0.10436629 0.0682145  0.89025537]
target: 3 prediction: 5
neural_net output [0.01997873 0.48465172 0.07123592 0.33692555 0.16663072 0.02737719]
target: 4 prediction: 1
neural_net output [0.01991698 0.47006045 0.06815624 0.3122788  0.15739981 0.03885668]
target: 4 prediction: 1
neural_net output [0.0207861  0.23347323 0.03489032 0.1021979  0.067024   0.90246169]
target: 5 prediction: 5
neural_net output [0.0209933  0.23101237 0.03460817 0.09910781 0.06571909 0.90865265]
target: 5 prediction: 5
neural_net output [0.02069303 0.24254183 0.03598833 0.10834618 0.06987278 0.87866645]
target: 5 prediction: 5
neural_net output [0.0207861  0.23347323 0.03489032 0.1021979  0.067024   0.90246169]
target: 5 prediction: 5
neural_net output [0.02726625 0.43996806 0.0739274  0.33678674 0.16379064 0.01446294]
target: 5 prediction: 1
neural_net output [0.02069303 0.24254183 0.03598833 0.10834618 0.06987278 0.87866645]
target: 5 prediction: 5
Accuracy: 46.51162790697674 %

train_data group 1 length:  172
   0   1   2   3   4   5   6   7   8  ...  36  37  38  39  40  41  42  43  44
0   0   1   0   0   0   0   0   1   0 ...   0   0   0   1   0   0   0   0   0
1   0   1   0   0   0   0   1   0   0 ...   0   0   0   0   1   0   0   0   0
2   0   0   1   0   0   0   0   1   0 ...   0   0   0   1   0   0   0   0   0
3   0   1   0   0   0   0   0   1   0 ...   0   0   0   1   0   0   0   0   0
4   0   0   1   0   0   0   1   0   0 ...   0   0   0   0   1   0   0   0   0

[5 rows x 45 columns]
Initial Neural Network:
[{'weights': array([[ 0.001, -0.001,  0.004, -0.001, -0.009, -0.001,  0.003, -0.008,
         0.008, -0.009, -0.007,  0.004,  0.005, -0.008,  0.001,  0.009,
         0.003, -0.002, -0.01 ,  0.006, -0.007, -0.003,  0.006, -0.003,
         0.002,  0.01 ,  0.003, -0.001, -0.009,  0.004,  0.008,  0.006,
         0.009, -0.003, -0.002, -0.003, -0.001, -0.008,  0.009, -0.003,
         0.002,  0.006,  0.01 , -0.001, -0.01 ],
       [ 0.009,  0.007,  0.004,  0.   ,  0.   ,  0.007, -0.003,  0.01 ,
        -0.009,  0.008,  0.01 ,  0.005, -0.003, -0.006,  0.006,  0.009,
         0.004,  0.002, -0.002,  0.01 ,  0.009, -0.007, -0.002, -0.008,
         0.   ,  0.002, -0.008,  0.001, -0.003,  0.006, -0.009, -0.007,
         0.004,  0.01 ,  0.008,  0.004,  0.004, -0.006,  0.006,  0.002,
        -0.01 , -0.008, -0.01 ,  0.008,  0.005],
       [-0.007, -0.009,  0.003,  0.003, -0.01 ,  0.004,  0.008, -0.008,
         0.005,  0.002, -0.006, -0.007,  0.008,  0.008,  0.008,  0.008,
        -0.006, -0.008,  0.007,  0.002, -0.004,  0.01 ,  0.006,  0.003,
         0.002, -0.009, -0.006, -0.007, -0.005,  0.005,  0.005, -0.001,
         0.007, -0.005, -0.005, -0.001,  0.004,  0.   ,  0.004,  0.005,
        -0.009,  0.002,  0.005, -0.005, -0.008],
       [ 0.005,  0.   ,  0.003,  0.005, -0.001,  0.004, -0.004, -0.007,
         0.008, -0.01 , -0.008,  0.007,  0.003, -0.003,  0.007, -0.009,
        -0.007, -0.002, -0.008,  0.006, -0.006, -0.002, -0.002, -0.006,
         0.007,  0.007,  0.006, -0.004,  0.001, -0.004,  0.01 , -0.001,
        -0.007,  0.009, -0.008,  0.002,  0.005, -0.005, -0.007,  0.008,
         0.   ,  0.01 ,  0.002, -0.001, -0.006],
       [-0.006, -0.005,  0.005, -0.002, -0.01 , -0.008,  0.007,  0.005,
         0.008,  0.006,  0.007, -0.007,  0.005,  0.008,  0.005,  0.01 ,
        -0.001, -0.006,  0.01 , -0.004,  0.   ,  0.008,  0.007,  0.009,
         0.003,  0.008, -0.001, -0.001,  0.005, -0.003, -0.001, -0.004,
         0.005, -0.006, -0.007, -0.001,  0.005,  0.009, -0.01 ,  0.01 ,
         0.01 , -0.008,  0.   ,  0.001, -0.004],
       [ 0.007,  0.009,  0.007, -0.005,  0.003, -0.003,  0.002,  0.005,
         0.   , -0.008, -0.001, -0.007,  0.001, -0.009, -0.002, -0.008,
        -0.002, -0.01 ,  0.009, -0.005,  0.003,  0.009,  0.007,  0.006,
         0.005,  0.009, -0.009,  0.002,  0.007,  0.01 ,  0.001,  0.005,
        -0.001,  0.004,  0.008,  0.007, -0.01 , -0.009,  0.009,  0.008,
        -0.002,  0.003, -0.006, -0.008, -0.008],
       [-0.008,  0.007,  0.01 , -0.001, -0.01 ,  0.006,  0.009,  0.008,
        -0.007, -0.001,  0.001,  0.004,  0.002,  0.003,  0.   ,  0.005,
        -0.009,  0.005, -0.002, -0.01 ,  0.002, -0.004,  0.   ,  0.001,
         0.002, -0.004,  0.   ,  0.009,  0.002, -0.007,  0.005,  0.002,
         0.009,  0.   ,  0.006, -0.007,  0.   , -0.008, -0.007, -0.009,
         0.009,  0.01 , -0.005,  0.002, -0.003]]), 'deltas': array([[0.],
       [0.],
       [0.],
       [0.],
       [0.],
       [0.],
       [0.]]), 'outputs': array([[0.],
       [0.],
       [0.],
       [0.],
       [0.],
       [0.],
       [0.]]), 'errors': array([[0.],
       [0.],
       [0.],
       [0.],
       [0.],
       [0.],
       [0.]])}, {'weights': array([[ 0.005,  0.   , -0.009,  0.009, -0.004, -0.001,  0.002],
       [ 0.001, -0.006,  0.003,  0.002,  0.002,  0.003, -0.009],
       [-0.01 ,  0.008, -0.009, -0.006,  0.009,  0.001,  0.008],
       [-0.003,  0.003,  0.003,  0.008,  0.002, -0.005,  0.002],
       [ 0.   ,  0.009,  0.001, -0.007,  0.007, -0.003,  0.008],
       [-0.009, -0.007, -0.007,  0.007, -0.01 ,  0.009, -0.009]]), 'deltas': array([[0.],
       [0.],
       [0.],
       [0.],
       [0.],
       [0.],
       [0.]]), 'outputs': array([[0.],
       [0.],
       [0.],
       [0.],
       [0.],
       [0.],
       [0.]]), 'errors': array([[0.],
       [0.],
       [0.],
       [0.],
       [0.],
       [0.],
       [0.]])}]
Training complete!
Training done. epoch: 96 , total error: 0.0005685391747170221
[{'weights': array([[-2.35927805e+00,  1.79489255e+00, -1.76431918e+00,
         1.03557637e+00,  5.73433356e-01,  1.21894617e+00,
         3.79192758e+00, -2.50711710e+00, -3.21545160e+00,
        -9.00000000e-03, -2.80414288e+00,  4.63710709e-01,
        -3.14773094e+00, -1.24696776e+00,  6.01643590e+00,
         1.31863683e+00, -5.64746048e-01,  9.58385642e-01,
        -2.31808913e+00, -1.01882262e-01, -3.00329534e+00,
        -2.98892782e-01, -4.03070258e-01,  3.44619870e+00,
        -4.59635282e-01,  2.20866789e+00, -9.73780979e-01,
        -1.25055426e+00, -6.95027607e-01, -1.91664012e-01,
        -5.59176726e+00,  2.95419375e+00,  1.50132451e+00,
         6.38218059e-01,  1.85301420e+00, -1.92560295e+00,
        -1.15358717e+00,  7.74047991e-01, -2.66567040e-01,
         1.86124825e+00, -5.46956399e+00,  2.56420771e+00,
         1.12617425e+00, -7.81761182e-01, -7.23694965e-01],
       [-3.84936197e-01, -8.79144075e-01, -2.41366410e-01,
         7.24245739e-01,  3.15171174e-01,  1.36655768e+00,
        -1.75383970e+00,  1.40440756e+00, -1.49815530e+00,
         8.00000000e-03,  9.80843878e-01,  2.47886184e+00,
        -2.04015968e+00,  1.32321068e+00, -3.21678649e+00,
        -9.59571466e-01,  1.10650241e+00, -7.45940341e-01,
        -1.00141522e+00,  1.13739486e+00,  1.79372219e+00,
        -6.15552568e-01, -1.69827543e+00, -1.87501627e+00,
         1.90109231e+00,  8.99185066e-01, -3.01547696e-01,
        -9.26684226e-01, -1.64982912e-01,  1.74787163e+00,
        -6.07723948e+00,  1.25008032e-01,  1.06088989e+00,
         2.66144016e+00,  6.85840261e-01, -1.12889326e+00,
        -6.87374343e-01,  1.41757644e+00, -7.57178861e-01,
        -1.36709199e+00, -6.23279698e-01,  2.90961468e-01,
         1.26217733e+00, -6.67968821e-02, -4.81029769e-01],
       [-1.82534766e+00,  3.85135848e+00, -4.36038260e+00,
        -3.04106148e-02,  5.09771785e-01,  1.90660428e-01,
        -3.51263885e-01,  2.57241212e-01, -1.92264837e+00,
         2.00000000e-03, -2.70148956e+00,  3.79989491e-01,
        -5.88696567e-01,  1.64781010e+00, -5.61624081e-01,
        -3.08754974e+00,  3.31209873e+00, -9.79340263e-02,
        -2.65365555e+00,  6.95029973e-01,  1.53074187e-01,
        -2.55738333e+00, -9.55729421e-01,  1.57302724e+00,
        -3.09992930e-02,  2.09181699e+00, -1.10234515e+00,
        -2.43397137e+00, -4.17511081e-01, -2.58988403e-01,
        -5.29399567e+00,  3.85322859e-01,  1.30024869e+00,
         2.04340191e+00,  1.54875811e+00, -2.33964832e+00,
        -1.40924660e+00,  1.22032126e+00, -8.53195059e-01,
         1.49053031e+00, -2.82028920e+00, -6.75877052e-01,
         2.26398630e-01, -5.77733064e-02, -1.84301062e+00],
       [-5.03535642e-01,  1.97486225e-01, -2.18700124e+00,
         1.60919083e+00,  3.30204190e-01,  1.61159058e+00,
         6.85568697e-01, -2.01313508e+00, -8.48679836e-01,
        -1.00000000e-02,  5.15167199e-01,  1.90717472e+00,
        -4.86196422e-01, -3.53527113e+00,  1.03947000e+00,
        -1.27814304e+00,  2.23537919e+00, -1.09019522e+00,
        -9.49974441e-01,  4.97277875e-01,  1.09846004e+00,
         1.56417506e+00, -1.13755412e+00, -1.70101898e+00,
        -3.98717642e-01,  9.82451607e-01, -1.15198240e-01,
        -8.79820048e-01, -5.43088952e-01,  6.55483411e-01,
        -3.14853866e+00, -2.37099450e+00,  1.56747468e+00,
         2.73791943e+00,  3.32940663e-01, -1.10134134e+00,
        -6.71254570e-01,  1.16177465e+00, -3.00775044e-01,
        -3.67958793e+00,  9.96265750e-01, -4.87193142e-01,
         2.78096619e+00, -1.57106496e-01, -5.71655634e-01],
       [-4.17701277e-01, -2.32415732e-01, -3.40486663e+00,
         2.01075337e+00,  3.55518264e-01,  1.31280293e+00,
         7.08857098e-02, -2.02028855e+00, -1.02211209e+00,
         6.00000000e-03, -2.24828018e+00, -4.77533952e-01,
        -2.60490236e+00,  3.57077814e-01,  3.32092667e+00,
        -1.43688522e+00, -5.16556219e+00,  5.93083772e+00,
        -1.08906834e+00,  9.89660329e-02,  3.11441460e-01,
        -2.09328510e+00,  1.46341318e+00, -9.90394741e-01,
        -3.34886802e-01,  5.86058818e-01, -1.07055702e+00,
        -8.95771979e-01, -2.79441824e-01,  4.16427826e-01,
        -4.57966545e-01, -4.82802983e+00,  1.00794332e+00,
         2.18191322e+00,  1.21069544e+00, -2.32608592e+00,
        -5.16784813e-01,  5.50582110e-01, -5.93118815e-01,
        -3.65032537e+00, -6.65204765e-01,  1.95328384e+00,
         8.39042084e-01, -1.34507790e-01, -1.67471200e+00],
       [-6.75667862e-01,  1.67118534e-01, -2.30232871e+00,
         1.73718613e+00,  3.45480867e-01,  1.66050453e+00,
         7.71385415e-01, -2.35443333e+00, -8.22667652e-01,
        -8.00000000e-03,  6.73814243e-01,  1.83368571e+00,
        -7.05610028e-01, -3.77004120e+00,  1.20094024e+00,
        -1.30932415e+00,  2.39203151e+00, -1.20783569e+00,
        -9.52288902e-01,  3.12206189e-01,  8.57816946e-01,
         1.67213871e+00, -1.13950064e+00, -1.76653884e+00,
        -3.43127214e-01,  9.38833348e-01, -3.51770901e-01,
        -8.83988923e-01, -4.43284564e-01,  4.97985507e-01,
        -3.18853563e+00, -2.40510937e+00,  1.63061771e+00,
         2.73483075e+00,  3.70896832e-01, -1.08479483e+00,
        -6.84221750e-01,  8.91447466e-01, -2.37538761e-01,
        -3.87862570e+00,  1.05070759e+00, -4.49721478e-01,
         2.68058215e+00, -1.57153602e-01, -7.57211039e-01],
       [-8.00000000e-03,  7.00000000e-03,  1.00000000e-02,
        -1.00000000e-03, -1.00000000e-02,  6.00000000e-03,
         9.00000000e-03,  8.00000000e-03, -7.00000000e-03,
        -1.00000000e-03,  1.00000000e-03,  4.00000000e-03,
         2.00000000e-03,  3.00000000e-03,  0.00000000e+00,
         5.00000000e-03, -9.00000000e-03,  5.00000000e-03,
        -2.00000000e-03, -1.00000000e-02,  2.00000000e-03,
        -4.00000000e-03,  0.00000000e+00,  1.00000000e-03,
         2.00000000e-03, -4.00000000e-03,  0.00000000e+00,
         9.00000000e-03,  2.00000000e-03, -7.00000000e-03,
         5.00000000e-03,  2.00000000e-03,  9.00000000e-03,
         0.00000000e+00,  6.00000000e-03, -7.00000000e-03,
         0.00000000e+00, -8.00000000e-03, -7.00000000e-03,
        -9.00000000e-03,  9.00000000e-03,  1.00000000e-02,
        -5.00000000e-03,  2.00000000e-03, -3.00000000e-03]]), 'deltas': array([[5.23614258e-05],
       [7.47189525e-06],
       [8.08556442e-05],
       [1.92113761e-06],
       [3.73283701e-04],
       [1.88516751e-06],
       [0.00000000e+00]]), 'outputs': array([[0.98936992],
       [0.99849697],
       [0.98348701],
       [0.99961398],
       [0.08164145],
       [0.99962121],
       [1.        ]]), 'errors': 0.0049787008249168535}, {'weights': array([[ 1.02640263, -3.7426884 , -0.09681975, -0.84246348, -1.91429275,
        -1.00736609, -0.59187718],
       [ 1.36151093,  2.75942265,  3.00469449,  2.31020981,  2.59640143,
         2.65349271, -5.18928172],
       [ 0.83676344, -1.17453213, -0.58581432, -0.79931531, -0.73756382,
        -0.84011098, -2.41262482],
       [-0.70608085,  3.83628757, -2.55290289, -0.68394176, -0.75316349,
        -1.34369742, -2.0354729 ],
       [-0.65600643,  0.1546123 ,  0.68232349, -0.69520014, -0.85429156,
        -0.68095646, -2.93557647],
       [-6.08713752, -3.75542545, -5.65637099, -2.61170577, -2.62671402,
        -2.4593435 ,  2.57131996]]), 'deltas': array([[-1.95723326e-05],
       [ 7.62703371e-07],
       [-4.17144877e-05],
       [-8.32990459e-04],
       [-2.13354144e-04],
       [-2.10965973e-16]]), 'outputs': array([[4.43390358e-03],
       [9.99126289e-01],
       [6.47970278e-03],
       [2.92938274e-02],
       [1.47153188e-02],
       [1.45246679e-08]]), 'errors': array([[-4.43390358e-03],
       [ 8.73710670e-04],
       [-6.47970278e-03],
       [-2.92938274e-02],
       [-1.47153188e-02],
       [-1.45246679e-08]])}]
Accuracy: 52.38095238095239 %

train_data group 2 length:  172
   0   1   2   3   4   5   6   7   8  ...  36  37  38  39  40  41  42  43  44
0   0   1   0   0   0   0   0   1   0 ...   0   0   0   1   0   0   0   0   0
1   0   1   0   0   0   0   1   0   0 ...   0   0   0   0   1   0   0   0   0
2   0   0   1   0   0   0   0   1   0 ...   0   0   0   1   0   0   0   0   0
3   0   1   0   0   0   0   0   1   0 ...   0   0   0   1   0   0   0   0   0
4   0   0   1   0   0   0   1   0   0 ...   0   0   0   0   1   0   0   0   0

[5 rows x 45 columns]
Initial Neural Network:
[{'weights': array([[ 0.003,  0.005, -0.004,  0.008,  0.001, -0.006,  0.002, -0.009,
        -0.009, -0.005, -0.005,  0.007,  0.008,  0.005, -0.01 , -0.01 ,
         0.007, -0.01 ,  0.005, -0.004,  0.001,  0.005, -0.008,  0.003,
         0.005, -0.007,  0.002, -0.008,  0.005, -0.009, -0.006, -0.001,
         0.01 ,  0.001,  0.006, -0.009,  0.005, -0.007, -0.005, -0.006,
         0.   ,  0.003,  0.009,  0.003,  0.003],
       [ 0.006, -0.003, -0.01 ,  0.009, -0.001,  0.009,  0.   ,  0.002,
         0.003, -0.002, -0.003,  0.008,  0.002,  0.009, -0.001,  0.003,
        -0.008, -0.009, -0.006, -0.006,  0.007,  0.   , -0.002,  0.007,
         0.004, -0.01 , -0.006,  0.004,  0.004,  0.01 , -0.005,  0.006,
        -0.002, -0.002, -0.002,  0.005,  0.002,  0.002,  0.008, -0.005,
        -0.008, -0.003,  0.006,  0.005, -0.007],
       [ 0.01 ,  0.006, -0.005, -0.002, -0.004,  0.001, -0.008,  0.001,
        -0.006, -0.006,  0.004, -0.003, -0.008,  0.007, -0.001,  0.009,
         0.005,  0.009,  0.001, -0.01 ,  0.006,  0.002, -0.01 ,  0.005,
        -0.009,  0.003,  0.   , -0.005, -0.01 , -0.002,  0.01 ,  0.006,
        -0.001,  0.007, -0.004, -0.005, -0.008, -0.006, -0.001, -0.007,
         0.01 , -0.001,  0.001,  0.   , -0.001],
       [ 0.008,  0.003, -0.004, -0.004,  0.005,  0.008,  0.005,  0.01 ,
        -0.008, -0.001, -0.001, -0.005, -0.009, -0.007,  0.009, -0.006,
        -0.009, -0.005, -0.001,  0.003, -0.01 ,  0.007, -0.007,  0.003,
        -0.002, -0.004,  0.005,  0.005,  0.01 ,  0.006,  0.003, -0.008,
        -0.009, -0.002, -0.003,  0.007, -0.002, -0.005,  0.006, -0.005,
         0.004,  0.006, -0.006, -0.005, -0.007],
       [-0.003,  0.009,  0.001,  0.001, -0.006, -0.008, -0.002, -0.01 ,
        -0.006,  0.009,  0.007,  0.009,  0.002,  0.007,  0.002,  0.006,
        -0.008,  0.   , -0.004, -0.007,  0.007, -0.002, -0.001,  0.   ,
         0.   ,  0.005, -0.01 ,  0.005, -0.005,  0.004,  0.003, -0.009,
         0.003, -0.01 ,  0.01 , -0.006, -0.005,  0.002, -0.003,  0.01 ,
        -0.002,  0.01 ,  0.002, -0.003,  0.007],
       [ 0.003, -0.01 , -0.009, -0.005, -0.005, -0.003, -0.01 ,  0.006,
         0.005,  0.009, -0.005,  0.003, -0.001, -0.009,  0.001,  0.001,
        -0.007, -0.002,  0.01 , -0.009,  0.005, -0.005, -0.007, -0.001,
         0.004,  0.01 ,  0.01 , -0.001,  0.007, -0.002, -0.004,  0.009,
         0.006,  0.005, -0.01 ,  0.002,  0.002, -0.007,  0.003,  0.   ,
        -0.007, -0.009, -0.006, -0.007,  0.003],
       [ 0.01 ,  0.007, -0.002,  0.004, -0.007,  0.001,  0.005, -0.004,
        -0.007,  0.006, -0.004, -0.004, -0.009,  0.007,  0.004,  0.002,
         0.008, -0.01 , -0.009, -0.009, -0.005, -0.001,  0.004,  0.003,
        -0.004, -0.002,  0.002,  0.001,  0.002, -0.01 , -0.01 ,  0.004,
         0.001,  0.   ,  0.001,  0.005,  0.007, -0.008, -0.003, -0.003,
         0.   ,  0.005, -0.005,  0.01 ,  0.008]]), 'deltas': array([[0.],
       [0.],
       [0.],
       [0.],
       [0.],
       [0.],
       [0.]]), 'outputs': array([[0.],
       [0.],
       [0.],
       [0.],
       [0.],
       [0.],
       [0.]]), 'errors': array([[0.],
       [0.],
       [0.],
       [0.],
       [0.],
       [0.],
       [0.]])}, {'weights': array([[ 0.   ,  0.009,  0.004,  0.009, -0.007, -0.004, -0.005],
       [ 0.01 , -0.001,  0.002,  0.006, -0.009,  0.004,  0.007],
       [ 0.001,  0.009, -0.009, -0.01 , -0.001, -0.006, -0.01 ],
       [-0.009,  0.001, -0.005,  0.   ,  0.01 ,  0.001, -0.008],
       [ 0.002, -0.009,  0.001, -0.002, -0.001,  0.005,  0.004],
       [ 0.007, -0.004,  0.006, -0.003, -0.002,  0.003,  0.005]]), 'deltas': array([[0.],
       [0.],
       [0.],
       [0.],
       [0.],
       [0.],
       [0.]]), 'outputs': array([[0.],
       [0.],
       [0.],
       [0.],
       [0.],
       [0.],
       [0.]]), 'errors': array([[0.],
       [0.],
       [0.],
       [0.],
       [0.],
       [0.],
       [0.]])}]
Training complete!
Training done. epoch: 56 , total error: 0.006104157448815908
[{'weights': array([[-9.59955843e-02, -4.12804534e-01, -1.42657093e-01,
        -7.23688397e-01,  1.42549897e-01, -3.39424043e-01,
         6.85856020e-01, -5.94491491e-01, -1.24032570e+00,
         2.15789503e-01, -2.64833220e+00, -1.05451203e+00,
        -1.95401264e+00,  1.56603855e+00,  2.85022261e+00,
         1.25706347e-01,  2.84639794e+00, -2.66088680e+00,
        -1.74063618e+00,  1.71822985e-01, -1.45502132e+00,
         1.03779516e+00,  7.95966673e-01, -1.01909173e+00,
        -5.99244492e-01,  4.06856197e-01, -8.83143809e-01,
        -9.35618752e-01,  1.58310654e-01, -8.63569812e-01,
         4.14015606e-01, -1.42123014e-01, -9.33877403e-02,
        -5.65530751e-01, -3.55916565e-01, -6.24304132e-01,
        -1.20241415e+00,  5.30967780e-01,  3.96071356e-01,
        -3.13024169e-01, -8.93310191e-01, -3.20499716e-01,
         2.03591423e-01,  8.66469420e-02, -1.24259571e+00],
       [ 1.84000784e+00, -1.83500151e+00, -3.71211537e-01,
        -7.73524478e-01,  1.58557131e-01, -1.55523468e-03,
         7.36922936e-01, -7.14590763e-01, -1.20114585e+00,
         2.10196357e-01, -2.03482238e+00, -1.01813188e+00,
        -1.26400280e+00,  3.06297252e+00,  2.86811985e-01,
         7.23638513e-01,  1.32546567e+00, -2.73447505e+00,
        -1.41777431e+00,  1.09497263e+00, -7.90350689e-01,
         1.19350726e+00, -2.86499201e+00,  1.77400053e+00,
        -2.78337651e-01, -3.64419219e-01, -5.52559512e-01,
        -4.87834746e-01,  4.14640919e-01,  1.14433802e-02,
        -1.65706319e-01, -2.09609652e-01, -6.21733171e-02,
        -5.49126651e-01, -1.20070591e+00,  7.39028630e-03,
        -1.01045342e+00,  8.47181095e-01,  3.89415397e-01,
        -1.39661124e-01,  3.46672324e-01, -4.51543252e-01,
        -5.85718891e-01, -1.56921616e-01, -9.89172558e-01],
       [-2.41081447e-01,  8.12007785e-01, -1.21857402e+00,
        -4.93557159e-01,  4.78029138e-01,  1.20085016e-01,
         6.22156683e-01, -6.11923167e-01, -1.23680938e+00,
         4.20315142e-01, -1.10584826e+00, -1.41625941e+00,
        -7.76794557e-01,  1.25831410e+00,  1.37141242e+00,
         2.26177993e-01,  6.74302248e-01,  1.20350015e+00,
        -2.70455414e+00, -5.36019567e-02, -1.88145445e+00,
         1.36285531e+00,  5.54883499e-01, -9.19755071e-03,
        -7.01262513e-01,  1.72080607e+00, -1.43893876e+00,
        -1.26280636e+00,  3.00763351e-01, -6.75213012e-01,
        -6.94365409e-01, -3.56614902e-01,  1.02165812e+00,
         5.63594976e-02,  1.74336956e+00, -1.43926166e+00,
        -1.93645460e+00,  4.82875533e-01,  4.57295458e-01,
        -8.66125040e-01,  1.36630454e-01, -5.31042084e-01,
         2.88537054e-01,  3.06823911e-01, -6.69175706e-01],
       [ 2.03821694e+00, -2.72241571e+00,  2.52179103e-01,
        -6.77661445e-01,  2.03493512e-01,  9.93618826e-03,
         5.51501638e-01, -4.95993128e-01, -1.19734504e+00,
         2.31712747e-01, -1.88276401e+00, -9.65801612e-01,
        -1.22407261e+00,  1.87561888e+00,  1.26983175e+00,
         1.17677109e+00,  2.60923174e-01, -2.22883407e+00,
        -1.28262857e+00,  1.14158077e+00, -7.20327812e-01,
         1.34511830e+00, -1.45837663e+00,  1.33176439e-01,
        -2.22777903e-01, -3.50469494e-01, -5.25817622e-01,
        -4.69256630e-01,  4.47356148e-01,  5.21686297e-02,
        -7.75597878e-01,  3.87065699e-01, -1.23444180e-02,
        -5.75479632e-01, -9.04215387e-01, -3.12213479e-01,
        -9.41857613e-01,  8.48529273e-01,  3.98569608e-01,
        -7.49240142e-02, -1.25427664e-01, -3.60252985e-01,
        -1.99280313e-01, -1.60302622e-01, -9.21187599e-01],
       [-7.04457611e-02, -4.55358349e-01, -1.25408291e-01,
        -7.43296324e-01,  1.42573360e-01, -3.42254758e-01,
         6.75127952e-01, -6.09889139e-01, -1.23229626e+00,
         2.38376840e-01, -2.63297881e+00, -1.05629587e+00,
        -2.03140237e+00,  1.61461585e+00,  2.87912583e+00,
         2.02797206e-01,  2.86966300e+00, -2.79319466e+00,
        -1.73253647e+00,  1.86335560e-01, -1.44545405e+00,
         1.00205553e+00,  7.61570703e-01, -9.77697049e-01,
        -5.90410498e-01,  3.97529914e-01, -8.89244687e-01,
        -9.17886906e-01,  1.50666314e-01, -8.10431054e-01,
         3.92020710e-01, -1.62965374e-01, -1.15774341e-01,
        -5.65785307e-01, -3.83057384e-01, -6.05343494e-01,
        -1.20279936e+00,  5.43701227e-01,  3.91563647e-01,
        -2.27288010e-01, -8.92098159e-01, -3.36795678e-01,
         1.63074154e-01,  5.61723283e-02, -1.24693536e+00],
       [ 1.56052273e+00, -2.61729606e+00,  4.11750867e-01,
        -5.28419851e-01,  3.87341065e-01,  4.64883383e-01,
         3.91097828e-01, -7.12119947e-01, -1.22040698e+00,
         3.23444468e-01, -1.12311892e+00, -7.57070369e-01,
        -7.69576295e-01,  4.45767961e-03,  1.87420665e+00,
         1.74726461e+00, -1.38933034e+00, -1.30469178e+00,
        -1.08589848e+00,  1.26555473e+00, -2.69324962e-01,
         6.81106350e-01, -8.51782260e-01, -2.27249464e-01,
        -9.68509156e-02, -5.63125322e-01, -2.85847056e-01,
        -4.14677598e-01,  5.29548723e-01,  4.38040910e-01,
        -1.50952646e+00,  5.26855380e-01,  3.71254298e-01,
        -5.72725379e-01, -4.98995040e-01, -9.21136214e-01,
        -8.15728318e-01,  8.79382876e-01,  5.86375444e-01,
        -5.86083646e-01,  2.16793536e-01, -3.68832494e-01,
         6.84483136e-02, -1.19426961e-01, -7.57101252e-01],
       [ 1.00000000e-02,  7.00000000e-03, -2.00000000e-03,
         4.00000000e-03, -7.00000000e-03,  1.00000000e-03,
         5.00000000e-03, -4.00000000e-03, -7.00000000e-03,
         6.00000000e-03, -4.00000000e-03, -4.00000000e-03,
        -9.00000000e-03,  7.00000000e-03,  4.00000000e-03,
         2.00000000e-03,  8.00000000e-03, -1.00000000e-02,
        -9.00000000e-03, -9.00000000e-03, -5.00000000e-03,
        -1.00000000e-03,  4.00000000e-03,  3.00000000e-03,
        -4.00000000e-03, -2.00000000e-03,  2.00000000e-03,
         1.00000000e-03,  2.00000000e-03, -1.00000000e-02,
        -1.00000000e-02,  4.00000000e-03,  1.00000000e-03,
         0.00000000e+00,  1.00000000e-03,  5.00000000e-03,
         7.00000000e-03, -8.00000000e-03, -3.00000000e-03,
        -3.00000000e-03,  0.00000000e+00,  5.00000000e-03,
        -5.00000000e-03,  1.00000000e-02,  8.00000000e-03]]), 'deltas': array([[0.00485468],
       [0.0025902 ],
       [0.00073231],
       [0.00116081],
       [0.00446662],
       [0.00575641],
       [0.        ]]), 'outputs': array([[0.83292726],
       [0.91922775],
       [0.97854819],
       [0.96553756],
       [0.84923397],
       [0.79153482],
       [1.        ]]), 'errors': 0.034885729202199886}, {'weights': array([[ 1.74033584,  1.68972081,  0.73549907,  1.38450681,  1.73421259,
         1.77355035, -4.35357798],
       [-0.32985784, -0.92724987,  3.40742396, -1.15405971, -0.56430651,
        -1.27190104, -2.4829353 ],
       [ 0.40260047, -0.38509352,  0.39083509, -0.17698542,  0.39421904,
        -0.13438171, -3.26507214],
       [-1.63129211,  0.35484977,  0.77684455,  0.53439735, -1.64865883,
         0.84322614, -2.0481404 ],
       [-0.93846612, -0.68751074,  0.514981  , -0.61580184, -0.96980439,
        -0.48563035, -2.35608208],
       [-2.97446574, -2.37218923, -5.66563905, -2.3667831 , -2.92716526,
        -2.43491926,  2.47976804]]), 'deltas': array([[ 7.14605584e-04],
       [-2.72616301e-03],
       [-2.89449164e-03],
       [-5.08304785e-03],
       [-3.88667432e-05],
       [-2.98013453e-13]]), 'outputs': array([[9.72898114e-01],
       [5.36729268e-02],
       [5.53543408e-02],
       [7.40932196e-02],
       [6.25390612e-03],
       [5.45906233e-07]]), 'errors': array([[ 2.71018865e-02],
       [-5.36729268e-02],
       [-5.53543408e-02],
       [-7.40932196e-02],
       [-6.25390612e-03],
       [-5.45906233e-07]])}]
Accuracy: 54.761904761904766 %

train_data group 3 length:  170
   0   1   2   3   4   5   6   7   8  ...  36  37  38  39  40  41  42  43  44
0   0   1   0   0   0   0   0   1   0 ...   0   0   0   1   0   0   0   0   0
1   0   1   0   0   0   0   1   0   0 ...   0   0   0   0   1   0   0   0   0
2   0   0   1   0   0   0   0   1   0 ...   0   0   0   1   0   0   0   0   0
3   0   1   0   0   0   0   0   1   0 ...   0   0   0   1   0   0   0   0   0
4   0   0   1   0   0   0   1   0   0 ...   0   0   0   0   1   0   0   0   0

[5 rows x 45 columns]
Initial Neural Network:
[{'weights': array([[-0.005,  0.009,  0.005, -0.003, -0.007,  0.009, -0.008,  0.   ,
         0.01 ,  0.   , -0.008, -0.004, -0.007,  0.006,  0.004,  0.001,
        -0.01 ,  0.009, -0.006,  0.007, -0.002, -0.001,  0.009, -0.008,
         0.001,  0.001,  0.005, -0.004,  0.003,  0.002, -0.008,  0.01 ,
        -0.005,  0.006, -0.008, -0.009, -0.003,  0.01 , -0.004, -0.003,
         0.01 ,  0.002,  0.009,  0.003,  0.   ],
       [ 0.008,  0.01 ,  0.001, -0.006, -0.007, -0.009, -0.003,  0.008,
         0.004, -0.002, -0.005, -0.002, -0.006, -0.008, -0.01 ,  0.01 ,
        -0.006,  0.009,  0.009,  0.007,  0.007,  0.002, -0.01 , -0.002,
         0.003,  0.007,  0.01 , -0.009, -0.005, -0.005,  0.01 , -0.005,
        -0.006,  0.009,  0.009, -0.002,  0.003, -0.001,  0.007,  0.007,
         0.005,  0.001,  0.003,  0.   ,  0.005],
       [-0.006,  0.003,  0.002,  0.001,  0.008, -0.003, -0.002,  0.009,
        -0.009,  0.001,  0.009,  0.008, -0.002,  0.002, -0.007, -0.005,
         0.   ,  0.   ,  0.005,  0.003, -0.001, -0.008, -0.002,  0.001,
         0.001,  0.   ,  0.001,  0.003,  0.003,  0.001,  0.001, -0.008,
        -0.01 ,  0.   ,  0.01 ,  0.007,  0.006, -0.004,  0.002, -0.006,
         0.001, -0.009,  0.   , -0.002,  0.   ],
       [ 0.001, -0.004,  0.003,  0.003, -0.004,  0.004, -0.005,  0.01 ,
        -0.004,  0.005,  0.007, -0.001, -0.004, -0.006,  0.006, -0.001,
         0.006, -0.005, -0.009,  0.009,  0.002, -0.001, -0.007, -0.007,
        -0.01 ,  0.   ,  0.001, -0.004,  0.005,  0.01 ,  0.001,  0.005,
         0.002, -0.001, -0.009,  0.006, -0.006, -0.01 ,  0.009,  0.008,
         0.006,  0.001, -0.006, -0.005, -0.004],
       [-0.002,  0.008, -0.003,  0.008, -0.009,  0.003, -0.01 , -0.005,
         0.002, -0.008, -0.005, -0.004,  0.009, -0.003,  0.005,  0.008,
        -0.007,  0.006,  0.   , -0.01 ,  0.003,  0.01 , -0.004,  0.005,
        -0.006,  0.003, -0.003, -0.007, -0.007,  0.003,  0.01 ,  0.01 ,
        -0.007, -0.001, -0.006,  0.004, -0.008,  0.002, -0.007,  0.005,
         0.006,  0.002,  0.01 ,  0.01 , -0.005],
       [-0.009, -0.006,  0.003,  0.006,  0.006,  0.002, -0.007, -0.01 ,
        -0.001,  0.001,  0.002, -0.005,  0.001, -0.005,  0.   ,  0.003,
        -0.001, -0.003, -0.001,  0.003,  0.002, -0.003,  0.01 ,  0.007,
         0.005,  0.   ,  0.008,  0.01 , -0.004, -0.009,  0.009, -0.007,
         0.001,  0.   , -0.009,  0.004,  0.002,  0.008,  0.01 ,  0.005,
         0.007,  0.001,  0.005,  0.   , -0.002],
       [ 0.009, -0.001,  0.002,  0.008, -0.005, -0.003,  0.008, -0.001,
         0.007,  0.001, -0.005,  0.003,  0.002,  0.   , -0.009, -0.006,
        -0.006,  0.003, -0.004,  0.008,  0.005,  0.002,  0.009, -0.006,
        -0.002, -0.006,  0.01 , -0.003,  0.006,  0.004, -0.006,  0.002,
        -0.009, -0.004, -0.005, -0.008, -0.007, -0.002, -0.001, -0.004,
        -0.001, -0.004, -0.005,  0.009, -0.003]]), 'deltas': array([[0.],
       [0.],
       [0.],
       [0.],
       [0.],
       [0.],
       [0.]]), 'outputs': array([[0.],
       [0.],
       [0.],
       [0.],
       [0.],
       [0.],
       [0.]]), 'errors': array([[0.],
       [0.],
       [0.],
       [0.],
       [0.],
       [0.],
       [0.]])}, {'weights': array([[-0.008, -0.001,  0.007,  0.008,  0.009,  0.002,  0.002],
       [ 0.01 ,  0.007,  0.   ,  0.004, -0.001, -0.001, -0.007],
       [-0.005, -0.009, -0.006,  0.008,  0.001, -0.005,  0.006],
       [ 0.008, -0.005,  0.009,  0.01 , -0.005,  0.006,  0.   ],
       [-0.01 ,  0.005, -0.003, -0.005,  0.008,  0.007,  0.001],
       [ 0.007, -0.009,  0.002,  0.003,  0.005, -0.001,  0.   ]]), 'deltas': array([[0.],
       [0.],
       [0.],
       [0.],
       [0.],
       [0.],
       [0.]]), 'outputs': array([[0.],
       [0.],
       [0.],
       [0.],
       [0.],
       [0.],
       [0.]]), 'errors': array([[0.],
       [0.],
       [0.],
       [0.],
       [0.],
       [0.],
       [0.]])}]
Training complete!
Training done. epoch: 107 , total error: 0.0008433456346782021
[{'weights': array([[ 1.20693523e-01, -3.59531899e+00,  1.90054829e+00,
         1.16060517e+00,  2.37679322e-01,  9.09278258e-02,
         5.06730156e-01,  1.85703597e+00, -1.97184008e+00,
        -6.46646556e-01, -3.57476351e-01, -1.49521445e+00,
        -2.00200439e+00, -4.18708502e-01,  4.08961101e+00,
         4.27680977e+00, -9.40231638e-01, -5.65514028e-02,
        -2.74997431e+00, -7.03845096e-01, -1.29687362e+00,
         1.68261511e-01,  6.87991320e-01, -1.50307915e+00,
         1.76790725e+00,  1.75433061e-01, -2.05409167e-01,
        -4.00000000e-03, -1.35816577e-01,  2.31303407e-01,
        -3.33925405e+00,  1.19282472e+00,  8.98220235e-01,
         8.47113002e-01,  5.92052652e-01,  5.00441449e-01,
        -1.69763112e+00,  4.20344339e-01, -4.00000000e-03,
        -5.32305020e-01,  3.51611478e+00, -3.24093424e-01,
         1.34868483e-01, -2.94837750e+00, -1.74792683e-01],
       [-7.24656804e-01, -1.34682153e+00, -1.75477114e+00,
         2.58203562e+00,  3.44387643e-01, -2.20952471e-01,
        -2.98357443e+00,  4.45476179e+00, -1.20900405e+00,
        -9.49057053e-01,  1.48543808e+00,  8.05674051e-01,
        -1.15942667e+00,  7.85581611e-01, -2.85409329e+00,
        -1.59992393e+00,  3.26681867e+00, -8.89403098e-02,
        -1.96349874e+00, -4.91281909e-01,  6.45877835e-02,
         1.05138868e-01, -2.71815627e+00, -1.05810020e+00,
         2.70070359e+00, -3.06280274e-01, -4.26746270e-01,
        -9.00000000e-03, -1.60799673e-01, -2.27224311e-01,
        -2.86651349e+00, -1.80280962e-01,  9.18389753e-01,
         1.45280280e+00,  1.66524061e-01,  6.37805416e-01,
        -1.76571108e+00,  6.45553883e-02,  7.00000000e-03,
        -1.58364364e+00,  1.05613265e+00,  2.22063950e-01,
        -2.51066735e-01, -3.33312444e-01, -9.00826216e-01],
       [ 3.41375241e+00, -2.64700406e+00, -3.36633486e+00,
         1.50786590e+00,  3.15980091e-01,  9.57175843e-01,
         3.89661232e+00, -3.68737464e+00, -1.59947304e+00,
        -3.54681011e-01, -2.16939963e+00, -5.40660585e-01,
        -1.50919671e+00,  1.79511928e+00,  1.65039712e+00,
        -3.04659038e+00, -2.22241486e-01,  4.21406949e+00,
        -1.66062208e+00, -6.53560695e-02, -8.89849469e-04,
        -2.86529334e-01,  3.20188549e+00, -4.00818912e+00,
         3.00982287e-01, -6.20401789e-01, -9.93887608e-02,
         3.00000000e-03, -5.99499742e-02,  4.98075894e-01,
         3.36163799e+00, -6.36812675e+00,  7.19286107e-01,
         9.89386232e-01,  1.47416645e+00, -4.67498947e-01,
        -2.13788737e+00,  3.66479345e-01,  2.00000000e-03,
        -4.60396784e+00,  2.80772431e+00,  1.60624226e+00,
         3.67121379e-01, -9.76860632e-01, -7.83740524e-01],
       [ 7.69379244e-01, -5.48535065e-01, -3.60681704e+00,
         2.70503714e+00,  2.72556938e-01,  1.85049615e+00,
         1.74697311e+00, -1.70565660e+00, -1.81429299e+00,
        -4.74898460e-01, -1.27427853e+00, -6.96686148e-01,
         1.17101651e-01,  4.21894150e-01,  1.02659009e+00,
        -2.38114218e+00,  2.31947202e+00,  2.35354097e+00,
        -2.38089914e+00, -3.18350459e-01, -7.00596982e-02,
        -2.35449413e+00,  1.97867198e+00, -3.37376393e-01,
         3.52879458e-01, -1.76528676e-01, -2.02219917e-01,
        -4.00000000e-03, -2.26301935e-02,  6.36964624e-01,
         6.41807075e-01, -4.74985677e+00,  1.61430907e+00,
         1.46639722e+00,  2.37720799e+00, -4.63239143e-01,
        -2.62103857e+00,  2.80690936e-01,  9.00000000e-03,
        -2.19359164e+00,  2.14575278e+00,  6.03409952e-01,
         3.28870793e-01, -1.28782067e+00, -4.11378786e-01],
       [-1.87476587e-01,  2.27343605e+00, -5.78219660e+00,
         2.34658984e+00,  4.10874769e-01,  1.54164709e+00,
         1.14012040e+00, -1.28849140e+00, -1.93250417e+00,
        -4.19544444e-01, -1.23372029e+00, -1.26371203e+00,
        -1.76872780e+00, -2.12242401e+00,  5.44981161e+00,
        -5.40669538e-02, -5.34349510e+00,  6.06040454e+00,
        -1.39408486e+00, -2.12530156e-01,  4.94799985e-02,
         3.47670936e-02, -1.41314645e+00,  9.60404337e-02,
         3.00086398e-01, -6.15700541e-01, -1.02866937e-01,
        -7.00000000e-03, -2.29205049e-01,  1.97382514e-01,
        -6.19151125e-01, -3.15275412e+00,  9.96137897e-01,
         1.65261230e+00,  1.99717462e+00, -2.20328863e-01,
        -3.07784065e+00,  3.52222363e-01, -7.00000000e-03,
        -3.45983975e+00,  1.22271475e+00,  1.51560866e+00,
         1.99078346e+00, -2.17703966e+00, -9.45772527e-01],
       [-4.73085563e-01, -2.48703625e+00, -7.60226400e-01,
         2.79199420e+00,  3.95723480e-01,  1.09714326e+00,
        -2.71269518e+00,  3.26445902e+00, -1.44042266e+00,
        -7.56114971e-01,  1.29141264e+00,  9.71616270e-01,
        -4.24715869e-02, -3.16469567e-01, -2.44371829e+00,
        -1.79774863e+00,  2.29688218e+00,  9.42013755e-01,
        -1.57942878e+00, -3.93349051e-01, -1.56386308e-01,
        -1.99511357e+00, -8.28850467e-01, -8.40058464e-01,
         3.30877828e+00, -2.47235441e-02, -3.09300442e-01,
         1.00000000e-02, -1.94606544e-01,  2.94607647e-01,
        -3.24162307e+00, -1.91686158e-01,  1.25476040e+00,
         1.34531065e+00,  1.19322399e+00, -3.11213261e-01,
        -1.56087304e+00,  1.51231780e-01,  1.00000000e-02,
        -1.62456526e+00,  2.07848720e+00, -2.59532382e-02,
        -4.65164679e-01, -4.77434553e-01, -5.34630531e-01],
       [ 9.00000000e-03, -1.00000000e-03,  2.00000000e-03,
         8.00000000e-03, -5.00000000e-03, -3.00000000e-03,
         8.00000000e-03, -1.00000000e-03,  7.00000000e-03,
         1.00000000e-03, -5.00000000e-03,  3.00000000e-03,
         2.00000000e-03,  0.00000000e+00, -9.00000000e-03,
        -6.00000000e-03, -6.00000000e-03,  3.00000000e-03,
        -4.00000000e-03,  8.00000000e-03,  5.00000000e-03,
         2.00000000e-03,  9.00000000e-03, -6.00000000e-03,
        -2.00000000e-03, -6.00000000e-03,  1.00000000e-02,
        -3.00000000e-03,  6.00000000e-03,  4.00000000e-03,
        -6.00000000e-03,  2.00000000e-03, -9.00000000e-03,
        -4.00000000e-03, -5.00000000e-03, -8.00000000e-03,
        -7.00000000e-03, -2.00000000e-03, -1.00000000e-03,
        -4.00000000e-03, -1.00000000e-03, -4.00000000e-03,
        -5.00000000e-03,  9.00000000e-03, -3.00000000e-03]]), 'deltas': array([[9.00528805e-04],
       [9.34742903e-04],
       [6.04473193e-05],
       [5.78548418e-06],
       [6.97820309e-06],
       [1.05539012e-03],
       [0.00000000e+00]]), 'outputs': array([[0.16201922],
       [0.83026155],
       [0.99080201],
       [0.99912698],
       [0.00105318],
       [0.80146842],
       [1.        ]]), 'errors': 0.006632801704468038}, {'weights': array([[ 2.61353324, -3.28520037, -0.22662138,  1.78998252, -3.21785104,
        -3.24472658, -1.63132184],
       [ 1.40792706,  3.82888441,  2.36624658,  2.67552592,  2.62028716,
         2.36726454, -5.37639959],
       [ 2.04092802, -1.76961828, -1.10852538, -0.16071127,  0.14057348,
        -1.5023389 , -3.02760443],
       [-1.22772245, -0.56179329, -1.69907719, -1.05933255,  2.13639011,
         0.93553318, -1.97713433],
       [-0.65168313,  0.82236267, -1.24317152, -0.02295734, -0.18410237,
         0.00771031, -2.54425873],
       [-6.57084785, -3.49684004, -2.60179861, -3.91267125, -3.56976502,
        -3.08310342,  1.94701736]]), 'deltas': array([[-4.67125893e-05],
       [ 4.92868686e-05],
       [-1.73939004e-06],
       [-9.20367090e-05],
       [-1.43752043e-03],
       [-2.88711875e-10]]), 'outputs': array([[6.85821892e-03],
       [9.92954677e-01],
       [1.31973050e-03],
       [9.64015527e-03],
       [3.86696904e-02],
       [1.69916680e-05]]), 'errors': array([[-6.85821892e-03],
       [ 7.04532287e-03],
       [-1.31973050e-03],
       [-9.64015527e-03],
       [-3.86696904e-02],
       [-1.69916680e-05]])}]
Accuracy: 47.72727272727273 %

train_data group 4 length:  171
   0   1   2   3   4   5   6   7   8  ...  36  37  38  39  40  41  42  43  44
0   0   1   0   0   0   0   0   1   0 ...   0   0   0   1   0   0   0   0   0
1   0   1   0   0   0   0   1   0   0 ...   0   0   0   0   1   0   0   0   0
2   0   0   1   0   0   0   0   1   0 ...   0   0   0   1   0   0   0   0   0
3   0   1   0   0   0   0   0   1   0 ...   0   0   0   1   0   0   0   0   0
4   0   0   1   0   0   0   1   0   0 ...   0   0   0   0   1   0   0   0   0

[5 rows x 45 columns]
Initial Neural Network:
[{'weights': array([[-0.002, -0.007,  0.008,  0.007,  0.003, -0.009,  0.007, -0.008,
         0.004, -0.008,  0.004, -0.007, -0.006, -0.003,  0.01 ,  0.005,
        -0.007,  0.01 , -0.005,  0.01 ,  0.01 , -0.007, -0.006, -0.007,
        -0.007,  0.005, -0.003,  0.007, -0.007,  0.007, -0.008, -0.004,
         0.006, -0.004,  0.   , -0.004,  0.002,  0.007, -0.003, -0.005,
        -0.005,  0.   ,  0.006, -0.004, -0.007],
       [-0.005, -0.01 ,  0.007, -0.004, -0.008, -0.01 ,  0.004, -0.006,
         0.006,  0.005,  0.   , -0.003,  0.001, -0.007,  0.001,  0.01 ,
        -0.004, -0.009,  0.   , -0.002, -0.009,  0.005, -0.009,  0.01 ,
         0.006, -0.003, -0.007,  0.   ,  0.01 , -0.009,  0.007, -0.009,
         0.006,  0.002,  0.006,  0.005, -0.001, -0.009,  0.006,  0.009,
        -0.002, -0.01 ,  0.003,  0.01 , -0.006],
       [-0.007, -0.003,  0.001, -0.004,  0.006, -0.005,  0.008, -0.004,
         0.004,  0.006,  0.009,  0.002, -0.007,  0.004,  0.009, -0.006,
         0.008,  0.001, -0.004,  0.006, -0.007,  0.001, -0.001,  0.009,
         0.008,  0.004,  0.   ,  0.007, -0.003, -0.001,  0.004,  0.006,
        -0.002,  0.009, -0.006,  0.002,  0.005, -0.005,  0.007,  0.01 ,
        -0.006,  0.003, -0.008, -0.002, -0.007],
       [-0.001, -0.005, -0.01 ,  0.003, -0.01 , -0.008,  0.006,  0.009,
        -0.001,  0.003,  0.   , -0.003,  0.004,  0.008, -0.009, -0.003,
         0.007,  0.009,  0.009,  0.009, -0.005, -0.01 ,  0.002, -0.002,
         0.005, -0.002, -0.009,  0.002,  0.002,  0.003, -0.002,  0.007,
         0.006, -0.009,  0.006, -0.006, -0.005, -0.006,  0.002,  0.007,
        -0.008,  0.002,  0.001, -0.008, -0.004],
       [ 0.   , -0.001, -0.008, -0.01 ,  0.01 ,  0.   , -0.006,  0.   ,
         0.009, -0.009, -0.003, -0.01 ,  0.002, -0.001,  0.01 , -0.01 ,
         0.009, -0.007,  0.002,  0.004,  0.003,  0.003,  0.   ,  0.004,
        -0.002, -0.002,  0.006, -0.001,  0.003, -0.01 ,  0.004,  0.005,
        -0.006, -0.002, -0.009, -0.009,  0.001,  0.01 ,  0.006,  0.009,
         0.002,  0.003,  0.008,  0.003, -0.008],
       [ 0.002, -0.005, -0.007,  0.008, -0.007,  0.009,  0.01 ,  0.002,
         0.004,  0.003,  0.004, -0.007, -0.003,  0.01 ,  0.   ,  0.009,
         0.01 , -0.008,  0.008,  0.002, -0.002,  0.003,  0.007, -0.003,
        -0.002,  0.007,  0.008, -0.01 ,  0.001,  0.   , -0.005, -0.003,
        -0.001,  0.002,  0.01 , -0.002, -0.004, -0.008, -0.009, -0.006,
        -0.002,  0.007,  0.002, -0.006, -0.009],
       [-0.002, -0.006, -0.007,  0.004,  0.004,  0.002,  0.007, -0.007,
         0.004, -0.008, -0.002,  0.009, -0.005, -0.005, -0.004, -0.004,
        -0.008,  0.008, -0.003,  0.003,  0.004, -0.002, -0.006, -0.01 ,
         0.   ,  0.004,  0.003,  0.006,  0.007, -0.005,  0.   , -0.008,
         0.002,  0.004, -0.002, -0.009, -0.007,  0.005, -0.001,  0.004,
         0.003,  0.008,  0.008, -0.004,  0.01 ]]), 'deltas': array([[0.],
       [0.],
       [0.],
       [0.],
       [0.],
       [0.],
       [0.]]), 'outputs': array([[0.],
       [0.],
       [0.],
       [0.],
       [0.],
       [0.],
       [0.]]), 'errors': array([[0.],
       [0.],
       [0.],
       [0.],
       [0.],
       [0.],
       [0.]])}, {'weights': array([[ 0.005,  0.   ,  0.007, -0.009,  0.005, -0.01 , -0.01 ],
       [-0.01 ,  0.007, -0.005, -0.008, -0.008, -0.003, -0.005],
       [-0.008,  0.01 ,  0.001, -0.005,  0.001, -0.009, -0.009],
       [ 0.009,  0.01 , -0.004, -0.009, -0.01 , -0.009, -0.009],
       [-0.007,  0.004, -0.006,  0.01 , -0.005,  0.   ,  0.008],
       [ 0.009, -0.003,  0.   , -0.01 ,  0.006,  0.004,  0.001]]), 'deltas': array([[0.],
       [0.],
       [0.],
       [0.],
       [0.],
       [0.],
       [0.]]), 'outputs': array([[0.],
       [0.],
       [0.],
       [0.],
       [0.],
       [0.],
       [0.]]), 'errors': array([[0.],
       [0.],
       [0.],
       [0.],
       [0.],
       [0.],
       [0.]])}]
Training complete!
Training done. epoch: 62 , total error: 0.00872352895847216
[{'weights': array([[ 7.13270115e-02, -7.78200189e-01,  1.83158614e-01,
        -5.96957710e-01,  4.52991005e-01,  1.96959878e-01,
         1.32826142e+00, -1.38992117e+00, -8.05948263e-01,
        -2.00331388e-02, -2.59674157e+00, -1.18979807e+00,
        -1.15262068e+00,  2.54322991e-01,  4.00615605e+00,
         6.74143981e-01,  3.51966819e+00, -3.51284908e+00,
        -1.30747221e+00, -3.71721546e-02,  2.45464832e-01,
        -1.52767597e-01,  7.98514191e-01, -8.36271814e-01,
        -7.48620881e-01,  7.97999749e-01, -4.77281962e-01,
        -1.23866116e+00,  2.43262107e-01, -6.77129956e-01,
         1.31060293e+00, -8.35760239e-01,  1.26715724e-01,
        -6.04109726e-01, -7.69044815e-01,  2.60639921e-01,
        -9.43922128e-01,  5.22234882e-01,  2.55410871e-01,
        -3.48407641e-01, -6.27266556e-01,  5.59057914e-01,
        -2.64064986e-01, -4.00000000e-03, -6.83681269e-01],
       [ 3.67151741e-01, -1.72660118e+00,  5.00507034e-01,
        -6.58049837e-01,  4.04006495e-01,  1.90811790e-01,
         1.36717220e-01, -1.05948717e+00, -4.85912250e-01,
         1.23884659e-01, -1.54684330e+00, -2.86640404e-01,
        -9.82084872e-01,  1.53802208e-01,  1.56078062e+00,
         2.14438342e+00, -1.81571257e+00, -1.32685760e+00,
        -1.03260715e+00,  9.32808149e-01,  2.02946190e-01,
         5.54272194e-01, -1.05204935e+00, -6.31012106e-01,
        -1.64142678e-01, -8.64324521e-01, -1.96847823e-01,
        -4.49601784e-01,  4.17788376e-01,  2.11432659e-01,
        -1.29297905e+00,  7.01815377e-01,  1.81675617e-01,
        -8.97930353e-01, -6.11851961e-01, -6.29415840e-01,
        -8.15107765e-01,  7.13353744e-01,  2.57036070e-01,
         9.45963909e-01,  4.78152630e-01, -4.86891554e-01,
        -2.03021074e+00,  1.00000000e-02, -1.09898575e+00],
       [ 2.23008778e-01, -1.59091910e+00,  4.52033512e-01,
        -6.60602959e-01,  4.27032335e-01,  2.30217301e-01,
         1.81508518e-02, -1.16658704e+00, -3.23981129e-01,
         1.08752580e-01, -1.63615717e+00, -2.44918948e-01,
        -1.05300039e+00,  1.11505794e-01,  1.69712328e+00,
         2.08869185e+00, -1.66535855e+00, -1.31614863e+00,
        -1.05522149e+00,  8.10589392e-01,  1.05797116e-01,
         6.78410030e-01, -1.21665815e+00, -5.07822414e-01,
        -1.92174015e-01, -7.81964870e-01, -2.39539120e-01,
        -4.65608501e-01,  3.52665059e-01,  8.91046113e-02,
        -1.16918552e+00,  6.69736552e-01,  1.47000832e-01,
        -8.63103909e-01, -6.47299290e-01, -5.80800806e-01,
        -8.25876272e-01,  6.50345411e-01,  2.64183525e-01,
         1.09338949e+00,  3.71557859e-01, -5.08902870e-01,
        -2.09949191e+00, -2.00000000e-03, -1.14944743e+00],
       [-1.33683156e+00,  5.00966264e-01, -1.55033975e-01,
        -6.86295893e-01,  5.05281838e-01, -1.88487623e-01,
         6.55994500e-01, -5.41427609e-01, -1.04900136e+00,
        -1.69912375e-02, -2.55481900e+00, -1.73271263e+00,
        -1.00505361e+00,  5.61174641e-01,  3.58249727e+00,
         9.67004827e-01,  2.72716910e+00, -2.97159838e+00,
        -1.45176127e+00, -3.88727613e-01, -1.22916680e-01,
         7.79754675e-01,  1.34048533e+00, -2.31920806e+00,
        -8.37028595e-01,  5.45223700e-01, -7.12512350e-01,
        -1.19534165e+00,  2.06716968e-01, -1.18565066e+00,
         1.34919887e+00, -1.15762663e+00,  4.43004034e-01,
        -5.92838948e-01, -4.22828884e-01, -3.27902084e-01,
        -1.06611701e+00,  3.76451327e-01,  2.82483314e-01,
        -1.30171927e+00, -2.73229682e-01,  1.59680112e-01,
         2.68355507e-01, -8.00000000e-03, -1.15291333e+00],
       [ 4.19478627e-01, -1.69270126e+00,  4.56930760e-01,
        -6.87028516e-01,  4.39428914e-01,  2.15462856e-01,
         1.45034805e-01, -1.05676029e+00, -4.83719652e-01,
         1.19090809e-01, -1.53437769e+00, -2.83825674e-01,
        -9.62084409e-01,  1.16972373e-01,  1.60642392e+00,
         2.10594638e+00, -1.75579515e+00, -1.39457262e+00,
        -1.04844718e+00,  1.03597711e+00,  2.99691393e-01,
         5.94458189e-01, -1.14812378e+00, -6.21829681e-01,
        -1.71087589e-01, -8.77410383e-01, -1.63527658e-01,
        -4.54705530e-01,  4.46752101e-01,  2.67677631e-01,
        -1.24764520e+00,  6.52075317e-01,  1.73221675e-01,
        -9.09220897e-01, -6.29789037e-01, -6.65790338e-01,
        -8.29484364e-01,  8.00979778e-01,  2.68192489e-01,
         1.03017656e+00,  4.56168645e-01, -4.68703593e-01,
        -2.05053308e+00,  3.00000000e-03, -1.06289147e+00],
       [-1.05298431e+00,  8.34984912e-01, -7.83421617e-01,
        -1.58590331e-01,  5.83664441e-01, -1.44938934e-01,
         4.14590807e-01,  7.44181971e-01, -1.68779451e+00,
         1.34613760e-01, -8.56417255e-01, -8.46082540e-01,
        -9.73606833e-01,  3.89895009e-01,  1.72286471e+00,
         3.40642772e-01,  2.00095073e+00, -9.45418250e-02,
        -2.08925057e+00, -7.04148009e-01, -1.66115423e+00,
         2.29566490e+00,  6.75403790e-01, -9.72298146e-01,
        -9.01963228e-01,  1.94405365e+00, -1.21190513e+00,
        -1.58325523e+00,  2.89759804e-01, -7.72682289e-01,
        -1.91395285e+00,  9.94555129e-01,  1.20117936e+00,
        -8.34462515e-02,  1.84852484e+00, -1.34321834e+00,
        -1.43480103e+00,  2.93480559e-01,  5.56670610e-02,
        -1.15670516e+00,  1.93999835e-01,  6.74972991e-02,
         3.28861115e-01, -6.00000000e-03, -5.76346907e-01],
       [-2.00000000e-03, -6.00000000e-03, -7.00000000e-03,
         4.00000000e-03,  4.00000000e-03,  2.00000000e-03,
         7.00000000e-03, -7.00000000e-03,  4.00000000e-03,
        -8.00000000e-03, -2.00000000e-03,  9.00000000e-03,
        -5.00000000e-03, -5.00000000e-03, -4.00000000e-03,
        -4.00000000e-03, -8.00000000e-03,  8.00000000e-03,
        -3.00000000e-03,  3.00000000e-03,  4.00000000e-03,
        -2.00000000e-03, -6.00000000e-03, -1.00000000e-02,
         0.00000000e+00,  4.00000000e-03,  3.00000000e-03,
         6.00000000e-03,  7.00000000e-03, -5.00000000e-03,
         0.00000000e+00, -8.00000000e-03,  2.00000000e-03,
         4.00000000e-03, -2.00000000e-03, -9.00000000e-03,
        -7.00000000e-03,  5.00000000e-03, -1.00000000e-03,
         4.00000000e-03,  3.00000000e-03,  8.00000000e-03,
         8.00000000e-03, -4.00000000e-03,  1.00000000e-02]]), 'deltas': array([[0.00206394],
       [0.01538768],
       [0.01525228],
       [0.00057167],
       [0.01531598],
       [0.00018524],
       [0.        ]]), 'outputs': array([[0.96581298],
       [0.56190985],
       [0.57745224],
       [0.99076941],
       [0.57056766],
       [0.99702778],
       [1.        ]]), 'errors': 0.06250906811466769}, {'weights': array([[ 2.28548102,  1.51057323,  1.50173778,  1.34469099,  1.35501701,
         0.71150303, -4.32836955],
       [-1.79228515, -1.20844723, -1.07258447,  0.18909226, -1.13791506,
         3.4055997 , -2.45120406],
       [ 0.03818862, -0.34571568, -0.32414937,  0.89453569, -0.36160049,
         0.36201283, -3.33193045],
       [-1.21967376,  1.06817729,  0.27878501, -2.1425718 ,  1.74188373,
        -0.30712691, -1.88721035],
       [-1.4697679 , -0.45911437, -0.51774976, -1.38662242, -0.45974801,
         0.98782657, -2.40859228],
       [-2.43381935, -2.57304943, -2.42867011, -2.71951228, -2.74142795,
        -5.9697511 ,  2.35620009]]), 'deltas': array([[ 6.37221259e-03],
       [-4.97671807e-03],
       [-4.23669645e-03],
       [-5.27818874e-04],
       [-4.14132756e-05],
       [-4.59278101e-12]]), 'outputs': array([[9.16622298e-01],
       [7.32820714e-02],
       [6.74009778e-02],
       [2.32460880e-02],
       [6.45618966e-03],
       [2.14307976e-06]]), 'errors': array([[ 8.33777016e-02],
       [-7.32820714e-02],
       [-6.74009778e-02],
       [-2.32460880e-02],
       [-6.45618966e-03],
       [-2.14307976e-06]])}]
Accuracy: 53.48837209302325 %

Feedforward Neural Network AVG Accuracy (%): 50.97402597402597 %
