Namespace(error_threshold=0.01, max_epochs=1000, num_layers=2, num_nodes_per_hidden_layer=6, training_rate=0.1)

train_data group 0 length:  171
   0   1   2   3   4   5   6   7   8  ...  36  37  38  39  40  41  42  43  44
0   0   0   1   0   0   0   1   0   0 ...   0   0   0   1   0   0   0   0   0
1   0   1   0   0   0   0   1   0   0 ...   0   0   0   0   0   1   0   0   0
2   0   0   1   0   0   0   0   1   0 ...   0   0   0   1   0   0   0   0   0
3   0   1   0   0   0   0   1   0   0 ...   0   0   0   0   0   1   0   0   0
4   0   0   1   0   0   0   0   1   0 ...   0   0   0   1   0   0   0   0   0

[5 rows x 45 columns]
Initial Neural Network:
[{'weights': array([[ 0.009,  0.01 , -0.007, -0.001,  0.005,  0.003,  0.003, -0.004,
         0.002, -0.01 , -0.001,  0.   ,  0.002, -0.009, -0.003,  0.007,
         0.003,  0.008, -0.004,  0.004,  0.004,  0.004, -0.003,  0.   ,
        -0.003,  0.01 , -0.007,  0.003, -0.008, -0.009, -0.001, -0.003,
         0.001, -0.005, -0.008,  0.007, -0.008,  0.   ,  0.007,  0.003,
         0.008,  0.009,  0.008,  0.005,  0.006],
       [ 0.001, -0.009, -0.006,  0.001, -0.007,  0.001, -0.01 , -0.01 ,
        -0.005, -0.01 ,  0.006, -0.005, -0.01 , -0.003,  0.001, -0.007,
         0.003, -0.003, -0.005, -0.005, -0.004,  0.001, -0.003, -0.008,
         0.001, -0.001, -0.004,  0.005, -0.005,  0.001,  0.008, -0.003,
        -0.002, -0.005, -0.01 , -0.006, -0.004,  0.004, -0.01 , -0.008,
         0.006,  0.003, -0.01 ,  0.006,  0.006],
       [-0.009, -0.002,  0.   , -0.001, -0.002,  0.003, -0.002,  0.   ,
        -0.006, -0.001,  0.006, -0.001, -0.001, -0.003,  0.001, -0.01 ,
        -0.004,  0.006,  0.009, -0.001,  0.001,  0.004,  0.004, -0.009,
        -0.007,  0.004, -0.001,  0.007,  0.007,  0.001, -0.008, -0.008,
         0.002,  0.01 , -0.01 , -0.005, -0.008, -0.001, -0.003,  0.009,
         0.009,  0.003,  0.   ,  0.   ,  0.005],
       [ 0.009, -0.003, -0.003, -0.005,  0.008,  0.   ,  0.   ,  0.006,
        -0.006,  0.002, -0.004, -0.004, -0.005, -0.009,  0.008,  0.   ,
        -0.009,  0.01 ,  0.009, -0.005, -0.007,  0.006,  0.   ,  0.005,
        -0.003, -0.002,  0.008, -0.007,  0.001,  0.   ,  0.01 , -0.006,
         0.006,  0.009,  0.006, -0.005,  0.01 ,  0.002,  0.004,  0.01 ,
        -0.002,  0.01 , -0.002,  0.   ,  0.006],
       [ 0.006,  0.008,  0.004,  0.003, -0.001, -0.002,  0.004, -0.008,
        -0.002, -0.006,  0.01 ,  0.004, -0.008, -0.009,  0.004, -0.005,
        -0.004,  0.01 , -0.001,  0.003, -0.002, -0.006, -0.005, -0.004,
        -0.002, -0.009,  0.007, -0.001,  0.01 , -0.001, -0.007, -0.01 ,
         0.005,  0.007,  0.007, -0.001, -0.009,  0.004, -0.001,  0.   ,
         0.   ,  0.004, -0.01 ,  0.002, -0.008],
       [-0.001,  0.   ,  0.008,  0.008, -0.01 , -0.01 ,  0.007,  0.002,
        -0.004,  0.   ,  0.009,  0.005,  0.008, -0.005, -0.001,  0.009,
        -0.002,  0.009,  0.008, -0.005, -0.009, -0.009, -0.007,  0.007,
         0.002, -0.005,  0.005, -0.006,  0.005, -0.007, -0.002, -0.001,
         0.   ,  0.006,  0.   ,  0.001, -0.009,  0.004,  0.004,  0.01 ,
        -0.008, -0.008,  0.002, -0.008, -0.01 ],
       [ 0.007,  0.   , -0.003, -0.003,  0.008, -0.001,  0.004, -0.003,
         0.002, -0.004,  0.001, -0.006, -0.008, -0.003, -0.01 , -0.007,
         0.005,  0.01 , -0.003, -0.01 ,  0.   ,  0.004,  0.004, -0.004,
        -0.008,  0.003,  0.001,  0.007, -0.001,  0.003, -0.009,  0.005,
         0.003,  0.005, -0.008, -0.01 , -0.007, -0.009, -0.004, -0.01 ,
         0.007,  0.007,  0.008, -0.004,  0.003]]), 'deltas': array([[0.],
       [0.],
       [0.],
       [0.],
       [0.],
       [0.],
       [0.]]), 'outputs': array([[0.],
       [0.],
       [0.],
       [0.],
       [0.],
       [0.],
       [0.]]), 'errors': array([[0.],
       [0.],
       [0.],
       [0.],
       [0.],
       [0.],
       [0.]])}, {'weights': array([[-0.008,  0.003,  0.005, -0.001,  0.001, -0.006,  0.002],
       [-0.006,  0.003,  0.004,  0.002, -0.007, -0.005,  0.001],
       [ 0.005, -0.003, -0.008,  0.003, -0.008, -0.004, -0.008],
       [-0.007, -0.005, -0.009,  0.009, -0.01 , -0.007, -0.009],
       [ 0.004,  0.01 ,  0.009, -0.01 , -0.003, -0.002, -0.001],
       [-0.003, -0.004, -0.004, -0.009,  0.009,  0.009, -0.002]]), 'deltas': array([[0.],
       [0.],
       [0.],
       [0.],
       [0.],
       [0.],
       [0.]]), 'outputs': array([[0.],
       [0.],
       [0.],
       [0.],
       [0.],
       [0.],
       [0.]]), 'errors': array([[0.],
       [0.],
       [0.],
       [0.],
       [0.],
       [0.],
       [0.]])}]
Training complete!
Training done. epoch: 1000 , total error: 0.1291462441482675
[{'weights': array([[-1.72888253e+00, -1.99295591e+00, -1.48664047e-01,
         1.43119947e+00,  5.47574352e-01, -9.29078196e-01,
         6.26021475e-01, -6.91637656e-01, -9.63986721e-01,
         4.49524400e-02, -1.32922351e+00, -1.00461924e+00,
        -8.12843326e-01, -1.86448906e+00,  3.09244647e+00,
         1.91558912e-01,  1.16312068e+00, -1.53399576e+00,
        -2.35264813e+00,  6.42235643e-01, -1.53213494e+00,
         1.04378601e+00,  1.82355757e+00, -2.60271711e+00,
        -6.38220193e-01,  3.85378985e-01, -1.04363357e+00,
        -1.88170971e+00,  6.30235643e-01, -3.52445491e-01,
         1.55015176e+00, -1.54230601e+00, -2.63060599e+00,
         1.05047707e+00,  7.02528660e-01, -1.51857379e+00,
        -1.78211130e+00,  0.00000000e+00,  6.88427771e-01,
         1.52217969e+00,  2.52834178e+00,  8.77125783e-01,
        -6.44324293e+00, -3.59132983e-01, -1.90172866e+00],
       [ 1.29757973e+00, -2.72875112e+00,  2.30168685e-01,
        -1.88425557e-01,  1.19847399e-01, -1.75004226e+00,
         7.05090106e-01, -2.27521697e+00,  1.79093403e+00,
         2.45654247e-01, -2.39892679e+00, -1.78595150e+00,
        -2.61883794e+00,  5.01722504e+00,  5.25910340e-01,
         1.65813469e+00,  1.99289365e+00, -3.77213904e+00,
        -1.63124216e+00,  4.85772005e-01, -1.73241092e+00,
         2.10504475e+00, -3.33149402e+00,  1.53345607e+00,
         1.62823262e-01, -2.03203581e-01, -7.31119608e-01,
        -8.06029673e-01,  4.85772005e-01,  2.03066433e-02,
        -1.49985757e+00,  1.31926671e+00, -3.72075285e-01,
        -7.18221358e-01,  2.35980096e-01, -6.67504019e-01,
        -1.21701549e+00,  4.00000000e-03,  3.68958555e-01,
        -7.01810023e-02,  1.37840294e+00,  4.66945907e-01,
        -2.92057377e+00, -1.07174939e-01, -1.24358086e+00],
       [-1.30468271e+00, -1.42920291e-03, -2.09477346e+00,
         1.04680294e+00,  1.41652081e+00,  1.29724827e+00,
        -2.22110990e+00,  2.00657044e-01, -3.52552563e-01,
         1.46195519e-01, -2.71354778e+00, -1.92391958e+00,
        -2.64885656e+00,  1.17834776e+00,  5.18641453e+00,
         2.84849096e+00, -3.58925589e+00,  1.91132724e+00,
        -2.76527317e+00,  6.71149240e-01,  8.53221371e-01,
         1.31930997e+00, -2.67907460e+00, -1.17299018e+00,
         7.48971810e-01,  1.29221039e+00, -1.26358704e+00,
        -1.61433421e+00,  6.79149240e-01, -4.42242283e-01,
         7.24216099e-01, -2.87145486e+00,  9.52802509e-01,
         7.10116910e-01,  2.21070777e+00, -2.13713997e+00,
        -2.49657317e+00, -1.00000000e-03,  1.47344375e+00,
         9.84353026e-02,  5.77411388e+00, -2.82181982e+00,
        -3.95094815e+00, -2.34284683e-03, -9.18561627e-01],
       [-1.96907213e+00, -6.84132957e-01, -6.83271188e-02,
         8.58980039e-01, -2.81901964e-02, -1.59449132e+00,
         2.40827897e+00, -2.46899119e+00, -2.83023313e-01,
         4.34844882e-02, -3.32669053e+00, -1.05049479e+00,
        -1.54369041e+00, -1.86960956e-01,  4.19709432e+00,
        -1.12768579e+00,  2.70935221e+00, -2.62095780e+00,
        -1.53854032e+00,  6.86089330e-01, -1.27327843e+00,
         2.40790885e+00,  8.82339200e-02, -2.59461737e+00,
        -5.23989336e-01, -5.31978687e-01, -7.11131089e-01,
        -1.34572191e+00,  6.92089330e-01,  1.34427293e-02,
         8.90885656e-01, -1.59163425e-01, -1.96027386e+00,
        -6.62633458e-01,  4.41876676e-02, -8.03800018e-01,
        -1.50206211e+00,  2.00000000e-03,  3.79932101e-01,
         2.85442540e-01,  1.51081134e+00,  1.75615869e+00,
        -5.29705567e+00, -1.36099262e-01, -1.89074236e+00],
       [-1.45427252e+00,  4.80480231e-01, -3.02870924e+00,
         1.51787800e+00,  1.30099774e+00,  1.45968719e+00,
        -1.21701876e+00, -2.65403043e-01, -1.36658958e+00,
         1.71698406e-01, -2.62414759e+00, -1.98726829e+00,
        -1.53414309e+00,  3.22821411e-01,  4.62011177e+00,
         3.74561178e-01, -2.57168229e+00,  3.03680062e+00,
        -3.01108011e+00,  9.70774809e-01,  1.07334788e+00,
         8.06989584e-01, -2.34680490e+00, -7.33642866e-01,
        -2.25154911e-02,  1.21225223e+00, -1.71168310e+00,
        -1.67496973e+00,  9.77774809e-01, -5.74209885e-01,
        -1.13994578e+00, -1.54545518e+00,  9.11576026e-01,
         1.13840902e+00,  2.54190182e+00, -2.13606256e+00,
        -2.67020647e+00,  4.00000000e-03,  1.05674142e+00,
         1.06818844e+00,  6.40498865e+00, -3.10295458e+00,
        -5.76491876e+00,  1.87070467e-01, -1.21162579e+00],
       [-7.40094799e-01,  3.39289589e-01, -7.74357354e-01,
        -6.57557093e-01,  9.23508981e-01, -1.69048801e+00,
        -8.25636325e-01,  1.30934176e+00,  2.84095419e-01,
         3.47648124e-03, -4.83567785e-01, -1.07920651e+00,
        -3.10696011e+00,  7.81126167e-02,  3.69341111e+00,
        -3.72882936e+00,  2.91969990e+00,  1.22015108e+00,
        -2.00144178e+00,  6.95209492e-01, -8.52379315e-01,
         2.25026249e+00, -2.16547100e+00, -7.22339594e-01,
         5.59716751e-01,  1.30440985e+00, -1.24849887e+00,
        -1.67633114e+00,  7.05209492e-01, -5.56812898e-01,
        -2.35008369e+00,  2.33890099e+00, -1.97233203e-02,
        -3.30491755e-01,  7.62852189e-01, -1.30165277e+00,
        -1.51111990e+00,  4.00000000e-03,  1.13170980e+00,
        -2.82728568e+00,  4.27651071e+00,  2.68211265e+00,
        -5.15549687e+00,  9.79485169e-02, -9.24210675e-01],
       [ 7.00000000e-03,  0.00000000e+00, -3.00000000e-03,
        -3.00000000e-03,  8.00000000e-03, -1.00000000e-03,
         4.00000000e-03, -3.00000000e-03,  2.00000000e-03,
        -4.00000000e-03,  1.00000000e-03, -6.00000000e-03,
        -8.00000000e-03, -3.00000000e-03, -1.00000000e-02,
        -7.00000000e-03,  5.00000000e-03,  1.00000000e-02,
        -3.00000000e-03, -1.00000000e-02,  0.00000000e+00,
         4.00000000e-03,  4.00000000e-03, -4.00000000e-03,
        -8.00000000e-03,  3.00000000e-03,  1.00000000e-03,
         7.00000000e-03, -1.00000000e-03,  3.00000000e-03,
        -9.00000000e-03,  5.00000000e-03,  3.00000000e-03,
         5.00000000e-03, -8.00000000e-03, -1.00000000e-02,
        -7.00000000e-03, -9.00000000e-03, -4.00000000e-03,
        -1.00000000e-02,  7.00000000e-03,  7.00000000e-03,
         8.00000000e-03, -4.00000000e-03,  3.00000000e-03]]), 'deltas': array([[1.16680517e-03],
       [8.34723370e-02],
       [7.00138647e-06],
       [4.82866829e-02],
       [2.49905002e-03],
       [6.01954040e-02],
       [0.00000000e+00]]), 'outputs': array([[0.99681093],
       [0.34971919],
       [0.99998092],
       [0.84415934],
       [0.99314448],
       [0.20674071],
       [1.        ]]), 'errors': 0.367047415726283}, {'weights': array([[ 0.85622846,  3.7838437 ,  1.85364786,  5.47209189, -0.41408947,
        -0.75978344, -6.8607875 ],
       [ 0.43557168, -1.20293246,  0.0305991 , -0.29978983,  0.45874869,
         0.75255773, -0.87626308],
       [ 2.25692883, -1.48921896,  4.66559828, -0.02498388, -3.96882892,
        -1.94277202, -3.30538595],
       [ 1.49228302,  0.33471226, -7.71367221, -3.72848197,  5.62380758,
        -1.59753045, -1.58168213],
       [-0.33378535, -1.74016117, -1.17902543, -2.73884384,  0.48236515,
         1.25359634, -2.06743215],
       [-6.74151967, -3.70926875, -4.79095822, -4.07459847, -7.98903471,
        -6.04932154,  2.54360103]]), 'deltas': array([[ 4.11455001e-02],
       [-9.42467088e-02],
       [-3.82046469e-02],
       [-1.39865846e-05],
       [-9.80666757e-06],
       [-1.31480724e-20]]), 'outputs': array([[7.68632847e-01],
       [3.94539095e-01],
       [2.21532740e-01],
       [3.74689043e-03],
       [3.13648255e-03],
       [1.14665045e-10]]), 'errors': array([[ 2.31367153e-01],
       [-3.94539095e-01],
       [-2.21532740e-01],
       [-3.74689043e-03],
       [-3.13648255e-03],
       [-1.14665045e-10]])}]
neural_net output [0.00518022 0.38854413 0.1399342  0.10771173 0.0652208  0.00370731]
target: 0 prediction: 1
neural_net output [8.82819817e-01 4.31255382e-01 2.66743631e-02 1.36321835e-03
 4.28656775e-03 1.28752735e-12]
target: 0 prediction: 0
neural_net output [7.89155305e-01 3.79547907e-01 2.10210073e-01 3.62636270e-03
 3.02004365e-03 9.79405478e-11]
target: 0 prediction: 0
neural_net output [0.00518022 0.38854413 0.1399342  0.10771173 0.0652208  0.00370731]
target: 0 prediction: 1
neural_net output [9.54900564e-01 3.88829666e-01 3.08101147e-02 7.59649332e-04
 2.63998095e-03 1.15556643e-13]
target: 0 prediction: 0
neural_net output [0.08242564 0.23925476 0.00789965 0.00781211 0.02614895 0.00078051]
target: 0 prediction: 1
neural_net output [0.00823183 0.18277317 0.01691009 0.18331411 0.04638201 0.62697039]
target: 0 prediction: 5
neural_net output [0.55868735 0.11695658 0.00510436 0.04976817 0.00478544 0.00102584]
target: 0 prediction: 0
neural_net output [0.00518022 0.38854413 0.1399342  0.10771173 0.0652208  0.00370731]
target: 0 prediction: 1
neural_net output [4.38126578e-01 5.01032210e-01 5.89321251e-02 1.63490367e-02
 8.40329254e-03 1.75021542e-09]
target: 0 prediction: 1
neural_net output [4.38126578e-01 5.01032210e-01 5.89321251e-02 1.63490367e-02
 8.40329254e-03 1.75021542e-09]
target: 0 prediction: 1
neural_net output [8.82819817e-01 4.31255382e-01 2.66743631e-02 1.36321835e-03
 4.28656775e-03 1.28752735e-12]
target: 0 prediction: 0
neural_net output [5.15105463e-01 2.63066450e-01 1.33199895e-01 2.55100114e-02
 4.59080022e-03 1.37582256e-04]
target: 0 prediction: 0
neural_net output [7.58235135e-03 4.25230013e-01 8.22579056e-02 6.98988730e-02
 4.85174848e-02 8.74198259e-06]
target: 0 prediction: 1
neural_net output [5.15105463e-01 2.63066450e-01 1.33199895e-01 2.55100114e-02
 4.59080022e-03 1.37582256e-04]
target: 1 prediction: 0
neural_net output [4.38126578e-01 5.01032210e-01 5.89321251e-02 1.63490367e-02
 8.40329254e-03 1.75021542e-09]
target: 1 prediction: 1
neural_net output [5.94505135e-03 4.10970914e-01 9.45396805e-02 3.35665163e-02
 5.25830071e-02 9.84387044e-06]
target: 1 prediction: 1
neural_net output [2.14970542e-03 5.91684316e-01 1.08085783e-02 5.21230211e-03
 1.78162385e-01 7.37870693e-08]
target: 1 prediction: 1
neural_net output [5.49642149e-01 6.18151275e-01 8.69827859e-02 5.63197318e-04
 9.88197301e-03 1.65680193e-12]
target: 1 prediction: 1
neural_net output [5.49642149e-01 6.18151275e-01 8.69827859e-02 5.63197318e-04
 9.88197301e-03 1.65680193e-12]
target: 1 prediction: 1
neural_net output [1.89340869e-03 5.79011881e-01 4.85950288e-03 1.52120850e-01
 2.04240163e-01 2.35073041e-07]
target: 1 prediction: 1
neural_net output [3.35637072e-03 4.05521908e-01 3.99536222e-02 5.25860624e-02
 7.31164448e-02 8.68734109e-05]
target: 1 prediction: 1
neural_net output [7.58235135e-03 4.25230013e-01 8.22579056e-02 6.98988730e-02
 4.85174848e-02 8.74198259e-06]
target: 1 prediction: 1
neural_net output [5.15105463e-01 2.63066450e-01 1.33199895e-01 2.55100114e-02
 4.59080022e-03 1.37582256e-04]
target: 1 prediction: 0
neural_net output [4.62549045e-01 5.64170777e-01 4.24584526e-02 5.66234330e-04
 1.16644467e-02 9.64563879e-12]
target: 1 prediction: 1
neural_net output [0.00106315 0.29435089 0.0364204  0.16307192 0.11142661 0.92230567]
target: 1 prediction: 5
neural_net output [7.22664007e-01 1.71134604e-01 1.41291411e-03 2.50246419e-03
 6.80217699e-03 1.92797248e-05]
target: 1 prediction: 0
neural_net output [5.15105463e-01 2.63066450e-01 1.33199895e-01 2.55100114e-02
 4.59080022e-03 1.37582256e-04]
target: 1 prediction: 0
neural_net output [2.33525624e-01 5.07577022e-01 4.74352552e-02 4.06667531e-03
 1.90996865e-02 2.87286135e-07]
target: 1 prediction: 1
neural_net output [2.84532290e-03 5.48520336e-01 1.84876576e-02 7.90130529e-03
 1.33263292e-01 2.25084229e-07]
target: 2 prediction: 1
neural_net output [5.15105463e-01 2.63066450e-01 1.33199895e-01 2.55100114e-02
 4.59080022e-03 1.37582256e-04]
target: 2 prediction: 0
neural_net output [5.15105463e-01 2.63066450e-01 1.33199895e-01 2.55100114e-02
 4.59080022e-03 1.37582256e-04]
target: 2 prediction: 0
neural_net output [0.03956209 0.21650971 0.0013755  0.03139778 0.0527655  0.0004252 ]
target: 3 prediction: 1
neural_net output [5.25952678e-04 4.67367669e-01 7.34020379e-04 8.28154624e-01
 2.59708859e-01 1.25870927e-03]
target: 3 prediction: 3
neural_net output [0.00105965 0.29647938 0.03345598 0.18250914 0.11225838 0.90660793]
target: 3 prediction: 5
neural_net output [5.13054870e-04 4.82235123e-01 1.07245231e-03 5.90887452e-01
 2.81031266e-01 1.33331253e-03]
target: 4 prediction: 3
neural_net output [2.56074623e-03 4.15595286e-01 2.78913488e-02 3.69135926e-01
 8.40889137e-02 1.41145163e-04]
target: 4 prediction: 1
neural_net output [0.0010696  0.29578626 0.03688868 0.17004983 0.11140435 0.91547525]
target: 5 prediction: 5
neural_net output [0.00123179 0.31107362 0.0526184  0.20839945 0.10615084 0.78117644]
target: 5 prediction: 5
neural_net output [0.00110283 0.30100755 0.03438327 0.16405315 0.11094426 0.86238397]
target: 5 prediction: 5
neural_net output [0.0010696  0.29578626 0.03688868 0.17004983 0.11140435 0.91547525]
target: 5 prediction: 5
neural_net output [0.0009148  0.36241848 0.00487079 0.70908426 0.14164624 0.05984382]
target: 5 prediction: 3
neural_net output [0.00110283 0.30100755 0.03438327 0.16405315 0.11094426 0.86238397]
target: 5 prediction: 5
Accuracy: 51.162790697674424 %

train_data group 1 length:  172
   0   1   2   3   4   5   6   7   8  ...  36  37  38  39  40  41  42  43  44
0   0   1   0   0   0   0   0   1   0 ...   0   0   0   1   0   0   0   0   0
1   0   1   0   0   0   0   1   0   0 ...   0   0   0   0   1   0   0   0   0
2   0   0   1   0   0   0   0   1   0 ...   0   0   0   1   0   0   0   0   0
3   0   1   0   0   0   0   0   1   0 ...   0   0   0   1   0   0   0   0   0
4   0   0   1   0   0   0   1   0   0 ...   0   0   0   0   1   0   0   0   0

[5 rows x 45 columns]
Initial Neural Network:
[{'weights': array([[-0.003, -0.008,  0.002,  0.007,  0.004, -0.002, -0.01 ,  0.009,
        -0.007,  0.002,  0.   , -0.003,  0.006,  0.01 , -0.007,  0.004,
         0.002,  0.01 , -0.007,  0.   ,  0.002,  0.002,  0.003,  0.004,
        -0.001, -0.007, -0.008, -0.009, -0.005, -0.002,  0.001, -0.008,
        -0.005, -0.004,  0.002,  0.007, -0.005,  0.007,  0.005, -0.003,
         0.007, -0.008,  0.   ,  0.01 , -0.005],
       [ 0.01 ,  0.   , -0.01 ,  0.003, -0.004,  0.007, -0.003,  0.   ,
         0.009,  0.001,  0.003,  0.01 , -0.006, -0.008,  0.006,  0.003,
         0.005,  0.001,  0.007,  0.005,  0.007,  0.004,  0.007,  0.009,
        -0.005, -0.001, -0.004,  0.01 ,  0.003,  0.008,  0.002, -0.003,
        -0.008,  0.   , -0.002,  0.006,  0.009, -0.002,  0.008,  0.   ,
        -0.004,  0.007,  0.005, -0.004, -0.001],
       [ 0.007,  0.001, -0.005,  0.004, -0.004,  0.005,  0.   ,  0.007,
         0.   , -0.006,  0.003, -0.002, -0.01 , -0.005, -0.01 , -0.009,
         0.   , -0.007, -0.004, -0.005,  0.004, -0.009,  0.007, -0.005,
        -0.004,  0.007, -0.005, -0.006, -0.004,  0.009,  0.006,  0.007,
        -0.008, -0.005, -0.002, -0.006,  0.   ,  0.007,  0.002, -0.01 ,
        -0.004,  0.01 ,  0.005,  0.001, -0.002],
       [-0.003, -0.004, -0.005,  0.005, -0.001,  0.   ,  0.002, -0.007,
        -0.002, -0.008, -0.001,  0.   , -0.005,  0.   ,  0.   , -0.008,
        -0.01 ,  0.002,  0.004, -0.007, -0.01 , -0.008, -0.001, -0.001,
         0.006,  0.001, -0.008, -0.006,  0.007,  0.005,  0.006,  0.01 ,
         0.003,  0.008,  0.003, -0.007,  0.005,  0.004,  0.008,  0.005,
         0.009,  0.003, -0.01 , -0.01 , -0.003],
       [ 0.005, -0.002, -0.007, -0.007,  0.004, -0.005, -0.003, -0.004,
         0.   ,  0.01 , -0.01 , -0.002, -0.007, -0.006, -0.004, -0.003,
         0.008, -0.007,  0.006,  0.006, -0.003,  0.003,  0.   , -0.007,
        -0.002,  0.003,  0.009, -0.008,  0.001, -0.006, -0.002, -0.004,
        -0.009, -0.009, -0.009,  0.003, -0.006, -0.001, -0.01 ,  0.005,
         0.003,  0.   , -0.004,  0.006, -0.009],
       [ 0.004,  0.001,  0.009,  0.008,  0.003,  0.001,  0.01 , -0.009,
        -0.008, -0.01 ,  0.006,  0.006, -0.006, -0.01 ,  0.008, -0.002,
        -0.003, -0.005,  0.004, -0.007, -0.002,  0.009, -0.008, -0.01 ,
         0.001,  0.004,  0.002,  0.009, -0.005, -0.003,  0.   ,  0.009,
         0.006, -0.007, -0.01 , -0.01 ,  0.006,  0.003, -0.001,  0.   ,
         0.004,  0.   , -0.009,  0.009,  0.001],
       [-0.004,  0.01 , -0.005,  0.006,  0.01 ,  0.007,  0.01 , -0.001,
        -0.01 , -0.009, -0.004, -0.007, -0.01 ,  0.005, -0.01 ,  0.008,
         0.002, -0.005, -0.004,  0.005,  0.009, -0.008,  0.01 ,  0.01 ,
        -0.004,  0.007,  0.006, -0.005,  0.   ,  0.006,  0.009,  0.008,
         0.003,  0.004, -0.007,  0.   , -0.002,  0.004,  0.003,  0.003,
        -0.001,  0.   ,  0.001,  0.009,  0.005]]), 'deltas': array([[0.],
       [0.],
       [0.],
       [0.],
       [0.],
       [0.],
       [0.]]), 'outputs': array([[0.],
       [0.],
       [0.],
       [0.],
       [0.],
       [0.],
       [0.]]), 'errors': array([[0.],
       [0.],
       [0.],
       [0.],
       [0.],
       [0.],
       [0.]])}, {'weights': array([[ 0.007,  0.002,  0.004,  0.009, -0.008,  0.003, -0.002],
       [ 0.003, -0.005, -0.008,  0.007,  0.001,  0.005,  0.001],
       [-0.005, -0.01 ,  0.004, -0.008,  0.   , -0.004, -0.002],
       [-0.003, -0.008, -0.007,  0.004, -0.005,  0.001, -0.005],
       [ 0.01 , -0.007, -0.009, -0.005,  0.007,  0.005,  0.   ],
       [-0.007, -0.001,  0.002,  0.002, -0.001,  0.008,  0.006]]), 'deltas': array([[0.],
       [0.],
       [0.],
       [0.],
       [0.],
       [0.],
       [0.]]), 'outputs': array([[0.],
       [0.],
       [0.],
       [0.],
       [0.],
       [0.],
       [0.]]), 'errors': array([[0.],
       [0.],
       [0.],
       [0.],
       [0.],
       [0.],
       [0.]])}]
Training complete!
Training done. epoch: 223 , total error: 0.00977271515560251
[{'weights': array([[-4.48031089e-01,  8.97976787e-01, -2.01218445e+00,
         9.62769038e-01,  4.10957231e-01,  7.33634882e-01,
        -6.35606380e-02,  4.64908276e-02, -9.17077552e-01,
         2.00000000e-03, -2.11775577e+00,  4.40823250e-01,
        -6.98677346e-01,  6.87986265e-01,  1.50311112e+00,
         6.58081457e-01,  3.10941287e-01, -4.91934381e-01,
        -1.30632076e+00,  6.47719919e-01, -2.94674398e-01,
         8.91985486e-01, -9.63805736e-01,  1.32575797e-01,
         5.34063708e-02,  1.53455473e+00, -4.80370968e-01,
        -1.09944431e+00, -1.74251930e-01,  6.37893950e-02,
        -1.99122385e+00, -1.88026862e-01,  1.14367838e+00,
         7.63270458e-01,  1.14821664e+00, -1.50783906e+00,
        -7.17649262e-01,  1.00548349e+00, -1.02724286e-01,
         3.44292210e-01, -1.14769959e+00,  7.76572896e-01,
        -2.53790997e-01,  9.61130034e-02, -1.95512481e-01],
       [-3.66568908e-01,  2.01580552e-02, -1.93799199e+00,
         1.36505705e+00,  4.10593400e-01,  1.03579831e+00,
        -1.02124590e-01, -5.46586995e-01, -8.81839114e-01,
         1.00000000e-03, -1.30208185e+00,  4.96913320e-01,
        -1.08096502e+00,  2.51280507e-01,  1.13210065e+00,
        -8.45302172e-01, -6.55803456e-01,  1.42203916e+00,
        -1.00581879e+00,  5.98132867e-01,  6.62252013e-01,
        -4.90292022e-01, -1.21550293e-01, -3.28573948e-01,
        -2.07588141e-01,  9.61469536e-01, -5.10956517e-01,
        -7.80499284e-01, -1.69766125e-01,  1.92858257e-01,
        -1.46956939e+00, -1.86628620e+00,  1.37540258e+00,
         1.25884237e+00,  7.82772093e-01, -1.51771197e+00,
        -5.90717292e-01,  9.39389422e-01, -1.02484645e-01,
        -9.52658975e-01, -5.09876241e-01,  4.10956000e-01,
         4.68831017e-01,  7.89958098e-02, -5.08752390e-01],
       [-3.20197314e-01,  4.97159347e-01, -1.85054049e+00,
         1.09747154e+00,  3.84215539e-01,  7.90347846e-01,
         6.76771821e-01, -4.42203378e-01, -1.20780766e+00,
        -6.00000000e-03, -1.27198744e+00,  6.87918448e-01,
        -9.19559991e-01,  3.76853648e-01,  9.07883962e-01,
        -3.80628546e-01,  5.50095052e-01,  1.62271963e-01,
        -1.17382714e+00,  6.22197295e-01, -1.96922406e-01,
        -7.66861392e-01, -1.12299953e-01,  5.26881684e-01,
         3.47310692e-01,  1.50300883e+00, -5.30238706e-01,
        -1.00154225e+00, -1.74119250e-01,  8.10402780e-02,
        -2.67387203e+00,  4.40645234e-01,  1.09878916e+00,
         8.67505979e-01,  1.20726938e+00, -1.58015848e+00,
        -6.60049031e-01,  9.84319857e-01, -1.45273102e-01,
        -6.80788398e-02, -1.07257101e+00,  7.02618042e-01,
         1.54307005e-01,  9.08334304e-02, -1.96891375e-01],
       [-5.62412807e-01,  1.14417584e-01, -1.93061380e+00,
         1.36319965e+00,  4.28113020e-01,  9.87836541e-01,
        -2.79888633e-01, -5.32663207e-01, -7.61581058e-01,
        -8.00000000e-03, -1.24074414e+00,  5.78888522e-01,
        -1.24450192e+00,  2.27725623e-01,  1.09333555e+00,
        -8.00524363e-01, -6.81044649e-01,  1.46389111e+00,
        -1.01728644e+00,  4.36667977e-01,  4.92371319e-01,
        -5.25360701e-01,  7.59193067e-02, -5.38766244e-01,
        -9.74600378e-02,  9.80139833e-01, -6.13772300e-01,
        -7.93088374e-01, -1.58575516e-01,  8.86173751e-02,
        -1.53028633e+00, -1.71385351e+00,  1.33102055e+00,
         1.27720555e+00,  9.17994992e-01, -1.58334041e+00,
        -5.87769477e-01,  7.86718177e-01, -9.98996399e-02,
        -1.09254347e+00, -4.37888339e-01,  4.09751662e-01,
         4.52331051e-01,  8.60527413e-02, -5.82296357e-01],
       [-4.22701782e-01,  9.35802750e-01, -2.19118054e+00,
         1.01508064e+00,  4.02760281e-01,  7.42522725e-01,
        -1.40364239e-01,  6.37817654e-02, -9.31178898e-01,
         1.00000000e-02, -1.96954785e+00,  5.17193369e-01,
        -7.81098011e-01,  6.52732253e-01,  1.29848160e+00,
         1.52184062e-01,  5.77095529e-01, -3.90245745e-01,
        -1.25867670e+00,  6.76404212e-01, -1.48338176e-01,
         5.45642129e-01, -9.72301507e-01,  1.27520300e-01,
         1.85238608e-01,  1.49151231e+00, -4.61203685e-01,
        -1.10874869e+00, -1.69798583e-01,  8.95570395e-02,
        -1.95709642e+00, -3.78585900e-01,  1.15358084e+00,
         8.09305791e-01,  1.02077281e+00, -1.49162260e+00,
        -7.04321475e-01,  1.01930440e+00, -1.20371773e-01,
         3.54503136e-01, -1.24807047e+00,  7.61289757e-01,
        -1.95094759e-01,  8.41336894e-02, -2.62238647e-01],
       [-4.44021400e-01, -5.38049527e-03, -1.82074707e+00,
         1.35095448e+00,  4.22087529e-01,  1.00954061e+00,
        -2.70276115e-01, -3.81142753e-01, -8.86228701e-01,
        -1.00000000e-02, -1.26812185e+00,  6.62494249e-01,
        -1.16309012e+00,  2.34335008e-01,  1.01627576e+00,
        -7.62010315e-01, -4.09734424e-01,  1.11993782e+00,
        -1.02283798e+00,  5.39537947e-01,  5.55244414e-01,
        -4.71002271e-01, -9.84384373e-02, -4.45797975e-01,
        -7.21126844e-02,  9.89901590e-01, -5.28652347e-01,
        -7.98408856e-01, -1.74947341e-01,  1.57943514e-01,
        -1.74859931e+00, -1.47281698e+00,  1.33431583e+00,
         1.21204999e+00,  7.84327232e-01, -1.50160278e+00,
        -6.05563567e-01,  8.96034323e-01, -1.07302160e-01,
        -9.37830847e-01, -5.41448881e-01,  4.06366920e-01,
         4.56990149e-01,  9.78157060e-02, -5.21106954e-01],
       [-4.00000000e-03,  1.00000000e-02, -5.00000000e-03,
         6.00000000e-03,  1.00000000e-02,  7.00000000e-03,
         1.00000000e-02, -1.00000000e-03, -1.00000000e-02,
        -9.00000000e-03, -4.00000000e-03, -7.00000000e-03,
        -1.00000000e-02,  5.00000000e-03, -1.00000000e-02,
         8.00000000e-03,  2.00000000e-03, -5.00000000e-03,
        -4.00000000e-03,  5.00000000e-03,  9.00000000e-03,
        -8.00000000e-03,  1.00000000e-02,  1.00000000e-02,
        -4.00000000e-03,  7.00000000e-03,  6.00000000e-03,
        -5.00000000e-03,  0.00000000e+00,  6.00000000e-03,
         9.00000000e-03,  8.00000000e-03,  3.00000000e-03,
         4.00000000e-03, -7.00000000e-03,  0.00000000e+00,
        -2.00000000e-03,  4.00000000e-03,  3.00000000e-03,
         3.00000000e-03, -1.00000000e-03,  0.00000000e+00,
         1.00000000e-03,  9.00000000e-03,  5.00000000e-03]]), 'deltas': array([[0.00400659],
       [0.0052882 ],
       [0.00067013],
       [0.00609485],
       [0.00319874],
       [0.00535701],
       [0.        ]]), 'outputs': array([[0.90627717],
       [0.8713373 ],
       [0.98558567],
       [0.8475493 ],
       [0.92683435],
       [0.86936789],
       [1.        ]]), 'errors': 0.04717033067076655}, {'weights': array([[ 1.93999123, -0.95158991, -0.30904419, -1.34410539,  1.26547564,
        -0.62559756, -2.20222402],
       [ 0.90164215,  1.57027163,  1.18104415,  1.91088382,  1.00972489,
         1.24152349, -3.91829777],
       [ 0.74060908, -0.45155161, -0.39540875, -0.43978801,  0.47617683,
        -0.34254413, -2.67371261],
       [-0.69553641, -0.06177354,  0.36654383, -0.08912682, -0.61425063,
        -0.05377482, -1.86050783],
       [-0.12975027, -0.61259593, -0.15077523, -0.4816196 , -0.22702709,
        -0.49517183, -2.38005206],
       [-3.42803745, -2.64583469, -3.16766215, -2.68363301, -3.22598353,
        -2.75041504,  3.0961768 ]]), 'deltas': array([[-1.09354768e-02],
       [ 1.89924152e-03],
       [-2.08886508e-03],
       [-2.70743956e-03],
       [-2.03186186e-04],
       [-4.23701213e-12]]), 'outputs': array([[1.10903271e-01],
       [9.55414443e-01],
       [4.68129630e-02],
       [5.34829260e-02],
       [1.43577848e-02],
       [2.05840250e-06]]), 'errors': array([[-1.10903271e-01],
       [ 4.45855570e-02],
       [-4.68129630e-02],
       [-5.34829260e-02],
       [-1.43577848e-02],
       [-2.05840250e-06]])}]
Accuracy: 47.61904761904761 %

train_data group 2 length:  172
   0   1   2   3   4   5   6   7   8  ...  36  37  38  39  40  41  42  43  44
0   0   1   0   0   0   0   0   1   0 ...   0   0   0   1   0   0   0   0   0
1   0   1   0   0   0   0   1   0   0 ...   0   0   0   0   1   0   0   0   0
2   0   0   1   0   0   0   0   1   0 ...   0   0   0   1   0   0   0   0   0
3   0   1   0   0   0   0   0   1   0 ...   0   0   0   1   0   0   0   0   0
4   0   0   1   0   0   0   1   0   0 ...   0   0   0   0   1   0   0   0   0

[5 rows x 45 columns]
Initial Neural Network:
[{'weights': array([[ 0.006, -0.003,  0.003,  0.001,  0.002,  0.007,  0.009, -0.009,
        -0.004,  0.01 ,  0.002, -0.005,  0.003, -0.007, -0.01 , -0.004,
        -0.004,  0.006, -0.001,  0.003,  0.001,  0.002,  0.006, -0.006,
        -0.005,  0.01 ,  0.004,  0.01 , -0.003, -0.006, -0.005,  0.008,
         0.006,  0.001,  0.003,  0.003,  0.006,  0.003, -0.004, -0.006,
         0.005,  0.   ,  0.006, -0.004, -0.01 ],
       [ 0.004, -0.007, -0.007, -0.003, -0.004,  0.006,  0.006, -0.009,
        -0.006, -0.001,  0.001, -0.004,  0.001,  0.003, -0.001,  0.006,
        -0.002,  0.007, -0.005, -0.006, -0.003,  0.002,  0.   , -0.01 ,
         0.01 ,  0.002,  0.008,  0.001, -0.003,  0.002,  0.002, -0.002,
         0.001, -0.001, -0.006, -0.007, -0.01 ,  0.   ,  0.007, -0.008,
         0.004, -0.004, -0.002, -0.01 , -0.002],
       [-0.003, -0.005, -0.007,  0.007, -0.001,  0.004, -0.009,  0.   ,
        -0.006, -0.005, -0.003,  0.002,  0.005,  0.001, -0.009,  0.008,
         0.   , -0.008,  0.007, -0.006,  0.004,  0.001, -0.005, -0.01 ,
         0.006, -0.01 ,  0.005,  0.009, -0.007,  0.004,  0.004,  0.008,
         0.   ,  0.005,  0.002,  0.008,  0.009,  0.005,  0.01 ,  0.006,
        -0.006,  0.009,  0.008,  0.008,  0.003],
       [-0.008,  0.01 ,  0.01 , -0.006, -0.004,  0.009,  0.008,  0.   ,
        -0.003,  0.003,  0.01 , -0.003, -0.003, -0.01 , -0.006, -0.007,
         0.009, -0.002, -0.009, -0.006,  0.006,  0.009, -0.01 , -0.005,
        -0.008,  0.004,  0.01 , -0.001,  0.   ,  0.008,  0.008, -0.003,
        -0.004,  0.004, -0.002,  0.009,  0.005,  0.007,  0.   , -0.007,
         0.009, -0.002,  0.003,  0.006, -0.006],
       [ 0.007,  0.002, -0.003, -0.008, -0.01 ,  0.   , -0.008, -0.005,
        -0.006,  0.004,  0.009,  0.006, -0.004, -0.009, -0.008,  0.006,
         0.003, -0.001,  0.002, -0.002,  0.007, -0.01 ,  0.002, -0.009,
        -0.005,  0.007,  0.009,  0.01 , -0.009, -0.002,  0.003,  0.007,
         0.005, -0.007, -0.003, -0.006,  0.007,  0.006,  0.007,  0.   ,
         0.005, -0.001, -0.005, -0.008, -0.002],
       [-0.008, -0.007,  0.004,  0.   ,  0.007,  0.01 , -0.003, -0.01 ,
         0.009, -0.005,  0.006,  0.007, -0.004,  0.01 , -0.003, -0.004,
         0.008, -0.007, -0.002,  0.003,  0.005,  0.003,  0.01 ,  0.003,
         0.001, -0.006, -0.006, -0.007, -0.007, -0.004, -0.009, -0.007,
         0.009,  0.01 , -0.008,  0.009, -0.006,  0.007,  0.01 ,  0.007,
        -0.003, -0.001,  0.   , -0.006, -0.003],
       [ 0.003, -0.01 , -0.007,  0.   ,  0.001,  0.009, -0.006,  0.003,
        -0.004, -0.007,  0.002, -0.004,  0.01 ,  0.003, -0.008, -0.005,
        -0.006, -0.002, -0.01 ,  0.004,  0.009,  0.005,  0.009, -0.003,
        -0.006,  0.006,  0.002,  0.006,  0.004,  0.008, -0.009,  0.001,
         0.01 ,  0.008,  0.01 , -0.002, -0.008, -0.003,  0.004,  0.008,
         0.007,  0.01 ,  0.008,  0.009,  0.009]]), 'deltas': array([[0.],
       [0.],
       [0.],
       [0.],
       [0.],
       [0.],
       [0.]]), 'outputs': array([[0.],
       [0.],
       [0.],
       [0.],
       [0.],
       [0.],
       [0.]]), 'errors': array([[0.],
       [0.],
       [0.],
       [0.],
       [0.],
       [0.],
       [0.]])}, {'weights': array([[ 0.   , -0.004, -0.006, -0.003,  0.003, -0.005,  0.002],
       [-0.009,  0.009,  0.002, -0.002,  0.009, -0.008,  0.008],
       [ 0.007, -0.005, -0.008, -0.005, -0.004,  0.   ,  0.   ],
       [ 0.009,  0.008, -0.004,  0.004, -0.002,  0.009,  0.001],
       [ 0.006, -0.007, -0.001, -0.009,  0.002,  0.007, -0.005],
       [-0.005,  0.004, -0.003, -0.007, -0.006, -0.005,  0.007]]), 'deltas': array([[0.],
       [0.],
       [0.],
       [0.],
       [0.],
       [0.],
       [0.]]), 'outputs': array([[0.],
       [0.],
       [0.],
       [0.],
       [0.],
       [0.],
       [0.]]), 'errors': array([[0.],
       [0.],
       [0.],
       [0.],
       [0.],
       [0.],
       [0.]])}]
Training complete!
Training done. epoch: 740 , total error: 0.007772906620331208
[{'weights': array([[ 4.22327150e-02,  2.38763140e+00, -2.16315387e+00,
        -1.64919450e+00,  6.88422781e-01,  8.91722151e-01,
         5.08703923e-01, -1.13381457e+00, -1.30133159e+00,
         3.44658618e-01, -2.14369477e+00, -2.40079435e+00,
        -1.82632021e+00,  3.09327584e+00,  2.55747201e+00,
         6.72453129e-01, -5.89854380e-01,  1.55414678e+00,
        -2.21564192e+00, -1.24165082e-01, -1.86178552e+00,
         1.91229022e+00, -8.15837579e-01,  9.46417871e-01,
        -8.86146474e-01,  1.57627938e+00, -1.37520194e+00,
        -1.19039972e+00,  3.07260805e-01, -1.44858106e+00,
        -6.40681463e-01, -3.52069456e-01,  1.95495620e+00,
        -2.12685685e-01,  1.31288645e+00, -1.22854739e+00,
        -2.53570829e+00,  8.72751246e-01,  8.86556516e-01,
        -2.19992775e+00,  1.02266662e+00, -1.61124379e-01,
         9.41987884e-01, -3.05663846e-01, -7.13061474e-01],
       [-1.23944997e-01,  3.20228824e+00, -2.72120682e+00,
        -1.76026438e+00,  8.15348306e-01,  1.30943425e+00,
         7.92646457e-01, -1.82960068e+00, -1.18188268e+00,
         3.34623000e-01, -2.25930272e+00, -1.99321854e+00,
        -2.22577422e+00,  3.14632779e+00,  2.76118805e+00,
         1.05901922e+00, -3.79298413e-01,  7.70615162e-01,
        -2.11600567e+00,  9.48900494e-02, -1.35181538e+00,
         2.12345909e+00, -1.08234554e+00,  7.98621192e-01,
        -1.05969901e+00,  1.71238897e+00, -1.30839388e+00,
        -1.38993086e+00,  4.23156113e-01, -1.61213952e+00,
        -3.57721503e-01,  3.39107429e-01,  1.50118439e+00,
        -4.39210447e-01,  9.62633090e-01, -1.16471909e+00,
        -2.35028174e+00,  9.78528186e-01,  9.87059914e-01,
        -2.39320871e+00,  5.63411190e-01, -1.30593543e-01,
         1.51265809e+00, -1.43046675e-01, -5.72779649e-01],
       [ 2.15197771e+00, -2.19383026e+00, -6.69221937e-01,
        -1.14300048e-01,  1.66147665e-01, -7.23533836e-01,
         2.00420890e+00, -1.30890997e+00, -1.01220310e+00,
         3.74211139e-01, -2.79052770e+00, -1.42485784e+00,
        -1.52385216e+00,  4.10230826e+00,  9.82702572e-01,
         3.05982062e+00,  1.19845691e+00, -4.89075051e+00,
        -1.85956438e+00,  1.84281049e+00,  1.09384254e-01,
         1.04622288e+00, -3.25106434e+00,  1.66469888e+00,
        -2.23468556e-01, -1.68855897e-02, -4.56206687e-01,
        -5.96386873e-01,  4.16252276e-01, -1.29936129e-02,
        -1.12092991e-01,  7.32600495e-01, -2.10254650e-01,
        -1.02648612e+00, -2.16768344e+00,  5.55125700e-01,
        -1.21047813e+00,  1.92296785e+00,  2.83841147e-01,
        -9.38862761e-01,  1.88949528e+00, -1.10029266e+00,
        -3.91174762e-01, -8.43919697e-02, -6.47226874e-01],
       [-6.39029215e-03, -5.51794581e-01, -7.80984868e-01,
        -2.98135460e-01,  2.38315126e-01, -3.66945219e-01,
         1.60007944e+00, -1.11948678e+00, -1.84205743e+00,
         3.44419916e-01, -2.37556773e+00, -1.57665848e+00,
        -1.40106480e+00,  2.88366680e+00,  1.05663413e+00,
         2.65638239e+00, -3.82303073e-01, -2.50645761e+00,
        -1.97904369e+00,  7.95431906e-01, -9.81620615e-01,
        -1.39135601e-01, -3.23261061e-01,  4.22520333e-01,
        -3.87493130e-01,  5.98433683e-01, -1.22404131e+00,
        -1.09322521e+00,  3.30842769e-01, -1.88830699e+00,
        -1.63544777e-01,  2.44001499e+00, -2.32177111e+00,
         5.45617809e-01, -1.05644683e-01, -1.74261997e+00,
        -1.71372162e+00,  1.93328829e+00,  2.46707905e-01,
         3.90047881e+00, -8.00920564e-01, -2.45412200e+00,
        -1.90162905e+00, -1.35797268e-01, -1.40699007e+00],
       [ 1.03633338e+00, -8.44124327e-01, -3.11925293e-02,
        -1.34448765e+00,  1.94090894e-01, -9.39136159e-01,
        -2.67004373e-01,  1.15669810e+00, -1.13433027e+00,
         1.91392474e-01, -2.94008359e+00, -1.10840821e+00,
        -1.70592217e+00,  9.33374530e-01,  3.83765921e+00,
        -1.08265677e+00,  3.61250651e+00, -2.30694970e+00,
        -1.71255080e+00,  5.20270529e-01, -1.24709484e+00,
         2.26856954e+00, -4.29274804e-01, -1.24727692e+00,
        -3.37303202e-01,  3.60483923e-01, -8.23132658e-01,
        -8.12180918e-01,  3.14449425e-01, -1.22821245e+00,
         2.25102634e-01,  1.44117391e+00, -9.92986077e-01,
        -4.16458245e-01, -4.54363345e-01, -8.10949987e-01,
        -1.17964929e+00,  1.16604397e+00,  3.12538426e-01,
        -1.90045597e+00,  5.61614698e-01,  1.47778742e-01,
         2.88082332e-01, -8.34000334e-02, -9.79380228e-01],
       [-6.94194046e-01, -8.35519405e-01,  1.27215080e+00,
        -1.38168326e+00,  8.42106970e-01,  3.85188766e-01,
        -4.90182495e-01,  9.57095219e-02, -9.88741143e-01,
         2.05886415e-01, -2.24628303e+00, -2.28253448e+00,
        -2.02797044e+00,  1.13502363e+00,  4.64462539e+00,
        -1.26278720e+00,  1.64310088e+00,  6.12828486e-01,
        -1.75926646e+00, -2.90146452e-02, -1.08548358e+00,
         2.35701439e+00,  1.24321423e+00, -2.60651573e+00,
        -6.79368237e-01,  1.07316256e+00, -1.12286314e+00,
        -1.05252986e+00,  2.83091501e-01, -2.01329888e+00,
         6.99108376e-01, -3.23904398e-01,  1.34518663e+00,
        -5.01230665e-01,  3.92257055e-02, -1.51274830e+00,
        -1.42184502e+00,  9.53784825e-01,  1.16044386e+00,
        -1.49897666e+00, -3.89798503e-01,  8.12662521e-01,
         8.21807677e-01, -5.41833970e-01, -7.96138936e-01],
       [ 3.00000000e-03, -1.00000000e-02, -7.00000000e-03,
         0.00000000e+00,  1.00000000e-03,  9.00000000e-03,
        -6.00000000e-03,  3.00000000e-03, -4.00000000e-03,
        -7.00000000e-03,  2.00000000e-03, -4.00000000e-03,
         1.00000000e-02,  3.00000000e-03, -8.00000000e-03,
        -5.00000000e-03, -6.00000000e-03, -2.00000000e-03,
        -1.00000000e-02,  4.00000000e-03,  9.00000000e-03,
         5.00000000e-03,  9.00000000e-03, -3.00000000e-03,
        -6.00000000e-03,  6.00000000e-03,  2.00000000e-03,
         6.00000000e-03,  4.00000000e-03,  8.00000000e-03,
        -9.00000000e-03,  1.00000000e-03,  1.00000000e-02,
         8.00000000e-03,  1.00000000e-02, -2.00000000e-03,
        -8.00000000e-03, -3.00000000e-03,  4.00000000e-03,
         8.00000000e-03,  7.00000000e-03,  1.00000000e-02,
         8.00000000e-03,  9.00000000e-03,  9.00000000e-03]]), 'deltas': array([[1.53261087e-03],
       [6.23638165e-04],
       [1.18934348e-03],
       [2.03996750e-06],
       [1.42270592e-03],
       [2.45948040e-04],
       [0.00000000e+00]]), 'outputs': array([[0.95731725],
       [0.98308714],
       [0.96721614],
       [0.99994561],
       [0.96050976],
       [0.99339921],
       [1.        ]]), 'errors': 0.0375079746325821}, {'weights': array([[ 0.42236884,  0.68450402,  3.53847507,  2.25770962,  1.59678469,
         2.51022595, -7.28650183],
       [ 1.94797652,  2.09236666, -1.81211182, -1.96609269, -0.99379545,
         0.46647809, -2.07815498],
       [ 0.31717621,  0.43789005, -0.95892008,  0.91888386, -0.81690088,
         1.94959082, -4.42419288],
       [-0.04203833, -3.26412271,  2.85315071, -0.6036917 , -2.60549093,
         2.35663722, -1.8237184 ],
       [ 3.07775331, -2.18070942, -0.84614808, -1.43929526, -1.15792741,
        -1.46072564, -1.76317258],
       [-6.80986596, -5.06120136, -4.81649789, -4.88603956, -3.42053377,
        -5.39056538,  2.7105347 ]]), 'deltas': array([[ 8.37787999e-04],
       [-6.78188503e-03],
       [-4.92388824e-03],
       [-1.85557156e-03],
       [-9.42381002e-06],
       [-3.75800370e-24]]), 'outputs': array([[9.70620642e-01],
       [8.61463511e-02],
       [7.28761143e-02],
       [4.40578238e-02],
       [3.07455255e-03],
       [1.93855712e-12]]), 'errors': array([[ 2.93793583e-02],
       [-8.61463511e-02],
       [-7.28761143e-02],
       [-4.40578238e-02],
       [-3.07455255e-03],
       [-1.93855712e-12]])}]
Accuracy: 57.14285714285714 %

train_data group 3 length:  170
   0   1   2   3   4   5   6   7   8  ...  36  37  38  39  40  41  42  43  44
0   0   1   0   0   0   0   0   1   0 ...   0   0   0   1   0   0   0   0   0
1   0   1   0   0   0   0   1   0   0 ...   0   0   0   0   1   0   0   0   0
2   0   0   1   0   0   0   0   1   0 ...   0   0   0   1   0   0   0   0   0
3   0   1   0   0   0   0   0   1   0 ...   0   0   0   1   0   0   0   0   0
4   0   0   1   0   0   0   1   0   0 ...   0   0   0   0   1   0   0   0   0

[5 rows x 45 columns]
Initial Neural Network:
[{'weights': array([[ 0.01 ,  0.006,  0.007, -0.002,  0.003,  0.003,  0.   , -0.005,
         0.01 , -0.008,  0.006, -0.004,  0.009,  0.001,  0.005,  0.005,
         0.007,  0.009,  0.007,  0.01 , -0.008, -0.001,  0.009,  0.   ,
         0.   ,  0.009,  0.009,  0.003, -0.009,  0.003, -0.001, -0.007,
        -0.009, -0.005,  0.004,  0.002, -0.003, -0.004,  0.001, -0.008,
         0.009, -0.001, -0.007, -0.001, -0.006],
       [ 0.002, -0.01 ,  0.007,  0.   ,  0.002,  0.003,  0.007, -0.01 ,
         0.005,  0.008,  0.009,  0.006,  0.003,  0.005, -0.002, -0.008,
         0.003,  0.003,  0.01 ,  0.006,  0.004, -0.002,  0.009, -0.005,
         0.01 , -0.002,  0.01 , -0.007, -0.01 , -0.001,  0.003,  0.005,
        -0.003, -0.008,  0.006,  0.01 ,  0.008, -0.006,  0.002,  0.005,
        -0.007, -0.001,  0.004,  0.006, -0.002],
       [ 0.008,  0.009, -0.007,  0.004, -0.002, -0.001, -0.009,  0.008,
        -0.002, -0.001, -0.007, -0.007, -0.008,  0.006, -0.009,  0.004,
         0.01 ,  0.   ,  0.005,  0.01 ,  0.009,  0.005, -0.009,  0.008,
         0.008,  0.001, -0.008,  0.009,  0.008,  0.002, -0.006, -0.002,
        -0.003, -0.008,  0.002,  0.001,  0.004,  0.008,  0.003,  0.005,
        -0.009,  0.005,  0.008, -0.01 , -0.002],
       [ 0.01 , -0.008,  0.   ,  0.008,  0.007, -0.001, -0.01 ,  0.003,
        -0.008,  0.003,  0.004,  0.009,  0.008,  0.003,  0.007,  0.003,
        -0.009,  0.005, -0.007, -0.008,  0.009, -0.008, -0.005,  0.002,
         0.007,  0.   ,  0.005, -0.002,  0.   , -0.005,  0.003, -0.007,
        -0.002,  0.01 ,  0.007,  0.002,  0.001, -0.007, -0.003, -0.008,
         0.009, -0.009,  0.002,  0.005, -0.001],
       [-0.01 , -0.005, -0.003, -0.004, -0.004, -0.009,  0.006, -0.002,
        -0.005,  0.006, -0.003,  0.009, -0.009, -0.004,  0.003, -0.01 ,
         0.005,  0.004, -0.006, -0.01 , -0.007, -0.006,  0.004,  0.01 ,
         0.002,  0.001,  0.003, -0.006,  0.005,  0.005, -0.004,  0.006,
        -0.01 ,  0.008, -0.009,  0.009,  0.007,  0.004,  0.004, -0.009,
         0.001, -0.007, -0.006,  0.001,  0.   ],
       [ 0.005, -0.001, -0.008,  0.004, -0.006, -0.006, -0.004, -0.005,
         0.01 , -0.01 ,  0.008,  0.004, -0.009,  0.006, -0.007,  0.004,
         0.004, -0.002, -0.007, -0.004, -0.009, -0.006,  0.007,  0.006,
         0.007,  0.01 , -0.007,  0.   , -0.009, -0.004,  0.008,  0.   ,
         0.006, -0.002,  0.005,  0.   , -0.009,  0.006, -0.01 , -0.009,
         0.006, -0.007,  0.005, -0.007,  0.003],
       [-0.002,  0.01 ,  0.004,  0.01 , -0.002,  0.004,  0.009, -0.008,
         0.002, -0.009,  0.004,  0.004,  0.008, -0.007, -0.01 ,  0.002,
         0.006, -0.009,  0.002, -0.005,  0.01 ,  0.003,  0.002,  0.007,
        -0.004,  0.003, -0.005, -0.003, -0.002,  0.009,  0.01 ,  0.008,
         0.005,  0.01 , -0.006, -0.009,  0.002, -0.002,  0.01 ,  0.007,
        -0.001,  0.007, -0.005, -0.007,  0.001]]), 'deltas': array([[0.],
       [0.],
       [0.],
       [0.],
       [0.],
       [0.],
       [0.]]), 'outputs': array([[0.],
       [0.],
       [0.],
       [0.],
       [0.],
       [0.],
       [0.]]), 'errors': array([[0.],
       [0.],
       [0.],
       [0.],
       [0.],
       [0.],
       [0.]])}, {'weights': array([[-0.001, -0.009, -0.006, -0.004,  0.001,  0.009, -0.01 ],
       [-0.004,  0.006,  0.01 , -0.004,  0.   , -0.008,  0.001],
       [ 0.01 , -0.007,  0.005,  0.001, -0.003, -0.001, -0.009],
       [ 0.002, -0.001, -0.009, -0.006,  0.01 ,  0.009,  0.002],
       [-0.005, -0.01 ,  0.002,  0.003,  0.007,  0.009,  0.   ],
       [ 0.009,  0.004, -0.004, -0.01 ,  0.006, -0.002,  0.004]]), 'deltas': array([[0.],
       [0.],
       [0.],
       [0.],
       [0.],
       [0.],
       [0.]]), 'outputs': array([[0.],
       [0.],
       [0.],
       [0.],
       [0.],
       [0.],
       [0.]]), 'errors': array([[0.],
       [0.],
       [0.],
       [0.],
       [0.],
       [0.],
       [0.]])}]
Training complete!
Training done. epoch: 363 , total error: 0.0012960448283919517
[{'weights': array([[-1.18590231e-01, -2.25648499e+00, -1.37615542e+00,
         2.81237899e+00,  5.40670438e-01,  6.25719219e-01,
        -1.98604477e+00,  2.74261062e+00, -1.21142084e+00,
        -5.93045436e-01, -4.37357371e-01,  5.24958232e-01,
        -5.01660027e-01, -8.52283691e-02,  9.41063260e-02,
        -2.39685700e+00,  1.47004317e+00,  2.16028832e+00,
        -1.46185050e+00, -1.55805187e-01,  1.87153274e-01,
        -5.75819038e-01, -2.80578176e-01, -3.42698802e-01,
         5.89761534e-01, -1.82328221e-01, -8.08229861e-03,
         3.00000000e-03, -2.22770689e-01,  1.24887676e-02,
        -2.40464441e+00, -4.51077270e-01,  9.63793026e-01,
         1.43825867e+00,  5.14227262e-01, -1.48783723e-01,
        -1.37969485e+00,  5.91070106e-01,  1.00000000e-03,
        -8.87411051e-01,  1.58396173e+00, -6.55200930e-03,
        -8.17560857e-02, -1.03842380e+00, -4.28181208e-01],
       [-1.12332831e-01, -1.35413833e+00, -2.21561427e+00,
         2.83378361e+00,  5.17928829e-01,  1.31571259e+00,
         1.92441963e-01, -2.46681315e-01, -1.01751007e+00,
        -5.62336156e-01, -1.59262012e+00, -2.42312611e-01,
        -3.41462266e-01, -8.93640369e-01,  2.75966238e+00,
        -1.42284552e+00, -1.05561635e+00,  3.77695444e+00,
        -1.40600362e+00, -2.09861946e-01,  3.16811337e-01,
        -4.51664915e-01, -9.34294850e-01,  3.85059660e-01,
         3.68715776e-01, -6.08194845e-02,  6.04957043e-03,
        -7.00000000e-03, -2.78603078e-01, -1.03630494e-01,
        -3.24006416e-01, -2.46096560e+00,  1.15777020e+00,
         1.39545931e+00,  6.62683589e-01, -1.54192323e-01,
        -1.39715449e+00,  5.75290232e-01,  2.00000000e-03,
        -8.25360383e-01,  5.26224479e-01,  1.25825612e+00,
         2.50116590e-01, -1.53360980e+00, -3.33372992e-01],
       [ 1.46110407e-02, -1.62720439e+00, -2.21062721e+00,
         2.90572487e+00,  5.13216296e-01,  1.40420986e+00,
         9.44637698e-01, -1.26109863e+00, -8.68743091e-01,
        -6.40285235e-01, -1.73750479e+00, -4.05533700e-01,
        -9.40278578e-01, -6.67923376e-01,  3.30996105e+00,
        -9.54663489e-01, -8.25128915e-01,  3.08309470e+00,
        -1.42225481e+00, -2.68326875e-01,  4.33119437e-01,
        -6.07084809e-01, -6.68386673e-01,  5.08586997e-02,
         3.96213952e-01, -7.73831436e-02,  3.36631202e-03,
         9.00000000e-03, -3.41262562e-01, -1.91497423e-01,
        -6.47743176e-02, -2.76198092e+00,  1.22825701e+00,
         1.35671625e+00,  5.15151219e-01, -1.70900763e-01,
        -1.36254629e+00,  6.17016436e-01,  3.00000000e-03,
         7.67780220e-01, -4.61330769e-01,  7.16787077e-01,
        -3.33942252e-03, -1.43717650e+00, -4.18279394e-01],
       [ 1.52307858e-02, -8.32400330e-01, -1.22233342e+00,
         1.56749156e+00,  3.29417968e-01, -6.81412796e-01,
         2.34245542e+00,  1.47027966e-01, -1.00990865e+00,
        -9.70755377e-01,  5.47613770e-01, -8.24427163e-01,
        -1.27922183e+00,  2.17309524e+00, -7.45653446e-01,
        -2.32455118e-01,  2.10425734e+00,  1.39132933e-01,
        -1.72197890e+00, -4.64549689e-01, -9.72629892e-01,
        -1.81593683e+00,  1.11013036e+00, -4.30224186e-01,
         1.95406710e+00,  1.92961323e-01, -8.97589984e-03,
        -2.00000000e-03, -3.38578859e-01, -5.41852944e-01,
        -2.33850143e+00,  1.08163988e+00,  5.86956856e-01,
         1.05116420e+00,  9.56327436e-01, -3.55812731e-01,
        -1.35786705e+00,  6.00758909e-01, -3.00000000e-03,
        -1.08516296e+00,  3.37756186e+00, -1.20183225e+00,
         4.76591023e-01, -1.72775111e+00, -1.60593435e-01],
       [ 5.76647479e-01, -2.52562740e+00, -8.16744981e-01,
         2.10741876e+00,  3.36819389e-01, -6.30531296e-01,
         1.46417758e+00,  4.95269098e-01, -9.06360470e-01,
        -7.22041676e-01, -7.46008241e-01,  1.37417775e-01,
        -1.70038997e+00,  3.48768528e+00, -1.47819161e+00,
        -1.28949959e+00,  2.57639778e+00,  2.76495416e-01,
        -1.55074992e+00, -3.25130441e-01, -2.77851277e-01,
        -1.43379230e+00,  2.40447244e+00, -2.07045597e+00,
         1.08514034e+00,  6.55117017e-03, -2.29674495e-02,
        -6.00000000e-03, -2.70070481e-01, -2.80410403e-01,
        -1.30137613e+00, -3.04748788e-01,  4.28479478e-01,
         1.16756908e+00,  6.44830164e-01, -2.21004685e-01,
        -1.28990713e+00,  5.81594892e-01,  4.00000000e-03,
        -2.63002182e+00,  3.80987522e+00, -5.84036902e-01,
         8.88641016e-01, -1.79994428e+00, -2.95486760e-01],
       [-4.62489286e-02, -1.20910590e+00, -6.63300690e-01,
         1.10846452e+00,  4.92319450e-01, -4.92436424e-01,
        -7.19950532e-01,  2.58980065e+00, -7.01905299e-01,
        -1.00237994e+00, -1.72882026e+00, -8.31766796e-01,
        -2.62861068e+00,  3.46572873e+00,  1.41359747e+00,
         2.14110344e+00,  1.36807087e+00, -6.18207059e-01,
        -2.58849509e+00, -6.19343698e-01, -5.61644161e-01,
         2.87595675e-01, -8.59999155e-02, -8.53157135e-01,
         9.06333995e-01,  2.43587522e-01, -3.65522464e-01,
         0.00000000e+00, -1.95936600e-01, -1.00442012e+00,
         4.58580750e-01, -3.83048614e-01, -5.02029615e-01,
         1.12704606e+00,  1.60701947e+00, -7.08729463e-01,
        -1.80139079e+00,  5.93229241e-01, -1.00000000e-02,
        -6.41575328e-01,  2.05532307e+00, -1.27089139e+00,
         9.74426881e-01, -1.44115477e+00, -3.08871542e-01],
       [-2.00000000e-03,  1.00000000e-02,  4.00000000e-03,
         1.00000000e-02, -2.00000000e-03,  4.00000000e-03,
         9.00000000e-03, -8.00000000e-03,  2.00000000e-03,
        -9.00000000e-03,  4.00000000e-03,  4.00000000e-03,
         8.00000000e-03, -7.00000000e-03, -1.00000000e-02,
         2.00000000e-03,  6.00000000e-03, -9.00000000e-03,
         2.00000000e-03, -5.00000000e-03,  1.00000000e-02,
         3.00000000e-03,  2.00000000e-03,  7.00000000e-03,
        -4.00000000e-03,  3.00000000e-03, -5.00000000e-03,
        -3.00000000e-03, -2.00000000e-03,  9.00000000e-03,
         1.00000000e-02,  8.00000000e-03,  5.00000000e-03,
         1.00000000e-02, -6.00000000e-03, -9.00000000e-03,
         2.00000000e-03, -2.00000000e-03,  1.00000000e-02,
         7.00000000e-03, -1.00000000e-03,  7.00000000e-03,
        -5.00000000e-03, -7.00000000e-03,  1.00000000e-03]]), 'deltas': array([[3.03042787e-04],
       [2.05805425e-03],
       [1.90417101e-03],
       [4.80723976e-04],
       [9.17671475e-05],
       [5.52465267e-05],
       [0.00000000e+00]]), 'outputs': array([[0.96914139],
       [0.7165571 ],
       [0.74916509],
       [0.95006537],
       [0.99086025],
       [0.99451784],
       [1.        ]]), 'errors': 0.010133055817614037}, {'weights': array([[-2.07060202, -1.12959859, -0.81930079, -0.29796626, -0.64195585,
         4.37823733, -3.25145864],
       [ 2.45175672,  1.73324179,  2.30240424,  1.59547898,  1.24002537,
         0.9330245 , -4.47127833],
       [-0.66702228, -0.61008993, -0.53781493, -1.17306987, -0.70299903,
         2.43037818, -2.963049  ],
       [-0.04099244, -0.55758736, -0.16951734,  2.99452129, -0.09401082,
        -4.40458207, -1.55186964],
       [-0.32388989, -0.62870455, -0.71890577,  0.12416131, -1.26351543,
         0.21200007, -2.34650984],
       [-2.98932724, -2.88651935, -3.02280394, -3.93232335, -3.15103895,
        -4.52510479,  2.67156816]]), 'deltas': array([[-1.35267401e-03],
       [ 1.09481782e-04],
       [-4.30641503e-04],
       [-5.19399536e-04],
       [-1.03491403e-04],
       [-1.49525049e-14]]), 'outputs': array([[3.74881079e-02],
       [9.89481177e-01],
       [2.09730024e-02],
       [2.30577181e-02],
       [1.02254871e-02],
       [1.22280443e-07]]), 'errors': array([[-3.74881079e-02],
       [ 1.05188233e-02],
       [-2.09730024e-02],
       [-2.30577181e-02],
       [-1.02254871e-02],
       [-1.22280443e-07]])}]
Accuracy: 47.72727272727273 %

train_data group 4 length:  171
   0   1   2   3   4   5   6   7   8  ...  36  37  38  39  40  41  42  43  44
0   0   1   0   0   0   0   0   1   0 ...   0   0   0   1   0   0   0   0   0
1   0   1   0   0   0   0   1   0   0 ...   0   0   0   0   1   0   0   0   0
2   0   0   1   0   0   0   0   1   0 ...   0   0   0   1   0   0   0   0   0
3   0   1   0   0   0   0   0   1   0 ...   0   0   0   1   0   0   0   0   0
4   0   0   1   0   0   0   1   0   0 ...   0   0   0   0   1   0   0   0   0

[5 rows x 45 columns]
Initial Neural Network:
[{'weights': array([[ 0.01 , -0.01 ,  0.001, -0.004,  0.004, -0.007,  0.004,  0.004,
        -0.003,  0.01 , -0.004,  0.007, -0.008, -0.005,  0.006,  0.   ,
         0.002,  0.008,  0.008,  0.   ,  0.008,  0.   ,  0.   , -0.002,
        -0.004,  0.008,  0.007, -0.008,  0.001, -0.004, -0.004,  0.   ,
        -0.004,  0.003, -0.004,  0.008,  0.008, -0.009,  0.006, -0.004,
        -0.007, -0.006,  0.003, -0.007,  0.   ],
       [-0.007, -0.008,  0.   , -0.009, -0.004,  0.   ,  0.004,  0.009,
         0.008, -0.005,  0.002,  0.006,  0.005, -0.009,  0.01 , -0.005,
         0.002,  0.006, -0.002,  0.007,  0.005,  0.002, -0.008, -0.007,
        -0.008, -0.006,  0.008,  0.002, -0.006,  0.007, -0.004, -0.01 ,
        -0.004, -0.009, -0.007,  0.004, -0.007, -0.008, -0.008,  0.004,
         0.004,  0.006, -0.009, -0.002, -0.001],
       [-0.006, -0.005, -0.003,  0.01 , -0.003, -0.003,  0.008,  0.001,
        -0.005,  0.006, -0.01 , -0.008,  0.002, -0.01 ,  0.001,  0.002,
        -0.005, -0.009, -0.009,  0.01 ,  0.005, -0.003, -0.002, -0.005,
         0.002,  0.01 ,  0.004, -0.003, -0.001, -0.009, -0.005,  0.002,
         0.002,  0.008,  0.008,  0.003, -0.01 , -0.008, -0.007, -0.01 ,
         0.003,  0.002,  0.005,  0.001, -0.003],
       [ 0.002, -0.006, -0.006, -0.002,  0.007, -0.006, -0.003,  0.003,
        -0.004,  0.008,  0.001, -0.01 ,  0.001, -0.005, -0.003, -0.01 ,
        -0.01 ,  0.007, -0.004,  0.01 , -0.004, -0.008,  0.009, -0.005,
         0.005, -0.001, -0.007, -0.006,  0.006,  0.   ,  0.01 ,  0.009,
        -0.005,  0.008, -0.005,  0.005,  0.004, -0.008, -0.008, -0.004,
         0.002, -0.009,  0.002,  0.003, -0.004],
       [ 0.009, -0.001, -0.001,  0.002,  0.002, -0.007, -0.002,  0.003,
        -0.008,  0.009, -0.005,  0.01 , -0.009,  0.003,  0.002, -0.006,
         0.006,  0.   , -0.006, -0.009, -0.007, -0.004,  0.01 ,  0.01 ,
         0.   , -0.007, -0.009,  0.008, -0.004,  0.   ,  0.007,  0.004,
         0.007,  0.007,  0.003,  0.01 ,  0.002,  0.009,  0.01 ,  0.007,
         0.007,  0.   ,  0.009, -0.008, -0.002],
       [ 0.006,  0.009, -0.006, -0.001, -0.004,  0.001,  0.002,  0.006,
         0.006, -0.006, -0.004,  0.01 , -0.001, -0.009,  0.007, -0.002,
        -0.008, -0.01 ,  0.003,  0.004, -0.004,  0.007, -0.003,  0.002,
        -0.009, -0.009, -0.006,  0.005,  0.   ,  0.01 ,  0.001, -0.009,
         0.01 ,  0.001,  0.008, -0.01 , -0.009,  0.008, -0.005, -0.008,
        -0.002, -0.001,  0.007,  0.002,  0.   ],
       [ 0.007,  0.003, -0.004, -0.003, -0.007, -0.01 ,  0.004, -0.007,
        -0.01 , -0.01 , -0.005,  0.   , -0.002,  0.002, -0.002,  0.01 ,
        -0.001, -0.003,  0.007,  0.007,  0.01 , -0.003, -0.003,  0.008,
        -0.003, -0.004,  0.005, -0.005, -0.001,  0.   ,  0.   , -0.004,
        -0.002, -0.001,  0.006, -0.008,  0.003,  0.006, -0.002,  0.   ,
        -0.008,  0.008,  0.009, -0.006, -0.002]]), 'deltas': array([[0.],
       [0.],
       [0.],
       [0.],
       [0.],
       [0.],
       [0.]]), 'outputs': array([[0.],
       [0.],
       [0.],
       [0.],
       [0.],
       [0.],
       [0.]]), 'errors': array([[0.],
       [0.],
       [0.],
       [0.],
       [0.],
       [0.],
       [0.]])}, {'weights': array([[-0.006,  0.008, -0.003, -0.008,  0.006, -0.009,  0.006],
       [ 0.005, -0.001, -0.004, -0.009,  0.009, -0.001, -0.005],
       [ 0.009, -0.003,  0.01 ,  0.009,  0.   , -0.007,  0.001],
       [-0.01 ,  0.01 ,  0.007,  0.009, -0.006,  0.001, -0.005],
       [-0.002, -0.007, -0.01 ,  0.007,  0.005,  0.005, -0.005],
       [ 0.006, -0.003,  0.005, -0.007, -0.001, -0.006, -0.01 ]]), 'deltas': array([[0.],
       [0.],
       [0.],
       [0.],
       [0.],
       [0.],
       [0.]]), 'outputs': array([[0.],
       [0.],
       [0.],
       [0.],
       [0.],
       [0.],
       [0.]]), 'errors': array([[0.],
       [0.],
       [0.],
       [0.],
       [0.],
       [0.],
       [0.]])}]
Training complete!
Training done. epoch: 1000 , total error: 0.45365837773328643
[{'weights': array([[-2.14050207e+00,  1.43364776e+00, -9.09615881e-01,
        -1.62906028e-02,  5.01330204e-01, -1.84248891e+00,
         3.39313295e+00, -8.91287814e-01, -1.71077115e+00,
        -7.30156535e-02, -2.50269384e+00, -1.80691097e+00,
        -1.22098788e+00,  2.14682428e-01,  4.17947968e+00,
        -3.97806877e-01,  2.96623681e+00, -1.71485719e+00,
        -1.70695734e+00, -2.61045982e-01, -9.03169355e-01,
         1.79152007e+00, -2.60257026e-01, -2.74526767e+00,
         9.86743405e-01,  7.80065434e-01, -8.67584022e-01,
        -1.38232567e+00,  3.45413680e-01, -1.35707356e+00,
        -8.74901106e-01,  3.34029777e+00, -1.37981914e+00,
        -8.69934552e-01, -2.86238426e-01, -1.12417367e+00,
        -1.21220507e+00,  1.25432882e+00,  2.44857772e-01,
         3.29113421e-01, -5.89679277e-01, -2.16167394e-01,
        -6.69697332e-01, -7.00000000e-03, -1.13243058e+00],
       [-6.35227842e-01, -3.82750474e+00,  6.92969927e-02,
         2.38308306e+00,  4.24806658e-01, -1.35089842e+00,
         7.79456068e-01, -4.67620535e-01,  1.03799763e-01,
        -6.06282746e-01, -2.34825453e+00, -3.09330350e+00,
        -2.79966211e+00,  5.38798074e+00,  1.30969353e+00,
         6.31842259e-01,  1.37103922e+00, -2.75780053e+00,
        -2.37388553e+00,  1.57925871e+00, -1.26022897e-01,
         7.92476337e-01, -6.27816544e-01, -2.93152005e-01,
        -1.31903076e+00,  7.53371063e-01, -2.06185912e+00,
        -8.54941116e-01,  6.03883301e-01, -1.37821687e+00,
         1.92689536e-02,  6.16769623e-02, -1.59036356e+00,
         1.31008864e+00, -4.12244726e-01, -2.16983057e+00,
        -1.22206084e+00,  2.04557408e+00,  1.75016179e-01,
         3.12372527e+00,  9.85493490e-02, -2.23621162e+00,
        -2.53860888e+00, -2.00000000e-03, -1.55854587e+00],
       [-5.97541097e-01, -1.16891446e-01, -1.72844535e+00,
         1.91751552e+00,  6.29096943e-01,  6.83752765e-01,
         2.41148877e+00, -8.22851919e-01, -6.69015982e-01,
        -1.48563906e+00, -2.22909232e+00, -1.49891080e+00,
        -1.31980341e+00, -8.64981275e-01,  5.99852237e+00,
         1.86464413e+00, -2.39474266e+00,  2.50070593e+00,
        -1.81916743e+00, -5.17053928e-02, -1.98411775e+00,
         2.02704496e-01, -4.26201050e-01,  6.04455814e-01,
         1.71089306e+00,  1.58401405e+00, -7.52948922e-01,
        -1.01319057e+00,  3.02860009e-01, -8.81662155e-01,
        -1.37239925e+00, -9.26618768e-01,  2.48356458e+00,
         8.05850163e-01,  2.19971320e+00, -1.86532244e+00,
        -1.35881555e+00,  9.22448247e-01,  1.98711111e-01,
        -3.02275845e+00,  1.90331571e+00, -1.08994983e-02,
         1.24107681e+00,  1.00000000e-03,  1.07734570e-01],
       [ 2.39490302e-01, -1.31293784e+00, -1.30330211e+00,
         1.59695307e+00,  6.18611329e-01,  4.33264908e-01,
         2.86931329e+00, -1.30057136e+00, -1.02741287e+00,
        -1.13277921e+00, -2.49982658e+00, -1.57386659e+00,
        -1.52297137e+00, -9.31818653e-01,  6.35629794e+00,
         9.47838927e-01, -1.78536370e+00,  2.63469146e+00,
        -1.81878611e+00, -1.41565830e-01, -2.12195849e+00,
         5.61488631e-02,  1.73054086e-01,  1.48820950e+00,
         2.45360790e-01,  1.40482032e+00, -8.39161762e-01,
        -1.04897113e+00,  3.19127325e-01, -6.18458883e-01,
        -1.19929303e+00, -7.31596956e-01,  1.61793246e+00,
         7.97231161e-01,  2.06194372e+00, -1.83789642e+00,
        -1.45151430e+00,  8.74530177e-01,  1.84751573e-01,
        -2.53686601e+00,  1.88423520e+00, -4.40338702e-01,
         9.27784253e-01,  3.00000000e-03, -1.60185251e-01],
       [ 1.43439201e-01, -2.33628164e+00,  9.32527475e-01,
         5.75209029e-01,  7.17996662e-01,  7.21202439e-01,
        -1.41898148e+00,  1.62544436e+00, -2.03662014e-01,
        -7.07112573e-01, -8.04422028e-01, -2.25769614e+00,
        -3.83278269e+00,  1.23790892e+00,  5.67988267e+00,
         1.40701608e+00,  1.77020106e+00, -7.81459806e-01,
        -1.66031501e+00, -7.28551607e-01, -5.32814621e-01,
        -3.43452875e-02,  8.95941168e-01, -1.48589601e+00,
         1.18800548e+00,  2.46077208e+00, -1.66931293e+00,
        -9.77355686e-01,  1.95787264e-01, -1.31980728e+00,
        -7.26428388e-01,  7.81808896e-01,  1.04842550e+00,
         2.62891993e-01, -3.08070018e-01,  1.52926924e-01,
        -1.14540603e+00,  9.47058693e-01,  4.09381159e-01,
        -3.70976192e+00,  1.18319499e+00,  1.20719580e+00,
         1.36426187e+00, -8.00000000e-03,  1.98907258e-02],
       [ 3.45084733e-01, -1.42417114e+00,  3.29869664e-01,
         5.59242004e-01,  5.81263371e-01,  9.68577354e-01,
         7.83355926e-01,  1.39138528e-01, -1.07999164e+00,
        -4.14791533e-01, -3.50744528e+00, -1.83258487e+00,
        -4.94918065e-01,  1.46914643e+00,  4.75609041e+00,
         2.59882171e+00,  1.06454089e-01, -1.18691444e+00,
        -1.89287612e+00,  7.48803405e-01,  1.03469756e+00,
        -8.47694775e-01, -8.78681219e-02,  1.18627374e+00,
        -9.05119768e-01,  1.58608442e+00, -6.79039164e-01,
        -8.16156852e-01,  2.86400231e-01, -7.96156622e-01,
         1.55374485e+00, -1.10657838e+00,  6.44451916e-01,
         1.04826871e-01, -1.70926860e+00,  3.54031954e-01,
        -9.98817635e-01,  2.45424142e+00,  2.79101499e-01,
        -2.76572711e+00,  1.91193719e+00,  3.39776831e-01,
         8.97301721e-01,  2.00000000e-03,  3.87288634e-01],
       [ 7.00000000e-03,  3.00000000e-03, -4.00000000e-03,
        -3.00000000e-03, -7.00000000e-03, -1.00000000e-02,
         4.00000000e-03, -7.00000000e-03, -1.00000000e-02,
        -1.00000000e-02, -5.00000000e-03,  0.00000000e+00,
        -2.00000000e-03,  2.00000000e-03, -2.00000000e-03,
         1.00000000e-02, -1.00000000e-03, -3.00000000e-03,
         7.00000000e-03,  7.00000000e-03,  1.00000000e-02,
        -3.00000000e-03, -3.00000000e-03,  8.00000000e-03,
        -3.00000000e-03, -4.00000000e-03,  5.00000000e-03,
        -5.00000000e-03, -1.00000000e-03,  0.00000000e+00,
         0.00000000e+00, -4.00000000e-03, -2.00000000e-03,
        -1.00000000e-03,  6.00000000e-03, -8.00000000e-03,
         3.00000000e-03,  6.00000000e-03, -2.00000000e-03,
         0.00000000e+00, -8.00000000e-03,  8.00000000e-03,
         9.00000000e-03, -6.00000000e-03, -2.00000000e-03]]), 'deltas': array([[-0.00024648],
       [-0.00115311],
       [-0.02019472],
       [-0.02797252],
       [-0.01705358],
       [-0.04375181],
       [-0.        ]]), 'outputs': array([[0.99859077],
       [0.99337253],
       [0.13298398],
       [0.19950986],
       [0.10931513],
       [0.4857017 ],
       [1.        ]]), 'errors': -0.1751504736466193}, {'weights': array([[ 3.89055205,  3.99520052,  1.31706753, -0.94398498,  1.52185821,
         2.31131808, -9.56151721],
       [-0.0534928 , -0.4840421 , -0.65816493,  3.25869285, -1.22823504,
        -0.03252023, -1.46044163],
       [ 2.07045026,  1.37066985, -1.0499568 , -0.598237  , -0.67340032,
        -0.93324394, -3.92706912],
       [-6.20880777,  5.93660724, -2.54559293, -2.63080623, -2.87991323,
         0.2490359 , -1.89148193],
       [ 0.41327234, -2.4714837 ,  1.78207694, -1.76701075, -0.98549563,
        -2.47131492, -1.28579968],
       [-4.75703991, -7.49592987, -7.34683959, -6.633531  , -4.46843643,
        -4.73694267,  2.33845547]]), 'deltas': array([[-9.64021082e-02],
       [ 1.15128086e-01],
       [-3.74575891e-02],
       [-1.33852406e-03],
       [-7.26849098e-05],
       [-1.03872206e-13]]), 'outputs': array([[4.01257583e-01],
       [1.65204003e-01],
       [2.19000163e-01],
       [3.72876330e-02],
       [8.56227967e-03],
       [3.22292165e-07]]), 'errors': array([[-4.01257583e-01],
       [ 8.34795997e-01],
       [-2.19000163e-01],
       [-3.72876330e-02],
       [-8.56227967e-03],
       [-3.22292165e-07]])}]
Accuracy: 53.48837209302325 %

Feedforward Neural Network AVG Accuracy (%): 51.42806805597503 %
