Namespace(error_threshold=0.01, max_epochs=1000, num_layers=2, num_nodes_per_hidden_layer=6, training_rate=0.6)

train_data group 0 length:  171
   0   1   2   3   4   5   6   7   8  ...  36  37  38  39  40  41  42  43  44
0   0   0   1   0   0   0   1   0   0 ...   0   0   0   1   0   0   0   0   0
1   0   1   0   0   0   0   1   0   0 ...   0   0   0   0   0   1   0   0   0
2   0   0   1   0   0   0   0   1   0 ...   0   0   0   1   0   0   0   0   0
3   0   1   0   0   0   0   1   0   0 ...   0   0   0   0   0   1   0   0   0
4   0   0   1   0   0   0   0   1   0 ...   0   0   0   1   0   0   0   0   0

[5 rows x 45 columns]
Initial Neural Network:
[{'weights': array([[ 0.   ,  0.   ,  0.006,  0.002,  0.006, -0.007,  0.006,  0.01 ,
         0.008, -0.009, -0.003, -0.004,  0.01 ,  0.004,  0.008,  0.006,
        -0.008,  0.01 , -0.01 , -0.003, -0.008,  0.007, -0.003,  0.   ,
        -0.001, -0.003,  0.003,  0.01 ,  0.009, -0.005, -0.007,  0.009,
         0.001,  0.009, -0.001,  0.008,  0.005,  0.01 ,  0.   , -0.004,
        -0.01 ,  0.004,  0.001, -0.008, -0.001],
       [-0.01 ,  0.003, -0.008,  0.006,  0.   , -0.003,  0.01 ,  0.005,
         0.009, -0.003,  0.007, -0.008,  0.01 ,  0.002,  0.007,  0.003,
        -0.01 , -0.003,  0.001,  0.004, -0.005,  0.007,  0.003,  0.005,
        -0.002,  0.002,  0.01 ,  0.004, -0.006, -0.001, -0.007, -0.007,
        -0.006, -0.009,  0.   ,  0.008, -0.001, -0.004,  0.005,  0.004,
         0.004, -0.005,  0.004,  0.008, -0.002],
       [ 0.006, -0.009,  0.008,  0.008,  0.008,  0.008, -0.001, -0.006,
        -0.004, -0.007, -0.001,  0.009, -0.005,  0.002, -0.005,  0.005,
        -0.004, -0.006, -0.001,  0.007,  0.002, -0.002, -0.004,  0.008,
         0.002,  0.   , -0.002, -0.006, -0.008,  0.001, -0.01 , -0.01 ,
        -0.003,  0.003,  0.   , -0.001,  0.008,  0.01 , -0.001, -0.009,
        -0.003, -0.001,  0.001,  0.005, -0.005],
       [-0.007,  0.01 , -0.006,  0.001,  0.008, -0.008,  0.001, -0.006,
         0.003, -0.006,  0.009,  0.01 ,  0.004, -0.007, -0.005,  0.001,
        -0.004, -0.006, -0.004,  0.005, -0.006, -0.001, -0.005, -0.003,
         0.   , -0.003, -0.006, -0.006,  0.001,  0.007, -0.007, -0.003,
         0.   ,  0.002, -0.004,  0.007,  0.009,  0.01 , -0.008, -0.006,
         0.008,  0.002, -0.009, -0.002,  0.005],
       [ 0.002, -0.001, -0.005, -0.008, -0.003, -0.001, -0.009,  0.001,
         0.009,  0.001, -0.004, -0.004,  0.009,  0.004, -0.008,  0.009,
         0.008, -0.006,  0.003, -0.005,  0.001,  0.005, -0.004,  0.009,
         0.003,  0.007, -0.003, -0.007, -0.002,  0.004,  0.004,  0.004,
        -0.002, -0.003,  0.   , -0.001,  0.006, -0.001, -0.006,  0.   ,
        -0.009,  0.006, -0.009,  0.002, -0.009],
       [-0.001, -0.003,  0.003,  0.003, -0.007, -0.004, -0.005, -0.008,
         0.01 , -0.009,  0.001,  0.009,  0.006,  0.01 , -0.004, -0.004,
         0.   ,  0.009,  0.001, -0.005, -0.006,  0.008, -0.01 ,  0.005,
         0.003, -0.004, -0.006, -0.002, -0.009, -0.001,  0.004,  0.   ,
         0.   ,  0.01 ,  0.004, -0.004, -0.007,  0.01 ,  0.005, -0.005,
         0.009, -0.004,  0.004,  0.004,  0.006],
       [ 0.005,  0.007, -0.002,  0.004,  0.002, -0.004,  0.008, -0.004,
         0.005,  0.   , -0.003,  0.   , -0.007,  0.001, -0.005,  0.006,
         0.003,  0.003,  0.008, -0.001, -0.01 , -0.002,  0.005, -0.01 ,
        -0.01 , -0.007,  0.001,  0.01 ,  0.009,  0.006, -0.005,  0.005,
         0.009,  0.01 ,  0.003,  0.007,  0.004, -0.01 , -0.008,  0.008,
         0.005,  0.   ,  0.006, -0.01 ,  0.007]]), 'deltas': array([[0.],
       [0.],
       [0.],
       [0.],
       [0.],
       [0.],
       [0.]]), 'outputs': array([[0.],
       [0.],
       [0.],
       [0.],
       [0.],
       [0.],
       [0.]]), 'errors': array([[0.],
       [0.],
       [0.],
       [0.],
       [0.],
       [0.],
       [0.]])}, {'weights': array([[ 0.001,  0.   ,  0.003, -0.009, -0.002,  0.004, -0.01 ],
       [-0.007, -0.004,  0.005, -0.001,  0.006, -0.009,  0.006],
       [ 0.01 ,  0.   ,  0.002,  0.   ,  0.   , -0.009, -0.01 ],
       [-0.001, -0.001, -0.004, -0.006, -0.006, -0.006,  0.01 ],
       [-0.01 , -0.003, -0.004, -0.005,  0.007, -0.007,  0.001],
       [ 0.01 , -0.001,  0.001, -0.008, -0.008,  0.002,  0.001]]), 'deltas': array([[0.],
       [0.],
       [0.],
       [0.],
       [0.],
       [0.],
       [0.]]), 'outputs': array([[0.],
       [0.],
       [0.],
       [0.],
       [0.],
       [0.],
       [0.]]), 'errors': array([[0.],
       [0.],
       [0.],
       [0.],
       [0.],
       [0.],
       [0.]])}]
Training complete!
Training done. epoch: 68 , total error: 0.006830622653243528
[{'weights': array([[-1.19271391e+00, -4.48617479e-01,  2.62112066e-01,
         5.40236241e-01,  4.45648736e-01, -1.46917525e+00,
         2.03181538e+00, -7.23731391e-01, -6.67571847e-01,
         4.29328766e-01, -2.52230726e+00, -1.22219636e+00,
         1.72316524e+00,  4.95586908e+00, -3.32686504e+00,
         1.84816759e+00, -8.65162925e-01,  2.62441042e+00,
        -4.04273726e+00,  2.29878327e-02, -9.00790534e-01,
         2.67528802e+00, -3.53757163e+00,  1.33075796e+00,
         1.99818331e-02,  2.42221800e+00, -1.39199795e+00,
        -1.45354224e+00,  3.49878327e-02, -9.35681346e-01,
        -1.91426019e+00,  2.35644096e+00, -7.21098291e-02,
         1.65276065e-01,  3.52338173e+00, -1.70174557e+00,
        -2.77848507e+00,  1.00000000e-02,  5.61514575e-01,
         2.30936474e+00, -8.67724506e-01,  1.46355676e+00,
        -2.92245041e+00, -4.07080934e-01, -4.08334345e-01],
       [-2.25294021e+00,  2.41812742e+00, -1.76189126e+00,
         1.06093997e-01, -5.70509676e-01, -1.86449113e+00,
        -1.84851505e-01,  3.12235702e-01, -3.93838217e-01,
         9.68254202e-02, -3.64429963e+00, -9.49726782e-01,
        -1.59845845e+00, -1.32529510e+00,  5.48366023e+00,
        -5.33483895e-01,  4.73415139e+00, -5.25774737e+00,
        -1.17330878e+00,  1.73268926e-01, -1.74653792e+00,
         1.46266785e+00,  1.59716540e+00, -2.80441941e+00,
        -5.52995648e-01,  1.99952838e-02, -5.44567193e-01,
        -1.68081674e+00,  1.63268926e-01, -2.86472847e-01,
         2.70177534e+00, -3.13614751e+00,  1.29422373e-02,
        -1.37421694e+00, -3.73187995e-01, -5.71774859e-01,
        -1.44203403e+00, -4.00000000e-03,  3.46877160e-01,
        -5.71274989e-01,  9.89229882e-02,  8.04517391e-01,
        -2.02763728e+00, -3.41647843e-01, -2.05411973e+00],
       [-3.96363233e-02, -1.29629491e+00,  4.62672501e-01,
        -6.19463341e-01,  1.05195522e-01, -3.94202775e-01,
        -2.64753109e-01, -1.92743590e+00,  8.55813728e-01,
         3.12051499e-01, -1.64754557e+00, -5.40386553e-01,
        -1.21906428e+00, -9.01427593e-02,  2.08861261e+00,
         2.43292642e+00, -2.54639008e+00, -4.59078449e-01,
        -8.83176926e-01,  4.81924848e-02, -1.08989272e+00,
         8.91491532e-01, -2.28131257e-01, -1.06029164e+00,
         8.42975302e-02, -6.35644833e-01, -4.38005885e-01,
        -3.84068321e-01,  3.31924848e-02, -7.47619010e-02,
        -2.21216427e+00,  1.61039909e+00,  2.17608055e-01,
        -9.68607529e-01, -4.68907446e-01, -5.42966499e-01,
        -6.73022959e-01,  1.00000000e-02,  2.82370350e-01,
        -6.44045362e-01,  1.01571429e+00,  9.38417044e-02,
        -1.74974944e+00, -1.31287745e-01, -1.41352655e+00],
       [ 1.81017472e-02, -1.21958328e+00,  4.24389710e-01,
        -7.18758330e-01,  1.00632585e-01, -4.30397564e-01,
        -3.84802146e-01, -2.07055947e+00,  1.07748127e+00,
         3.91060342e-01, -1.63515949e+00, -5.45416516e-01,
        -1.21488377e+00, -1.13288969e-01,  2.11853117e+00,
         2.49817377e+00, -2.59636659e+00, -4.50147876e-01,
        -9.06193168e-01,  4.53162951e-02, -1.11369043e+00,
         9.10469857e-01, -2.53755285e-01, -1.09864400e+00,
         1.39402284e-01, -6.14484713e-01, -4.47686019e-01,
        -3.94363133e-01,  4.13162951e-02,  2.69061810e-03,
        -2.15911533e+00,  1.56451078e+00,  2.12225784e-01,
        -1.02252942e+00, -4.36430552e-01, -5.43556636e-01,
        -6.84488398e-01,  1.00000000e-02,  2.67258016e-01,
        -4.93635570e-01,  1.00761503e+00,  1.02445717e-01,
        -1.88508028e+00, -1.39562467e-01, -1.39621757e+00],
       [-7.21071845e-02, -1.26370242e+00,  4.51572457e-01,
        -6.74797256e-01,  6.99979505e-02, -4.59467697e-01,
        -3.15886871e-01, -2.07437476e+00,  1.04589603e+00,
         3.30796839e-01, -1.77459928e+00, -5.82763284e-01,
        -1.20780303e+00, -4.74532643e-02,  2.13558240e+00,
         2.48846786e+00, -2.48897808e+00, -5.59359753e-01,
        -9.51722309e-01,  4.65558307e-02, -1.11507615e+00,
         9.60458657e-01, -3.55005294e-01, -1.04295607e+00,
         9.25423988e-02, -6.49970121e-01, -4.57415237e-01,
        -4.21206927e-01,  4.95558307e-02, -6.90625675e-02,
        -2.14250182e+00,  1.55047710e+00,  2.02983413e-01,
        -1.00893257e+00, -4.52770178e-01, -5.66179440e-01,
        -7.20269190e-01, -1.00000000e-03,  2.64182354e-01,
        -4.89581506e-01,  9.67422137e-01,  1.06770121e-01,
        -1.92216548e+00, -1.46481731e-01, -1.48303645e+00],
       [ 1.29351044e-01, -1.56522304e+00, -1.54972908e-01,
        -8.13301503e-02, -7.93755770e-01, -1.38049579e+00,
         2.52603318e+00, -3.00619760e+00, -6.91431632e-01,
         7.51610161e-02, -4.17900034e+00, -6.03168200e-01,
        -2.33843836e+00, -2.61747569e-01,  4.94342365e+00,
        -1.43552636e+00,  3.82271490e+00, -3.65200070e+00,
        -1.28246950e+00,  8.73508467e-02, -2.12797368e+00,
         3.03519197e+00, -1.49856671e+00, -1.68641288e+00,
        -1.83169513e-01, -8.67411830e-01, -5.62581665e-01,
        -1.13528817e+00,  8.33508467e-02, -3.81069803e-01,
         2.85594218e+00, -2.91799298e+00, -1.18208762e-01,
        -1.88660146e+00, -4.61617781e-01, -7.25484874e-01,
        -1.57607155e+00,  1.00000000e-02,  3.00243380e-01,
         2.16759414e+00,  1.41503995e+00,  2.98811192e+00,
        -8.73390049e+00, -2.89776342e-01, -2.45493082e+00],
       [ 5.00000000e-03,  7.00000000e-03, -2.00000000e-03,
         4.00000000e-03,  2.00000000e-03, -4.00000000e-03,
         8.00000000e-03, -4.00000000e-03,  5.00000000e-03,
         0.00000000e+00, -3.00000000e-03,  0.00000000e+00,
        -7.00000000e-03,  1.00000000e-03, -5.00000000e-03,
         6.00000000e-03,  3.00000000e-03,  3.00000000e-03,
         8.00000000e-03, -1.00000000e-03, -1.00000000e-02,
        -2.00000000e-03,  5.00000000e-03, -1.00000000e-02,
        -1.00000000e-02, -7.00000000e-03,  1.00000000e-03,
         1.00000000e-02,  9.00000000e-03,  6.00000000e-03,
        -5.00000000e-03,  5.00000000e-03,  9.00000000e-03,
         1.00000000e-02,  3.00000000e-03,  7.00000000e-03,
         4.00000000e-03, -1.00000000e-02, -8.00000000e-03,
         8.00000000e-03,  5.00000000e-03,  0.00000000e+00,
         6.00000000e-03, -1.00000000e-02,  7.00000000e-03]]), 'deltas': array([[3.00857663e-07],
       [4.17278507e-05],
       [6.82619615e-03],
       [7.59097516e-03],
       [8.53724586e-03],
       [1.94023610e-04],
       [0.00000000e+00]]), 'outputs': array([[9.99996582e-01],
       [4.74324853e-04],
       [9.15262228e-01],
       [9.04664698e-01],
       [8.91155035e-01],
       [2.20932169e-03],
       [1.00000000e+00]]), 'errors': 0.0880148961275014}, {'weights': array([[ 1.02904212e+00,  1.63650168e+00,  2.22138205e+00,
         1.96772292e+00,  1.80033582e+00,  2.92025775e+00,
        -4.19284510e+00],
       [ 2.71645628e-01, -2.08096018e-01, -1.81163569e+00,
        -2.15216570e+00, -1.80969763e+00, -3.15132591e-01,
        -1.03176930e+00],
       [ 5.92291883e-01,  2.66567123e+00, -2.98527837e-01,
         3.27836487e-03,  5.19808132e-02, -1.97035073e+00,
        -3.79609864e+00],
       [ 1.79986993e+00, -2.98649079e+00, -8.21038638e-01,
        -8.85455481e-01, -8.85711576e-01, -1.88733691e+00,
        -2.48516757e+00],
       [ 1.18049217e+00, -6.33409158e-01, -5.78081002e-01,
        -5.02780145e-01, -5.67128720e-01, -1.73682292e+00,
        -2.99542862e+00],
       [-7.36454884e+00, -4.21045234e+00, -1.58711751e+00,
        -1.61874734e+00, -1.67406490e+00, -2.66295363e+00,
         2.88844754e+00]]), 'deltas': array([[ 8.38556189e-03],
       [-6.36272380e-06],
       [-9.56380584e-04],
       [-2.03662458e-03],
       [-1.20835709e-03],
       [-1.88617006e-08]]), 'outputs': array([[9.03670096e-01],
       [2.52563545e-03],
       [3.14230481e-02],
       [4.62092520e-02],
       [3.53934207e-02],
       [1.37347339e-04]]), 'errors': array([[ 0.0963299 ],
       [-0.00252564],
       [-0.03142305],
       [-0.04620925],
       [-0.03539342],
       [-0.00013735]])}]
neural_net output [2.90561917e-01 2.61416297e-01 2.73929351e-01 1.64165384e-02
 5.54743338e-02 9.78275429e-05]
target: 0 prediction: 0
neural_net output [7.86074929e-01 2.17933338e-01 7.89224068e-02 4.00162284e-03
 1.56160672e-02 1.34480843e-05]
target: 0 prediction: 0
neural_net output [9.32547618e-01 7.43472581e-02 7.17603504e-02 2.29872270e-03
 1.08107578e-02 4.44589506e-06]
target: 0 prediction: 0
neural_net output [2.90561917e-01 2.61416297e-01 2.73929351e-01 1.64165384e-02
 5.54743338e-02 9.78275429e-05]
target: 0 prediction: 0
neural_net output [9.83337818e-01 1.32359757e-03 3.84932300e-02 8.89350875e-03
 1.55137329e-02 1.31991384e-05]
target: 0 prediction: 0
neural_net output [7.77562538e-01 2.19439663e-01 8.17869040e-02 4.19090401e-03
 1.62298364e-02 1.35845694e-05]
target: 0 prediction: 0
neural_net output [0.1076993  0.28137884 0.19408279 0.04837141 0.08327283 0.0013276 ]
target: 0 prediction: 1
neural_net output [7.73291063e-01 2.20401886e-01 6.49676192e-02 4.90032699e-03
 1.61304950e-02 1.66472522e-05]
target: 0 prediction: 0
neural_net output [2.90561917e-01 2.61416297e-01 2.73929351e-01 1.64165384e-02
 5.54743338e-02 9.78275429e-05]
target: 0 prediction: 0
neural_net output [6.95633888e-01 1.92044387e-01 5.54006114e-02 1.41916937e-03
 7.85205875e-03 6.90703127e-04]
target: 0 prediction: 0
neural_net output [6.95633888e-01 1.92044387e-01 5.54006114e-02 1.41916937e-03
 7.85205875e-03 6.90703127e-04]
target: 0 prediction: 0
neural_net output [7.86074929e-01 2.17933338e-01 7.89224068e-02 4.00162284e-03
 1.56160672e-02 1.34480843e-05]
target: 0 prediction: 0
neural_net output [7.94275223e-01 2.17684230e-01 7.69986342e-02 3.94713510e-03
 1.53538204e-02 1.22922206e-05]
target: 0 prediction: 0
neural_net output [0.0486861  0.3133142  0.04080515 0.28959827 0.12873636 0.00836249]
target: 0 prediction: 1
neural_net output [7.94275223e-01 2.17684230e-01 7.69986342e-02 3.94713510e-03
 1.53538204e-02 1.22922206e-05]
target: 1 prediction: 0
neural_net output [6.95633888e-01 1.92044387e-01 5.54006114e-02 1.41916937e-03
 7.85205875e-03 6.90703127e-04]
target: 1 prediction: 0
neural_net output [0.0415615  0.31314678 0.03897172 0.33240061 0.13912325 0.01105145]
target: 1 prediction: 3
neural_net output [0.04945723 0.27714853 0.03870777 0.31530052 0.13336286 0.0095233 ]
target: 1 prediction: 3
neural_net output [0.60159025 0.17354702 0.0438643  0.00067065 0.00481559 0.01424916]
target: 1 prediction: 0
neural_net output [0.60159025 0.17354702 0.0438643  0.00067065 0.00481559 0.01424916]
target: 1 prediction: 0
neural_net output [0.11536401 0.28933247 0.111553   0.08449671 0.08978793 0.00104838]
target: 1 prediction: 1
neural_net output [0.04113799 0.3154715  0.03899723 0.3335638  0.13952849 0.01112319]
target: 1 prediction: 3
neural_net output [0.0486861  0.3133142  0.04080515 0.28959827 0.12873636 0.00836249]
target: 1 prediction: 1
neural_net output [7.94275223e-01 2.17684230e-01 7.69986342e-02 3.94713510e-03
 1.53538204e-02 1.22922206e-05]
target: 1 prediction: 0
neural_net output [9.54322605e-01 7.32216378e-03 1.17831619e-01 4.84033269e-03
 1.82308227e-02 8.00005694e-06]
target: 1 prediction: 0
neural_net output [0.01675995 0.26690418 0.02338593 0.09175102 0.05370946 0.8887438 ]
target: 1 prediction: 5
neural_net output [7.92532306e-01 2.18004866e-01 7.27704925e-02 4.11866796e-03
 1.53640371e-02 1.30154071e-05]
target: 1 prediction: 0
neural_net output [7.94275223e-01 2.17684230e-01 7.69986342e-02 3.94713510e-03
 1.53538204e-02 1.22922206e-05]
target: 1 prediction: 0
neural_net output [0.6535774  0.18376536 0.04980548 0.00100836 0.0062836  0.0027729 ]
target: 1 prediction: 0
neural_net output [0.04683798 0.31433982 0.04480818 0.28748319 0.13216527 0.00824441]
target: 2 prediction: 1
neural_net output [7.94275223e-01 2.17684230e-01 7.69986342e-02 3.94713510e-03
 1.53538204e-02 1.22922206e-05]
target: 2 prediction: 0
neural_net output [7.94275223e-01 2.17684230e-01 7.69986342e-02 3.94713510e-03
 1.53538204e-02 1.22922206e-05]
target: 2 prediction: 0
neural_net output [0.0450863  0.31332496 0.03666785 0.31989802 0.13283752 0.010194  ]
target: 3 prediction: 3
neural_net output [0.0409826  0.31630679 0.03900485 0.33402119 0.13968054 0.01115092]
target: 3 prediction: 3
neural_net output [0.01806542 0.2712297  0.02443147 0.10364127 0.05840128 0.82121237]
target: 3 prediction: 5
neural_net output [0.04058075 0.31745071 0.03893487 0.33315152 0.13936841 0.01151439]
target: 4 prediction: 3
neural_net output [0.04418597 0.31578911 0.04504154 0.29680595 0.13521438 0.00911705]
target: 4 prediction: 1
neural_net output [0.01504594 0.26274018 0.02213174 0.07749648 0.04796156 0.94417798]
target: 5 prediction: 5
neural_net output [0.03847422 0.23954229 0.09870978 0.01396521 0.03323941 0.5927678 ]
target: 5 prediction: 5
neural_net output [0.02398054 0.28835559 0.02886068 0.16323673 0.08036876 0.35582284]
target: 5 prediction: 5
neural_net output [0.01504594 0.26274018 0.02213174 0.07749648 0.04796156 0.94417798]
target: 5 prediction: 5
neural_net output [0.055406   0.25330383 0.03860331 0.30401989 0.12957589 0.00862614]
target: 5 prediction: 3
neural_net output [0.02398054 0.28835559 0.02886068 0.16323673 0.08036876 0.35582284]
target: 5 prediction: 5
Accuracy: 48.837209302325576 %

train_data group 1 length:  172
   0   1   2   3   4   5   6   7   8  ...  36  37  38  39  40  41  42  43  44
0   0   1   0   0   0   0   0   1   0 ...   0   0   0   1   0   0   0   0   0
1   0   1   0   0   0   0   1   0   0 ...   0   0   0   0   1   0   0   0   0
2   0   0   1   0   0   0   0   1   0 ...   0   0   0   1   0   0   0   0   0
3   0   1   0   0   0   0   0   1   0 ...   0   0   0   1   0   0   0   0   0
4   0   0   1   0   0   0   1   0   0 ...   0   0   0   0   1   0   0   0   0

[5 rows x 45 columns]
Initial Neural Network:
[{'weights': array([[ 0.008, -0.006,  0.005,  0.004,  0.009, -0.004, -0.002, -0.01 ,
        -0.01 , -0.003, -0.006, -0.004,  0.002,  0.001, -0.001, -0.001,
         0.008,  0.01 ,  0.   , -0.007, -0.002,  0.007, -0.006,  0.002,
        -0.005, -0.006,  0.003,  0.006,  0.005,  0.   ,  0.006, -0.001,
         0.006, -0.006,  0.005,  0.   ,  0.004, -0.01 , -0.001,  0.005,
         0.001, -0.007, -0.004, -0.004,  0.01 ],
       [ 0.007,  0.004,  0.007,  0.007,  0.007,  0.005,  0.009,  0.009,
         0.006,  0.004, -0.006,  0.006,  0.004,  0.009,  0.   , -0.008,
        -0.009, -0.005, -0.007,  0.002,  0.009, -0.004,  0.007,  0.006,
         0.003,  0.   , -0.01 ,  0.   ,  0.   , -0.008,  0.006,  0.007,
        -0.009,  0.007, -0.006,  0.   ,  0.006,  0.008, -0.002,  0.002,
         0.003, -0.008, -0.01 , -0.001,  0.001],
       [-0.008, -0.002, -0.01 ,  0.003, -0.007,  0.007, -0.004,  0.006,
        -0.008, -0.001,  0.009, -0.007, -0.009,  0.004, -0.002, -0.005,
        -0.002, -0.009,  0.002,  0.001,  0.009,  0.01 ,  0.002,  0.005,
         0.006,  0.002,  0.   , -0.01 , -0.009, -0.009,  0.   ,  0.003,
        -0.007, -0.01 , -0.007, -0.009, -0.002,  0.009, -0.003,  0.006,
        -0.004,  0.003,  0.001, -0.005,  0.01 ],
       [ 0.01 , -0.009, -0.003, -0.001, -0.005,  0.006, -0.001, -0.001,
         0.003, -0.007, -0.009, -0.005, -0.006,  0.004, -0.002, -0.003,
         0.003,  0.   , -0.001, -0.008,  0.   , -0.008,  0.002,  0.01 ,
        -0.006, -0.001,  0.   ,  0.007, -0.004,  0.01 , -0.001, -0.01 ,
         0.007, -0.004, -0.006, -0.003, -0.004, -0.008, -0.001, -0.007,
        -0.005, -0.004,  0.001, -0.006, -0.008],
       [ 0.002, -0.002, -0.002, -0.01 , -0.008,  0.009, -0.006,  0.004,
         0.002,  0.   , -0.003, -0.002, -0.007, -0.009, -0.008,  0.004,
         0.004,  0.   , -0.003,  0.   ,  0.004, -0.009, -0.002,  0.004,
         0.004, -0.007,  0.004,  0.009, -0.002,  0.007,  0.   , -0.004,
         0.004,  0.006,  0.008,  0.004, -0.003,  0.007,  0.003, -0.005,
         0.   , -0.001,  0.01 ,  0.003,  0.003],
       [ 0.003,  0.   ,  0.007,  0.01 , -0.001, -0.001, -0.001,  0.005,
         0.007,  0.005, -0.005, -0.008, -0.008,  0.004, -0.008,  0.01 ,
         0.01 ,  0.   , -0.006,  0.004, -0.005,  0.008,  0.003, -0.01 ,
        -0.001,  0.002,  0.003,  0.001, -0.008,  0.004,  0.003,  0.   ,
         0.007,  0.007,  0.003, -0.003,  0.004, -0.001,  0.005, -0.008,
        -0.009,  0.001, -0.003, -0.002,  0.009],
       [ 0.005, -0.003,  0.001,  0.008,  0.002, -0.005,  0.005, -0.002,
        -0.001,  0.005,  0.005,  0.006,  0.009,  0.005,  0.004, -0.007,
        -0.004, -0.001, -0.001,  0.003, -0.01 , -0.002,  0.006,  0.004,
         0.01 , -0.002, -0.01 ,  0.004, -0.008, -0.003,  0.   ,  0.009,
         0.009,  0.01 ,  0.002,  0.01 , -0.003, -0.004,  0.003,  0.001,
        -0.003, -0.002, -0.008, -0.007, -0.006]]), 'deltas': array([[0.],
       [0.],
       [0.],
       [0.],
       [0.],
       [0.],
       [0.]]), 'outputs': array([[0.],
       [0.],
       [0.],
       [0.],
       [0.],
       [0.],
       [0.]]), 'errors': array([[0.],
       [0.],
       [0.],
       [0.],
       [0.],
       [0.],
       [0.]])}, {'weights': array([[ 0.001,  0.001, -0.002, -0.003, -0.005, -0.009, -0.001],
       [-0.009,  0.008, -0.008, -0.001, -0.003,  0.002,  0.002],
       [-0.009, -0.005,  0.003, -0.003,  0.006,  0.008, -0.009],
       [ 0.003, -0.006, -0.006, -0.004,  0.006,  0.01 , -0.009],
       [ 0.006,  0.001,  0.008, -0.002,  0.006,  0.002,  0.008],
       [-0.007, -0.007, -0.007,  0.001,  0.007,  0.008,  0.   ]]), 'deltas': array([[0.],
       [0.],
       [0.],
       [0.],
       [0.],
       [0.],
       [0.]]), 'outputs': array([[0.],
       [0.],
       [0.],
       [0.],
       [0.],
       [0.],
       [0.]]), 'errors': array([[0.],
       [0.],
       [0.],
       [0.],
       [0.],
       [0.],
       [0.]])}]
Training complete!
Training done. epoch: 36 , total error: 0.008427542411632067
[{'weights': array([[-6.12052470e-01,  1.11846966e+00, -4.36122680e+00,
         2.58283602e+00,  3.54905328e-01,  9.00001042e-01,
         1.07254474e+00, -1.51530835e+00, -1.42030569e+00,
        -3.00000000e-03, -2.29026483e+00, -7.94090194e-02,
        -2.00181136e+00,  1.10776339e+00,  2.31865356e+00,
        -1.66928958e+00,  1.03246446e+00,  1.27403773e+00,
        -1.40056618e+00, -1.63714675e-01,  1.31082846e+00,
        -2.97200893e+00,  6.29012695e-01,  7.89737075e-01,
        -6.98637548e-01,  1.58441038e+00, -9.81445547e-01,
        -1.10562819e+00, -4.26404890e-01, -1.54524427e-01,
        -1.57929707e+00, -2.66689153e+00,  1.74034157e+00,
         1.72830321e+00,  1.85981160e+00, -2.08300952e+00,
        -1.05169355e+00,  3.73827268e-01, -3.80040525e-02,
        -1.66739456e+00, -5.47630509e-01,  5.57525470e-01,
         1.13072775e+00, -4.19296401e-01, -9.27068253e-01],
       [-7.36320300e-01,  4.74166617e-02, -1.97265476e+00,
         1.60863544e+00,  3.74192176e-01,  1.32898566e+00,
         3.97272472e-01, -1.84141549e+00, -5.66573423e-01,
         4.00000000e-03,  6.74963120e-01,  8.42768824e-01,
        -6.09090931e-01, -3.36396151e+00,  1.75758972e+00,
        -9.55666735e-01,  1.65248301e+00, -8.09073951e-01,
        -8.03857250e-01,  1.78384151e-01,  4.37402747e-01,
         1.39712101e+00, -9.66050963e-01, -1.24781986e+00,
        -3.10383707e-01,  4.95074393e-01, -2.75136579e-01,
        -6.99561677e-01, -2.41106913e-01,  1.93939617e-01,
        -2.57375215e+00, -1.89487598e+00,  1.62686319e+00,
         1.94009454e+00,  5.84558620e-02, -6.06728731e-01,
        -6.29901787e-01,  5.02375663e-01, -2.89317835e-02,
        -3.07353404e+00,  6.47421286e-01,  2.10453579e-01,
         1.65558173e+00, -1.64653333e-01, -7.09730776e-01],
       [-9.12302371e-01,  5.72364849e-01, -2.74892156e+00,
         1.47302328e+00,  3.71632600e-01,  1.29545677e+00,
         3.46714850e-01, -1.39795177e+00, -1.46342305e+00,
        -1.00000000e-03, -2.17496303e+00,  1.77207989e-01,
        -1.68463477e+00, -6.55238037e-01,  3.11242465e+00,
        -1.60294596e+00, -3.44678276e+00,  4.84147244e+00,
        -9.95438750e-01, -2.95081799e-02,  2.26087642e-01,
         3.53918113e-01, -4.44773588e-02, -1.50010195e+00,
        -2.23629651e-01,  6.49940838e-01, -9.28295990e-01,
        -7.00093413e-01, -2.58754638e-01,  3.19793732e-01,
        -1.30785020e+00, -3.30617199e+00,  1.22486355e+00,
         1.82616170e+00,  1.59197855e+00, -1.71843219e+00,
        -1.04784820e+00,  3.17840504e-01, -3.75741871e-01,
        -2.99361743e+00, -1.55758608e+00,  2.58404066e+00,
         9.89814904e-01, -2.41855260e-01, -1.21020320e+00],
       [-2.50936496e-01, -4.16549499e-01, -1.07548967e+00,
         1.02851063e+00,  3.67338741e-01,  1.23059723e+00,
        -1.38251340e+00,  7.81376537e-01, -9.61586661e-01,
        -7.00000000e-03,  8.72393395e-02,  1.45723640e+00,
        -6.86633819e-01,  3.73627270e-01, -1.58859548e+00,
        -4.43305948e-01,  5.96496909e-01, -1.32266039e-01,
        -7.99878410e-01,  4.30827195e-01,  1.30612001e+00,
        -2.86276144e-01, -1.07637703e+00, -7.84400692e-01,
         4.99807558e-01,  1.04538547e+00, -3.53491390e-01,
        -6.27330807e-01, -4.01689564e-01,  7.33896495e-01,
        -3.69934921e+00, -2.51383131e-01,  1.13151547e+00,
         1.74819408e+00,  6.41583355e-01, -9.39090542e-01,
        -6.44053082e-01,  9.02334802e-01, -3.21900826e-01,
        -9.20244508e-01, -2.07659815e-01,  2.61637919e-01,
         6.51704481e-01, -1.45564370e-01, -3.47126293e-01],
       [ 1.61255428e-01, -8.48122198e-01, -7.31627203e-01,
         5.72867198e-01,  3.60903551e-01,  1.13879839e+00,
        -1.37834812e+00,  1.10712598e+00, -1.32329947e+00,
         0.00000000e+00,  5.43065320e-01,  1.87808790e+00,
        -9.71859608e-01,  4.11963711e-01, -2.35498055e+00,
        -6.75265508e-01,  9.27631216e-01, -7.63946676e-01,
        -8.33641719e-01,  8.85499463e-01,  1.17214435e+00,
        -8.21453863e-01, -1.32985024e+00, -6.52710387e-01,
         1.16814691e+00,  9.31235203e-01, -6.80234771e-01,
        -6.94040867e-01, -1.76827876e-02,  8.97909454e-01,
        -4.25465168e+00,  2.47893181e-01,  1.06011378e+00,
         1.59701203e+00,  8.61072132e-01, -1.19643097e+00,
        -6.40158234e-01,  9.84389038e-01, -4.54595188e-01,
        -7.92159460e-01, -2.96508879e-01,  4.84628400e-01,
         2.72305608e-01, -1.25988892e-01, -4.61723223e-01],
       [-5.77689807e-01,  1.85664808e+00, -2.93448098e+00,
         7.66988745e-01,  3.94228565e-01,  5.07776255e-01,
         1.30397523e+00, -5.13549716e-01, -1.80150716e+00,
         5.00000000e-03, -2.38988074e+00, -3.21477247e-02,
        -8.52080957e-01,  9.30016419e-01,  1.80578761e+00,
         1.28139623e+00,  8.12588941e-01, -4.46478198e-01,
        -2.19598159e+00,  5.31692182e-02, -1.43756152e+00,
         1.13725418e+00, -1.91958252e-01,  3.34680742e-01,
        -3.60720545e-01,  2.01847774e+00, -1.03457553e+00,
        -1.31207673e+00, -1.87130876e-01, -5.76356104e-01,
        -3.19342865e+00,  1.55773299e+00,  1.15087722e+00,
         5.68869149e-01,  2.27716893e+00, -2.10982059e+00,
        -1.04067972e+00,  4.08822188e-01, -4.07962046e-02,
        -1.16165495e+00, -1.48901272e-01,  4.01139416e-01,
         6.14498180e-01, -2.39386775e-01, -5.04305398e-01],
       [ 5.00000000e-03, -3.00000000e-03,  1.00000000e-03,
         8.00000000e-03,  2.00000000e-03, -5.00000000e-03,
         5.00000000e-03, -2.00000000e-03, -1.00000000e-03,
         5.00000000e-03,  5.00000000e-03,  6.00000000e-03,
         9.00000000e-03,  5.00000000e-03,  4.00000000e-03,
        -7.00000000e-03, -4.00000000e-03, -1.00000000e-03,
        -1.00000000e-03,  3.00000000e-03, -1.00000000e-02,
        -2.00000000e-03,  6.00000000e-03,  4.00000000e-03,
         1.00000000e-02, -2.00000000e-03, -1.00000000e-02,
         4.00000000e-03, -8.00000000e-03, -3.00000000e-03,
         0.00000000e+00,  9.00000000e-03,  9.00000000e-03,
         1.00000000e-02,  2.00000000e-03,  1.00000000e-02,
        -3.00000000e-03, -4.00000000e-03,  3.00000000e-03,
         1.00000000e-03, -3.00000000e-03, -2.00000000e-03,
        -8.00000000e-03, -7.00000000e-03, -6.00000000e-03]]), 'deltas': array([[0.00239845],
       [0.01187245],
       [0.0028967 ],
       [0.00166617],
       [0.00205168],
       [0.00112653],
       [0.        ]]), 'outputs': array([[0.94668211],
       [0.5120534 ],
       [0.06521356],
       [0.96361151],
       [0.95477741],
       [0.97570187],
       [1.        ]]), 'errors': 0.047517398170110976}, {'weights': array([[-0.68145537, -0.80573515, -1.97811829, -1.07175904, -2.45759332,
         3.54639316, -2.47225172],
       [ 1.80714702,  2.0505652 ,  1.2374448 ,  1.45405413,  1.7422673 ,
         1.48624993, -4.24320183],
       [-0.41160464, -0.74239386, -0.42661362, -0.61715389, -0.82697511,
         1.15712281, -2.67501211],
       [-1.07679342, -0.70922544, -0.1980191 ,  0.67686188,  2.10829662,
        -1.39537927, -1.96954763],
       [-1.37524936, -0.79859429, -0.7234537 , -0.53555667, -0.07379656,
         0.42578636, -2.46586639],
       [-2.66872613, -1.88756181, -2.02494827, -2.22895257, -2.67212798,
        -5.74365847,  2.45408019]]), 'deltas': array([[-7.21321834e-04],
       [ 1.75224599e-03],
       [-5.39975545e-04],
       [-1.19985769e-02],
       [-1.46880286e-04],
       [-1.08055667e-10]]), 'outputs': array([[2.72307512e-02],
       [9.57214874e-01],
       [2.35155083e-02],
       [1.16538969e-01],
       [1.21939925e-02],
       [1.03950368e-05]]), 'errors': array([[-2.72307512e-02],
       [ 4.27851263e-02],
       [-2.35155083e-02],
       [-1.16538969e-01],
       [-1.21939925e-02],
       [-1.03950368e-05]])}]
Accuracy: 57.14285714285714 %

train_data group 2 length:  172
   0   1   2   3   4   5   6   7   8  ...  36  37  38  39  40  41  42  43  44
0   0   1   0   0   0   0   0   1   0 ...   0   0   0   1   0   0   0   0   0
1   0   1   0   0   0   0   1   0   0 ...   0   0   0   0   1   0   0   0   0
2   0   0   1   0   0   0   0   1   0 ...   0   0   0   1   0   0   0   0   0
3   0   1   0   0   0   0   0   1   0 ...   0   0   0   1   0   0   0   0   0
4   0   0   1   0   0   0   1   0   0 ...   0   0   0   0   1   0   0   0   0

[5 rows x 45 columns]
Initial Neural Network:
[{'weights': array([[ 0.01 ,  0.002,  0.003, -0.003,  0.005,  0.004,  0.009,  0.009,
        -0.004, -0.01 , -0.009, -0.008,  0.   , -0.009,  0.005, -0.008,
        -0.004, -0.002,  0.003, -0.003, -0.005, -0.008, -0.001, -0.006,
         0.003,  0.   ,  0.   , -0.003, -0.004, -0.009,  0.006,  0.01 ,
        -0.002, -0.003, -0.007,  0.005,  0.007,  0.005, -0.001,  0.01 ,
        -0.008, -0.009, -0.004, -0.004, -0.007],
       [ 0.001,  0.005, -0.008,  0.007,  0.001, -0.004, -0.002,  0.005,
        -0.004, -0.009,  0.002, -0.004,  0.002,  0.01 ,  0.008,  0.008,
        -0.007, -0.001, -0.008, -0.01 , -0.001, -0.001,  0.005,  0.008,
        -0.009, -0.001,  0.003,  0.007,  0.001,  0.001,  0.007, -0.005,
        -0.007, -0.006,  0.01 ,  0.003,  0.005, -0.006,  0.007, -0.006,
        -0.004,  0.01 , -0.004,  0.004,  0.007],
       [-0.008,  0.003,  0.008,  0.001, -0.007, -0.007,  0.   , -0.003,
        -0.001, -0.007, -0.002,  0.01 , -0.008,  0.005, -0.01 , -0.001,
        -0.001, -0.001, -0.008,  0.   ,  0.006,  0.004, -0.005,  0.005,
        -0.006,  0.007, -0.002,  0.008,  0.01 , -0.007, -0.008,  0.008,
         0.009,  0.002, -0.004,  0.006,  0.   , -0.004,  0.003,  0.009,
         0.008,  0.009,  0.002,  0.009,  0.   ],
       [-0.009, -0.005,  0.007,  0.01 ,  0.   , -0.008, -0.004,  0.007,
         0.004,  0.008,  0.003, -0.009, -0.002,  0.002, -0.006, -0.006,
        -0.008, -0.005,  0.001, -0.005,  0.008,  0.009,  0.003, -0.005,
        -0.01 , -0.01 , -0.001, -0.01 , -0.008,  0.006, -0.01 ,  0.009,
        -0.003,  0.004,  0.005,  0.007,  0.01 , -0.008,  0.008, -0.002,
        -0.007,  0.002, -0.001, -0.009, -0.007],
       [ 0.004, -0.003, -0.007,  0.001,  0.001,  0.007,  0.005, -0.001,
        -0.002,  0.003, -0.005,  0.01 , -0.009, -0.005, -0.004, -0.007,
         0.   ,  0.01 , -0.004,  0.009, -0.005,  0.007, -0.009,  0.01 ,
         0.002, -0.006,  0.   ,  0.003,  0.002,  0.002, -0.004, -0.005,
         0.005, -0.006,  0.002, -0.001,  0.002, -0.006, -0.009, -0.005,
         0.004,  0.009,  0.004,  0.007, -0.007],
       [-0.006, -0.006, -0.006,  0.008, -0.008,  0.002,  0.   ,  0.004,
         0.004,  0.   ,  0.   ,  0.   ,  0.001,  0.008,  0.002,  0.002,
        -0.008,  0.005,  0.002, -0.006, -0.01 ,  0.004,  0.003,  0.002,
        -0.009, -0.009, -0.006,  0.004, -0.01 ,  0.004,  0.006,  0.005,
         0.   ,  0.005, -0.004, -0.004,  0.008,  0.004,  0.001, -0.003,
        -0.005,  0.   ,  0.002, -0.002,  0.001],
       [-0.005,  0.006, -0.004, -0.004, -0.008,  0.01 ,  0.009,  0.005,
         0.005, -0.005,  0.008, -0.001,  0.001, -0.01 ,  0.002, -0.001,
        -0.002,  0.   ,  0.005,  0.   ,  0.003, -0.004, -0.001, -0.002,
         0.007,  0.004, -0.001,  0.007, -0.007,  0.007,  0.009, -0.009,
         0.   ,  0.   ,  0.004, -0.005,  0.007,  0.004, -0.009, -0.01 ,
         0.   , -0.005, -0.002, -0.009,  0.003]]), 'deltas': array([[0.],
       [0.],
       [0.],
       [0.],
       [0.],
       [0.],
       [0.]]), 'outputs': array([[0.],
       [0.],
       [0.],
       [0.],
       [0.],
       [0.],
       [0.]]), 'errors': array([[0.],
       [0.],
       [0.],
       [0.],
       [0.],
       [0.],
       [0.]])}, {'weights': array([[ 0.01 ,  0.   , -0.007, -0.01 ,  0.003, -0.005,  0.009],
       [ 0.004, -0.004,  0.001, -0.004,  0.   , -0.01 , -0.008],
       [ 0.009, -0.009, -0.005,  0.006,  0.009,  0.009, -0.008],
       [-0.007,  0.002,  0.004, -0.003, -0.01 , -0.007,  0.008],
       [ 0.001, -0.004,  0.008,  0.005,  0.007, -0.009, -0.005],
       [ 0.007,  0.003, -0.007,  0.003, -0.001,  0.01 , -0.003]]), 'deltas': array([[0.],
       [0.],
       [0.],
       [0.],
       [0.],
       [0.],
       [0.]]), 'outputs': array([[0.],
       [0.],
       [0.],
       [0.],
       [0.],
       [0.],
       [0.]]), 'errors': array([[0.],
       [0.],
       [0.],
       [0.],
       [0.],
       [0.],
       [0.]])}]
Training complete!
Training done. epoch: 70 , total error: 0.006169064883987454
[{'weights': array([[ 2.33620126e+00, -3.14183310e+00, -2.24377274e-01,
        -6.79321775e-01,  1.73579590e-01, -5.65895281e-02,
         1.84704255e+00, -2.54634958e+00, -1.03010050e+00,
         2.41245752e-01, -1.88679985e+00, -5.91110475e-01,
        -1.67668499e+00,  3.71875380e+00, -1.13790979e+00,
         1.27258400e-01,  6.08127101e-01, -1.94199103e+00,
        -1.08046092e+00,  7.20315146e-01, -1.66287797e+00,
         1.17891553e+00,  8.53262890e-01, -1.74422721e+00,
        -1.94824544e-01, -6.50113445e-01, -7.36136544e-01,
        -3.51494229e-01,  1.77992920e-01, -7.87584438e-01,
        -9.65443360e-01,  9.75280994e-01,  1.49779480e-02,
        -7.87982443e-01, -6.83708683e-01, -8.42877315e-01,
        -9.11770841e-01,  6.33633233e-01,  2.60972307e-01,
        -3.03978976e+00,  2.67181505e+00, -1.52517037e+00,
         3.45552554e-01, -2.01587817e-02, -1.55975130e+00],
       [-6.05860145e-01,  1.06145080e+00, -2.20735824e+00,
        -1.37545325e+00,  1.32305225e+00, -7.57181709e-01,
         8.74625889e-02, -4.21939364e-01, -1.43468642e+00,
         7.02176328e-01, -1.45388611e+00, -1.22174558e+00,
        -2.65446927e-01,  4.66849667e+00, -3.51958663e+00,
         1.18743322e+00, -4.53948775e-01,  1.66039786e+00,
        -4.24172721e+00,  1.96763204e-02, -2.32205561e+00,
         4.25018329e-01,  7.95977331e-01,  2.80973889e-01,
        -9.88082523e-01,  1.90785044e+00, -2.96238420e+00,
        -1.31641482e+00,  5.70780000e-01, -8.21329973e-01,
        -1.75318114e+00, -6.38932735e-01,  2.35570011e+00,
        -9.62424845e-01,  2.59114705e+00, -3.02095504e+00,
        -2.70572028e+00,  4.76838973e-01,  8.67520711e-01,
         6.38205060e-01, -1.21212045e-01, -2.21143239e+00,
        -2.47812461e+00,  2.36239541e+00, -1.80316858e+00],
       [-3.76175029e-01, -6.73764390e-01,  5.31637954e-01,
        -1.07836344e+00,  6.21869476e-02, -6.40425901e-01,
         1.10058373e+00, -6.25585880e-01, -1.53132415e+00,
         1.47274244e-01, -3.16897164e+00, -1.11960155e+00,
        -2.39580573e+00,  1.25103047e+00,  3.89687049e+00,
         4.13269348e-01,  4.84113470e+00, -5.22504032e+00,
        -1.78980423e+00,  2.17962547e-01, -1.72793771e+00,
         1.15723570e+00,  2.54480933e+00, -2.25781786e+00,
        -1.24376741e+00, -1.44573970e-02, -8.11153580e-01,
        -9.33923694e-01,  2.51056715e-01, -8.07850370e-01,
         8.27607920e-01, -4.45415177e-01, -4.15050046e-01,
        -6.86770283e-01, -3.55675471e-01, -5.12458741e-01,
        -1.39509480e+00,  4.18982420e-01,  3.13768632e-01,
        -1.03075873e+00, -1.28633283e+00,  4.31482844e-01,
         1.47217882e-01,  2.43912875e-01, -1.53147796e+00],
       [ 8.22907152e-01, -2.47795835e+00,  1.14278444e+00,
        -9.68279437e-01,  2.38895134e-01,  7.70479844e-02,
        -3.72911462e-01, -4.20593708e-01, -8.69129393e-01,
         3.47935513e-01, -1.68907169e+00, -5.23325163e-01,
        -1.17500414e+00, -7.42230736e-01,  2.87298066e+00,
         2.60233197e+00, -2.65413150e+00, -1.13236604e+00,
        -9.74747240e-01,  8.91261746e-01, -1.29478109e+00,
         1.65123925e+00, -1.12407868e+00, -4.77075409e-01,
         5.04486612e-03, -9.16716842e-01, -3.01710993e-01,
        -2.82756838e-01,  2.27533606e-01,  3.36103650e-01,
        -1.29751471e+00,  5.47830790e-01,  7.60097622e-02,
        -9.01080564e-01, -7.28211251e-01, -7.05162746e-01,
        -8.18990628e-01,  7.23081607e-01,  3.06631951e-01,
        -5.98723101e-01,  1.12326252e-01, -4.31128730e-01,
        -2.57457102e-01, -8.66683860e-02, -1.25165107e+00],
       [ 9.86659666e-01, -2.48423785e+00, -1.55190280e-01,
         6.75919031e-02,  2.00370213e-01,  3.51236689e-02,
         3.75086655e-01, -1.15393399e+00, -8.41746220e-01,
         2.16663544e-01, -1.74042844e+00, -6.01554681e-01,
        -1.36982267e+00,  4.48602446e-02,  2.27313920e+00,
         1.82759211e+00, -1.72153874e+00, -1.16317238e+00,
        -9.92666230e-01,  6.76978893e-01, -1.47607356e+00,
         1.32417055e+00, -6.24668976e-01, -4.44471040e-01,
        -1.54763322e-01, -8.70732447e-01, -4.04835120e-01,
        -2.98514731e-01,  1.92275955e-01,  5.75026239e-02,
        -2.50940880e+00,  1.72019166e+00,  4.25415431e-02,
        -6.99633376e-01, -7.83362668e-01, -5.81405255e-01,
        -8.52483230e-01,  5.46081000e-01,  2.78363810e-01,
        -1.73882814e+00,  9.28711347e-01, -4.45588293e-01,
        -7.89398301e-03, -9.82072688e-02, -1.38780634e+00],
       [ 3.21204014e+00, -2.93094160e+00, -8.18646003e-01,
        -1.70666558e+00,  5.04640013e-01, -3.55257133e-01,
         1.19161549e+00, -1.05934958e+00, -1.65669438e+00,
         1.68112572e-01, -2.40507113e+00, -9.84583784e-01,
        -1.24441768e+00,  3.32083679e+00, -3.97337227e-01,
        -1.81313617e+00,  5.06006644e+00, -4.04221812e+00,
        -2.61516831e+00,  1.68388313e+00,  5.81429762e-02,
         1.56733557e+00, -6.07555921e+00,  3.24266547e+00,
        -5.24157843e-01, -1.38139665e+00, -4.72051353e-01,
        -5.60454386e-01,  6.71329357e-01,  2.92598983e-01,
        -5.25579640e-01, -8.02382747e-01, -7.52977395e-01,
         8.67677688e-02, -1.28725100e+00, -1.38887783e-01,
        -1.68200216e+00,  1.12670354e+00,  2.64864377e-01,
         5.91723802e-01, -1.63660568e+00,  1.11350942e-01,
        -6.45270537e-01, -1.50771555e-01, -1.72057303e+00],
       [-5.00000000e-03,  6.00000000e-03, -4.00000000e-03,
        -4.00000000e-03, -8.00000000e-03,  1.00000000e-02,
         9.00000000e-03,  5.00000000e-03,  5.00000000e-03,
        -5.00000000e-03,  8.00000000e-03, -1.00000000e-03,
         1.00000000e-03, -1.00000000e-02,  2.00000000e-03,
        -1.00000000e-03, -2.00000000e-03,  0.00000000e+00,
         5.00000000e-03,  0.00000000e+00,  3.00000000e-03,
        -4.00000000e-03, -1.00000000e-03, -2.00000000e-03,
         7.00000000e-03,  4.00000000e-03, -1.00000000e-03,
         7.00000000e-03, -7.00000000e-03,  7.00000000e-03,
         9.00000000e-03, -9.00000000e-03,  0.00000000e+00,
         0.00000000e+00,  4.00000000e-03, -5.00000000e-03,
         7.00000000e-03,  4.00000000e-03, -9.00000000e-03,
        -1.00000000e-02,  0.00000000e+00, -5.00000000e-03,
        -2.00000000e-03, -9.00000000e-03,  3.00000000e-03]]), 'deltas': array([[4.90931013e-03],
       [2.70750113e-03],
       [5.54956876e-03],
       [1.54940868e-04],
       [9.89153239e-04],
       [3.71431464e-06],
       [0.00000000e+00]]), 'outputs': array([[1.32573226e-01],
       [6.80527190e-02],
       [8.46417047e-01],
       [9.96357337e-01],
       [9.76266411e-01],
       [8.70131038e-05],
       [1.00000000e+00]]), 'errors': 0.0426905568941783}, {'weights': array([[ 2.11963089,  0.23069937,  3.75303549,  2.02599059,  1.87583771,
         2.03160653, -4.37482049],
       [-1.20207729,  0.17330806,  0.3311633 , -2.32023944, -0.79287335,
        -1.6728897 , -0.82179801],
       [-0.68409758,  1.16776894,  1.13717982,  1.08724924, -0.74640304,
        -0.94535015, -3.56121141],
       [-0.37450364,  0.70158968, -4.92136513,  0.1174123 , -0.41807449,
         3.76670559, -2.27972582],
       [-0.64937883,  1.1184346 , -2.10064951, -0.29607202, -0.66062765,
        -0.64939274, -2.82178279],
       [-1.99324534, -8.46774883, -4.44749932, -2.04739415, -1.81268023,
        -4.02532233,  1.71636872]]), 'deltas': array([[ 2.37973363e-03],
       [-4.92491401e-04],
       [-8.41279932e-03],
       [-1.39929690e-06],
       [-1.49448175e-05],
       [-1.51403938e-06]]), 'outputs': array([[0.94994885],
       [0.02244548],
       [0.09649504],
       [0.00118362],
       [0.00387336],
       [0.00123122]]), 'errors': array([[ 0.05005115],
       [-0.02244548],
       [-0.09649504],
       [-0.00118362],
       [-0.00387336],
       [-0.00123122]])}]
Accuracy: 57.14285714285714 %

train_data group 3 length:  170
   0   1   2   3   4   5   6   7   8  ...  36  37  38  39  40  41  42  43  44
0   0   1   0   0   0   0   0   1   0 ...   0   0   0   1   0   0   0   0   0
1   0   1   0   0   0   0   1   0   0 ...   0   0   0   0   1   0   0   0   0
2   0   0   1   0   0   0   0   1   0 ...   0   0   0   1   0   0   0   0   0
3   0   1   0   0   0   0   0   1   0 ...   0   0   0   1   0   0   0   0   0
4   0   0   1   0   0   0   1   0   0 ...   0   0   0   0   1   0   0   0   0

[5 rows x 45 columns]
Initial Neural Network:
[{'weights': array([[-0.001,  0.001, -0.006, -0.008,  0.003,  0.005,  0.004,  0.002,
         0.003, -0.001, -0.006,  0.003, -0.008, -0.002, -0.003, -0.004,
        -0.009,  0.01 , -0.008, -0.001, -0.008,  0.01 ,  0.007, -0.006,
        -0.007,  0.   , -0.01 , -0.01 , -0.004,  0.007, -0.002, -0.002,
        -0.008,  0.007, -0.007,  0.003, -0.004, -0.007,  0.006, -0.007,
         0.008, -0.003, -0.002, -0.004,  0.008],
       [ 0.004, -0.004, -0.001, -0.003, -0.006, -0.005,  0.002,  0.009,
        -0.007,  0.009, -0.007,  0.009,  0.009,  0.005,  0.006, -0.01 ,
         0.009, -0.002,  0.001,  0.01 , -0.004,  0.009, -0.001,  0.008,
         0.001,  0.007, -0.005,  0.005,  0.009,  0.003,  0.   , -0.001,
         0.   ,  0.009,  0.008, -0.002,  0.   , -0.006,  0.004,  0.   ,
        -0.003, -0.001,  0.001,  0.   ,  0.008],
       [ 0.   ,  0.004,  0.009,  0.   ,  0.005, -0.002,  0.007,  0.009,
        -0.001, -0.004, -0.002,  0.006, -0.003,  0.003, -0.008, -0.009,
        -0.004,  0.   ,  0.005,  0.008, -0.008,  0.002, -0.004, -0.006,
         0.01 ,  0.003, -0.009,  0.01 ,  0.004,  0.008,  0.   ,  0.003,
        -0.006,  0.006, -0.004,  0.006, -0.007,  0.002, -0.007,  0.003,
         0.01 ,  0.003, -0.004,  0.005,  0.001],
       [-0.008,  0.002,  0.004,  0.001,  0.005,  0.001, -0.006,  0.001,
        -0.009, -0.004, -0.002,  0.001,  0.01 ,  0.001, -0.009,  0.004,
        -0.004,  0.007,  0.006,  0.002,  0.009, -0.009,  0.004, -0.003,
         0.01 ,  0.01 ,  0.006,  0.001, -0.01 , -0.004, -0.006, -0.009,
        -0.006,  0.01 ,  0.   , -0.007, -0.007,  0.007, -0.001,  0.003,
        -0.005, -0.004,  0.007, -0.005, -0.008],
       [ 0.001, -0.002,  0.003,  0.006, -0.004, -0.004,  0.008, -0.003,
        -0.004,  0.006,  0.001,  0.004, -0.01 ,  0.006, -0.001,  0.   ,
         0.002, -0.002, -0.003, -0.007,  0.   ,  0.   ,  0.01 , -0.01 ,
         0.001,  0.003,  0.   , -0.006,  0.001, -0.007,  0.002, -0.007,
         0.001,  0.005,  0.008, -0.006, -0.005, -0.008,  0.002, -0.008,
        -0.004,  0.006, -0.007,  0.01 , -0.008],
       [-0.003,  0.007, -0.01 , -0.004, -0.005,  0.01 , -0.003,  0.005,
        -0.006, -0.008, -0.003, -0.005,  0.009,  0.01 , -0.002,  0.   ,
        -0.008,  0.001,  0.004, -0.009, -0.006,  0.002,  0.004,  0.   ,
        -0.001,  0.001, -0.008, -0.008,  0.01 , -0.006,  0.002,  0.006,
        -0.01 ,  0.   ,  0.006, -0.007,  0.007, -0.007, -0.004,  0.006,
         0.006,  0.008, -0.001,  0.006,  0.008],
       [-0.004, -0.006, -0.006, -0.006, -0.008, -0.003,  0.002,  0.001,
         0.005,  0.   ,  0.001, -0.003,  0.003, -0.007,  0.003, -0.007,
        -0.004, -0.008, -0.01 , -0.005,  0.008, -0.009, -0.006, -0.004,
        -0.002,  0.009, -0.003, -0.007, -0.003, -0.007, -0.006, -0.007,
        -0.003, -0.005,  0.   ,  0.009, -0.007, -0.01 , -0.01 , -0.009,
         0.   , -0.002, -0.005,  0.   , -0.003]]), 'deltas': array([[0.],
       [0.],
       [0.],
       [0.],
       [0.],
       [0.],
       [0.]]), 'outputs': array([[0.],
       [0.],
       [0.],
       [0.],
       [0.],
       [0.],
       [0.]]), 'errors': array([[0.],
       [0.],
       [0.],
       [0.],
       [0.],
       [0.],
       [0.]])}, {'weights': array([[ 0.008,  0.006, -0.003, -0.005, -0.01 ,  0.009,  0.008],
       [ 0.002,  0.005, -0.002, -0.004,  0.   , -0.006, -0.004],
       [-0.002,  0.004, -0.003,  0.006,  0.005,  0.008, -0.005],
       [ 0.002, -0.009, -0.007, -0.005,  0.002,  0.003, -0.009],
       [ 0.009, -0.003, -0.005,  0.006,  0.006, -0.004,  0.01 ],
       [ 0.005,  0.002, -0.002,  0.004,  0.007,  0.003,  0.003]]), 'deltas': array([[0.],
       [0.],
       [0.],
       [0.],
       [0.],
       [0.],
       [0.]]), 'outputs': array([[0.],
       [0.],
       [0.],
       [0.],
       [0.],
       [0.],
       [0.]]), 'errors': array([[0.],
       [0.],
       [0.],
       [0.],
       [0.],
       [0.],
       [0.]])}]
Training complete!
Training done. epoch: 78 , total error: 0.0030594799310340007
[{'weights': array([[-4.71567969e-01, -3.10943943e+00, -8.60940947e-02,
         2.33500485e+00,  5.61542224e-01,  1.65657776e+00,
        -2.87629940e+00,  2.67191971e+00, -1.31472212e+00,
        -8.84030369e-01,  1.25268043e+00,  1.06244908e+00,
        -5.46519906e-01,  8.25045914e-01, -3.36920994e+00,
        -1.56712276e+00,  2.06131227e+00,  5.05039543e-01,
        -1.35968770e+00, -4.11095770e-01,  1.86608206e-02,
        -1.89219729e+00, -1.07724708e+00, -7.75251257e-01,
         2.96248038e+00, -1.20819099e-01, -3.99081548e-01,
        -1.00000000e-02, -2.53653774e-01, -1.59662414e-01,
        -3.53269930e+00,  8.59239942e-01,  3.95252782e-01,
         1.68031457e+00,  9.11484370e-01, -4.50007335e-01,
        -1.28115224e+00,  4.51207808e-02,  6.00000000e-03,
        -1.75323494e+00,  1.12698792e+00,  2.81123304e-01,
        -9.89093798e-02, -3.23521327e-01, -7.51554420e-01],
       [-1.19820900e-01, -2.86943076e+00,  1.63931058e+00,
         1.12163112e+00,  4.82374011e-01,  4.24408930e-01,
         2.39897124e-01,  1.53850151e+00, -9.72644055e-01,
        -9.58099453e-01, -7.49652032e-01, -2.96939622e+00,
        -2.17849252e+00,  7.09366374e+00, -9.10058911e-01,
         4.62585984e+00,  1.44071407e+00, -1.79056397e+00,
        -3.36177467e+00, -6.42171213e-01, -9.92117403e-01,
         1.09914251e+00, -3.95675387e-02, -1.63834841e+00,
         1.84795490e+00,  1.20150976e+00, -6.79323011e-01,
         5.00000000e-03, -2.47122696e-01, -2.05044839e-01,
        -4.68052241e-01,  5.72750881e-01, -8.89259316e-01,
         1.26466957e+00,  3.08078293e+00, -9.29127221e-01,
        -2.43448631e+00,  5.46894650e-01,  4.00000000e-03,
        -2.71606203e+00,  3.31982953e+00,  5.14214714e-01,
         2.06845517e+00, -2.92537332e+00,  2.72064054e-01],
       [-3.90448651e-01, -2.63578081e+00, -9.39877998e-01,
         2.39869888e+00,  5.41306954e-01,  1.79489393e-01,
        -2.90968300e+00,  3.70809447e+00, -1.03558257e+00,
        -9.77419918e-01,  1.64568942e+00,  8.27354809e-01,
        -1.34036384e+00,  9.99359390e-01, -3.18014141e+00,
        -1.57718823e+00,  1.97675795e+00,  3.43428051e-01,
        -1.45278523e+00, -3.34314175e-01,  2.71806500e-01,
        -1.52514156e+00, -1.59952637e+00, -1.25241703e+00,
         3.05517683e+00, -4.67431250e-01, -3.19619368e-01,
         1.00000000e-02, -2.59051014e-01, -1.08568572e-01,
        -3.75771509e+00,  5.30002691e-01,  5.42935068e-01,
         1.76024427e+00,  6.86595132e-01, -5.15263242e-01,
        -1.37721620e+00,  1.58782681e-01, -7.00000000e-03,
        -2.08941041e+00,  1.27296925e+00,  4.24267066e-02,
         5.09116126e-02, -3.03998789e-01, -1.04310163e+00],
       [-2.31361887e-01, -1.47033018e+00, -2.05152427e+00,
         2.57248186e+00,  5.08976953e-01,  4.94932410e-01,
        -3.87185687e+00,  4.42397680e+00, -7.71812656e-01,
        -9.67997216e-01,  2.22469396e+00,  4.02363305e-01,
        -1.30537115e-01, -1.32444350e+00, -1.84683417e+00,
        -2.75828074e+00,  2.60518609e+00,  1.42394970e+00,
        -1.79019301e+00, -1.41419560e-01,  6.23477782e-01,
        -1.79347766e+00, -1.32513195e+00, -8.77201321e-01,
         2.70757563e+00, -4.14213590e-01,  6.53420463e-02,
         1.00000000e-03, -3.20885982e-01,  5.84694676e-01,
        -3.60284298e+00,  1.39816164e-01,  4.66001166e-01,
         1.72157345e+00,  1.28475235e+00, -7.28496110e-01,
        -1.77635383e+00,  5.37340056e-01, -1.00000000e-03,
        -2.69959605e+00,  2.42516240e+00, -1.68686244e-01,
         6.94494052e-02, -3.06087035e-01, -6.83757526e-01],
       [ 4.93038527e-02, -9.18102795e-01, -2.00260846e+00,
         7.70304545e-01,  3.77268056e-01,  5.57111423e-01,
         2.72092457e+00, -2.40833832e+00, -2.39698474e+00,
        -1.97547723e-01, -3.06620438e+00, -3.26491040e+00,
        -4.49360424e-01, -2.14340304e+00,  7.19604344e+00,
        -3.48587413e+00, -2.57171842e+00,  5.82364557e+00,
        -1.21259168e+00, -2.91296145e-01, -1.91224985e-01,
        -7.23561560e-01, -8.75983846e-01, -2.16952063e-01,
         2.80887651e-01, -1.30053179e+00, -6.00110225e-02,
        -6.00000000e-03, -3.63291989e-01, -7.73372375e-02,
         1.28256183e+00, -4.14530998e+00,  3.07838083e-01,
         8.98412503e-01, -8.64222814e-02, -8.17861478e-02,
        -1.85445591e+00,  2.83829540e-01,  2.00000000e-03,
        -2.61582900e-01,  8.84269993e-01,  1.04476522e+00,
         3.31340426e-02, -3.43142116e+00, -1.73583480e+00],
       [ 3.46185346e-01, -7.39509982e-01, -3.13314574e+00,
         2.68312040e+00,  1.93661813e-01,  1.68075089e+00,
         2.16213803e+00, -1.72888004e+00, -2.01831589e+00,
        -7.32381138e-01, -1.59853886e+00, -1.22578205e+00,
         3.28875749e-01,  1.01943200e+00,  8.50325013e-01,
        -4.41512917e+00,  2.61093903e+00,  3.72958457e+00,
        -2.28461162e+00, -2.87470956e-01, -3.61006290e-01,
        -3.83083769e+00,  1.59135674e+00,  1.34026550e+00,
         6.24533577e-01, -3.36676614e-01, -9.34598531e-02,
        -8.00000000e-03, -2.01551689e-01,  1.67974673e-01,
         1.38883825e+00, -4.06513937e+00,  1.33399899e-01,
         1.73223840e+00,  2.36979296e+00, -5.08089317e-01,
        -2.93742067e+00,  4.40028868e-01, -4.00000000e-03,
        -2.08216287e+00,  2.90132246e+00, -3.77443285e-01,
         5.30818326e-01, -1.58222279e+00, -6.26688156e-01],
       [-4.00000000e-03, -6.00000000e-03, -6.00000000e-03,
        -6.00000000e-03, -8.00000000e-03, -3.00000000e-03,
         2.00000000e-03,  1.00000000e-03,  5.00000000e-03,
         0.00000000e+00,  1.00000000e-03, -3.00000000e-03,
         3.00000000e-03, -7.00000000e-03,  3.00000000e-03,
        -7.00000000e-03, -4.00000000e-03, -8.00000000e-03,
        -1.00000000e-02, -5.00000000e-03,  8.00000000e-03,
        -9.00000000e-03, -6.00000000e-03, -4.00000000e-03,
        -2.00000000e-03,  9.00000000e-03, -3.00000000e-03,
        -7.00000000e-03, -3.00000000e-03, -7.00000000e-03,
        -6.00000000e-03, -7.00000000e-03, -3.00000000e-03,
        -5.00000000e-03,  0.00000000e+00,  9.00000000e-03,
        -7.00000000e-03, -1.00000000e-02, -1.00000000e-02,
        -9.00000000e-03,  0.00000000e+00, -2.00000000e-03,
        -5.00000000e-03,  0.00000000e+00, -3.00000000e-03]]), 'deltas': array([[0.00180428],
       [0.00014735],
       [0.0062092 ],
       [0.00418825],
       [0.00216615],
       [0.00034922],
       [0.        ]]), 'outputs': array([[0.92927365],
       [0.99460356],
       [0.34566626],
       [0.81214708],
       [0.08636463],
       [0.98711291],
       [1.        ]]), 'errors': 0.02745235624191716}, {'weights': array([[-2.46588902,  4.08961382, -1.89980096, -2.49384842, -1.78164166,
        -0.65860879, -2.44517439],
       [ 2.03815318,  2.15294918,  2.77365581,  2.32449422,  3.19675315,
         2.85903073, -6.03426853],
       [-1.43234316,  2.13713338, -1.3008233 , -1.36091467, -1.17090995,
        -1.11136849, -3.27137122],
       [ 0.97362307, -4.77186531,  0.59184475,  0.88970541, -3.29704499,
         2.33436578, -2.06419088],
       [-0.57669394, -1.08994609, -0.23323321,  2.09085587, -0.7862652 ,
        -0.6336364 , -2.15521213],
       [-2.44926534, -6.21517193, -2.62997716, -3.11897542, -2.48878029,
        -5.84778472,  2.30802713]]), 'deltas': array([[-2.35037417e-04],
       [ 3.53580534e-04],
       [-2.82150934e-05],
       [-2.34036568e-03],
       [-2.86218094e-03],
       [-2.93835589e-14]]), 'outputs': array([[1.54507577e-02],
       [9.81015188e-01],
       [5.32599017e-03],
       [4.96242772e-02],
       [5.50352232e-02],
       [1.71416347e-07]]), 'errors': array([[-1.54507577e-02],
       [ 1.89848123e-02],
       [-5.32599017e-03],
       [-4.96242772e-02],
       [-5.50352232e-02],
       [-1.71416347e-07]])}]
Accuracy: 45.45454545454545 %

train_data group 4 length:  171
   0   1   2   3   4   5   6   7   8  ...  36  37  38  39  40  41  42  43  44
0   0   1   0   0   0   0   0   1   0 ...   0   0   0   1   0   0   0   0   0
1   0   1   0   0   0   0   1   0   0 ...   0   0   0   0   1   0   0   0   0
2   0   0   1   0   0   0   0   1   0 ...   0   0   0   1   0   0   0   0   0
3   0   1   0   0   0   0   0   1   0 ...   0   0   0   1   0   0   0   0   0
4   0   0   1   0   0   0   1   0   0 ...   0   0   0   0   1   0   0   0   0

[5 rows x 45 columns]
Initial Neural Network:
[{'weights': array([[-0.002, -0.001, -0.007,  0.002,  0.005, -0.009,  0.007, -0.001,
        -0.008, -0.01 ,  0.003, -0.001, -0.006,  0.003, -0.007,  0.007,
        -0.002,  0.009, -0.003, -0.003,  0.009, -0.002, -0.003, -0.009,
        -0.01 ,  0.009, -0.006, -0.006,  0.003, -0.01 , -0.008,  0.006,
         0.003,  0.003, -0.006,  0.   ,  0.004,  0.007,  0.009,  0.01 ,
         0.006,  0.001,  0.001, -0.006,  0.01 ],
       [ 0.004,  0.006,  0.005,  0.003,  0.003, -0.008,  0.003, -0.004,
        -0.01 ,  0.001,  0.009, -0.003, -0.004,  0.01 , -0.004, -0.001,
         0.003,  0.009, -0.005, -0.005,  0.002,  0.008,  0.007,  0.009,
        -0.005,  0.009, -0.003, -0.004,  0.01 ,  0.008,  0.005, -0.002,
        -0.004,  0.008, -0.008,  0.003,  0.006,  0.   ,  0.003,  0.006,
        -0.01 , -0.003,  0.008, -0.009, -0.007],
       [ 0.007,  0.004,  0.009, -0.004, -0.002, -0.004, -0.009, -0.002,
        -0.008,  0.004,  0.002,  0.   , -0.001, -0.003,  0.005, -0.003,
        -0.008, -0.006, -0.007,  0.01 , -0.003, -0.001,  0.003,  0.004,
         0.005,  0.008,  0.007,  0.002, -0.008,  0.001, -0.006,  0.003,
         0.001, -0.01 ,  0.008,  0.009,  0.004,  0.007,  0.008,  0.003,
        -0.004,  0.009,  0.002,  0.003,  0.002],
       [ 0.004,  0.003, -0.008, -0.005,  0.005, -0.002, -0.009, -0.008,
         0.003,  0.01 ,  0.001, -0.002,  0.   ,  0.   , -0.001, -0.002,
         0.004, -0.005,  0.005,  0.006, -0.002, -0.01 , -0.009, -0.001,
         0.004, -0.006, -0.006, -0.004,  0.006, -0.001, -0.002, -0.005,
         0.004,  0.005,  0.001, -0.009, -0.003,  0.005,  0.   , -0.001,
         0.008,  0.004, -0.009,  0.005, -0.01 ],
       [-0.008, -0.006,  0.003, -0.008, -0.005,  0.   ,  0.002,  0.007,
         0.   ,  0.003, -0.001,  0.   , -0.006,  0.007,  0.008,  0.008,
         0.002, -0.01 , -0.006,  0.006,  0.   ,  0.01 , -0.004, -0.008,
         0.005, -0.001,  0.009,  0.002,  0.006,  0.009, -0.006, -0.001,
         0.004, -0.004,  0.006,  0.005,  0.   , -0.008,  0.002,  0.007,
         0.008, -0.01 ,  0.004,  0.007, -0.001],
       [-0.01 , -0.002,  0.002, -0.009, -0.001, -0.004,  0.008,  0.006,
         0.005,  0.004, -0.008, -0.008, -0.005,  0.005, -0.008,  0.004,
        -0.001,  0.   , -0.006,  0.01 , -0.004,  0.008, -0.01 ,  0.003,
         0.003, -0.005, -0.004,  0.007,  0.005, -0.009,  0.007,  0.009,
        -0.01 ,  0.007, -0.005, -0.009, -0.004,  0.01 , -0.007,  0.01 ,
         0.01 , -0.004,  0.003,  0.003, -0.002],
       [ 0.002, -0.001, -0.009, -0.002,  0.008, -0.003,  0.   ,  0.006,
        -0.01 ,  0.004,  0.   ,  0.009, -0.008, -0.005,  0.003,  0.005,
         0.006,  0.004, -0.009,  0.002,  0.005, -0.002, -0.009,  0.002,
         0.004,  0.006,  0.   ,  0.005,  0.   ,  0.01 , -0.005, -0.01 ,
        -0.002,  0.   ,  0.008,  0.009, -0.001,  0.007, -0.003,  0.002,
        -0.009,  0.009, -0.007,  0.005,  0.004]]), 'deltas': array([[0.],
       [0.],
       [0.],
       [0.],
       [0.],
       [0.],
       [0.]]), 'outputs': array([[0.],
       [0.],
       [0.],
       [0.],
       [0.],
       [0.],
       [0.]]), 'errors': array([[0.],
       [0.],
       [0.],
       [0.],
       [0.],
       [0.],
       [0.]])}, {'weights': array([[-0.008, -0.01 , -0.006, -0.004,  0.001,  0.   , -0.006],
       [ 0.004, -0.004,  0.003, -0.004, -0.004, -0.006,  0.001],
       [-0.003, -0.01 , -0.002,  0.007, -0.009,  0.   , -0.004],
       [ 0.009, -0.007, -0.006, -0.005, -0.008,  0.005,  0.008],
       [-0.002,  0.009, -0.007, -0.002, -0.002,  0.009, -0.006],
       [ 0.002,  0.004, -0.008,  0.005,  0.007,  0.007, -0.01 ]]), 'deltas': array([[0.],
       [0.],
       [0.],
       [0.],
       [0.],
       [0.],
       [0.]]), 'outputs': array([[0.],
       [0.],
       [0.],
       [0.],
       [0.],
       [0.],
       [0.]]), 'errors': array([[0.],
       [0.],
       [0.],
       [0.],
       [0.],
       [0.],
       [0.]])}]
Training complete!
Training done. epoch: 45 , total error: 0.0031903930142364507
[{'weights': array([[-6.51273804e-01,  2.50453322e-01, -1.25851279e+00,
        -1.45039553e-01,  9.11600615e-01, -5.77722555e-01,
         5.42677640e-01,  8.64607801e-01, -1.99780059e+00,
         2.57465492e-01, -9.90019690e-01, -6.35611800e-01,
        -4.51559489e-01, -7.65314773e-01,  1.94473354e+00,
        -4.63878113e-01,  3.09891476e+00, -4.94658660e-02,
        -2.69441415e+00, -7.72928845e-01, -1.81802070e+00,
         2.56901653e+00,  1.02089329e-01, -5.74295460e-01,
        -1.18356191e+00,  1.89865174e+00, -1.25308412e+00,
        -1.99277335e+00,  4.57433512e-01, -1.16231809e+00,
        -2.30609938e+00,  1.29491135e+00,  1.52809503e+00,
        -2.50361128e-01,  1.38334472e+00, -1.57633819e+00,
        -1.44756556e+00,  3.20379776e-01,  4.44407040e-01,
        -9.01260285e-01, -8.15609245e-02, -2.58869020e-02,
         1.36935902e-01, -6.00000000e-03, -8.79772209e-01],
       [-2.15187328e+00,  1.23642138e+00,  7.03364580e-02,
        -6.86226983e-01,  4.81132003e-01, -1.68929446e-01,
         1.28646439e+00, -1.14867158e+00, -1.06814877e+00,
         1.00749896e-02, -3.10432202e+00, -1.70368035e+00,
        -1.14587076e+00,  3.29377306e-01,  4.56128541e+00,
         1.14562710e+00,  4.10820505e+00, -4.25328465e+00,
        -1.54366835e+00, -5.27089558e-01, -3.24959876e-02,
         7.43846938e-02,  2.27461389e+00, -2.43206951e+00,
        -9.34643494e-01,  9.24958091e-01, -8.05239933e-01,
        -1.45999608e+00,  2.81067504e-01, -1.14083646e+00,
         2.13529975e+00, -1.84557872e+00,  4.10383448e-01,
        -6.15478435e-01, -2.90411426e-01, -2.63586429e-01,
        -1.06816173e+00,  2.74210269e-01,  2.80738904e-01,
        -8.36467059e-01, -4.00354772e-01, -1.15431884e-01,
         2.82043301e-01, -9.00000000e-03, -1.07821041e+00],
       [ 1.01057246e-01, -1.36210938e+00,  2.17971729e-02,
        -6.50863008e-01,  3.26999321e-01,  1.37248281e-01,
        -8.12581966e-01, -1.00229059e+00, -5.58574188e-02,
         1.37363049e-01, -2.11743511e+00, -2.90533540e-01,
        -1.05492486e+00,  3.21258752e-01,  1.56751612e+00,
         1.26897943e+00, -8.30706232e-01, -1.50646446e+00,
        -1.09238787e+00,  5.69460482e-01,  8.44973710e-03,
         1.69909145e+00, -2.25489940e+00, -8.34497316e-01,
        -1.87263118e-01, -1.02257589e+00, -4.40131624e-01,
        -3.89759977e-01,  2.84348844e-01, -2.24136077e-01,
         1.96142176e-01, -5.33869261e-01,  7.95723608e-02,
        -1.10582784e+00, -1.24873621e+00, -1.50132202e-01,
        -8.38271264e-01,  4.66399250e-01,  2.29621776e-01,
         2.26527525e+00, -3.03668147e-01, -5.97600210e-01,
        -2.93112553e+00,  3.00000000e-03, -1.57511865e+00],
       [ 9.36075325e-01, -2.37145560e+00,  4.80437382e-01,
        -5.25644467e-01,  3.82053548e-01,  1.60464038e-01,
         5.34998844e-01, -1.03446592e+00, -1.00941495e+00,
         2.44884176e-01, -1.46713758e+00, -3.49919390e-01,
        -8.36079995e-01,  3.97457669e-01,  1.15614548e+00,
         2.31881763e+00, -1.94465621e+00, -1.62673557e+00,
        -8.92510368e-01,  1.05555071e+00,  4.71068975e-01,
         1.82979188e-01, -6.07832356e-01, -1.09526787e+00,
        -6.64817520e-02, -1.09084356e+00, -2.31119850e-01,
        -3.23069201e-01,  5.37498796e-01,  3.33836126e-01,
        -1.53419415e+00,  9.69442935e-01,  2.65691918e-01,
        -1.13131064e+00, -5.13476233e-01, -8.38910871e-01,
        -7.06450839e-01,  6.81436700e-01,  2.73867429e-01,
         5.41938147e-01,  6.19043239e-01, -3.60458820e-01,
        -1.89605638e+00,  5.00000000e-03, -1.10753381e+00],
       [ 6.12409408e-01, -2.08168787e+00,  3.93356289e-01,
        -5.88413091e-01,  3.34756258e-01,  9.73018884e-02,
         1.86191757e-01, -1.32287401e+00, -4.59079808e-01,
         2.04881167e-01, -1.78217310e+00, -3.70333434e-01,
        -1.01117406e+00,  4.60600432e-01,  1.40550115e+00,
         2.44956661e+00, -1.92827052e+00, -1.62988306e+00,
        -9.51026893e-01,  7.54034848e-01,  1.54692974e-01,
         5.50988776e-01, -7.94495205e-01, -1.11210724e+00,
        -1.01658310e-01, -1.02430052e+00, -3.17797126e-01,
        -3.41281349e-01,  3.93799984e-01,  9.86521070e-02,
        -1.26949344e+00,  8.24310611e-01,  1.78871678e-01,
        -1.13591996e+00, -6.00227638e-01, -7.27330979e-01,
        -7.33109867e-01,  5.23180344e-01,  2.36909130e-01,
         7.93608104e-01,  6.54706610e-01, -4.93921612e-01,
        -2.25097211e+00,  7.00000000e-03, -1.30657901e+00],
       [ 5.12910805e-01, -2.02347469e+00,  3.77052197e-01,
        -5.61389414e-01,  3.19066458e-01,  5.99305313e-02,
         1.46406923e-01, -1.36661423e+00, -3.55455370e-01,
         1.78897507e-01, -1.87829011e+00, -3.85928746e-01,
        -1.02844194e+00,  4.84448364e-01,  1.42837779e+00,
         2.46283606e+00, -1.91590407e+00, -1.60315581e+00,
        -9.48847373e-01,  6.56236548e-01,  5.87913315e-02,
         6.22499002e-01, -7.91187783e-01, -1.11612303e+00,
        -1.29814159e-01, -1.00308218e+00, -3.48177328e-01,
        -3.35530032e-01,  3.33954896e-01, -8.23593155e-03,
        -1.21343926e+00,  8.26116324e-01,  1.44750996e-01,
        -1.10102677e+00, -6.35586852e-01, -7.07834260e-01,
        -7.36868979e-01,  4.97555531e-01,  2.11899921e-01,
         8.04040429e-01,  6.47228705e-01, -5.11002869e-01,
        -2.27710091e+00,  3.00000000e-03, -1.35783464e+00],
       [ 2.00000000e-03, -1.00000000e-03, -9.00000000e-03,
        -2.00000000e-03,  8.00000000e-03, -3.00000000e-03,
         0.00000000e+00,  6.00000000e-03, -1.00000000e-02,
         4.00000000e-03,  0.00000000e+00,  9.00000000e-03,
        -8.00000000e-03, -5.00000000e-03,  3.00000000e-03,
         5.00000000e-03,  6.00000000e-03,  4.00000000e-03,
        -9.00000000e-03,  2.00000000e-03,  5.00000000e-03,
        -2.00000000e-03, -9.00000000e-03,  2.00000000e-03,
         4.00000000e-03,  6.00000000e-03,  0.00000000e+00,
         5.00000000e-03,  0.00000000e+00,  1.00000000e-02,
        -5.00000000e-03, -1.00000000e-02, -2.00000000e-03,
         0.00000000e+00,  8.00000000e-03,  9.00000000e-03,
        -1.00000000e-03,  7.00000000e-03, -3.00000000e-03,
         2.00000000e-03, -9.00000000e-03,  9.00000000e-03,
        -7.00000000e-03,  5.00000000e-03,  4.00000000e-03]]), 'deltas': array([[3.71088857e-05],
       [2.99280746e-04],
       [2.36781062e-03],
       [5.01049313e-04],
       [4.14739127e-04],
       [4.15368156e-04],
       [0.00000000e+00]]), 'outputs': array([[0.99782747],
       [0.98219994],
       [0.83418335],
       [0.96981908],
       [0.9751547 ],
       [0.97511603],
       [1.        ]]), 'errors': 0.017118169248396285}, {'weights': array([[ 1.14796343,  3.05606186,  1.50629697,  1.13155827,  1.39217928,
         1.44855776, -4.29169928],
       [ 2.60467095, -1.56139002, -1.395528  , -0.86611837, -1.15023447,
        -1.09693574, -1.92330557],
       [ 0.40776935,  1.0441705 , -0.20662792, -0.4369667 , -0.35772891,
        -0.33418765, -3.3001265 ],
       [-0.04526198, -2.62129812, -0.35084468,  2.10375015,  0.36987601,
        -0.23836021, -1.90051996],
       [ 0.93135481, -2.14071099, -0.67944313, -0.53160082, -0.58235393,
        -0.60905302, -2.40655058],
       [-6.90809778, -3.01668232, -2.13815355, -2.65449999, -2.32201926,
        -2.15673939,  1.87622054]]), 'deltas': array([[ 4.63566400e-05],
       [-4.00502105e-05],
       [-1.67475297e-03],
       [-4.23166400e-03],
       [-8.66103086e-06],
       [-3.09032240e-15]]), 'outputs': array([[9.93168051e-01],
       [6.34870871e-03],
       [4.18069879e-02],
       [6.73594354e-02],
       [2.94730946e-03],
       [5.55906698e-08]]), 'errors': array([[ 6.83194883e-03],
       [-6.34870871e-03],
       [-4.18069879e-02],
       [-6.73594354e-02],
       [-2.94730946e-03],
       [-5.55906698e-08]])}]
Accuracy: 46.51162790697674 %

Feedforward Neural Network AVG Accuracy (%): 51.017819389912404 %
