Namespace(error_threshold=0.01, max_epochs=1000, num_layers=2, num_nodes_per_hidden_layer=6, training_rate=0.8)

train_data group 0 length:  171
   0   1   2   3   4   5   6   7   8  ...  36  37  38  39  40  41  42  43  44
0   0   0   1   0   0   0   1   0   0 ...   0   0   0   1   0   0   0   0   0
1   0   1   0   0   0   0   1   0   0 ...   0   0   0   0   0   1   0   0   0
2   0   0   1   0   0   0   0   1   0 ...   0   0   0   1   0   0   0   0   0
3   0   1   0   0   0   0   1   0   0 ...   0   0   0   0   0   1   0   0   0
4   0   0   1   0   0   0   0   1   0 ...   0   0   0   1   0   0   0   0   0

[5 rows x 45 columns]
Initial Neural Network:
[{'weights': array([[ 0.006,  0.009,  0.005,  0.01 ,  0.006,  0.007, -0.004,  0.01 ,
        -0.009,  0.006, -0.009, -0.005,  0.005,  0.   , -0.01 ,  0.008,
        -0.004, -0.009, -0.004,  0.008, -0.009,  0.008,  0.003, -0.003,
         0.01 , -0.003,  0.005, -0.002,  0.003,  0.002, -0.01 ,  0.   ,
         0.004,  0.008,  0.008,  0.004,  0.003, -0.004,  0.001, -0.006,
         0.001, -0.008,  0.008, -0.01 ,  0.008],
       [ 0.005,  0.004, -0.002,  0.   , -0.007,  0.005, -0.005,  0.002,
         0.007,  0.005, -0.008, -0.01 , -0.008, -0.008, -0.006, -0.004,
        -0.002,  0.006, -0.01 , -0.007,  0.005,  0.009,  0.01 ,  0.005,
         0.002, -0.004,  0.003, -0.001, -0.001,  0.005, -0.004,  0.001,
         0.008,  0.   , -0.006,  0.005,  0.006,  0.002,  0.008, -0.006,
         0.01 , -0.001,  0.009,  0.006,  0.004],
       [ 0.004,  0.009, -0.007, -0.009, -0.008, -0.001, -0.001,  0.006,
        -0.008,  0.01 ,  0.004,  0.01 ,  0.001, -0.004, -0.005,  0.001,
        -0.003, -0.002,  0.009,  0.005, -0.003,  0.007,  0.008,  0.003,
        -0.004, -0.006, -0.008, -0.001, -0.007,  0.009, -0.005, -0.006,
         0.   , -0.002,  0.006,  0.001, -0.002, -0.009, -0.003,  0.006,
        -0.001, -0.009, -0.001,  0.01 ,  0.001],
       [-0.007,  0.002, -0.004,  0.004, -0.007, -0.004,  0.008, -0.001,
         0.006,  0.   ,  0.001, -0.007, -0.001, -0.003, -0.002,  0.   ,
        -0.005, -0.008, -0.002, -0.004,  0.01 ,  0.01 ,  0.006,  0.007,
        -0.005,  0.005, -0.003, -0.009,  0.003,  0.002, -0.008,  0.006,
        -0.001,  0.004, -0.008,  0.01 ,  0.009, -0.007,  0.004,  0.008,
        -0.007, -0.005,  0.008, -0.009,  0.009],
       [ 0.006, -0.003,  0.003, -0.008, -0.006,  0.   , -0.001,  0.007,
        -0.007,  0.002, -0.005,  0.002, -0.002,  0.006, -0.003,  0.007,
         0.006,  0.006,  0.   ,  0.001,  0.   , -0.006,  0.002, -0.002,
        -0.007, -0.007, -0.002,  0.008,  0.001,  0.006,  0.004,  0.006,
        -0.001, -0.005,  0.005,  0.005,  0.005, -0.008,  0.   , -0.003,
        -0.005, -0.005, -0.005, -0.001, -0.006],
       [ 0.006, -0.006, -0.008,  0.003,  0.008, -0.005,  0.004, -0.008,
         0.002,  0.   , -0.003, -0.005,  0.   , -0.01 , -0.006, -0.008,
        -0.01 ,  0.005,  0.007, -0.006,  0.003,  0.001,  0.007,  0.   ,
         0.01 ,  0.009, -0.009,  0.003, -0.006,  0.006, -0.006, -0.007,
        -0.008, -0.003, -0.007,  0.005, -0.006, -0.001, -0.006, -0.006,
         0.01 , -0.006,  0.007, -0.008,  0.004],
       [-0.006,  0.   ,  0.008, -0.003,  0.007,  0.006, -0.01 ,  0.006,
         0.003, -0.009,  0.   , -0.006, -0.001,  0.002, -0.001,  0.   ,
         0.   , -0.001,  0.006, -0.004, -0.009,  0.006, -0.004,  0.004,
        -0.008, -0.008,  0.008, -0.007, -0.01 , -0.004,  0.007,  0.006,
         0.005, -0.002, -0.003,  0.008,  0.007,  0.01 ,  0.003,  0.002,
        -0.006,  0.   , -0.007,  0.008,  0.   ]]), 'deltas': array([[0.],
       [0.],
       [0.],
       [0.],
       [0.],
       [0.],
       [0.]]), 'outputs': array([[0.],
       [0.],
       [0.],
       [0.],
       [0.],
       [0.],
       [0.]]), 'errors': array([[0.],
       [0.],
       [0.],
       [0.],
       [0.],
       [0.],
       [0.]])}, {'weights': array([[ 0.005,  0.   , -0.007, -0.007, -0.006,  0.003,  0.007],
       [-0.009, -0.01 ,  0.005,  0.008, -0.004, -0.002, -0.001],
       [ 0.009, -0.009,  0.009, -0.008, -0.01 ,  0.004,  0.001],
       [ 0.   ,  0.01 ,  0.008,  0.004, -0.01 , -0.005, -0.006],
       [ 0.01 , -0.001,  0.006,  0.003,  0.004,  0.01 , -0.009],
       [-0.003, -0.002, -0.005, -0.003, -0.004, -0.005,  0.001]]), 'deltas': array([[0.],
       [0.],
       [0.],
       [0.],
       [0.],
       [0.],
       [0.]]), 'outputs': array([[0.],
       [0.],
       [0.],
       [0.],
       [0.],
       [0.],
       [0.]]), 'errors': array([[0.],
       [0.],
       [0.],
       [0.],
       [0.],
       [0.],
       [0.]])}]
Training complete!
Training done. epoch: 43 , total error: 0.006679368011962105
[{'weights': array([[-4.92093255e-01, -9.46166802e-02, -9.94132420e-01,
        -2.10203407e-01,  1.18742688e-01, -1.05387214e+00,
        -5.48866074e-01, -6.67422177e-01, -2.25645266e-01,
         7.97502581e-01, -1.80689277e+00, -1.46368996e+00,
         1.94291290e-02,  4.68307060e+00, -3.15922008e+00,
         2.01262138e-01, -5.10085061e-01,  1.36581447e+00,
        -3.43000482e+00,  6.63710198e-01, -4.18388169e-02,
        -9.81410274e-01, -5.27019217e-01,  6.51509598e-01,
        -8.00544364e-01,  1.21232984e+00, -2.16540939e+00,
        -1.41093372e+00,  6.58710198e-01, -7.21196608e-01,
        -1.45913216e+00,  1.52867684e-01,  1.12370800e+00,
        -8.00549987e-01,  3.06687509e+00, -2.73165601e+00,
        -2.28335705e+00, -4.00000000e-03,  2.55834900e-01,
         5.93077353e-01, -6.47244837e-01,  8.62443131e-02,
        -2.24981584e+00,  4.94435938e-01, -1.70030307e+00],
       [-3.63504011e-01, -8.68288416e-01,  3.49420706e-01,
        -2.86867034e-01,  5.16137321e-02, -1.41629873e-01,
         5.41030515e-01, -1.83895452e+00,  2.23549865e-01,
         1.12378994e-01, -1.68306804e+00, -2.91493290e-01,
        -1.14434691e+00,  3.73685188e-03,  1.95754637e+00,
         1.51051029e+00, -2.76282382e+00,  9.71812354e-01,
        -9.16131254e-01,  6.20074087e-02, -9.88476854e-01,
         5.45331504e-01,  5.38156823e-01, -1.08771472e+00,
        -9.39217720e-02, -3.23588455e-01, -4.97972807e-01,
        -3.67071170e-01,  6.80074087e-02, -3.19586404e-01,
        -2.08376332e+00,  1.91081748e+00,  1.09662932e-01,
        -7.24755705e-01, -1.12020055e-01, -6.18305603e-01,
        -6.84266386e-01,  2.00000000e-03,  3.09967022e-01,
        -1.29785214e+00,  1.08718423e+00,  4.79449397e-01,
        -1.34473620e+00, -2.36703100e-02, -1.11362502e+00],
       [ 1.84834287e-01, -3.30853535e-01, -1.13459455e+00,
         1.67234450e-01, -6.71905611e-01, -1.16375766e+00,
         2.14472342e+00, -1.92045214e+00, -8.83146883e-01,
         5.43483038e-02, -4.32255148e+00, -7.65508481e-01,
        -2.54607575e+00, -1.09480955e-01,  5.97533171e+00,
        -1.28015987e+00,  4.95314609e+00, -4.34965836e+00,
        -1.35153531e+00,  2.63922476e-01, -1.66760113e+00,
         2.61329641e+00, -7.44498836e-01, -1.42534373e+00,
        -5.39137676e-01, -1.13761281e-01, -6.22795134e-01,
        -1.31165102e+00,  2.51922476e-01, -3.02524353e-01,
         2.47813017e+00, -2.02287648e+00, -3.83284271e-01,
        -1.54773002e+00,  1.83805595e-01, -7.76839770e-01,
        -1.55839784e+00, -9.00000000e-03,  3.79147057e-01,
         1.01184531e+00, -4.17414947e-01,  2.07893363e+00,
        -4.05456131e+00, -3.88087642e-01, -1.77328496e+00],
       [-3.72236667e-01, -1.17013637e+00,  5.19448089e-01,
        -2.50055123e-01,  1.04265312e-01, -7.46423803e-02,
         5.05796995e-01, -1.72203282e+00,  4.84963609e-02,
         9.46670882e-02, -1.52066706e+00, -2.68751940e-01,
        -1.17417031e+00, -5.65473371e-02,  1.85142188e+00,
         1.74895841e+00, -2.33406296e+00,  2.40842949e-01,
        -8.83410709e-01,  5.19575553e-02, -9.06292048e-01,
         5.66813663e-01,  2.52216793e-01, -9.48799626e-01,
        -9.26535386e-02, -4.03185224e-01, -4.69020702e-01,
        -3.47466386e-01,  5.89575553e-02, -3.13396058e-01,
        -2.27876631e+00,  1.99354374e+00,  1.40199146e-01,
        -6.95295267e-01, -2.67443397e-01, -5.74484996e-01,
        -6.53947933e-01, -7.00000000e-03,  3.54161570e-01,
        -1.09887581e+00,  9.94454545e-01,  2.66164363e-01,
        -1.27894350e+00, -4.45143578e-02, -1.14771476e+00],
       [-1.10512406e+00, -1.24717297e+00,  1.05965220e+00,
        -7.30868576e-01,  1.13354086e-01, -5.55339388e-01,
        -8.89161972e-01, -7.24447789e-01,  9.41078444e-02,
         1.73681988e-01, -2.36516552e+00, -6.91933978e-01,
        -1.41900127e+00, -5.42317203e-01,  3.11425866e+00,
         1.54582993e+00, -1.32788090e+00, -8.45169304e-01,
        -1.37832308e+00,  1.23384036e-01, -9.49447512e-01,
         2.03388954e+00, -3.71528151e+00,  8.85100896e-01,
        -1.69420730e-01, -9.03450664e-01, -5.55591908e-01,
        -5.66500781e-01,  1.23384036e-01, -2.53525884e-01,
         2.90249209e-01, -9.97803062e-01,  9.28616031e-03,
        -9.40365740e-01, -3.66250297e-01, -7.22102320e-01,
        -1.11622084e+00, -8.00000000e-03,  3.17414139e-01,
         2.28568744e+00, -1.69982412e+00,  6.39369196e-02,
        -2.31576788e+00, -2.55191686e-01, -1.90815932e+00],
       [-3.76654961e-01, -1.34533785e+00,  6.59507464e-01,
        -2.18555926e-01,  1.09303244e-01, -3.70846788e-02,
         4.74762816e-01, -1.58987816e+00, -1.14558251e-01,
         8.50202450e-02, -1.44072574e+00, -2.45413475e-01,
        -1.14512221e+00, -4.19860299e-03,  1.63672200e+00,
         1.77866198e+00, -2.22288433e+00,  5.15123703e-02,
        -8.28578749e-01,  3.45506985e-02, -8.88420182e-01,
         5.27835192e-01,  2.48809131e-01, -9.50991798e-01,
        -9.09703678e-02, -4.47161770e-01, -4.55678300e-01,
        -3.09448653e-01,  3.45506985e-02, -3.15107357e-01,
        -2.26716480e+00,  1.90213488e+00,  1.35005713e-01,
        -6.47606469e-01, -3.33921473e-01, -5.61200712e-01,
        -6.29955499e-01, -1.00000000e-03,  3.36339658e-01,
        -1.10579638e+00,  1.01551289e+00,  1.37787974e-01,
        -1.19902384e+00, -2.62186633e-02, -1.17073803e+00],
       [-6.00000000e-03,  0.00000000e+00,  8.00000000e-03,
        -3.00000000e-03,  7.00000000e-03,  6.00000000e-03,
        -1.00000000e-02,  6.00000000e-03,  3.00000000e-03,
        -9.00000000e-03,  0.00000000e+00, -6.00000000e-03,
        -1.00000000e-03,  2.00000000e-03, -1.00000000e-03,
         0.00000000e+00,  0.00000000e+00, -1.00000000e-03,
         6.00000000e-03, -4.00000000e-03, -9.00000000e-03,
         6.00000000e-03, -4.00000000e-03,  4.00000000e-03,
        -8.00000000e-03, -8.00000000e-03,  8.00000000e-03,
        -7.00000000e-03, -1.00000000e-02, -4.00000000e-03,
         7.00000000e-03,  6.00000000e-03,  5.00000000e-03,
        -2.00000000e-03, -3.00000000e-03,  8.00000000e-03,
         7.00000000e-03,  1.00000000e-02,  3.00000000e-03,
         2.00000000e-03, -6.00000000e-03,  0.00000000e+00,
        -7.00000000e-03,  8.00000000e-03,  0.00000000e+00]]), 'deltas': array([[0.00016551],
       [0.00706381],
       [0.00027646],
       [0.00700846],
       [0.0021136 ],
       [0.00696841],
       [0.        ]]), 'outputs': array([[0.00588339],
       [0.48039286],
       [0.9901334 ],
       [0.4516234 ],
       [0.91870186],
       [0.43871668],
       [1.        ]]), 'errors': 0.028298765015965822}, {'weights': array([[ 1.03280651,  1.87495986,  3.68920314,  2.0221051 ,  1.66559845,
         1.94197431, -4.28126281],
       [ 1.12006615, -1.02225469, -0.49481353, -1.08995899, -1.90824558,
        -0.83724642, -1.34595641],
       [ 0.80299079, -0.4699351 ,  0.18293517, -0.54007651,  1.73511741,
        -0.58183448, -3.15589868],
       [ 0.63172019, -0.28928125, -2.89994057, -0.46249096, -0.79816563,
        -0.49662597, -1.93491761],
       [ 0.70169285, -0.7740325 , -2.27409295, -0.77002209, -0.84999942,
        -0.75746181, -2.55439541],
       [-8.52474474, -1.69036353, -3.93760136, -1.58893131, -2.14086911,
        -1.4817031 ,  1.52690164]]), 'deltas': array([[ 7.26986784e-04],
       [-5.08124325e-05],
       [-1.11452758e-02],
       [-4.98174239e-06],
       [-1.71965238e-06],
       [-1.96264896e-06]]), 'outputs': array([[0.97266101],
       [0.00715392],
       [0.11203328],
       [0.00223448],
       [0.00131222],
       [0.00140193]]), 'errors': array([[ 0.02733899],
       [-0.00715392],
       [-0.11203328],
       [-0.00223448],
       [-0.00131222],
       [-0.00140193]])}]
neural_net output [5.83287049e-01 3.27430359e-01 1.01354678e-01 1.57483136e-02
 1.66974754e-02 2.14473273e-05]
target: 0 prediction: 0
neural_net output [6.04501081e-01 3.17653969e-01 9.97394230e-02 1.44739544e-02
 1.54866635e-02 2.27685468e-05]
target: 0 prediction: 0
neural_net output [0.83325787 0.01820089 0.20284371 0.00325052 0.0028303  0.00583976]
target: 0 prediction: 0
neural_net output [5.83287049e-01 3.27430359e-01 1.01354678e-01 1.57483136e-02
 1.66974754e-02 2.14473273e-05]
target: 0 prediction: 0
neural_net output [0.9847607  0.01003277 0.01033313 0.00566995 0.00165895 0.0016606 ]
target: 0 prediction: 0
neural_net output [0.41665024 0.14515184 0.06053857 0.00837611 0.00848462 0.01994694]
target: 0 prediction: 0
neural_net output [5.25220222e-01 2.86783025e-01 8.88183203e-02 1.47395548e-02
 1.52832322e-02 1.02066758e-04]
target: 0 prediction: 0
neural_net output [6.16440622e-01 3.16773905e-01 1.06065080e-01 1.44682284e-02
 1.55661944e-02 1.73924888e-05]
target: 0 prediction: 0
neural_net output [5.83287049e-01 3.27430359e-01 1.01354678e-01 1.57483136e-02
 1.66974754e-02 2.14473273e-05]
target: 0 prediction: 0
neural_net output [0.37324122 0.13952738 0.05083463 0.00801285 0.00805931 0.05725963]
target: 0 prediction: 0
neural_net output [0.37324122 0.13952738 0.05083463 0.00801285 0.00805931 0.05725963]
target: 0 prediction: 0
neural_net output [6.04501081e-01 3.17653969e-01 9.97394230e-02 1.44739544e-02
 1.54866635e-02 2.27685468e-05]
target: 0 prediction: 0
neural_net output [6.06493630e-01 3.24741721e-01 1.01800822e-01 1.46568033e-02
 1.57799334e-02 1.92033006e-05]
target: 0 prediction: 0
neural_net output [0.0708599  0.41537764 0.08806502 0.14180757 0.09462943 0.00045405]
target: 0 prediction: 1
neural_net output [6.06493630e-01 3.24741721e-01 1.01800822e-01 1.46568033e-02
 1.57799334e-02 1.92033006e-05]
target: 1 prediction: 0
neural_net output [0.37324122 0.13952738 0.05083463 0.00801285 0.00805931 0.05725963]
target: 1 prediction: 0
neural_net output [0.02655505 0.29875528 0.06544218 0.16220574 0.09673012 0.0392839 ]
target: 1 prediction: 1
neural_net output [0.12046772 0.16600334 0.04080548 0.1285977  0.05485509 0.00902622]
target: 1 prediction: 1
neural_net output [0.39142578 0.13020271 0.0474796  0.00774167 0.0075779  0.06695827]
target: 1 prediction: 0
neural_net output [0.39142578 0.13020271 0.0474796  0.00774167 0.0075779  0.06695827]
target: 1 prediction: 0
neural_net output [0.18551257 0.25240362 0.06982591 0.03349655 0.02741774 0.00448436]
target: 1 prediction: 1
neural_net output [0.03987482 0.43472587 0.08543484 0.21118179 0.13225004 0.00086928]
target: 1 prediction: 1
neural_net output [0.0708599  0.41537764 0.08806502 0.14180757 0.09462943 0.00045405]
target: 1 prediction: 1
neural_net output [6.06493630e-01 3.24741721e-01 1.01800822e-01 1.46568033e-02
 1.57799334e-02 1.92033006e-05]
target: 1 prediction: 0
neural_net output [0.88564978 0.02597516 0.02456651 0.01052846 0.00420378 0.00445073]
target: 1 prediction: 0
neural_net output [0.02028077 0.21961106 0.04407397 0.13353674 0.07428812 0.46560368]
target: 1 prediction: 5
neural_net output [6.08702351e-01 3.24759032e-01 1.02490987e-01 1.46619833e-02
 1.57886740e-02 1.83994472e-05]
target: 1 prediction: 0
neural_net output [6.06493630e-01 3.24741721e-01 1.01800822e-01 1.46568033e-02
 1.57799334e-02 1.92033006e-05]
target: 1 prediction: 0
neural_net output [0.37916391 0.13573167 0.04884533 0.0079026  0.00784748 0.06341204]
target: 1 prediction: 0
neural_net output [0.06297421 0.37306462 0.10721394 0.15854713 0.1024555  0.00049521]
target: 2 prediction: 1
neural_net output [6.06493630e-01 3.24741721e-01 1.01800822e-01 1.46568033e-02
 1.57799334e-02 1.92033006e-05]
target: 2 prediction: 0
neural_net output [6.06493630e-01 3.24741721e-01 1.01800822e-01 1.46568033e-02
 1.57799334e-02 1.92033006e-05]
target: 2 prediction: 0
neural_net output [0.0484492  0.25378808 0.05508417 0.09292803 0.05848899 0.05651005]
target: 3 prediction: 1
neural_net output [0.04116536 0.40908946 0.08076416 0.20311332 0.1243614  0.00125185]
target: 3 prediction: 1
neural_net output [0.01412755 0.20473003 0.04190642 0.12570236 0.07181496 0.80306639]
target: 3 prediction: 5
neural_net output [0.0336936  0.38938629 0.07545337 0.19430345 0.1194314  0.00362499]
target: 4 prediction: 1
neural_net output [0.03259172 0.40491318 0.07827507 0.19885392 0.12421996 0.00301502]
target: 4 prediction: 1
neural_net output [0.01380504 0.20741307 0.04104378 0.12660024 0.07233275 0.8116978 ]
target: 5 prediction: 5
neural_net output [0.01376452 0.20656271 0.04092474 0.12565912 0.07188205 0.81845495]
target: 5 prediction: 5
neural_net output [0.01392825 0.20816641 0.04157232 0.12693557 0.07262996 0.80089748]
target: 5 prediction: 5
neural_net output [0.01380504 0.20741307 0.04104378 0.12660024 0.07233275 0.8116978 ]
target: 5 prediction: 5
neural_net output [0.07071478 0.34372565 0.07422634 0.18688455 0.10352357 0.00064849]
target: 5 prediction: 1
neural_net output [0.01392825 0.20816641 0.04157232 0.12693557 0.07262996 0.80089748]
target: 5 prediction: 5
Accuracy: 53.48837209302325 %

train_data group 1 length:  172
   0   1   2   3   4   5   6   7   8  ...  36  37  38  39  40  41  42  43  44
0   0   1   0   0   0   0   0   1   0 ...   0   0   0   1   0   0   0   0   0
1   0   1   0   0   0   0   1   0   0 ...   0   0   0   0   1   0   0   0   0
2   0   0   1   0   0   0   0   1   0 ...   0   0   0   1   0   0   0   0   0
3   0   1   0   0   0   0   0   1   0 ...   0   0   0   1   0   0   0   0   0
4   0   0   1   0   0   0   1   0   0 ...   0   0   0   0   1   0   0   0   0

[5 rows x 45 columns]
Initial Neural Network:
[{'weights': array([[-0.005,  0.006,  0.009, -0.001, -0.006,  0.003,  0.001,  0.004,
        -0.01 ,  0.006,  0.003, -0.002,  0.   , -0.008, -0.002, -0.01 ,
        -0.009, -0.008,  0.01 ,  0.006, -0.006,  0.003, -0.008,  0.004,
        -0.001, -0.003,  0.003,  0.009,  0.003, -0.007, -0.006,  0.   ,
         0.005,  0.001,  0.002,  0.004,  0.006, -0.003,  0.004, -0.003,
         0.008,  0.006, -0.009, -0.005,  0.007],
       [-0.005,  0.002,  0.005, -0.01 ,  0.004,  0.004,  0.009,  0.007,
         0.001, -0.005, -0.006, -0.009,  0.008,  0.01 ,  0.009,  0.003,
         0.008, -0.006, -0.003, -0.006, -0.003, -0.003, -0.005, -0.009,
        -0.008,  0.006,  0.008, -0.005,  0.009, -0.002,  0.004,  0.006,
        -0.01 ,  0.006,  0.007,  0.006, -0.007,  0.007,  0.008,  0.008,
        -0.008,  0.004, -0.005,  0.001,  0.009],
       [ 0.007, -0.001,  0.009,  0.004, -0.006, -0.008, -0.001,  0.007,
        -0.01 , -0.007, -0.007,  0.005,  0.01 ,  0.009, -0.008,  0.008,
        -0.009,  0.009,  0.005,  0.004, -0.008, -0.008,  0.004, -0.002,
         0.003,  0.004, -0.003, -0.003,  0.01 , -0.001,  0.005, -0.002,
         0.007,  0.009, -0.01 ,  0.005, -0.002,  0.001, -0.003,  0.008,
        -0.001, -0.005,  0.005,  0.003, -0.002],
       [ 0.   ,  0.01 ,  0.006, -0.004,  0.001,  0.008,  0.005, -0.002,
        -0.008,  0.007,  0.   ,  0.007, -0.003, -0.007,  0.008,  0.002,
        -0.009, -0.009,  0.007,  0.008,  0.004,  0.001, -0.01 , -0.002,
         0.008,  0.006,  0.007, -0.004,  0.009,  0.007, -0.005, -0.001,
        -0.009,  0.005, -0.006,  0.01 ,  0.   , -0.005,  0.003,  0.003,
        -0.008,  0.   , -0.01 ,  0.   ,  0.009],
       [ 0.008, -0.001, -0.004, -0.006, -0.01 ,  0.006,  0.005,  0.005,
         0.001, -0.001,  0.   , -0.001, -0.003,  0.007, -0.006, -0.001,
         0.006,  0.008,  0.006,  0.001,  0.009,  0.003, -0.01 , -0.005,
         0.002,  0.003,  0.008,  0.005,  0.008, -0.005, -0.005, -0.007,
         0.002,  0.   , -0.009, -0.003,  0.003, -0.006, -0.01 , -0.008,
        -0.007, -0.008, -0.009,  0.005,  0.001],
       [-0.002, -0.007, -0.008,  0.004,  0.002,  0.01 , -0.01 ,  0.004,
         0.002, -0.005,  0.003, -0.009,  0.009,  0.   ,  0.008, -0.009,
        -0.003,  0.005,  0.01 , -0.004,  0.009, -0.007,  0.009, -0.008,
        -0.009, -0.002, -0.001,  0.008, -0.005, -0.003, -0.009,  0.006,
        -0.004,  0.   , -0.006,  0.006, -0.002, -0.008,  0.006,  0.   ,
        -0.009, -0.005, -0.007,  0.008,  0.005],
       [-0.009,  0.   ,  0.006, -0.003,  0.002, -0.008,  0.008, -0.003,
         0.004, -0.01 ,  0.01 ,  0.   ,  0.004, -0.009,  0.01 ,  0.005,
        -0.002, -0.006, -0.008, -0.001,  0.   , -0.002,  0.002, -0.005,
        -0.009,  0.01 , -0.006,  0.004, -0.002,  0.005, -0.009, -0.005,
        -0.008, -0.009, -0.003,  0.004, -0.01 , -0.003, -0.008,  0.002,
        -0.001, -0.005,  0.007,  0.003, -0.001]]), 'deltas': array([[0.],
       [0.],
       [0.],
       [0.],
       [0.],
       [0.],
       [0.]]), 'outputs': array([[0.],
       [0.],
       [0.],
       [0.],
       [0.],
       [0.],
       [0.]]), 'errors': array([[0.],
       [0.],
       [0.],
       [0.],
       [0.],
       [0.],
       [0.]])}, {'weights': array([[ 0.007,  0.   ,  0.001,  0.01 , -0.005, -0.001,  0.009],
       [-0.001,  0.002, -0.002,  0.008,  0.01 , -0.007, -0.008],
       [-0.008,  0.009, -0.003, -0.007,  0.001,  0.008,  0.005],
       [-0.007, -0.009,  0.008, -0.002, -0.002, -0.01 , -0.003],
       [ 0.002,  0.005,  0.006,  0.006, -0.009,  0.008, -0.01 ],
       [-0.003,  0.009,  0.006, -0.009, -0.001, -0.008,  0.01 ]]), 'deltas': array([[0.],
       [0.],
       [0.],
       [0.],
       [0.],
       [0.],
       [0.]]), 'outputs': array([[0.],
       [0.],
       [0.],
       [0.],
       [0.],
       [0.],
       [0.]]), 'errors': array([[0.],
       [0.],
       [0.],
       [0.],
       [0.],
       [0.],
       [0.]])}]
Training complete!
Training done. epoch: 16 , total error: 0.0022043704669479857
[{'weights': array([[-6.62799492e-01,  4.09572724e-01, -2.04354708e+00,
         1.16233812e+00,  3.98632862e-01,  7.68983468e-01,
         9.31612025e-03, -9.08845711e-01, -6.10256749e-01,
         6.00000000e-03, -2.71354922e-01,  4.07487373e-01,
        -7.82338036e-01, -1.98773203e+00,  1.88613474e+00,
        -9.40801139e-01,  7.70599068e-01,  7.92374542e-02,
        -7.18444642e-01,  5.96063868e-02,  3.87621778e-01,
         6.50552778e-01, -1.35084372e-01, -1.15313701e+00,
        -4.96756050e-01,  4.17510443e-01, -3.83407702e-01,
        -7.11512689e-01, -4.93929245e-02,  6.91806711e-02,
        -1.70681305e+00, -1.63956154e+00,  1.27408223e+00,
         1.25730881e+00,  3.33051832e-01, -6.13095023e-01,
        -6.63219301e-01,  1.85866820e-01,  3.15927990e-02,
        -2.26888613e+00, -1.63329432e-01,  8.18082848e-01,
         9.32273791e-01, -5.99439493e-02, -7.31802872e-01],
       [-4.13659103e-01,  7.79554205e-01, -1.94651293e+00,
         7.67790679e-01,  3.87432680e-01,  2.54325259e-01,
         8.67976527e-01, -7.50250968e-02, -1.44767116e+00,
        -5.00000000e-03, -2.05434529e+00, -4.00915889e-02,
        -1.35282675e+00,  1.61543657e+00,  1.42243259e+00,
         1.05400379e+00,  5.84167659e-01,  6.50695608e-02,
        -2.00198589e+00, -1.26649598e-01, -9.74802432e-01,
         8.95803142e-01,  2.56209498e-01, -5.28151026e-01,
        -9.84536523e-02,  1.98440390e+00, -1.03511814e+00,
        -1.28002975e+00, -7.26504842e-02, -6.74325254e-01,
        -2.12052012e+00,  5.13719335e-01,  1.21690342e+00,
         6.46828147e-01,  2.01082809e+00, -1.50097710e+00,
        -1.01985623e+00,  1.54702330e-01, -4.50915557e-02,
        -8.42105092e-01, -6.90593826e-02,  2.86529558e-01,
         2.54161277e-01, -5.09208295e-02, -4.12394469e-01],
       [-6.35744136e-01,  2.79660116e-01, -2.00195038e+00,
         1.22783745e+00,  3.97864908e-01,  8.11075056e-01,
        -7.99246554e-03, -9.51400438e-01, -6.09014195e-01,
        -7.00000000e-03, -2.23315310e-01,  3.64110214e-01,
        -7.60135236e-01, -1.83954370e+00,  1.72255199e+00,
        -8.31216595e-01,  7.18350977e-01,  6.22072693e-02,
        -7.21510539e-01,  4.38368441e-02,  3.85889283e-01,
         5.95845678e-01, -1.40943888e-01, -1.11838480e+00,
        -4.78738320e-01,  4.32615827e-01, -3.89871778e-01,
        -7.13031534e-01, -6.70445575e-02,  6.10479385e-02,
        -1.73832341e+00, -1.65230856e+00,  1.28124957e+00,
         1.32100242e+00,  3.24872622e-01, -6.25947523e-01,
        -6.73591341e-01,  2.00119902e-01,  2.02142962e-02,
        -2.17451266e+00, -2.23087458e-01,  7.34003676e-01,
         9.78663959e-01, -5.03995582e-02, -7.47332043e-01],
       [-5.74558055e-01,  6.00559253e-01, -3.38328748e+00,
         1.84037677e+00,  3.86840211e-01,  7.21962226e-01,
         5.45193945e-01, -1.30318685e+00, -1.10403861e+00,
         7.00000000e-03, -2.05905263e+00,  5.42377155e-01,
        -1.77117755e+00,  1.13596577e+00,  1.01381795e+00,
        -1.49901985e+00, -9.51460067e-01,  2.80154969e+00,
        -1.42578647e+00, -6.93526063e-02,  5.23128565e-01,
        -7.78820093e-01, -2.16585932e-01, -3.05185850e-01,
        -3.64605987e-01,  1.09672031e+00, -1.06163116e+00,
        -1.07556286e+00, -8.45955834e-02, -7.70534999e-02,
        -1.97235641e+00, -1.81394929e+00,  1.44213707e+00,
         1.27515283e+00,  1.37516087e+00, -1.57258174e+00,
        -1.04276982e+00,  1.43009528e-01, -4.38881326e-02,
        -2.11085652e+00, -6.01676350e-01,  1.24547477e+00,
         4.10642376e-01, -1.01653572e-01, -1.13406930e+00],
       [ 2.16996293e-01, -4.27110889e-01, -1.88960417e+00,
         1.48422669e+00,  3.85236320e-01,  9.16840501e-01,
        -6.21296872e-01,  2.02631015e-01, -6.98430404e-01,
        -1.00000000e-03, -2.33422156e-01,  6.15119589e-01,
        -3.49447763e-01,  1.27204246e-01, -3.79709676e-01,
        -3.96194290e-01, -2.52290296e-01,  5.29902263e-01,
        -7.32453732e-01,  6.53780295e-01,  1.43542385e+00,
        -1.77743486e-02, -6.46984384e-01, -8.32783358e-01,
        -1.56137521e-01,  7.12061846e-01, -3.51938563e-01,
        -5.94501683e-01,  4.11226400e-02,  5.70928830e-01,
        -2.22973199e+00, -1.07710665e+00,  1.23594117e+00,
         1.26771288e+00,  8.35594860e-01, -8.84091931e-01,
        -6.63039983e-01,  6.88113699e-01, -2.18832403e-01,
        -9.74882209e-01, -2.43507006e-01,  5.49195808e-01,
         4.68594521e-01, -4.36568727e-02, -2.16255760e-01],
       [ 2.73196479e-01, -4.87089904e-01, -1.89725555e+00,
         1.48219835e+00,  3.94558019e-01,  9.07396034e-01,
        -6.16785049e-01,  2.38149584e-01, -7.46153171e-01,
        -5.00000000e-03, -2.24536544e-01,  6.31130565e-01,
        -3.61609174e-01,  2.30592208e-01, -4.87969658e-01,
        -3.85226147e-01, -3.50299334e-01,  5.28585944e-01,
        -7.38356391e-01,  7.20903326e-01,  1.48891254e+00,
        -1.08742919e-01, -6.59907741e-01, -8.30005442e-01,
        -1.19649035e-01,  7.12441886e-01, -4.23301415e-01,
        -5.94189423e-01,  8.16563505e-02,  6.14332867e-01,
        -2.25043213e+00, -1.06223289e+00,  1.21961381e+00,
         1.24532575e+00,  8.95409259e-01, -9.40037663e-01,
        -6.64025117e-01,  7.05105337e-01, -2.23844417e-01,
        -9.16924890e-01, -2.56910798e-01,  5.73210458e-01,
         4.04079706e-01, -3.98470793e-02, -2.18392602e-01],
       [-9.00000000e-03,  0.00000000e+00,  6.00000000e-03,
        -3.00000000e-03,  2.00000000e-03, -8.00000000e-03,
         8.00000000e-03, -3.00000000e-03,  4.00000000e-03,
        -1.00000000e-02,  1.00000000e-02,  0.00000000e+00,
         4.00000000e-03, -9.00000000e-03,  1.00000000e-02,
         5.00000000e-03, -2.00000000e-03, -6.00000000e-03,
        -8.00000000e-03, -1.00000000e-03,  0.00000000e+00,
        -2.00000000e-03,  2.00000000e-03, -5.00000000e-03,
        -9.00000000e-03,  1.00000000e-02, -6.00000000e-03,
         4.00000000e-03, -2.00000000e-03,  5.00000000e-03,
        -9.00000000e-03, -5.00000000e-03, -8.00000000e-03,
        -9.00000000e-03, -3.00000000e-03,  4.00000000e-03,
        -1.00000000e-02, -3.00000000e-03, -8.00000000e-03,
         2.00000000e-03, -1.00000000e-03, -5.00000000e-03,
         7.00000000e-03,  3.00000000e-03, -1.00000000e-03]]), 'deltas': array([[0.00466234],
       [0.0004784 ],
       [0.00489623],
       [0.00427758],
       [0.00111651],
       [0.00103136],
       [0.        ]]), 'outputs': array([[0.39030378],
       [0.974955  ],
       [0.49022951],
       [0.32203578],
       [0.93933276],
       [0.94425099],
       [1.        ]]), 'errors': 0.019592389154001744}, {'weights': array([[-0.41845318,  2.09806936, -0.4627932 ,  0.07449462, -1.08738109,
        -1.22562044, -3.04313611],
       [ 1.02059812,  2.47517793,  0.98994095,  1.07777856,  1.15976407,
         1.19755576, -2.5919233 ],
       [-0.60649435,  0.49981222, -0.58313057, -0.04699009, -0.58094944,
        -0.59578295, -2.66501908],
       [-0.52739604, -0.65857871, -0.50497371, -0.78784156,  0.03733041,
         0.10715244, -1.9231365 ],
       [-0.74082671, -0.36400319, -0.73702096, -0.92800911, -0.69733339,
        -0.66914729, -2.29906815],
       [-1.61531092, -4.80409294, -1.60091264, -2.66488116, -1.71466595,
        -1.72746467,  1.84253362]]), 'deltas': array([[-7.72680204e-04],
       [ 1.29692273e-03],
       [-4.48620927e-04],
       [-1.67968901e-03],
       [-5.53199264e-05],
       [-5.51219744e-08]]), 'outputs': array([[2.81975186e-02],
       [9.63307734e-01],
       [2.14111320e-02],
       [4.18699270e-02],
       [7.46565687e-03],
       [2.34808263e-04]]), 'errors': array([[-0.02819752],
       [ 0.03669227],
       [-0.02141113],
       [-0.04186993],
       [-0.00746566],
       [-0.00023481]])}]
Accuracy: 45.23809523809524 %

train_data group 2 length:  172
   0   1   2   3   4   5   6   7   8  ...  36  37  38  39  40  41  42  43  44
0   0   1   0   0   0   0   0   1   0 ...   0   0   0   1   0   0   0   0   0
1   0   1   0   0   0   0   1   0   0 ...   0   0   0   0   1   0   0   0   0
2   0   0   1   0   0   0   0   1   0 ...   0   0   0   1   0   0   0   0   0
3   0   1   0   0   0   0   0   1   0 ...   0   0   0   1   0   0   0   0   0
4   0   0   1   0   0   0   1   0   0 ...   0   0   0   0   1   0   0   0   0

[5 rows x 45 columns]
Initial Neural Network:
[{'weights': array([[ 0.003,  0.01 , -0.001,  0.004,  0.009,  0.01 ,  0.001, -0.005,
         0.002,  0.01 ,  0.002,  0.001, -0.007,  0.   , -0.009,  0.003,
         0.001,  0.008,  0.007,  0.006, -0.009,  0.004, -0.004, -0.001,
        -0.009,  0.009,  0.005, -0.001,  0.004,  0.006, -0.009,  0.003,
         0.002, -0.003, -0.005, -0.001,  0.005, -0.008,  0.004,  0.004,
         0.004,  0.005,  0.007, -0.01 , -0.005],
       [ 0.   ,  0.007, -0.007, -0.01 ,  0.008, -0.005, -0.004, -0.008,
         0.007,  0.007, -0.005,  0.   ,  0.008, -0.005, -0.009,  0.006,
        -0.008, -0.005, -0.01 ,  0.004, -0.002,  0.002, -0.001,  0.002,
         0.006, -0.008, -0.002,  0.003, -0.006,  0.002, -0.005,  0.004,
        -0.009, -0.003, -0.009,  0.001, -0.001,  0.01 ,  0.006, -0.003,
         0.007,  0.003,  0.008, -0.007,  0.003],
       [ 0.   ,  0.004,  0.   ,  0.003, -0.001, -0.006, -0.007,  0.003,
         0.002, -0.009, -0.001, -0.007,  0.005, -0.001, -0.005,  0.003,
        -0.01 , -0.003,  0.002,  0.005, -0.003, -0.008,  0.   ,  0.   ,
         0.004, -0.005,  0.   ,  0.008, -0.004, -0.004, -0.006, -0.001,
         0.009,  0.   ,  0.01 , -0.007,  0.006,  0.003, -0.008,  0.001,
         0.002, -0.003, -0.003,  0.002, -0.004],
       [ 0.005, -0.002, -0.01 ,  0.005,  0.009, -0.001, -0.002, -0.005,
         0.   , -0.005, -0.009,  0.002, -0.006,  0.001,  0.004, -0.009,
        -0.007,  0.003,  0.009,  0.006, -0.004, -0.004, -0.003,  0.004,
         0.006,  0.003,  0.   ,  0.007,  0.001,  0.001,  0.004, -0.004,
        -0.004,  0.002, -0.01 , -0.01 , -0.002, -0.004,  0.007, -0.001,
         0.002, -0.002,  0.01 ,  0.007,  0.001],
       [ 0.005, -0.002, -0.008, -0.006,  0.005, -0.005, -0.004, -0.008,
         0.005,  0.004,  0.008, -0.001, -0.006,  0.01 ,  0.   ,  0.005,
        -0.006, -0.009,  0.002,  0.   ,  0.003,  0.006, -0.005, -0.01 ,
        -0.01 ,  0.001,  0.007, -0.006,  0.004, -0.007,  0.003,  0.006,
         0.   ,  0.005, -0.004,  0.008, -0.006, -0.004, -0.009, -0.007,
         0.002,  0.005,  0.003,  0.001,  0.   ],
       [-0.001, -0.009,  0.003, -0.001,  0.006, -0.005,  0.007,  0.002,
        -0.008, -0.007,  0.004,  0.004,  0.006, -0.003,  0.007,  0.003,
         0.009,  0.007,  0.005,  0.009,  0.001, -0.007,  0.01 ,  0.004,
         0.01 ,  0.002, -0.008,  0.003, -0.005,  0.008,  0.009,  0.004,
         0.006,  0.001,  0.009, -0.003, -0.008,  0.003, -0.01 ,  0.003,
        -0.004,  0.01 , -0.007,  0.01 , -0.003],
       [-0.01 , -0.009,  0.   , -0.007, -0.004, -0.001,  0.007, -0.006,
        -0.009,  0.008, -0.007,  0.   , -0.004,  0.   , -0.002,  0.007,
        -0.002,  0.007,  0.004, -0.003,  0.   ,  0.004,  0.009, -0.001,
        -0.009, -0.006,  0.008,  0.001,  0.007, -0.007, -0.002, -0.009,
        -0.007, -0.01 ,  0.003,  0.007,  0.004, -0.005,  0.009, -0.01 ,
        -0.001,  0.01 , -0.005,  0.007, -0.01 ]]), 'deltas': array([[0.],
       [0.],
       [0.],
       [0.],
       [0.],
       [0.],
       [0.]]), 'outputs': array([[0.],
       [0.],
       [0.],
       [0.],
       [0.],
       [0.],
       [0.]]), 'errors': array([[0.],
       [0.],
       [0.],
       [0.],
       [0.],
       [0.],
       [0.]])}, {'weights': array([[-0.01 , -0.005, -0.008,  0.009, -0.004,  0.003, -0.005],
       [-0.008,  0.   , -0.003,  0.001,  0.003,  0.009, -0.008],
       [-0.01 , -0.004, -0.002, -0.008, -0.009, -0.006,  0.003],
       [ 0.005, -0.002, -0.003, -0.001,  0.001,  0.001, -0.01 ],
       [ 0.006, -0.006,  0.002,  0.002,  0.005,  0.01 , -0.008],
       [ 0.01 ,  0.007, -0.009, -0.004,  0.002, -0.008, -0.009]]), 'deltas': array([[0.],
       [0.],
       [0.],
       [0.],
       [0.],
       [0.],
       [0.]]), 'outputs': array([[0.],
       [0.],
       [0.],
       [0.],
       [0.],
       [0.],
       [0.]]), 'errors': array([[0.],
       [0.],
       [0.],
       [0.],
       [0.],
       [0.],
       [0.]])}]
Training complete!
Training done. epoch: 26 , total error: 0.005775633387002461
[{'weights': array([[ 1.58243046e-01, -2.64145266e-01, -2.99312068e-01,
        -8.80183663e-01,  2.67635113e-03, -2.68621367e-01,
         8.51999709e-01, -5.00820353e-01, -1.51854137e+00,
         1.46261783e-01, -3.47756787e+00, -9.69167635e-01,
        -1.68453893e+00,  1.63834022e+00,  3.17221262e+00,
         3.90510435e-01,  3.08706352e+00, -3.88207816e+00,
        -1.49031522e+00,  6.12097823e-01, -1.18194065e+00,
         1.30285925e+00,  2.70551223e-01, -8.02640417e-01,
        -9.15551011e-01, -7.63192260e-02, -6.40162751e-01,
        -8.15511910e-01,  2.41272287e-01, -4.57164740e-01,
         9.00689907e-01, -7.09484265e-01, -3.31381576e-01,
        -7.11380925e-01, -3.59174247e-01, -3.92710739e-01,
        -1.40680706e+00,  5.90706731e-01,  2.55263720e-01,
         1.29735616e-01, -1.10197762e+00, -1.17320505e-01,
         1.21948960e-01, -3.30108046e-01, -1.31272160e+00],
       [ 1.08755359e+00, -2.11738090e+00,  4.38563512e-01,
        -4.81513701e-01,  2.52728231e-01,  8.41027427e-02,
         4.89085977e-01, -5.18389226e-01, -1.05163954e+00,
         1.75790766e-01, -1.49808940e+00, -3.89477021e-01,
        -4.05356910e-01, -2.07329504e-01,  1.67120356e+00,
         1.58108533e+00, -1.54904314e+00, -1.31366065e+00,
        -8.02491003e-01,  1.25306018e+00, -1.46318970e-01,
         6.04305787e-01, -7.14654162e-01, -4.30861346e-01,
        -1.23520585e-01, -8.98414002e-01,  2.45356893e-01,
        -2.98192628e-01,  1.20200461e-01,  5.31796488e-01,
        -1.86251185e+00,  8.34018170e-01,  2.33078825e-01,
        -5.65430907e-01, -7.04021011e-01, -7.52759842e-01,
        -8.01226766e-01,  1.21404227e+00,  2.32916076e-01,
        -5.83192743e-01,  3.62152468e-01, -3.64216889e-01,
        -7.73633141e-02, -1.47428798e-01, -8.15049276e-01],
       [ 2.74625367e+00, -2.92832872e+00,  6.58884229e-02,
        -1.27297715e+00,  1.59810091e-01, -5.41913935e-02,
         1.84667467e-01, -2.77175012e-01, -1.20071829e+00,
         9.50635466e-02, -2.20077221e+00, -7.93605367e-01,
        -6.38890098e-01,  3.36068541e+00, -9.71771415e-01,
        -3.90040286e-01,  1.30357274e+00, -2.38139892e+00,
        -1.20762354e+00,  1.43713631e+00, -3.59898463e-01,
         1.81664564e+00, -3.19154503e+00,  1.07904773e+00,
        -5.86603562e-01, -6.10960320e-01, -3.71606617e-01,
        -4.81902354e-01,  2.28115605e-01, -1.54732269e-01,
         1.52736820e-01, -7.12238131e-01,  4.55177181e-02,
        -5.68637825e-01, -1.06524097e+00, -5.94461290e-01,
        -1.08421548e+00,  1.31896477e+00,  1.93599282e-01,
        -3.10331949e-01, -7.40275194e-01, -1.13400312e-01,
         1.33612285e-01, -2.05958516e-01, -1.23935369e+00],
       [ 7.37787841e-01, -2.14792455e+00,  5.16190642e-01,
        -4.09447998e-01,  2.65089517e-01,  7.99210085e-02,
         3.67171763e-01, -5.95565042e-01, -1.05139619e+00,
         1.41563909e-01, -1.54486578e+00, -4.01714311e-01,
        -7.59675043e-01, -6.01462196e-02,  1.71309680e+00,
         1.63059390e+00, -1.56340209e+00, -1.14974858e+00,
        -8.01369350e-01,  8.40621572e-01, -4.94858830e-01,
         6.91496502e-01, -6.52389015e-01, -4.40263295e-01,
        -1.50289914e-01, -8.08822516e-01, -3.16230740e-02,
        -2.99575206e-01,  1.05716244e-01,  2.23901727e-01,
        -1.83960731e+00,  8.79825144e-01,  2.43722170e-01,
        -5.54146282e-01, -6.47304926e-01, -6.54660409e-01,
        -8.09744286e-01,  8.07268414e-01,  2.40136656e-01,
        -7.69117642e-01,  3.51708290e-01, -3.61326682e-01,
        -1.16079957e-01, -1.34488561e-01, -1.04430455e+00],
       [ 6.48123870e-01, -2.28113306e+00,  1.00580813e+00,
        -6.55457981e-01,  2.55918111e-01,  4.45708129e-02,
         8.41505732e-03, -1.76886945e-01, -1.06508227e+00,
         1.60242416e-01, -1.61174656e+00, -4.27127348e-01,
        -9.18197920e-01, -1.05737783e-01,  2.05306868e+00,
         2.02842718e+00, -1.75889598e+00, -1.18613514e+00,
        -8.58472771e-01,  7.46335786e-01, -7.03555757e-01,
         1.14582967e+00, -8.58095533e-01, -4.51831298e-01,
        -1.69088012e-01, -6.72588991e-01, -1.19335304e-01,
        -3.24272810e-01,  1.01456176e-01,  1.18109020e-01,
        -1.29811706e+00,  5.39053179e-01,  2.27795691e-01,
        -6.00581761e-01, -5.07538910e-01, -6.19642888e-01,
        -8.52153370e-01,  7.31061368e-01,  2.12532873e-01,
        -3.37964487e-01,  6.75692643e-02, -3.84825602e-01,
        -2.21041340e-01, -1.40478765e-01, -1.02074093e+00],
       [-2.64035789e-01,  1.34684068e+00, -1.92031303e+00,
        -4.06098427e-01,  5.59352384e-01, -6.04858823e-01,
         4.77007482e-01,  1.15897933e-01, -1.24951583e+00,
         5.68215060e-01, -1.37522391e+00, -8.29301437e-01,
        -3.58915222e-01,  1.73933760e+00,  1.59848793e-01,
         7.51328213e-01,  8.74583294e-01,  4.80551021e-01,
        -3.10049826e+00,  3.44781554e-01, -1.29981602e+00,
         1.79879866e+00, -2.50045887e-01, -5.95486284e-02,
        -8.53642302e-01,  1.65649074e+00, -1.50741502e+00,
        -1.29621401e+00,  4.56884112e-01, -3.63622767e-01,
        -1.42375128e+00,  3.55599114e-01,  1.03205785e+00,
        -2.54537092e-01,  2.15144109e+00, -1.96448957e+00,
        -1.78276985e+00,  6.71362696e-01,  2.33201451e-01,
        -9.66880517e-01,  2.14494690e-01, -2.78941641e-01,
        -1.89026233e-01,  5.50099522e-01, -6.85254179e-01],
       [-1.00000000e-02, -9.00000000e-03,  0.00000000e+00,
        -7.00000000e-03, -4.00000000e-03, -1.00000000e-03,
         7.00000000e-03, -6.00000000e-03, -9.00000000e-03,
         8.00000000e-03, -7.00000000e-03,  0.00000000e+00,
        -4.00000000e-03,  0.00000000e+00, -2.00000000e-03,
         7.00000000e-03, -2.00000000e-03,  7.00000000e-03,
         4.00000000e-03, -3.00000000e-03,  0.00000000e+00,
         4.00000000e-03,  9.00000000e-03, -1.00000000e-03,
        -9.00000000e-03, -6.00000000e-03,  8.00000000e-03,
         1.00000000e-03,  7.00000000e-03, -7.00000000e-03,
        -2.00000000e-03, -9.00000000e-03, -7.00000000e-03,
        -1.00000000e-02,  3.00000000e-03,  7.00000000e-03,
         4.00000000e-03, -5.00000000e-03,  9.00000000e-03,
        -1.00000000e-02, -1.00000000e-03,  1.00000000e-02,
        -5.00000000e-03,  7.00000000e-03, -1.00000000e-02]]), 'deltas': array([[0.0010444 ],
       [0.00159623],
       [0.00090329],
       [0.00172381],
       [0.00034905],
       [0.00054661],
       [0.        ]]), 'outputs': array([[0.95614207],
       [0.93117085],
       [0.03768928],
       [0.9251891 ],
       [0.9857827 ],
       [0.97754857],
       [1.        ]]), 'errors': 0.024905466132660807}, {'weights': array([[ 3.26498153,  1.14366678,  1.39512326,  1.2933285 ,  1.52490481,
         0.8587282 , -3.92744631],
       [-1.11914993, -0.89238856, -1.32057305, -0.96348934, -1.33272057,
         3.35964601, -2.96402281],
       [ 0.72821539, -0.21775205,  0.08117086, -0.14467277,  0.160466  ,
         0.43736488, -3.15930539],
       [-2.5423855 , -0.05966433, -0.01619295, -0.39754155, -0.4787968 ,
         0.96213764, -2.09683116],
       [-1.39160371, -0.66514396, -0.72873854, -0.69338378, -0.69047365,
         0.29398698, -2.41474105],
       [-2.48379233, -1.73648236, -2.31344227, -1.58355599, -1.62246209,
        -6.46693291,  2.37255443]]), 'deltas': array([[ 4.25749016e-04],
       [-4.38624792e-04],
       [-9.44457570e-03],
       [-1.23546542e-04],
       [-1.90806540e-05],
       [-2.31738721e-10]]), 'outputs': array([[9.79147760e-01],
       [2.11686249e-02],
       [1.02587681e-01],
       [1.11777963e-02],
       [4.37773358e-03],
       [1.52230828e-05]]), 'errors': array([[ 2.08522397e-02],
       [-2.11686249e-02],
       [-1.02587681e-01],
       [-1.11777963e-02],
       [-4.37773358e-03],
       [-1.52230828e-05]])}]
Accuracy: 52.38095238095239 %

train_data group 3 length:  170
   0   1   2   3   4   5   6   7   8  ...  36  37  38  39  40  41  42  43  44
0   0   1   0   0   0   0   0   1   0 ...   0   0   0   1   0   0   0   0   0
1   0   1   0   0   0   0   1   0   0 ...   0   0   0   0   1   0   0   0   0
2   0   0   1   0   0   0   0   1   0 ...   0   0   0   1   0   0   0   0   0
3   0   1   0   0   0   0   0   1   0 ...   0   0   0   1   0   0   0   0   0
4   0   0   1   0   0   0   1   0   0 ...   0   0   0   0   1   0   0   0   0

[5 rows x 45 columns]
Initial Neural Network:
[{'weights': array([[-0.001,  0.002,  0.004, -0.004,  0.007,  0.007, -0.01 , -0.009,
        -0.009, -0.01 ,  0.005, -0.001,  0.001,  0.   ,  0.002,  0.01 ,
        -0.009,  0.   ,  0.008, -0.002,  0.001,  0.006,  0.005,  0.005,
        -0.01 , -0.003, -0.006,  0.006, -0.009, -0.003, -0.005,  0.008,
         0.003,  0.   ,  0.003, -0.002, -0.003, -0.009, -0.01 , -0.003,
         0.007, -0.001,  0.01 , -0.007,  0.008],
       [-0.009,  0.003,  0.001, -0.01 , -0.001, -0.002, -0.007,  0.009,
         0.004, -0.006,  0.01 , -0.01 , -0.007,  0.001,  0.007,  0.005,
         0.002, -0.01 , -0.001,  0.002, -0.008,  0.01 , -0.005,  0.009,
         0.002,  0.01 , -0.002, -0.006,  0.009, -0.004,  0.008,  0.002,
        -0.006,  0.01 ,  0.003, -0.006, -0.01 , -0.003,  0.006, -0.001,
        -0.002, -0.007,  0.003,  0.007,  0.006],
       [-0.009, -0.002,  0.006, -0.002, -0.006, -0.002, -0.009, -0.001,
         0.01 ,  0.   , -0.01 , -0.003,  0.001, -0.009, -0.003, -0.005,
         0.008, -0.002, -0.008, -0.001, -0.007, -0.008,  0.008,  0.007,
         0.009, -0.009, -0.01 ,  0.   ,  0.003, -0.005,  0.007, -0.003,
        -0.005,  0.003,  0.003,  0.   ,  0.009, -0.004,  0.003,  0.007,
        -0.006,  0.004, -0.01 , -0.003,  0.   ],
       [-0.005,  0.004,  0.003,  0.01 , -0.007,  0.001, -0.005,  0.006,
         0.001,  0.   , -0.01 ,  0.003,  0.001,  0.007, -0.01 ,  0.006,
        -0.002,  0.01 ,  0.005,  0.009, -0.008,  0.001,  0.01 , -0.007,
         0.002,  0.006,  0.008,  0.004, -0.002,  0.006, -0.003, -0.001,
        -0.003, -0.003,  0.002,  0.003,  0.002, -0.01 ,  0.007,  0.   ,
         0.004,  0.01 , -0.001,  0.001,  0.002],
       [-0.007,  0.004,  0.   , -0.01 , -0.01 ,  0.008,  0.006,  0.008,
        -0.003,  0.003, -0.007, -0.001,  0.009,  0.   , -0.007, -0.002,
        -0.008,  0.006,  0.006, -0.006,  0.008,  0.004, -0.001,  0.007,
        -0.008, -0.01 ,  0.006, -0.006,  0.006,  0.006, -0.007,  0.006,
        -0.007,  0.005,  0.003,  0.006,  0.002, -0.007,  0.008, -0.008,
        -0.007,  0.006,  0.006, -0.009,  0.002],
       [-0.003,  0.01 ,  0.   ,  0.008, -0.009,  0.004, -0.007,  0.003,
        -0.001, -0.002, -0.01 ,  0.01 ,  0.   , -0.009, -0.008,  0.01 ,
        -0.009,  0.009,  0.008, -0.005,  0.003,  0.003,  0.01 , -0.003,
         0.006, -0.008, -0.002,  0.003, -0.009,  0.01 , -0.006, -0.009,
        -0.008, -0.004,  0.002, -0.009,  0.002,  0.009, -0.007, -0.006,
        -0.01 ,  0.003,  0.   , -0.004, -0.002],
       [-0.004, -0.01 ,  0.008,  0.001, -0.004,  0.004,  0.003,  0.   ,
         0.002, -0.005,  0.009,  0.008, -0.008,  0.007,  0.003,  0.007,
         0.001,  0.006,  0.01 ,  0.002,  0.004,  0.004, -0.003, -0.006,
        -0.001, -0.001, -0.003, -0.006,  0.003,  0.   ,  0.004, -0.006,
         0.   ,  0.01 , -0.004, -0.003,  0.004, -0.001,  0.002, -0.005,
        -0.001, -0.004, -0.008, -0.008,  0.006]]), 'deltas': array([[0.],
       [0.],
       [0.],
       [0.],
       [0.],
       [0.],
       [0.]]), 'outputs': array([[0.],
       [0.],
       [0.],
       [0.],
       [0.],
       [0.],
       [0.]]), 'errors': array([[0.],
       [0.],
       [0.],
       [0.],
       [0.],
       [0.],
       [0.]])}, {'weights': array([[-0.005,  0.005,  0.001,  0.   ,  0.004, -0.009, -0.005],
       [-0.005,  0.004,  0.005,  0.005,  0.004, -0.005,  0.003],
       [-0.004,  0.001, -0.007,  0.009, -0.008, -0.004, -0.004],
       [-0.004,  0.001,  0.002,  0.009, -0.002,  0.004, -0.01 ],
       [-0.007,  0.004,  0.003,  0.001, -0.002,  0.002, -0.006],
       [-0.005,  0.   ,  0.002,  0.006,  0.002,  0.008, -0.01 ]]), 'deltas': array([[0.],
       [0.],
       [0.],
       [0.],
       [0.],
       [0.],
       [0.]]), 'outputs': array([[0.],
       [0.],
       [0.],
       [0.],
       [0.],
       [0.],
       [0.]]), 'errors': array([[0.],
       [0.],
       [0.],
       [0.],
       [0.],
       [0.],
       [0.]])}]
Training complete!
Training done. epoch: 34 , total error: 0.0020181931604677673
[{'weights': array([[-6.31496249e-01, -2.89700177e-01, -1.66013689e+00,
         1.23854104e+00,  3.10481313e-01,  9.92943830e-01,
         2.50187156e+00, -2.35828546e+00, -1.98575722e+00,
        -2.22083679e-01, -2.46205371e+00, -1.72288803e-01,
        -1.16055448e-01, -3.32661543e+00,  5.04370242e+00,
        -3.81532410e+00, -2.83072804e+00,  7.05666654e+00,
        -1.27754216e+00, -1.66383202e-01, -3.08932601e-01,
        -4.94673724e-01, -1.30434084e-01, -3.49830911e-01,
         2.50560355e-01, -7.28675171e-01, -2.15248826e-01,
         6.00000000e-03, -1.14386969e-01,  2.16879528e-01,
         8.22525897e-01, -4.00216006e+00,  9.17976373e-01,
         1.00746729e+00,  1.25367331e+00, -2.77760494e-01,
        -2.17809510e+00,  1.50871324e-01, -1.00000000e-02,
        -2.06248398e+00, -8.28693932e-02,  1.03950228e+00,
         8.45931003e-01, -7.74390883e-01, -1.03231097e+00],
       [-7.04398446e-02, -2.31063202e-01, -1.27378068e+00,
         9.78083916e-01,  1.73281385e-01,  4.49710501e-01,
         1.13863286e+00,  2.65553274e-01, -1.61160417e+00,
        -6.52210895e-01, -5.65377476e-01, -1.60065915e+00,
        -1.41834189e+00,  2.61139057e+00,  5.66069524e-01,
         1.36172372e+00,  1.91014195e+00, -2.18631643e-01,
        -2.96351717e+00, -4.99635280e-01, -1.16514473e+00,
        -1.09130999e+00,  8.56260245e-01, -7.12125406e-02,
         1.07148859e+00, -5.82821635e-02, -3.48632038e-01,
        -6.00000000e-03,  1.59957803e-02, -5.39887245e-01,
        -2.11796977e+00,  6.95795890e-01,  7.32096661e-01,
         8.32046039e-01,  1.83583493e+00, -7.74398035e-01,
        -1.90381382e+00,  4.18458502e-01,  6.00000000e-03,
        -8.23005817e-01,  1.95606923e+00, -3.59908191e-01,
         8.18282102e-01, -1.99935574e+00, -4.01918421e-01],
       [-5.96505591e-01, -6.42466657e-01, -3.07443461e+00,
         3.19838572e+00,  3.33253595e-01,  1.27380483e+00,
        -2.85472962e+00,  1.84260251e+00, -6.44335430e-01,
        -3.88109841e-01,  1.36483490e-01,  2.29123197e-01,
         2.87756321e-01, -1.85170255e+00,  4.05571993e-01,
        -1.90099031e+00,  1.57541267e+00,  1.25768241e+00,
        -1.20587130e+00, -5.03001024e-01,  5.51781490e-01,
        -5.57507553e-01, -1.16201820e+00, -2.45026808e-01,
         6.53003521e-01, -9.36256571e-02, -5.50735111e-01,
         0.00000000e+00, -1.40406778e-01,  5.85937961e-02,
        -1.82916367e+00, -1.71070821e+00,  9.30993624e-01,
         1.77851692e+00,  7.94837900e-01, -2.88872803e-01,
        -1.12339952e+00, -1.43333123e-01,  3.00000000e-03,
        -2.92491827e+00,  2.19832784e+00, -1.53878641e-01,
         4.16136961e-01, -3.12435434e-01, -7.68767546e-01],
       [ 1.31908808e+00, -1.01772751e+00, -3.24952596e+00,
         1.65577780e+00,  2.52234555e-01,  7.99820713e-01,
         3.20269434e+00, -3.22346160e+00, -1.42078644e+00,
        -4.00420055e-01, -1.97108543e+00, -8.25780964e-01,
        -7.87168563e-01,  1.18574600e+00,  1.34413592e+00,
        -3.54110793e+00,  8.62988047e-01,  3.55197216e+00,
        -1.78258490e+00, -1.08420418e-01,  1.73072317e-01,
        -1.65466761e+00,  1.88478851e+00, -1.78019614e+00,
         3.29849885e-01, -7.86741261e-01, -3.65434792e-01,
         4.00000000e-03,  1.19023016e-01,  4.14350783e-01,
         2.02053687e+00, -5.31871267e+00,  8.85345665e-01,
         9.49326318e-01,  1.13045957e+00, -5.62898116e-01,
        -1.83433310e+00,  2.18618614e-01,  7.00000000e-03,
        -3.48060712e+00,  3.34053516e+00, -4.81481981e-02,
         4.01316861e-01, -1.24424974e+00, -1.04315304e+00],
       [-5.03679387e-01, -2.50461105e+00, -8.79894706e-01,
         2.65610762e+00,  3.04687060e-01,  4.07252096e-01,
        -2.10841396e+00,  3.07576618e+00, -1.32748013e+00,
        -9.29514653e-01,  1.18058902e+00,  7.28942143e-01,
        -6.29058796e-01,  6.48892948e-01, -2.83975578e+00,
        -8.65863489e-01,  1.63227538e+00, -3.57267846e-01,
        -1.29626949e+00, -2.12650214e-02,  3.96927269e-01,
        -1.57233641e+00, -9.17863186e-01, -1.07872402e+00,
         2.27760589e+00, -6.50996841e-01, -6.56682425e-04,
        -6.00000000e-03, -2.50736939e-01, -1.42012518e-01,
        -3.56496390e+00,  2.06084025e-01,  1.01300351e+00,
         1.58649843e+00,  2.06545773e-01, -3.55358651e-01,
        -1.20473262e+00,  4.53155035e-01,  8.00000000e-03,
        -1.10506742e+00,  9.73941056e-01, -4.47361177e-01,
        -6.50492933e-02, -2.72853632e-01, -9.02390462e-01],
       [-4.51175033e-01, -2.15970591e+00, -1.18356048e+00,
         2.70589825e+00,  3.06658236e-01,  3.68780132e-01,
        -2.39577272e+00,  3.56742110e+00, -1.35478667e+00,
        -9.76526773e-01,  1.27601315e+00,  5.75328349e-01,
        -4.73232465e-01,  6.93511697e-01, -2.87650567e+00,
        -1.19310815e+00,  1.62126832e+00,  6.76404841e-02,
        -1.34818856e+00,  7.75029640e-02,  4.47134787e-01,
        -1.68596213e+00, -5.48019703e-01, -1.23385423e+00,
         2.25181634e+00, -6.42100785e-01,  9.56075366e-02,
         3.00000000e-03, -2.60391686e-01, -2.88911272e-02,
        -3.50995260e+00,  1.43178817e-01,  9.64420082e-01,
         1.62635989e+00,  2.91433289e-01, -4.04008692e-01,
        -1.25555810e+00,  5.84248571e-01, -7.00000000e-03,
        -1.25682428e+00,  1.28449356e+00, -5.12290537e-01,
        -3.86358083e-02, -2.81627866e-01, -7.89884934e-01],
       [-4.00000000e-03, -1.00000000e-02,  8.00000000e-03,
         1.00000000e-03, -4.00000000e-03,  4.00000000e-03,
         3.00000000e-03,  0.00000000e+00,  2.00000000e-03,
        -5.00000000e-03,  9.00000000e-03,  8.00000000e-03,
        -8.00000000e-03,  7.00000000e-03,  3.00000000e-03,
         7.00000000e-03,  1.00000000e-03,  6.00000000e-03,
         1.00000000e-02,  2.00000000e-03,  4.00000000e-03,
         4.00000000e-03, -3.00000000e-03, -6.00000000e-03,
        -1.00000000e-03, -1.00000000e-03, -3.00000000e-03,
        -6.00000000e-03,  3.00000000e-03,  0.00000000e+00,
         4.00000000e-03, -6.00000000e-03,  0.00000000e+00,
         1.00000000e-02, -4.00000000e-03, -3.00000000e-03,
         4.00000000e-03, -1.00000000e-03,  2.00000000e-03,
        -5.00000000e-03, -1.00000000e-03, -4.00000000e-03,
        -8.00000000e-03, -8.00000000e-03,  6.00000000e-03]]), 'deltas': array([[0.000139  ],
       [0.00204499],
       [0.00535635],
       [0.00312228],
       [0.00432807],
       [0.00540074],
       [0.        ]]), 'outputs': array([[0.99364708],
       [0.89639858],
       [0.41781304],
       [0.82895222],
       [0.2688045 ],
       [0.43115987],
       [1.        ]]), 'errors': 0.022020357314531638}, {'weights': array([[-1.79187183,  3.44960881, -1.12821303, -0.33419761, -2.10287383,
        -2.35405391, -2.48324789],
       [ 1.83680012,  2.13848937,  2.12147749,  2.22551497,  2.14749908,
         2.23393751, -4.70178757],
       [-0.99856339,  1.4310278 , -0.65223015, -1.26950576, -1.0987811 ,
        -1.06590007, -2.86274192],
       [ 0.27178487, -0.02894922, -0.59155521, -1.30062873,  0.32989344,
         0.24133202, -2.28280687],
       [-0.40193516,  0.24391196, -0.5625406 , -1.49524631,  0.0547708 ,
         0.26122042, -2.71219669],
       [-2.27619566, -6.30026639, -1.9671961 , -3.16126002, -2.1059142 ,
        -2.22932818,  1.86756318]]), 'deltas': array([[-8.37951076e-04],
       [ 1.20151742e-03],
       [-8.85514062e-05],
       [-1.57008374e-03],
       [-1.99058651e-04],
       [-2.72617122e-10]]), 'outputs': array([[2.93822615e-02],
       [9.64708759e-01],
       [9.45498016e-03],
       [4.04508637e-02],
       [1.42101399e-02],
       [1.65112575e-05]]), 'errors': array([[-2.93822615e-02],
       [ 3.52912406e-02],
       [-9.45498016e-03],
       [-4.04508637e-02],
       [-1.42101399e-02],
       [-1.65112575e-05]])}]
Accuracy: 43.18181818181818 %

train_data group 4 length:  171
   0   1   2   3   4   5   6   7   8  ...  36  37  38  39  40  41  42  43  44
0   0   1   0   0   0   0   0   1   0 ...   0   0   0   1   0   0   0   0   0
1   0   1   0   0   0   0   1   0   0 ...   0   0   0   0   1   0   0   0   0
2   0   0   1   0   0   0   0   1   0 ...   0   0   0   1   0   0   0   0   0
3   0   1   0   0   0   0   0   1   0 ...   0   0   0   1   0   0   0   0   0
4   0   0   1   0   0   0   1   0   0 ...   0   0   0   0   1   0   0   0   0

[5 rows x 45 columns]
Initial Neural Network:
[{'weights': array([[ 0.007,  0.007,  0.   , -0.001, -0.004,  0.003,  0.007, -0.01 ,
        -0.01 ,  0.006,  0.007, -0.009, -0.004, -0.006, -0.007, -0.009,
        -0.005,  0.003, -0.007, -0.002, -0.008,  0.009,  0.006,  0.002,
        -0.005, -0.002, -0.004,  0.007,  0.001, -0.008,  0.007, -0.005,
        -0.008,  0.002, -0.007,  0.01 , -0.002, -0.006, -0.006, -0.003,
        -0.008,  0.005, -0.005,  0.001,  0.001],
       [ 0.01 , -0.001,  0.003,  0.009,  0.001, -0.007, -0.01 ,  0.008,
        -0.006, -0.007, -0.002,  0.001,  0.005,  0.   ,  0.001, -0.003,
        -0.01 , -0.001, -0.003,  0.01 ,  0.002,  0.003,  0.01 ,  0.008,
         0.003,  0.005,  0.003,  0.006, -0.001, -0.001, -0.003, -0.001,
         0.   ,  0.01 ,  0.   ,  0.001,  0.003,  0.003, -0.007, -0.01 ,
         0.01 ,  0.004,  0.01 ,  0.003,  0.003],
       [ 0.007,  0.009, -0.009, -0.005, -0.003, -0.008, -0.003,  0.01 ,
         0.009,  0.001, -0.01 ,  0.003, -0.009, -0.004, -0.005, -0.007,
         0.004, -0.007, -0.003,  0.01 , -0.01 , -0.003,  0.001, -0.004,
         0.001,  0.01 , -0.007,  0.003, -0.002,  0.007,  0.004, -0.002,
         0.005, -0.002,  0.   ,  0.008, -0.005,  0.   , -0.008,  0.002,
        -0.001, -0.008, -0.005, -0.004,  0.002],
       [-0.003, -0.01 , -0.002,  0.008,  0.003,  0.008, -0.004, -0.007,
        -0.002,  0.006,  0.001, -0.006,  0.01 ,  0.009,  0.007,  0.008,
        -0.007,  0.001, -0.005,  0.008,  0.005,  0.   , -0.007, -0.005,
         0.005, -0.003, -0.004, -0.006,  0.001,  0.   , -0.008, -0.008,
         0.   ,  0.004,  0.01 ,  0.008, -0.005, -0.003, -0.004,  0.003,
        -0.007, -0.009,  0.003, -0.007,  0.003],
       [-0.004, -0.008,  0.   , -0.006, -0.006,  0.005,  0.01 ,  0.002,
         0.003,  0.004,  0.003, -0.002,  0.001,  0.001, -0.007, -0.007,
        -0.001,  0.001,  0.008, -0.002, -0.001,  0.004, -0.01 ,  0.006,
        -0.007, -0.006,  0.002, -0.009,  0.006,  0.01 , -0.003,  0.007,
         0.01 , -0.003,  0.008,  0.006, -0.001, -0.002,  0.001,  0.008,
        -0.001,  0.   ,  0.004, -0.006, -0.003],
       [ 0.004, -0.005, -0.001,  0.001, -0.002, -0.005,  0.007,  0.008,
        -0.005, -0.005,  0.002,  0.005, -0.006,  0.009,  0.008, -0.005,
         0.   ,  0.007,  0.004, -0.002, -0.004,  0.009, -0.008, -0.007,
        -0.006,  0.009,  0.009, -0.002,  0.004, -0.001,  0.005, -0.003,
        -0.01 , -0.005, -0.005,  0.005, -0.009, -0.007,  0.01 , -0.009,
         0.001,  0.   , -0.004,  0.004, -0.001],
       [ 0.009,  0.   , -0.002,  0.009, -0.006, -0.005, -0.01 , -0.01 ,
         0.003,  0.009,  0.009,  0.   ,  0.007, -0.007,  0.005, -0.006,
        -0.009,  0.006, -0.001, -0.004,  0.01 ,  0.006,  0.001, -0.01 ,
         0.   , -0.002,  0.009, -0.004, -0.001,  0.004,  0.003,  0.   ,
         0.005,  0.   ,  0.007,  0.004, -0.01 , -0.009,  0.007,  0.009,
        -0.008,  0.003, -0.004, -0.003, -0.006]]), 'deltas': array([[0.],
       [0.],
       [0.],
       [0.],
       [0.],
       [0.],
       [0.]]), 'outputs': array([[0.],
       [0.],
       [0.],
       [0.],
       [0.],
       [0.],
       [0.]]), 'errors': array([[0.],
       [0.],
       [0.],
       [0.],
       [0.],
       [0.],
       [0.]])}, {'weights': array([[ 0.006, -0.009,  0.008,  0.01 , -0.003, -0.002,  0.002],
       [ 0.003, -0.008,  0.009,  0.006,  0.007,  0.005,  0.003],
       [-0.002,  0.007, -0.01 ,  0.007, -0.005,  0.005,  0.006],
       [-0.006, -0.005,  0.004,  0.001, -0.01 , -0.006,  0.004],
       [ 0.004, -0.003,  0.001,  0.01 , -0.005, -0.007, -0.008],
       [ 0.008, -0.007, -0.008, -0.003, -0.002,  0.01 , -0.007]]), 'deltas': array([[0.],
       [0.],
       [0.],
       [0.],
       [0.],
       [0.],
       [0.]]), 'outputs': array([[0.],
       [0.],
       [0.],
       [0.],
       [0.],
       [0.],
       [0.]]), 'errors': array([[0.],
       [0.],
       [0.],
       [0.],
       [0.],
       [0.],
       [0.]])}]
Training complete!
Training done. epoch: 14 , total error: 0.004529317231933432
[{'weights': array([[-1.14815581e-01, -1.71008155e+00,  7.02833299e-01,
        -1.46474264e-01,  2.33440435e-01, -3.23191868e-02,
         1.81632466e-01, -6.26524376e-01, -5.48048853e-01,
        -2.28377172e-02, -1.47192477e+00, -4.54994115e-01,
        -8.39102264e-01,  4.72274149e-01,  1.23064933e+00,
         1.77916069e+00, -1.26441358e+00, -9.37562245e-01,
        -7.59278248e-01,  1.17995713e-01,  1.28455889e-02,
         4.22042953e-01, -6.12648403e-01, -6.63327800e-01,
        -1.99010005e-01, -5.52572104e-01, -3.03378820e-01,
        -2.07872331e-01,  2.17255889e-02, -2.62710735e-01,
        -9.19980403e-01,  3.75622479e-01,  2.11922613e-01,
        -4.60951620e-01, -3.65802495e-01, -3.76766829e-01,
        -7.74220596e-01,  2.17659785e-01,  2.44032469e-01,
        -2.21609710e-02,  9.42340823e-02, -4.01491304e-01,
        -7.25679473e-01,  1.00000000e-03, -1.04309767e+00],
       [ 1.33828854e-01, -1.72130229e+00,  8.19849575e-01,
        -2.45389729e-01,  2.57715662e-01,  2.16126147e-02,
        -1.05132661e-02, -3.15646603e-01, -4.64292099e-01,
        -3.04585782e-02, -1.45020276e+00, -3.76319869e-01,
        -5.88329154e-01,  2.33710871e-01,  1.40884298e+00,
         1.87605780e+00, -1.42670983e+00, -9.81795928e-01,
        -7.21487283e-01,  4.69637314e-01,  2.63684031e-01,
         6.17725612e-01, -8.68274739e-01, -6.02462921e-01,
        -1.61969915e-01, -5.87050991e-01, -1.51571292e-02,
        -1.80147470e-01,  1.80576584e-02, -2.75427606e-02,
        -6.10531240e-01,  1.60060856e-01,  2.29928526e-01,
        -5.24213313e-01, -4.90224507e-01, -3.75546195e-01,
        -7.11334484e-01,  5.39505335e-01,  2.60301919e-01,
         2.74812951e-01, -3.82662412e-02, -2.61960984e-01,
        -7.37883658e-01,  3.00000000e-03, -7.74297932e-01],
       [-2.13065809e-01,  5.20075139e-01, -9.70972451e-01,
        -1.59045667e-01,  5.58055881e-01, -3.08730668e-01,
         1.02164068e+00,  9.02216766e-02, -1.14528713e+00,
         8.72025357e-02, -1.06637255e+00, -8.94375155e-01,
        -7.11492993e-01,  8.29027912e-01,  1.55425988e+00,
         9.17132222e-01,  1.25108659e+00, -5.69978499e-01,
        -1.92263645e+00,  5.74432276e-02, -4.14749788e-01,
         8.20690082e-01,  6.99761520e-01, -5.18555536e-01,
        -8.66099186e-01,  1.31321057e+00, -8.40180545e-01,
        -1.14903625e+00,  4.16053322e-01, -3.29925896e-01,
        -6.91530464e-01,  2.75146280e-01,  5.80484053e-01,
        -8.61268816e-02,  1.52271305e+00, -1.26007323e+00,
        -1.28118750e+00,  3.70071788e-01,  3.79522982e-01,
        -5.20976692e-01,  9.01685746e-03,  2.22520336e-01,
         1.34865898e-02, -4.00000000e-03, -2.61952908e-01],
       [ 2.82767911e-01, -1.69442784e+00,  7.53337002e-01,
        -2.73760091e-01,  2.58339417e-01,  3.93615819e-02,
         1.85162585e-03, -2.20806103e-01, -4.70384617e-01,
        -1.87660871e-02, -1.42583971e+00, -3.55649608e-01,
        -4.12538314e-01,  1.58052742e-01,  1.38723129e+00,
         1.85237386e+00, -1.42161807e+00, -1.07581938e+00,
        -6.97620169e-01,  6.77940169e-01,  4.27266365e-01,
         6.00871150e-01, -9.48948372e-01, -5.91517158e-01,
        -1.59415585e-01, -6.70104757e-01,  1.46781067e-01,
        -1.85130524e-01,  2.67106158e-02,  1.26722072e-01,
        -6.00552975e-01,  1.24660047e-01,  2.17337121e-01,
        -5.49909863e-01, -5.81949676e-01, -3.86259919e-01,
        -6.82862365e-01,  7.26054539e-01,  2.61273822e-01,
         3.77721606e-01, -4.95742666e-02, -2.43642961e-01,
        -7.64247978e-01, -7.00000000e-03, -6.66743599e-01],
       [ 1.81880494e-01, -1.69547928e+00,  7.80640433e-01,
        -2.68863749e-01,  2.46430621e-01,  3.38494812e-02,
         1.28500015e-02, -2.86635897e-01, -4.48428456e-01,
        -1.90266087e-02, -1.43504305e+00, -3.61078795e-01,
        -5.24347748e-01,  2.00991267e-01,  1.38408685e+00,
         1.86338175e+00, -1.41632059e+00, -1.01870681e+00,
        -6.99453206e-01,  5.38707376e-01,  3.17968309e-01,
         6.15904826e-01, -9.04132703e-01, -5.97937243e-01,
        -1.71194668e-01, -6.24709819e-01,  4.80043176e-02,
        -1.90752283e-01,  2.90663046e-02,  4.18609195e-02,
        -5.96227672e-01,  1.60722025e-01,  2.27352136e-01,
        -5.44098888e-01, -5.24441977e-01, -3.68349880e-01,
        -6.92294351e-01,  6.02088788e-01,  2.63605940e-01,
         3.35462162e-01, -4.39981274e-02, -2.49982809e-01,
        -7.61872705e-01, -6.00000000e-03, -7.34391480e-01],
       [-4.00826289e-01,  2.43118130e-01, -6.38375453e-01,
        -4.16748003e-01,  2.87916873e-01, -6.41697531e-01,
         8.69083841e-01, -1.22338924e-01, -1.00410840e+00,
        -2.28537284e-02, -2.55927041e+00, -1.07479647e+00,
        -1.29334018e+00,  1.16406960e+00,  2.85942271e+00,
         1.57888166e+00,  2.13050037e+00, -3.26696172e+00,
        -1.22593241e+00, -1.34402647e-01,  4.93220707e-02,
         9.21148319e-02,  4.61592192e-01, -1.04063930e+00,
        -5.00304539e-01,  3.87030119e-01, -6.78337504e-01,
        -7.34534561e-01,  1.23927204e-01, -8.92247421e-01,
         1.48929953e+00, -1.09633462e+00, -3.46772534e-02,
        -4.01954978e-01,  4.57629542e-02, -3.34091311e-01,
        -1.00737671e+00,  9.65361609e-02,  2.71254163e-01,
        -7.75531455e-01, -4.38987992e-01,  1.60905871e-01,
         1.19698834e-01,  4.00000000e-03, -9.22914742e-01],
       [ 9.00000000e-03,  0.00000000e+00, -2.00000000e-03,
         9.00000000e-03, -6.00000000e-03, -5.00000000e-03,
        -1.00000000e-02, -1.00000000e-02,  3.00000000e-03,
         9.00000000e-03,  9.00000000e-03,  0.00000000e+00,
         7.00000000e-03, -7.00000000e-03,  5.00000000e-03,
        -6.00000000e-03, -9.00000000e-03,  6.00000000e-03,
        -1.00000000e-03, -4.00000000e-03,  1.00000000e-02,
         6.00000000e-03,  1.00000000e-03, -1.00000000e-02,
         0.00000000e+00, -2.00000000e-03,  9.00000000e-03,
        -4.00000000e-03, -1.00000000e-03,  4.00000000e-03,
         3.00000000e-03,  0.00000000e+00,  5.00000000e-03,
         0.00000000e+00,  7.00000000e-03,  4.00000000e-03,
        -1.00000000e-02, -9.00000000e-03,  7.00000000e-03,
         9.00000000e-03, -8.00000000e-03,  3.00000000e-03,
        -4.00000000e-03, -3.00000000e-03, -6.00000000e-03]]), 'deltas': array([[0.00354275],
       [0.00310288],
       [0.00022349],
       [0.00354238],
       [0.00318697],
       [0.00717589],
       [0.        ]]), 'outputs': array([[0.87231572],
       [0.8904463 ],
       [0.99292348],
       [0.87233133],
       [0.88704572],
       [0.65619416],
       [1.        ]]), 'errors': 0.03180752855818684}, {'weights': array([[ 0.87397701,  1.14279948,  0.89317222,  1.14391947,  1.12183146,
         2.33221114, -3.53951017],
       [-0.41672262, -0.96557554,  2.96673816, -1.05084817, -0.9897886 ,
        -1.09365757, -1.92898771],
       [-0.34673166, -0.39491804,  0.08363236, -0.41918493, -0.42704428,
         0.4874271 , -2.76732614],
       [-0.62409307, -0.53756672, -0.01295566, -0.43966949, -0.49837338,
        -1.55638135, -1.8194603 ],
       [-0.75511407, -0.72440379, -0.28533633, -0.69365217, -0.72239714,
        -1.20819315, -2.03541909],
       [-1.39031831, -1.29470634, -4.76667857, -1.27231343, -1.25427396,
        -2.33915871,  1.75913866]]), 'deltas': array([[ 4.19993356e-03],
       [-3.69879345e-03],
       [-5.05182495e-04],
       [-8.01971393e-05],
       [-1.19752120e-05],
       [-1.25428172e-08]]), 'outputs': array([[9.32903022e-01],
       [6.28230834e-02],
       [2.27362191e-02],
       [8.99583953e-03],
       [3.46653558e-03],
       [1.12000992e-04]]), 'errors': array([[ 0.06709698],
       [-0.06282308],
       [-0.02273622],
       [-0.00899584],
       [-0.00346654],
       [-0.000112  ]])}]
Accuracy: 53.48837209302325 %

Feedforward Neural Network AVG Accuracy (%): 49.55552199738246 %
