Namespace(error_threshold=0.01, max_epochs=1000, num_layers=2, num_nodes_per_hidden_layer=6, training_rate=0.5)

train_data group 0 length:  171
   0   1   2   3   4   5   6   7   8  ...  36  37  38  39  40  41  42  43  44
0   0   0   1   0   0   0   1   0   0 ...   0   0   0   1   0   0   0   0   0
1   0   1   0   0   0   0   1   0   0 ...   0   0   0   0   0   1   0   0   0
2   0   0   1   0   0   0   0   1   0 ...   0   0   0   1   0   0   0   0   0
3   0   1   0   0   0   0   1   0   0 ...   0   0   0   0   0   1   0   0   0
4   0   0   1   0   0   0   0   1   0 ...   0   0   0   1   0   0   0   0   0

[5 rows x 45 columns]
Initial Neural Network:
[{'weights': array([[ 0.006, -0.009,  0.005, -0.007,  0.004,  0.007, -0.005, -0.01 ,
         0.01 , -0.006,  0.001, -0.003,  0.003, -0.004, -0.001,  0.001,
         0.007,  0.002,  0.005,  0.009, -0.005, -0.008,  0.005,  0.001,
         0.007, -0.009,  0.009,  0.   , -0.002,  0.006,  0.006,  0.01 ,
        -0.008, -0.001, -0.008,  0.006,  0.009,  0.   ,  0.002, -0.001,
         0.   ,  0.   ,  0.005,  0.002, -0.003],
       [ 0.006,  0.002, -0.003, -0.009, -0.004,  0.   , -0.005, -0.004,
        -0.009,  0.004,  0.002,  0.002,  0.01 , -0.007,  0.006, -0.006,
         0.005,  0.007, -0.01 ,  0.003, -0.009,  0.003, -0.009, -0.008,
         0.   ,  0.01 ,  0.001,  0.01 , -0.004, -0.002,  0.006,  0.001,
        -0.004,  0.009,  0.008, -0.002, -0.003,  0.001, -0.005,  0.001,
         0.003,  0.008, -0.002,  0.002, -0.009],
       [-0.009,  0.003,  0.001, -0.008, -0.009, -0.006, -0.003,  0.   ,
         0.01 , -0.001,  0.008, -0.002,  0.   , -0.005,  0.009, -0.002,
        -0.006, -0.01 ,  0.007, -0.01 ,  0.   , -0.006,  0.007,  0.01 ,
         0.   , -0.003, -0.006, -0.001,  0.005, -0.003,  0.01 ,  0.009,
        -0.006,  0.005,  0.005,  0.01 , -0.01 ,  0.004, -0.005, -0.01 ,
         0.008,  0.006, -0.007,  0.   ,  0.008],
       [ 0.008, -0.006, -0.006, -0.008,  0.006,  0.009, -0.005, -0.003,
         0.004, -0.001,  0.   ,  0.007,  0.005, -0.007,  0.   , -0.003,
        -0.002,  0.009,  0.008,  0.003,  0.003,  0.   , -0.005,  0.007,
         0.004, -0.007, -0.002,  0.01 , -0.006, -0.001,  0.007, -0.004,
         0.003,  0.003,  0.01 ,  0.009,  0.01 ,  0.009,  0.001,  0.   ,
        -0.004,  0.01 , -0.002, -0.01 ,  0.005],
       [ 0.009, -0.008,  0.005,  0.002, -0.003,  0.006, -0.008,  0.005,
        -0.007, -0.004,  0.008,  0.001, -0.009, -0.007,  0.   ,  0.006,
         0.009,  0.   ,  0.008,  0.008,  0.003,  0.007,  0.01 , -0.002,
         0.   ,  0.002, -0.005, -0.001,  0.007,  0.002,  0.   , -0.009,
        -0.004, -0.009, -0.007,  0.002,  0.008,  0.005, -0.008,  0.   ,
         0.002, -0.006, -0.003,  0.006,  0.001],
       [-0.009,  0.   ,  0.005, -0.003, -0.01 ,  0.   ,  0.003,  0.   ,
         0.01 , -0.006, -0.003, -0.01 , -0.003, -0.003,  0.   , -0.001,
         0.008, -0.002,  0.003,  0.003, -0.002,  0.   ,  0.01 , -0.009,
         0.   ,  0.002, -0.001,  0.003,  0.001, -0.008,  0.005, -0.009,
         0.01 ,  0.008,  0.001,  0.007, -0.002,  0.01 ,  0.006, -0.004,
        -0.001, -0.001,  0.001,  0.002,  0.006],
       [-0.001,  0.004, -0.009,  0.004, -0.01 ,  0.006,  0.01 ,  0.005,
        -0.001,  0.   , -0.003,  0.002, -0.009, -0.009,  0.008, -0.007,
         0.007, -0.007, -0.001, -0.005,  0.005, -0.005,  0.007, -0.01 ,
        -0.01 ,  0.006,  0.01 , -0.008,  0.005,  0.008, -0.009, -0.002,
         0.   ,  0.   , -0.007, -0.003, -0.006,  0.009,  0.01 ,  0.008,
        -0.003, -0.003, -0.004, -0.009,  0.002]]), 'deltas': array([[0.],
       [0.],
       [0.],
       [0.],
       [0.],
       [0.],
       [0.]]), 'outputs': array([[0.],
       [0.],
       [0.],
       [0.],
       [0.],
       [0.],
       [0.]]), 'errors': array([[0.],
       [0.],
       [0.],
       [0.],
       [0.],
       [0.],
       [0.]])}, {'weights': array([[ 0.   , -0.005,  0.001, -0.005,  0.004, -0.009, -0.01 ],
       [ 0.007, -0.009, -0.002,  0.01 ,  0.004, -0.008,  0.01 ],
       [ 0.01 ,  0.008,  0.   ,  0.005,  0.007,  0.008, -0.002],
       [ 0.006,  0.007, -0.006, -0.001, -0.009, -0.005, -0.003],
       [-0.002, -0.008,  0.008,  0.004, -0.008, -0.001,  0.004],
       [ 0.002, -0.001, -0.01 ,  0.005, -0.004, -0.008,  0.002]]), 'deltas': array([[0.],
       [0.],
       [0.],
       [0.],
       [0.],
       [0.],
       [0.]]), 'outputs': array([[0.],
       [0.],
       [0.],
       [0.],
       [0.],
       [0.],
       [0.]]), 'errors': array([[0.],
       [0.],
       [0.],
       [0.],
       [0.],
       [0.],
       [0.]])}]
Training complete!
Training done. epoch: 56 , total error: 0.0023199869668868818
[{'weights': array([[-1.77418734e-01, -1.19890632e+00,  2.50003846e-01,
        -3.43650878e-01,  1.73347738e-01, -2.96269651e-01,
        -2.16426687e-01, -1.56481186e+00,  5.10447289e-01,
         2.67436563e-01, -1.27935508e+00, -4.12055836e-01,
        -1.15167382e+00, -3.20880278e-02,  1.57554841e+00,
         2.01574510e+00, -2.11343628e+00, -3.09637392e-01,
        -9.49406358e-01,  8.51105858e-02, -7.62924767e-01,
         3.97058609e-01, -2.73529273e-01, -8.43990914e-01,
         1.87761998e-01, -5.55906373e-01, -4.38335003e-01,
        -3.77493559e-01,  7.41105858e-02, -9.17878541e-02,
        -2.11846889e+00,  1.54249343e+00,  8.17294606e-02,
        -6.96590496e-01, -2.89623936e-01, -5.28673457e-01,
        -6.88702272e-01,  0.00000000e+00,  2.20375316e-01,
        -5.68550571e-01,  7.41217127e-01,  5.97552272e-02,
        -1.42226680e+00, -9.97793303e-02, -1.29862435e+00],
       [-1.10882246e-01, -3.65319840e-01, -4.25221299e-01,
         3.99446399e-01,  5.14435768e-01, -8.58149283e-01,
        -1.51277707e-01,  3.85284072e-01,  9.16453362e-02,
         5.38956364e-01, -9.89673648e-01, -2.43908439e-02,
         8.74998370e-01,  2.82533840e+00, -2.65281350e+00,
         8.56674641e-01,  5.54528947e-01,  1.28328829e+00,
        -3.28350587e+00,  6.08472772e-01, -1.53095703e-02,
         2.19205467e+00, -1.98786508e+00, -4.15702270e-02,
        -1.49851014e-01,  1.84140646e+00, -1.08989138e+00,
        -1.31552907e+00,  6.01472772e-01,  4.75377561e-02,
        -1.94129077e+00,  1.14691154e+00,  3.67090683e-01,
         4.10209569e-01,  3.07126466e+00, -1.31341206e+00,
        -1.93247873e+00,  1.00000000e-03,  1.93084914e-01,
        -1.53943514e+00,  1.45446492e+00,  7.59048000e-01,
        -1.45748914e+00,  8.15870137e-01,  1.14587828e-02],
       [ 1.58360657e-01, -6.41830616e-01, -7.66928098e-02,
        -5.83311829e-01, -4.94836688e-01, -1.18918986e+00,
         2.21801073e+00, -2.23839616e+00, -5.48008401e-01,
         1.41272403e-01, -3.34245760e+00, -5.07214308e-01,
        -2.17822587e+00,  1.13102907e+00,  3.29055741e+00,
         9.67233268e-01,  2.32535701e+00, -3.73845691e+00,
        -1.26440164e+00,  7.29569908e-02, -1.69367565e+00,
         2.05445785e+00, -1.24919753e+00, -6.01580708e-01,
        -1.15315245e-01, -3.04348900e-01, -5.23023335e-01,
        -8.81896040e-01,  8.79569908e-02, -2.94793942e-01,
         1.81528673e+00, -1.50204918e+00,  3.42085376e-02,
        -1.65396342e+00,  8.13585670e-02, -6.18524906e-01,
        -1.25515218e+00,  4.00000000e-03,  1.76007238e-01,
         7.44250008e-01,  8.74712164e-01,  2.75001963e+00,
        -5.87962485e+00, -1.08668239e-01, -1.60831129e+00],
       [-1.65760593e-01, -1.15180185e+00,  2.45722056e-01,
        -4.37283717e-01,  1.71752272e-01, -3.21136886e-01,
        -3.18883714e-01, -1.67542827e+00,  6.72932414e-01,
         3.15144626e-01, -1.33939732e+00, -4.17780572e-01,
        -1.15178965e+00, -3.05077527e-02,  1.61310347e+00,
         2.06354207e+00, -2.13480910e+00, -3.53813664e-01,
        -9.75961647e-01,  8.46705108e-02, -7.73686455e-01,
         4.84593069e-01, -4.05084938e-01, -8.42115612e-01,
         2.13922106e-01, -5.72504257e-01, -4.53879095e-01,
        -3.85658989e-01,  7.56705108e-02, -5.50639586e-02,
        -2.00319044e+00,  1.39267516e+00,  8.52694487e-02,
        -7.43062043e-01, -2.83030960e-01, -5.36797166e-01,
        -7.03623356e-01,  9.00000000e-03,  2.22079652e-01,
        -4.40416152e-01,  6.79377834e-01,  7.96749968e-02,
        -1.53354678e+00, -1.22461733e-01, -1.32637183e+00],
       [-3.29881588e-01, -1.33559513e+00,  6.56375240e-01,
        -5.82537232e-01,  1.30772984e-01, -4.29354881e-01,
        -6.09278651e-01, -1.38112146e+00,  6.81719039e-01,
         2.64170226e-01, -1.65498196e+00, -4.66402606e-01,
        -1.20086133e+00, -5.59849763e-02,  1.90536514e+00,
         2.09892436e+00, -1.90839684e+00, -6.80152325e-01,
        -1.04392771e+00,  9.86867822e-02, -7.97735932e-01,
         9.46448368e-01, -9.32101335e-01, -8.03831871e-01,
         1.39355045e-01, -6.47809145e-01, -4.72324622e-01,
        -4.40418740e-01,  9.76867822e-02, -1.06467614e-01,
        -1.34438493e+00,  7.96547807e-01,  7.01969108e-03,
        -8.38580681e-01, -3.41318589e-01, -5.63110810e-01,
        -7.50960788e-01,  5.00000000e-03,  1.84524463e-01,
         1.64812825e-02,  3.37549849e-01,  2.88684915e-02,
        -1.71930316e+00, -1.30462184e-01, -1.46486573e+00],
       [-1.65431775e+00,  1.23467777e+00, -9.63146654e-01,
        -2.80535420e-01, -1.70975133e-01, -1.49472887e+00,
         5.83184473e-01, -5.79626079e-01, -5.30572493e-01,
         2.11445791e-01, -2.94377860e+00, -8.41861728e-01,
        -9.72496388e-01, -4.51361797e-01,  3.37320133e+00,
        -6.56774343e-01,  3.86369417e+00, -3.33176098e+00,
        -1.93914050e+00,  2.57684475e-01, -1.32959960e+00,
         1.13078404e+00,  1.48089752e+00, -2.57823618e+00,
        -5.22142958e-01,  1.57934559e-01, -6.70485574e-01,
        -1.55543064e+00,  2.55684475e-01, -2.05355308e-01,
         4.29464140e-01, -1.63807023e+00,  6.39479116e-01,
        -1.03681490e+00,  3.42531118e-01, -9.29202314e-01,
        -1.53524545e+00,  1.00000000e-02,  3.16619467e-01,
        -1.94381558e+00,  2.36043433e-02,  1.10436661e+00,
        -1.06701443e+00,  6.25618694e-02, -1.81129718e+00],
       [-1.00000000e-03,  4.00000000e-03, -9.00000000e-03,
         4.00000000e-03, -1.00000000e-02,  6.00000000e-03,
         1.00000000e-02,  5.00000000e-03, -1.00000000e-03,
         0.00000000e+00, -3.00000000e-03,  2.00000000e-03,
        -9.00000000e-03, -9.00000000e-03,  8.00000000e-03,
        -7.00000000e-03,  7.00000000e-03, -7.00000000e-03,
        -1.00000000e-03, -5.00000000e-03,  5.00000000e-03,
        -5.00000000e-03,  7.00000000e-03, -1.00000000e-02,
        -1.00000000e-02,  6.00000000e-03,  1.00000000e-02,
        -8.00000000e-03,  5.00000000e-03,  8.00000000e-03,
        -9.00000000e-03, -2.00000000e-03,  0.00000000e+00,
         0.00000000e+00, -7.00000000e-03, -3.00000000e-03,
        -6.00000000e-03,  9.00000000e-03,  1.00000000e-02,
         8.00000000e-03, -3.00000000e-03, -3.00000000e-03,
        -4.00000000e-03, -9.00000000e-03,  2.00000000e-03]]), 'deltas': array([[6.31105546e-04],
       [4.44655886e-06],
       [1.72399202e-03],
       [7.46633676e-04],
       [5.80774967e-04],
       [2.66815632e-03],
       [0.00000000e+00]]), 'outputs': array([[0.94321084],
       [0.99962246],
       [0.82199182],
       [0.93200761],
       [0.948004  ],
       [0.34655884],
       [1.        ]]), 'errors': 0.011782238315142324}, {'weights': array([[ 1.82841071e+00,  1.54640591e-01,  2.97096972e+00,
         1.52039278e+00,  1.11435785e+00,  1.35536082e+00,
        -3.78406640e+00],
       [-1.60230042e+00,  1.45935058e+00,  1.68723323e-01,
        -1.76725420e+00, -1.88287662e+00,  1.38897806e-02,
        -1.63656912e+00],
       [-3.22857436e-01,  3.64892835e-01, -9.30202300e-01,
         5.96680958e-03,  7.11104384e-01,  1.56205882e+00,
        -3.28141404e+00],
       [-6.38300784e-01,  1.62797295e+00, -2.13702545e+00,
        -6.88482878e-01, -7.62395397e-01, -2.09123082e+00,
        -2.13748510e+00],
       [-5.62534770e-01,  1.28932614e+00, -1.88691826e+00,
        -5.32459903e-01, -6.15181741e-01, -4.07213148e-01,
        -2.72607527e+00],
       [-1.66328719e+00, -6.91407546e+00, -2.16336399e+00,
        -1.69415140e+00, -1.77445327e+00, -3.47504414e+00,
         1.99507537e+00]]), 'deltas': array([[ 8.69868913e-04],
       [-4.65197110e-05],
       [-3.35900849e-03],
       [-4.83686135e-05],
       [-7.45099594e-05],
       [-8.78565710e-12]]), 'outputs': array([[9.70054691e-01],
       [6.84399633e-03],
       [5.97707452e-02],
       [6.97915166e-03],
       [8.66957776e-03],
       [2.96406531e-06]]), 'errors': array([[ 2.99453087e-02],
       [-6.84399633e-03],
       [-5.97707452e-02],
       [-6.97915166e-03],
       [-8.66957776e-03],
       [-2.96406531e-06]])}]
neural_net output [3.01684874e-01 4.60781460e-01 1.24720987e-01 2.51222356e-02
 5.42382859e-02 1.34264263e-04]
target: 0 prediction: 1
neural_net output [6.60641131e-01 4.98541238e-01 9.26186529e-02 8.83353270e-03
 2.36878783e-02 2.76654779e-05]
target: 0 prediction: 0
neural_net output [7.03874468e-01 1.47266014e-01 5.17774025e-02 1.39417346e-02
 1.56032114e-02 1.43057316e-04]
target: 0 prediction: 0
neural_net output [3.01684874e-01 4.60781460e-01 1.24720987e-01 2.51222356e-02
 5.42382859e-02 1.34264263e-04]
target: 0 prediction: 1
neural_net output [9.86516387e-01 7.17990410e-03 8.37945006e-02 2.49185069e-03
 5.89371583e-03 9.31101160e-07]
target: 0 prediction: 0
neural_net output [5.38637695e-01 4.73415941e-01 6.67752823e-02 1.50094495e-02
 2.68261452e-02 1.12343535e-04]
target: 0 prediction: 0
neural_net output [1.37801367e-01 4.43743388e-01 1.43848118e-01 5.30037830e-02
 9.32175810e-02 3.57107628e-04]
target: 0 prediction: 1
neural_net output [4.85537421e-01 4.93982193e-01 4.17744263e-02 2.62763676e-02
 2.88321879e-02 1.91137880e-04]
target: 0 prediction: 1
neural_net output [3.01684874e-01 4.60781460e-01 1.24720987e-01 2.51222356e-02
 5.42382859e-02 1.34264263e-04]
target: 0 prediction: 1
neural_net output [0.6337978  0.19780026 0.06700803 0.00183672 0.00691672 0.01934442]
target: 0 prediction: 0
neural_net output [0.6337978  0.19780026 0.06700803 0.00183672 0.00691672 0.01934442]
target: 0 prediction: 0
neural_net output [6.60641131e-01 4.98541238e-01 9.26186529e-02 8.83353270e-03
 2.36878783e-02 2.76654779e-05]
target: 0 prediction: 0
neural_net output [6.51194938e-01 4.67953710e-01 8.79764449e-02 8.01268578e-03
 2.14995853e-02 5.29790829e-05]
target: 0 prediction: 0
neural_net output [0.04456207 0.44570985 0.04563078 0.26263401 0.13695452 0.00599534]
target: 0 prediction: 1
neural_net output [6.51194938e-01 4.67953710e-01 8.79764449e-02 8.01268578e-03
 2.14995853e-02 5.29790829e-05]
target: 1 prediction: 0
neural_net output [0.6337978  0.19780026 0.06700803 0.00183672 0.00691672 0.01934442]
target: 1 prediction: 0
neural_net output [0.02728575 0.42456694 0.05069014 0.35349637 0.18060462 0.0089619 ]
target: 1 prediction: 1
neural_net output [0.03058793 0.41306015 0.05141295 0.35665036 0.18288349 0.00599975]
target: 1 prediction: 1
neural_net output [0.65061214 0.31047264 0.07720148 0.00360552 0.01176317 0.00108461]
target: 1 prediction: 0
neural_net output [0.65061214 0.31047264 0.07720148 0.00360552 0.01176317 0.00108461]
target: 1 prediction: 0
neural_net output [0.03917659 0.45728426 0.06505428 0.26159032 0.16470245 0.00332412]
target: 1 prediction: 1
neural_net output [0.02642741 0.44911377 0.05129058 0.3715721  0.19009476 0.00721854]
target: 1 prediction: 1
neural_net output [0.04456207 0.44570985 0.04563078 0.26263401 0.13695452 0.00599534]
target: 1 prediction: 1
neural_net output [6.51194938e-01 4.67953710e-01 8.79764449e-02 8.01268578e-03
 2.14995853e-02 5.29790829e-05]
target: 1 prediction: 0
neural_net output [4.44149274e-01 1.09633073e-01 1.04145680e-01 3.96980999e-02
 5.25530588e-02 7.01320578e-05]
target: 1 prediction: 0
neural_net output [0.02504563 0.34835303 0.04626339 0.26880757 0.13873715 0.05355927]
target: 1 prediction: 1
neural_net output [6.50868048e-01 5.00363332e-01 8.56618236e-02 9.68801000e-03
 2.38968530e-02 3.16292106e-05]
target: 1 prediction: 0
neural_net output [6.51194938e-01 4.67953710e-01 8.79764449e-02 8.01268578e-03
 2.14995853e-02 5.29790829e-05]
target: 1 prediction: 0
neural_net output [0.64436103 0.26347491 0.07306105 0.00277422 0.00957253 0.00331828]
target: 1 prediction: 0
neural_net output [0.03141849 0.45695019 0.04920225 0.34005654 0.17356024 0.00615286]
target: 2 prediction: 1
neural_net output [6.51194938e-01 4.67953710e-01 8.79764449e-02 8.01268578e-03
 2.14995853e-02 5.29790829e-05]
target: 2 prediction: 0
neural_net output [6.51194938e-01 4.67953710e-01 8.79764449e-02 8.01268578e-03
 2.14995853e-02 5.29790829e-05]
target: 2 prediction: 0
neural_net output [0.10581161 0.46777631 0.03428976 0.16735447 0.08521873 0.00236206]
target: 3 prediction: 1
neural_net output [0.02634812 0.44534029 0.05103067 0.36791986 0.18813851 0.00780003]
target: 3 prediction: 1
neural_net output [0.02359883 0.2300988  0.04035252 0.16116517 0.08788396 0.46862634]
target: 3 prediction: 5
neural_net output [0.02587264 0.43389409 0.05036558 0.35390146 0.1809466  0.0104211 ]
target: 4 prediction: 1
neural_net output [0.02545917 0.39749754 0.04900262 0.31220238 0.16105826 0.02158562]
target: 4 prediction: 1
neural_net output [0.02228531 0.16343595 0.03627459 0.10599904 0.06169978 0.87707822]
target: 5 prediction: 5
neural_net output [0.02257366 0.16389901 0.03678134 0.10426366 0.06152438 0.87275721]
target: 5 prediction: 5
neural_net output [0.02235034 0.17019431 0.03667571 0.11115187 0.06417706 0.85146455]
target: 5 prediction: 5
neural_net output [0.02228531 0.16343595 0.03627459 0.10599904 0.06169978 0.87707822]
target: 5 prediction: 5
neural_net output [0.03398353 0.37724063 0.05195315 0.34524315 0.17601605 0.00536678]
target: 5 prediction: 1
neural_net output [0.02235034 0.17019431 0.03667571 0.11115187 0.06417706 0.85146455]
target: 5 prediction: 5
Accuracy: 44.18604651162791 %

train_data group 1 length:  172
   0   1   2   3   4   5   6   7   8  ...  36  37  38  39  40  41  42  43  44
0   0   1   0   0   0   0   0   1   0 ...   0   0   0   1   0   0   0   0   0
1   0   1   0   0   0   0   1   0   0 ...   0   0   0   0   1   0   0   0   0
2   0   0   1   0   0   0   0   1   0 ...   0   0   0   1   0   0   0   0   0
3   0   1   0   0   0   0   0   1   0 ...   0   0   0   1   0   0   0   0   0
4   0   0   1   0   0   0   1   0   0 ...   0   0   0   0   1   0   0   0   0

[5 rows x 45 columns]
Initial Neural Network:
[{'weights': array([[-0.006,  0.008,  0.009,  0.008,  0.001,  0.008, -0.01 ,  0.004,
        -0.002,  0.004, -0.003,  0.001, -0.001,  0.003, -0.001,  0.008,
        -0.003,  0.005,  0.001, -0.01 , -0.003,  0.005,  0.006,  0.008,
        -0.001, -0.005, -0.007, -0.009, -0.002,  0.004, -0.003, -0.001,
         0.008, -0.008,  0.006,  0.   , -0.005, -0.009,  0.001, -0.007,
         0.   ,  0.009, -0.008,  0.006,  0.01 ],
       [-0.004,  0.004, -0.001, -0.007, -0.002, -0.007,  0.005, -0.001,
         0.006,  0.006,  0.   , -0.003,  0.006, -0.005, -0.006, -0.007,
        -0.007,  0.006,  0.002, -0.005, -0.002, -0.009, -0.007, -0.005,
         0.008, -0.01 ,  0.01 ,  0.01 ,  0.007, -0.008,  0.005,  0.01 ,
        -0.002, -0.005, -0.002,  0.004,  0.002,  0.003, -0.008,  0.005,
        -0.005,  0.004, -0.007,  0.001,  0.006],
       [-0.009, -0.008,  0.008, -0.002,  0.004,  0.001, -0.006,  0.01 ,
        -0.009,  0.009, -0.005,  0.004, -0.008,  0.   , -0.006,  0.007,
         0.001,  0.003, -0.003, -0.003, -0.004,  0.009,  0.007,  0.   ,
         0.004, -0.009,  0.005, -0.005,  0.003,  0.008, -0.003,  0.   ,
        -0.005, -0.006,  0.003, -0.01 , -0.001, -0.002,  0.008,  0.001,
        -0.002,  0.002, -0.004, -0.002,  0.   ],
       [-0.01 ,  0.01 ,  0.009,  0.009,  0.004,  0.002, -0.01 ,  0.006,
        -0.003,  0.01 ,  0.003,  0.007,  0.006,  0.009, -0.007, -0.009,
         0.006,  0.009, -0.01 ,  0.006, -0.004, -0.004,  0.003,  0.01 ,
         0.009,  0.01 ,  0.002,  0.001,  0.003,  0.001, -0.005,  0.006,
        -0.002, -0.009,  0.01 , -0.003,  0.001, -0.004, -0.006, -0.006,
        -0.002,  0.01 ,  0.009, -0.002,  0.005],
       [-0.001, -0.006, -0.002, -0.009, -0.002,  0.01 , -0.006,  0.009,
         0.   ,  0.007,  0.004, -0.001, -0.01 ,  0.007, -0.004, -0.007,
         0.006,  0.   , -0.008, -0.006,  0.003, -0.008,  0.007,  0.008,
         0.01 ,  0.002,  0.006,  0.009,  0.01 , -0.01 ,  0.003,  0.003,
        -0.005, -0.007,  0.01 , -0.002, -0.004,  0.009, -0.006, -0.005,
        -0.01 ,  0.008,  0.005,  0.007, -0.005],
       [ 0.004, -0.004,  0.002,  0.009,  0.003, -0.009, -0.006, -0.008,
        -0.01 ,  0.002,  0.001,  0.007, -0.003,  0.01 , -0.007,  0.006,
        -0.002, -0.005, -0.008,  0.009, -0.008,  0.009, -0.01 ,  0.006,
         0.009,  0.002,  0.002,  0.004, -0.004,  0.006, -0.005, -0.003,
        -0.007, -0.001, -0.009,  0.01 , -0.01 , -0.005, -0.006, -0.009,
         0.008, -0.006, -0.006,  0.007,  0.002],
       [-0.008, -0.007, -0.005,  0.002, -0.002,  0.004,  0.003, -0.01 ,
        -0.001, -0.006,  0.009, -0.007,  0.005, -0.007,  0.006,  0.007,
        -0.005,  0.005, -0.008, -0.001, -0.005,  0.   ,  0.002,  0.009,
         0.002, -0.001,  0.   , -0.009, -0.006, -0.003, -0.001,  0.009,
        -0.001, -0.002, -0.005, -0.003,  0.001, -0.006,  0.003, -0.007,
        -0.004, -0.003, -0.007, -0.01 ,  0.008]]), 'deltas': array([[0.],
       [0.],
       [0.],
       [0.],
       [0.],
       [0.],
       [0.]]), 'outputs': array([[0.],
       [0.],
       [0.],
       [0.],
       [0.],
       [0.],
       [0.]]), 'errors': array([[0.],
       [0.],
       [0.],
       [0.],
       [0.],
       [0.],
       [0.]])}, {'weights': array([[ 0.004,  0.   , -0.009, -0.007, -0.007, -0.005, -0.001],
       [ 0.003,  0.008, -0.007, -0.001, -0.002,  0.   ,  0.006],
       [-0.003,  0.003,  0.006,  0.006,  0.006,  0.007, -0.003],
       [-0.008,  0.006, -0.003,  0.007,  0.005, -0.007, -0.008],
       [ 0.001, -0.006, -0.001,  0.004,  0.002, -0.002, -0.005],
       [-0.004,  0.004,  0.006,  0.008,  0.001,  0.005,  0.009]]), 'deltas': array([[0.],
       [0.],
       [0.],
       [0.],
       [0.],
       [0.],
       [0.]]), 'outputs': array([[0.],
       [0.],
       [0.],
       [0.],
       [0.],
       [0.],
       [0.]]), 'errors': array([[0.],
       [0.],
       [0.],
       [0.],
       [0.],
       [0.],
       [0.]])}]
Training complete!
Training done. epoch: 39 , total error: 0.006606354330803033
[{'weights': array([[-9.14355513e-01,  5.15024013e-01, -2.49269696e+00,
         1.18042254e+00,  4.11369358e-01,  1.03076773e+00,
         4.21244297e-01, -1.16855461e+00, -1.60369398e+00,
         4.00000000e-03, -2.51048300e+00, -3.81063697e-01,
        -1.42029941e+00, -5.69693339e-01,  3.56030289e+00,
        -1.80696015e+00, -2.63241736e+00,  4.27117881e+00,
        -1.15072771e+00, -3.10157279e-04,  6.59350018e-02,
        -8.24542031e-01,  8.62559117e-01, -1.07446202e+00,
        -3.34726624e-01,  6.88409264e-01, -9.97961384e-01,
        -8.25207628e-01, -2.08476813e-01,  1.62498666e-01,
        -9.76592037e-01, -3.24842037e+00,  1.29355999e+00,
         1.44871720e+00,  1.57937353e+00, -1.82299872e+00,
        -1.19956563e+00,  3.55294008e-01, -2.39339747e-01,
        -2.26234047e+00, -1.59952526e+00,  1.77837830e+00,
         7.80272764e-01, -1.70218909e-02, -1.31023656e+00],
       [-6.23035601e-02, -7.60488890e-01, -8.04670132e-01,
         5.45534200e-01,  4.00202030e-01,  9.98641385e-01,
        -1.38030699e+00,  8.99606095e-01, -1.18666685e+00,
         6.00000000e-03,  4.50633753e-01,  1.62516394e+00,
        -9.63298816e-01,  4.70019428e-01, -2.26224465e+00,
        -5.31757473e-01,  8.30166872e-01, -8.25470611e-01,
        -8.84657998e-01,  7.28992858e-01,  7.04201933e-01,
        -4.29256820e-01, -1.14244205e+00, -7.90122250e-01,
         9.70892838e-01,  6.38304096e-01, -5.83639186e-01,
        -6.65563595e-01, -4.38276662e-02,  5.94776197e-01,
        -4.10217688e+00,  1.48853150e-01,  1.06050398e+00,
         1.62631720e+00,  4.53395337e-01, -1.08742388e+00,
        -6.28168405e-01,  8.97474970e-01, -3.08004370e-01,
        -5.82106717e-01, -4.22580281e-01,  2.04595716e-01,
         2.36730344e-01, -1.10365413e-01, -6.65726351e-01],
       [-5.15208535e-01,  3.26776571e-01, -1.87881514e+00,
         1.00250878e+00,  4.04965494e-01,  1.14030066e+00,
        -7.55522589e-01, -3.56952640e-01, -6.84598264e-01,
         9.00000000e-03,  6.32772859e-02,  9.01834707e-01,
        -7.81323792e-01, -1.72319066e+00,  8.71629628e-01,
        -8.15492619e-01,  1.09562169e+00, -2.09926326e-01,
        -9.85502047e-01,  2.67526474e-01,  6.56418529e-01,
         3.88783259e-01, -7.11299747e-01, -8.48998365e-01,
        -1.21676507e-01,  8.10038649e-01, -5.05492143e-01,
        -7.36158184e-01, -2.27161152e-01,  4.02452835e-01,
        -2.58015043e+00, -1.70285812e+00,  1.34174996e+00,
         1.88003292e+00,  4.94945764e-01, -9.26830197e-01,
        -7.07431498e-01,  6.21831386e-01, -1.37288284e-01,
        -2.45901290e+00, -8.20876532e-02,  3.72802460e-01,
         1.61217606e+00, -1.01650799e-01, -6.52772830e-01],
       [-6.94347761e-01,  1.79451035e+00, -2.84587132e+00,
         6.93519054e-01,  4.55093116e-01,  5.68429090e-01,
         2.56646946e-01, -2.08764544e-01, -1.24040806e+00,
         1.00000000e-02, -2.44935994e+00,  3.10986280e-01,
        -9.86923446e-01,  7.96762437e-01,  1.72743810e+00,
         1.36051152e+00,  9.06420290e-02, -2.57757631e-01,
        -2.01947202e+00,  2.08979531e-01, -1.27046196e+00,
         1.88388569e+00, -6.76776849e-01, -9.04502418e-02,
        -4.51293211e-01,  1.66152725e+00, -8.73886908e-01,
        -1.27491364e+00, -1.15823268e-01, -3.92837270e-01,
        -2.86327018e+00,  8.15914061e-01,  1.19103497e+00,
         6.21061851e-01,  1.58949579e+00, -1.67005410e+00,
        -1.01677886e+00,  5.60122497e-01, -8.38818836e-02,
        -2.68544825e-01, -8.77771251e-01,  3.39900924e-01,
         2.43479526e-01, -4.71609419e-02, -6.14096567e-01],
       [-2.72873851e-01,  1.34788403e+00, -4.01276019e+00,
         1.82896841e+00,  3.74725836e-01,  7.64751066e-01,
         1.03033815e+00, -1.29772012e+00, -1.19842486e+00,
         7.00000000e-03, -1.83079158e+00, -1.84300964e-01,
        -1.43554129e+00,  1.10992358e+00,  1.62265449e+00,
        -1.57847824e+00,  7.24300545e-01,  1.58280830e+00,
        -1.48876397e+00,  3.10775970e-02,  7.44984087e-01,
        -1.74137241e+00,  3.40606231e-01,  4.46264029e-01,
        -4.84537710e-01,  1.65324217e+00, -9.17532732e-01,
        -1.18019568e+00, -2.42569524e-01, -1.95451133e-01,
        -1.63446274e+00, -2.09259387e+00,  1.50135903e+00,
         1.69109294e+00,  1.83287037e+00, -1.77653977e+00,
        -1.09292789e+00,  4.82947396e-01, -1.53405875e-01,
        -1.60383667e+00, -2.99673451e-01,  5.76902341e-01,
         8.19546367e-01, -2.01994352e-01, -7.19055770e-01],
       [-1.36366754e-01, -4.10622073e-01, -1.14434158e+00,
         7.13587172e-01,  4.06527842e-01,  9.73422729e-01,
        -1.35386332e+00,  7.56154913e-01, -9.93929713e-01,
         2.00000000e-03,  2.24216784e-01,  1.44872023e+00,
        -1.04416632e+00,  3.56752487e-01, -1.56273858e+00,
        -4.01231932e-01,  4.20975183e-01, -2.92485448e-01,
        -9.58941007e-01,  6.46467810e-01,  9.09439891e-01,
        -4.59512119e-01, -1.02546097e+00, -8.16681587e-01,
         8.12999394e-01,  8.25750099e-01, -6.43063136e-01,
        -6.93218218e-01, -7.06841410e-02,  6.84701319e-01,
        -3.71004988e+00, -3.85611393e-01,  1.18311416e+00,
         1.63263041e+00,  6.34317244e-01, -1.05563659e+00,
        -6.86399957e-01,  8.17443677e-01, -3.14939764e-01,
        -8.48473918e-01, -3.97893153e-01,  2.63450828e-01,
         4.96620595e-01, -1.04919746e-01, -5.83215395e-01],
       [-8.00000000e-03, -7.00000000e-03, -5.00000000e-03,
         2.00000000e-03, -2.00000000e-03,  4.00000000e-03,
         3.00000000e-03, -1.00000000e-02, -1.00000000e-03,
        -6.00000000e-03,  9.00000000e-03, -7.00000000e-03,
         5.00000000e-03, -7.00000000e-03,  6.00000000e-03,
         7.00000000e-03, -5.00000000e-03,  5.00000000e-03,
        -8.00000000e-03, -1.00000000e-03, -5.00000000e-03,
         0.00000000e+00,  2.00000000e-03,  9.00000000e-03,
         2.00000000e-03, -1.00000000e-03,  0.00000000e+00,
        -9.00000000e-03, -6.00000000e-03, -3.00000000e-03,
        -1.00000000e-03,  9.00000000e-03, -1.00000000e-03,
        -2.00000000e-03, -5.00000000e-03, -3.00000000e-03,
         1.00000000e-03, -6.00000000e-03,  3.00000000e-03,
        -7.00000000e-03, -4.00000000e-03, -3.00000000e-03,
        -7.00000000e-03, -1.00000000e-02,  8.00000000e-03]]), 'deltas': array([[0.00744757],
       [0.00505272],
       [0.0089562 ],
       [0.0029093 ],
       [0.00318366],
       [0.00385627],
       [0.        ]]), 'outputs': array([[0.24287   ],
       [0.85390087],
       [0.66990269],
       [0.92209944],
       [0.91399743],
       [0.89342952],
       [1.        ]]), 'errors': 0.040501414022223944}, {'weights': array([[-1.39775082, -1.74344013, -0.93324269,  3.67595246, -0.68428944,
        -1.29009802, -2.6497888 ],
       [ 1.51504627,  1.64331786,  1.58182051,  1.3381666 ,  1.73147017,
         1.41215103, -3.95588541],
       [-0.77715832, -0.75688046, -0.520408  ,  1.10071298, -0.39915095,
        -0.59592574, -2.78355195],
       [-0.33783564,  1.26298101, -0.40156261, -1.26906352, -0.80744218,
         0.86376875, -1.84869014],
       [-0.92661546, -0.2656207 , -0.64070242,  0.05778571, -0.92283885,
        -0.40018137, -2.45977684],
       [-2.29282601, -2.40867203, -2.20928646, -5.00184146, -2.88916014,
        -2.46063075,  2.42151611]]), 'deltas': array([[-8.50742475e-04],
       [ 2.36143095e-03],
       [-4.26351412e-04],
       [-8.39603522e-03],
       [-1.22170736e-04],
       [-2.17931984e-10]]), 'outputs': array([[2.96091342e-02],
       [9.50146891e-01],
       [2.08671453e-02],
       [9.63934304e-02],
       [1.11150318e-02],
       [1.47626285e-05]]), 'errors': array([[-2.96091342e-02],
       [ 4.98531093e-02],
       [-2.08671453e-02],
       [-9.63934304e-02],
       [-1.11150318e-02],
       [-1.47626285e-05]])}]
Accuracy: 54.761904761904766 %

train_data group 2 length:  172
   0   1   2   3   4   5   6   7   8  ...  36  37  38  39  40  41  42  43  44
0   0   1   0   0   0   0   0   1   0 ...   0   0   0   1   0   0   0   0   0
1   0   1   0   0   0   0   1   0   0 ...   0   0   0   0   1   0   0   0   0
2   0   0   1   0   0   0   0   1   0 ...   0   0   0   1   0   0   0   0   0
3   0   1   0   0   0   0   0   1   0 ...   0   0   0   1   0   0   0   0   0
4   0   0   1   0   0   0   1   0   0 ...   0   0   0   0   1   0   0   0   0

[5 rows x 45 columns]
Initial Neural Network:
[{'weights': array([[ 0.009,  0.008, -0.009,  0.001,  0.006,  0.001,  0.006,  0.004,
         0.001,  0.   ,  0.001, -0.007,  0.001, -0.009, -0.008,  0.   ,
         0.005,  0.009, -0.003,  0.01 , -0.001, -0.003,  0.   , -0.008,
        -0.004,  0.007, -0.009, -0.005, -0.006, -0.008, -0.004, -0.002,
        -0.006, -0.01 ,  0.003,  0.01 ,  0.006, -0.006, -0.006, -0.002,
         0.008,  0.006,  0.004, -0.007,  0.003],
       [ 0.004, -0.002,  0.001,  0.002,  0.003, -0.007, -0.005,  0.01 ,
         0.   , -0.009,  0.001,  0.006, -0.006,  0.002,  0.01 , -0.01 ,
         0.006,  0.   , -0.004, -0.008,  0.003,  0.007,  0.009,  0.001,
         0.   ,  0.003, -0.007,  0.   ,  0.003,  0.005, -0.002,  0.   ,
         0.007, -0.009,  0.002,  0.001, -0.01 ,  0.001, -0.004,  0.004,
         0.002,  0.008,  0.005, -0.01 ,  0.   ],
       [-0.001,  0.006, -0.006,  0.003, -0.003, -0.007,  0.009, -0.009,
         0.001, -0.006,  0.007,  0.008, -0.005,  0.01 ,  0.008,  0.003,
        -0.004, -0.006, -0.01 , -0.006, -0.009,  0.004, -0.006,  0.01 ,
         0.007,  0.009,  0.007, -0.003,  0.01 , -0.002,  0.002,  0.009,
        -0.003,  0.007,  0.009,  0.   , -0.001, -0.009,  0.003,  0.002,
        -0.006, -0.009, -0.002, -0.008, -0.007],
       [-0.01 , -0.003, -0.008, -0.003, -0.004, -0.005,  0.009,  0.002,
        -0.001, -0.009,  0.008,  0.   , -0.001, -0.009, -0.005, -0.002,
         0.008, -0.005,  0.01 , -0.001, -0.002, -0.01 ,  0.007,  0.004,
        -0.002,  0.009, -0.004,  0.002,  0.008, -0.009,  0.01 , -0.001,
         0.004,  0.005, -0.009, -0.002, -0.004, -0.003, -0.005, -0.009,
         0.005, -0.005,  0.01 , -0.009,  0.003],
       [-0.006,  0.001,  0.004,  0.008, -0.008, -0.008,  0.003,  0.003,
         0.007,  0.008,  0.008,  0.008,  0.009,  0.008,  0.   ,  0.004,
         0.009, -0.009, -0.006, -0.001, -0.008,  0.001,  0.01 , -0.004,
        -0.003,  0.   , -0.001,  0.01 , -0.008,  0.004,  0.01 , -0.009,
        -0.003,  0.003, -0.003,  0.005,  0.008,  0.007,  0.001,  0.004,
        -0.006, -0.001,  0.001, -0.001, -0.005],
       [ 0.003, -0.005,  0.   , -0.006, -0.008,  0.   ,  0.007, -0.003,
         0.001, -0.01 ,  0.008, -0.001, -0.001, -0.009, -0.005, -0.006,
        -0.006,  0.002, -0.008, -0.003, -0.008, -0.009,  0.008,  0.003,
         0.006,  0.   ,  0.002,  0.002,  0.005,  0.007, -0.01 , -0.004,
        -0.006,  0.001,  0.005,  0.01 ,  0.01 ,  0.008,  0.008, -0.006,
         0.003, -0.001, -0.01 ,  0.001,  0.005],
       [ 0.002,  0.009,  0.002,  0.007,  0.008,  0.006,  0.009, -0.01 ,
         0.005, -0.01 , -0.006,  0.001,  0.001, -0.004,  0.01 , -0.002,
        -0.003, -0.005,  0.002,  0.004, -0.004,  0.007, -0.006,  0.009,
         0.009, -0.009,  0.007, -0.007,  0.005, -0.01 ,  0.001,  0.002,
         0.001, -0.002,  0.009, -0.005,  0.002, -0.005,  0.009, -0.01 ,
        -0.001,  0.01 ,  0.005, -0.001, -0.001]]), 'deltas': array([[0.],
       [0.],
       [0.],
       [0.],
       [0.],
       [0.],
       [0.]]), 'outputs': array([[0.],
       [0.],
       [0.],
       [0.],
       [0.],
       [0.],
       [0.]]), 'errors': array([[0.],
       [0.],
       [0.],
       [0.],
       [0.],
       [0.],
       [0.]])}, {'weights': array([[-0.007,  0.009, -0.005,  0.001,  0.004, -0.008, -0.006],
       [ 0.009, -0.006, -0.002, -0.004,  0.006, -0.008, -0.01 ],
       [ 0.01 , -0.004,  0.003, -0.004, -0.009, -0.006,  0.   ],
       [ 0.01 , -0.003,  0.001, -0.008,  0.007, -0.007, -0.004],
       [ 0.007, -0.002, -0.004,  0.002, -0.005, -0.01 , -0.001],
       [-0.001,  0.005,  0.004, -0.002,  0.005,  0.009,  0.009]]), 'deltas': array([[0.],
       [0.],
       [0.],
       [0.],
       [0.],
       [0.],
       [0.]]), 'outputs': array([[0.],
       [0.],
       [0.],
       [0.],
       [0.],
       [0.],
       [0.]]), 'errors': array([[0.],
       [0.],
       [0.],
       [0.],
       [0.],
       [0.],
       [0.]])}]
Training complete!
Training done. epoch: 83 , total error: 0.008856537034460167
[{'weights': array([[ 6.48989038e-01, -4.64631310e-01, -6.29700156e-01,
        -1.01671142e+00,  2.43662868e-01,  8.86200912e-03,
         1.00811381e-01,  4.70120080e-01, -1.96220922e+00,
         1.61024773e-01, -3.30163809e+00, -1.06434634e+00,
        -3.06336882e+00,  2.37958569e+00,  3.79437658e+00,
         1.13859141e+00,  2.11398259e+00, -2.99789918e+00,
        -1.72970822e+00,  2.62642427e-01, -1.73662543e+00,
         2.32706028e+00, -6.11044095e-01, -6.49623519e-01,
        -5.79158218e-01,  5.95041456e-01, -1.12289745e+00,
        -9.08047116e-01,  1.89512130e-01, -1.33429732e+00,
         1.91365371e+00, -9.75653522e-01, -5.33266713e-01,
        -3.33827138e-01, -3.52698261e-01, -4.71018973e-01,
        -1.22015570e+00,  4.94468551e-01,  3.23013404e-01,
        -1.54348866e+00,  2.63007512e-01, -2.73664438e-01,
         5.10114897e-01, -1.80360291e-01, -1.23039098e+00],
       [ 3.71731221e-01,  1.29147108e+00, -2.05390753e+00,
        -8.57828637e-01,  3.00878332e-01, -2.84013132e-01,
        -3.28125465e-01, -7.99879016e-02, -1.01538794e+00,
         7.40858915e-01, -1.04155673e+00, -1.35629588e+00,
        -6.53496681e-01,  1.19514061e+00,  9.13553150e-01,
         6.32982435e-02,  1.06798627e+00,  1.15850013e+00,
        -3.00548780e+00, -2.55952379e-01, -2.79140242e+00,
         2.46598178e+00, -8.66235410e-02,  7.37695632e-02,
        -5.97380905e-01,  1.97641585e+00, -1.64539862e+00,
        -1.49902332e+00,  2.11350562e-01, -5.56207768e-01,
        -1.66646191e+00,  1.99993826e-01,  1.25038590e+00,
        -1.82365575e-01,  2.09532522e+00, -1.38893650e+00,
        -2.39517449e+00,  3.81760089e-01,  3.41370148e-01,
        -1.55937526e+00, -7.19061598e-02, -4.72945295e-01,
         4.04799738e-01,  7.52771448e-01, -9.55655528e-01],
       [ 1.47256315e+00, -1.09083420e+00, -2.05383357e+00,
        -1.10640616e+00,  2.35523314e-01, -4.39533853e-01,
         9.34322460e-01, -1.64760096e+00, -1.54426096e+00,
         1.43085848e-01, -2.99948033e+00, -1.42539611e+00,
        -1.55127924e+00,  4.69615765e+00, -1.23398943e+00,
        -2.64745591e+00,  6.08966456e+00, -4.72045604e+00,
        -1.68899344e+00,  4.02253377e-01, -1.61136064e+00,
         4.86263987e-01, -2.01691420e+00,  1.51932439e+00,
        -9.13300991e-01, -6.31689768e-01, -1.11849993e+00,
        -9.88742878e-01,  2.19945117e-01, -8.11115961e-01,
        -1.03616691e-01, -1.12260695e+00, -3.46277242e-01,
        -1.45370615e-01, -1.81614818e+00, -1.99528652e-01,
        -1.28745008e+00,  4.98355498e-01,  2.64783954e-01,
         2.16916089e+00, -3.51622249e-01, -3.14494053e+00,
        -9.77371823e-01, -2.60213747e-01, -2.54898746e+00],
       [ 1.36553949e+00, -2.75993309e+00,  4.15281798e-01,
        -6.00576698e-01,  3.84040126e-01,  3.90194078e-01,
         2.79732174e-01, -1.02866228e+00, -1.40272222e+00,
         5.89809877e-01, -1.26528307e+00, -6.43711282e-01,
        -1.14194835e+00,  9.05754662e-02,  1.78571887e+00,
         2.05752234e+00, -1.82951267e+00, -1.02389683e+00,
        -1.08615650e+00,  7.24395281e-01, -9.37301333e-01,
         7.16157420e-01, -6.79228710e-01, -4.70613010e-01,
         2.00337264e-01, -4.06102009e-01, -5.46335972e-01,
        -4.58450113e-01,  2.58239726e-01,  2.39019599e-01,
        -2.09751938e+00,  1.06256420e+00,  3.47918679e-01,
        -7.10631472e-01, -5.20069586e-01, -8.71763659e-01,
        -8.73764477e-01,  6.25842909e-01,  4.49106444e-01,
        -1.03680017e+00,  2.32181632e-01, -4.56947963e-01,
         2.40059330e-01, -1.54141201e-01, -1.16464837e+00],
       [ 1.44455901e+00, -2.72247625e+00,  8.46086359e-01,
        -9.57990831e-01,  3.60076136e-01,  3.77688951e-01,
         4.54795395e-02, -6.21524387e-01, -1.42568482e+00,
         6.08295140e-01, -1.23570154e+00, -6.09996768e-01,
        -1.01303304e+00, -2.77345884e-01,  2.14033166e+00,
         2.34525203e+00, -2.13979309e+00, -1.19153867e+00,
        -1.06933695e+00,  1.02367110e+00, -7.41926104e-01,
         9.30064330e-01, -9.59631917e-01, -4.76659314e-01,
         2.15407431e-01, -5.36156005e-01, -4.29080157e-01,
        -4.28238643e-01,  3.65729232e-01,  4.29307508e-01,
        -1.62757550e+00,  6.88749878e-01,  3.33466493e-01,
        -8.47693953e-01, -4.75920206e-01, -9.32785735e-01,
        -8.46576848e-01,  8.03328875e-01,  4.41208340e-01,
        -5.57828487e-01, -7.23612184e-03, -4.40628200e-01,
         1.13402759e-01, -1.39455524e-01, -1.03374557e+00],
       [ 1.40874548e+00, -2.61938102e+00,  9.50215174e-01,
        -1.05581013e+00,  4.02314624e-01,  4.80122772e-01,
         6.10317282e-02, -5.31004656e-01, -1.47058259e+00,
         5.57516876e-01, -1.09832575e+00, -5.65601044e-01,
        -8.83362002e-01, -5.48051960e-01,  2.18942488e+00,
         2.39346662e+00, -2.37628328e+00, -1.17607583e+00,
        -1.00901231e+00,  1.24898893e+00, -4.52979761e-01,
         8.88283064e-01, -1.01998636e+00, -5.24091871e-01,
         2.10859054e-01, -6.75174108e-01, -2.97101539e-01,
        -4.05662012e-01,  4.89021789e-01,  6.07378928e-01,
        -1.63679110e+00,  6.32534970e-01,  3.94279639e-01,
        -9.07318310e-01, -5.15296064e-01, -9.48333029e-01,
        -7.97809539e-01,  9.06958144e-01,  4.97564617e-01,
        -4.01417000e-01, -1.29684883e-02, -3.75230940e-01,
         2.66990142e-03, -1.23969344e-01, -8.92915870e-01],
       [ 2.00000000e-03,  9.00000000e-03,  2.00000000e-03,
         7.00000000e-03,  8.00000000e-03,  6.00000000e-03,
         9.00000000e-03, -1.00000000e-02,  5.00000000e-03,
        -1.00000000e-02, -6.00000000e-03,  1.00000000e-03,
         1.00000000e-03, -4.00000000e-03,  1.00000000e-02,
        -2.00000000e-03, -3.00000000e-03, -5.00000000e-03,
         2.00000000e-03,  4.00000000e-03, -4.00000000e-03,
         7.00000000e-03, -6.00000000e-03,  9.00000000e-03,
         9.00000000e-03, -9.00000000e-03,  7.00000000e-03,
        -7.00000000e-03,  5.00000000e-03, -1.00000000e-02,
         1.00000000e-03,  2.00000000e-03,  1.00000000e-03,
        -2.00000000e-03,  9.00000000e-03, -5.00000000e-03,
         2.00000000e-03, -5.00000000e-03,  9.00000000e-03,
        -1.00000000e-02, -1.00000000e-03,  1.00000000e-02,
         5.00000000e-03, -1.00000000e-03, -1.00000000e-03]]), 'deltas': array([[4.86256891e-03],
       [6.28141900e-03],
       [6.76463064e-08],
       [2.10211928e-03],
       [2.12100796e-03],
       [2.01241508e-03],
       [0.00000000e+00]]), 'outputs': array([[8.87756660e-01],
       [8.48252575e-01],
       [1.38622409e-06],
       [9.54887827e-01],
       [9.54462170e-01],
       [9.56903898e-01],
       [1.00000000e+00]]), 'errors': 0.048799036511499985}, {'weights': array([[ 2.74665745,  1.12859058,  1.48085542,  1.37279709,  1.1690822 ,
         1.06061595, -4.34954993],
       [ 0.0249684 ,  2.95540365, -1.50778131, -0.91907648, -1.42564502,
        -1.36135402, -2.34364913],
       [ 0.85976508,  0.51261895,  0.36569208, -0.1884857 ,  0.21508985,
         0.24794499, -3.69063068],
       [-4.57707194,  0.91804544, -0.98334942, -0.88799226,  0.93422701,
         1.74155127, -2.14124867],
       [-2.00576709,  1.18346758, -1.26842415, -0.45633162, -0.26709154,
        -0.24554295, -2.77370758],
       [-3.0662014 , -7.479486  , -2.71698574, -2.60848198, -3.15232261,
        -3.36303604,  2.46593994]]), 'deltas': array([[ 5.57684434e-03],
       [-1.10429913e-03],
       [-8.85552013e-03],
       [-5.52786752e-04],
       [-1.25213383e-04],
       [-4.95119876e-14]]), 'outputs': array([[9.22237003e-01],
       [3.38073794e-02],
       [9.91471196e-02],
       [2.37962530e-02],
       [1.12533770e-02],
       [2.22512918e-07]]), 'errors': array([[ 7.77629970e-02],
       [-3.38073794e-02],
       [-9.91471196e-02],
       [-2.37962530e-02],
       [-1.12533770e-02],
       [-2.22512918e-07]])}]
Accuracy: 52.38095238095239 %

train_data group 3 length:  170
   0   1   2   3   4   5   6   7   8  ...  36  37  38  39  40  41  42  43  44
0   0   1   0   0   0   0   0   1   0 ...   0   0   0   1   0   0   0   0   0
1   0   1   0   0   0   0   1   0   0 ...   0   0   0   0   1   0   0   0   0
2   0   0   1   0   0   0   0   1   0 ...   0   0   0   1   0   0   0   0   0
3   0   1   0   0   0   0   0   1   0 ...   0   0   0   1   0   0   0   0   0
4   0   0   1   0   0   0   1   0   0 ...   0   0   0   0   1   0   0   0   0

[5 rows x 45 columns]
Initial Neural Network:
[{'weights': array([[ 0.004, -0.001, -0.006,  0.01 ,  0.01 ,  0.006, -0.009,  0.002,
         0.004,  0.009,  0.005,  0.004,  0.   ,  0.006,  0.003,  0.001,
         0.   ,  0.003, -0.005, -0.008,  0.007, -0.007, -0.007, -0.003,
        -0.002, -0.009,  0.008,  0.   , -0.008,  0.002,  0.002, -0.008,
         0.005, -0.005, -0.004,  0.009, -0.006, -0.003, -0.002,  0.001,
        -0.001, -0.01 ,  0.002, -0.005,  0.001],
       [ 0.003, -0.002, -0.008, -0.009, -0.003,  0.01 , -0.004,  0.009,
         0.001,  0.008,  0.002, -0.01 ,  0.002,  0.006, -0.003,  0.001,
         0.002, -0.005, -0.004, -0.006,  0.007,  0.006, -0.003,  0.009,
        -0.008,  0.001,  0.005,  0.002, -0.003,  0.007,  0.003, -0.009,
         0.003,  0.01 ,  0.008,  0.004,  0.002,  0.003, -0.008, -0.008,
        -0.007,  0.009, -0.001,  0.   ,  0.007],
       [-0.01 ,  0.004, -0.001,  0.   , -0.004,  0.01 , -0.004, -0.01 ,
        -0.01 ,  0.001, -0.002,  0.   , -0.004,  0.005,  0.   ,  0.008,
        -0.001,  0.001, -0.004, -0.008, -0.01 ,  0.003, -0.006,  0.009,
        -0.007,  0.007,  0.01 ,  0.006,  0.001, -0.004,  0.008,  0.009,
         0.008,  0.   ,  0.007,  0.007,  0.003,  0.006, -0.009,  0.005,
        -0.007, -0.003, -0.006, -0.005,  0.01 ],
       [-0.005, -0.005, -0.006, -0.004,  0.01 , -0.009,  0.005, -0.01 ,
         0.   , -0.009,  0.   , -0.006, -0.004,  0.009,  0.   , -0.008,
        -0.005, -0.006, -0.002,  0.002, -0.006, -0.001,  0.006,  0.003,
         0.008,  0.001,  0.009, -0.005,  0.004,  0.   ,  0.   , -0.006,
         0.01 , -0.003,  0.008, -0.008, -0.01 ,  0.003,  0.009, -0.001,
        -0.004,  0.009,  0.003, -0.004,  0.009],
       [-0.002, -0.008, -0.009,  0.005,  0.003, -0.008, -0.002,  0.001,
         0.004,  0.009,  0.003,  0.007, -0.008,  0.001, -0.004,  0.007,
        -0.01 ,  0.   , -0.006,  0.   , -0.009, -0.002,  0.008, -0.007,
         0.008, -0.007, -0.009,  0.01 , -0.003,  0.001,  0.005,  0.008,
        -0.002, -0.01 ,  0.01 ,  0.006,  0.007,  0.001, -0.01 ,  0.008,
         0.002,  0.001,  0.009,  0.01 ,  0.008],
       [ 0.001, -0.004,  0.004,  0.002, -0.006,  0.007,  0.002, -0.005,
        -0.005, -0.003,  0.002, -0.007,  0.01 ,  0.003,  0.007, -0.001,
        -0.008,  0.006,  0.003,  0.004,  0.004, -0.008, -0.004, -0.005,
        -0.01 ,  0.01 ,  0.008,  0.006, -0.004,  0.002, -0.005,  0.002,
         0.005, -0.009, -0.009,  0.004, -0.003,  0.007, -0.008, -0.007,
        -0.002, -0.007,  0.007,  0.005, -0.003],
       [-0.002,  0.008,  0.008,  0.008,  0.001, -0.008, -0.005,  0.01 ,
         0.004, -0.01 ,  0.002, -0.009,  0.001,  0.004,  0.002, -0.009,
        -0.004, -0.009,  0.005, -0.006, -0.001,  0.008,  0.   , -0.01 ,
        -0.006,  0.01 ,  0.001,  0.009, -0.001, -0.004,  0.004,  0.008,
        -0.01 ,  0.01 , -0.009,  0.01 , -0.001, -0.003, -0.004, -0.004,
        -0.008,  0.007, -0.005, -0.008,  0.003]]), 'deltas': array([[0.],
       [0.],
       [0.],
       [0.],
       [0.],
       [0.],
       [0.]]), 'outputs': array([[0.],
       [0.],
       [0.],
       [0.],
       [0.],
       [0.],
       [0.]]), 'errors': array([[0.],
       [0.],
       [0.],
       [0.],
       [0.],
       [0.],
       [0.]])}, {'weights': array([[-0.005,  0.002,  0.004,  0.005, -0.006, -0.008,  0.002],
       [ 0.002, -0.002, -0.009, -0.01 ,  0.006,  0.009,  0.009],
       [-0.01 , -0.01 , -0.007,  0.002, -0.009, -0.005,  0.005],
       [ 0.009,  0.007,  0.003,  0.01 , -0.001, -0.008, -0.001],
       [ 0.007, -0.007, -0.002, -0.009,  0.004,  0.006,  0.007],
       [ 0.   ,  0.009, -0.007,  0.009,  0.003,  0.008,  0.009]]), 'deltas': array([[0.],
       [0.],
       [0.],
       [0.],
       [0.],
       [0.],
       [0.]]), 'outputs': array([[0.],
       [0.],
       [0.],
       [0.],
       [0.],
       [0.],
       [0.]]), 'errors': array([[0.],
       [0.],
       [0.],
       [0.],
       [0.],
       [0.],
       [0.]])}]
Training complete!
Training done. epoch: 66 , total error: 0.004854177108526307
[{'weights': array([[-2.51401204e-01, -2.27101601e+00, -8.20077902e-01,
         2.09387706e+00,  5.00489440e-01,  5.56865108e-01,
        -2.64442613e+00,  3.25455716e+00, -1.02220065e+00,
        -8.97924103e-01,  9.71802098e-01,  1.39939325e+00,
        -1.28699966e+00,  7.41789010e-01, -2.57311330e+00,
        -7.41498129e-01,  2.04119163e+00, -5.94263230e-01,
        -1.48208334e+00,  2.52445592e-03,  3.22670636e-01,
        -1.45028216e+00, -1.29413709e+00, -3.98537832e-01,
         2.04315784e+00, -5.85103296e-01,  3.50705575e-03,
         0.00000000e+00, -1.92532372e-01, -1.08086088e-01,
        -3.25991122e+00,  3.12711565e-01,  7.13778429e-01,
         1.57237870e+00,  3.31451464e-01, -3.65479383e-01,
        -1.20456654e+00,  4.69465846e-01, -2.00000000e-03,
        -6.36609551e-01,  3.56861021e-01, -4.84873491e-01,
         2.55617551e-01, -2.69124143e-01, -7.64128613e-01],
       [-3.88487707e-01, -2.10021896e+00, -9.42654064e-01,
         2.32431903e+00,  4.68090849e-01,  5.97997077e-01,
        -3.07100987e+00,  3.52210454e+00, -8.08757321e-01,
        -8.36285278e-01,  8.74062972e-01,  1.12686407e+00,
        -8.64782528e-01,  3.04546644e-01, -2.06364201e+00,
        -1.33541020e+00,  2.09550459e+00,  2.74350178e-01,
        -1.61263756e+00, -5.37578569e-02,  4.29765281e-01,
        -1.69127391e+00, -8.94596912e-01, -6.75193495e-01,
         2.22234818e+00, -4.39327691e-01,  2.06682270e-03,
         2.00000000e-03, -1.79689985e-01,  1.99681214e-01,
        -2.93984129e+00, -2.60808241e-01,  7.81057390e-01,
         1.61396007e+00,  6.10115269e-01, -4.40971833e-01,
        -1.23517026e+00,  4.63075976e-01, -8.00000000e-03,
        -1.09727434e+00,  9.58872266e-01, -4.23373683e-01,
         2.31038538e-01, -2.96213636e-01, -6.12950853e-01],
       [ 2.38915855e+00, -1.63044592e+00, -3.35301176e+00,
         1.10710264e+00,  4.98795425e-01,  1.09184802e+00,
         2.99317935e+00, -3.41857965e+00, -1.32230573e+00,
        -3.34543057e-01, -2.58460943e+00, -8.07912471e-01,
        -1.11955444e+00,  1.12538006e+00,  2.40829521e+00,
        -2.82339176e+00, -4.77226173e-01,  4.24335382e+00,
        -1.55861046e+00, -3.65526502e-01, -1.80823169e-01,
        -5.53742042e-01,  1.84590041e+00, -2.40763912e+00,
         3.07902852e-01, -4.44274361e-01, -1.30924678e-01,
         6.00000000e-03, -3.84202028e-01, -1.52528026e-02,
         3.11063625e+00, -5.97878795e+00,  7.53817476e-01,
         1.17318596e+00,  8.24182255e-01, -2.17130111e-01,
        -1.90764345e+00,  3.46190239e-01, -9.00000000e-03,
        -3.30799303e+00,  2.67870270e+00,  2.68412380e-01,
         5.64273881e-01, -1.19679699e+00, -9.67401067e-01],
       [ 7.22185551e-01, -1.65519127e+00, -9.42941432e-01,
         1.32031958e+00,  4.07653050e-01, -1.26914543e-01,
        -2.94847860e-01,  2.45639420e+00, -1.12331883e+00,
        -1.07228748e+00, -2.68357000e+00, -1.72473885e+00,
        -2.55066247e+00,  3.42293900e+00,  3.39705780e+00,
         2.76077806e+00,  5.37303321e-01,  5.36433566e-01,
        -3.19607110e+00, -7.95418378e-01, -8.19014049e-01,
         5.99115349e-01,  4.83423779e-01, -1.84256349e+00,
         1.45106389e+00,  3.27508156e-01, -2.48332838e-01,
        -5.00000000e-03, -2.03149840e-01, -1.11083026e+00,
         4.35614072e-01, -6.94846015e-01, -1.44506894e-01,
         1.37759458e+00,  2.02488465e+00, -8.28458353e-01,
        -1.78277323e+00,  4.41372418e-01,  9.00000000e-03,
        -5.42276379e-01,  1.93805573e+00,  5.55598818e-01,
         9.99398490e-01, -3.08575118e+00, -1.28974522e-01],
       [ 1.31576502e+00, -1.29006178e+00, -2.11634583e+00,
         1.86126849e+00,  2.10784888e-01, -6.74829058e-01,
         2.40151866e+00,  1.12573253e+00, -1.75761303e+00,
        -1.09839831e+00, -1.07968377e-01, -5.61910820e-01,
        -2.17177571e+00,  1.80724202e+00,  1.02582368e+00,
        -8.71589186e-01,  1.19814555e+00,  3.28553716e+00,
        -3.07876177e+00, -5.49920968e-01, -1.14323379e+00,
        -2.71595337e+00,  3.45875338e+00, -1.58514237e+00,
         1.97598695e+00,  2.39489485e-01, -1.23385523e-01,
         1.00000000e-02, -1.42693166e-01, -5.39285867e-01,
        -2.58830505e+00,  1.23201431e+00,  5.48597671e-01,
         1.34138974e+00,  2.29730995e+00, -8.02268450e-01,
        -1.91821201e+00,  4.39581301e-01, -1.00000000e-02,
        -2.37238687e+00,  2.71877169e+00,  2.97266961e-01,
         3.49246001e-01, -9.70486987e-01,  4.10795692e-04],
       [-4.26012135e-01, -1.14402659e+00, -2.18452180e+00,
         2.56461672e+00,  5.09607035e-01,  1.23725412e+00,
        -2.57954607e+00,  1.77366308e+00, -5.22960937e-01,
        -5.89746972e-01, -4.27487192e-01,  3.03242187e-01,
        -2.27548959e-01, -1.31784525e+00,  1.00730245e+00,
        -2.54426438e+00,  6.70162341e-01,  2.84189421e+00,
        -1.37643411e+00, -2.64694832e-01,  3.25301886e-01,
        -9.00691632e-01, -1.05256477e+00,  2.83678243e-01,
         6.43939505e-01, -2.16666925e-01, -2.90450016e-01,
         6.00000000e-03, -1.56219828e-01,  4.32325891e-01,
        -1.61122631e+00, -2.38011348e+00,  1.11959613e+00,
         1.75708101e+00,  7.70045284e-01, -2.87686240e-01,
        -1.29591071e+00,  1.35214895e-01, -8.00000000e-03,
        -2.10626566e+00,  2.18942886e+00, -6.77072670e-01,
         4.40967858e-01, -5.28395152e-01, -6.80336769e-01],
       [-2.00000000e-03,  8.00000000e-03,  8.00000000e-03,
         8.00000000e-03,  1.00000000e-03, -8.00000000e-03,
        -5.00000000e-03,  1.00000000e-02,  4.00000000e-03,
        -1.00000000e-02,  2.00000000e-03, -9.00000000e-03,
         1.00000000e-03,  4.00000000e-03,  2.00000000e-03,
        -9.00000000e-03, -4.00000000e-03, -9.00000000e-03,
         5.00000000e-03, -6.00000000e-03, -1.00000000e-03,
         8.00000000e-03,  0.00000000e+00, -1.00000000e-02,
        -6.00000000e-03,  1.00000000e-02,  1.00000000e-03,
         9.00000000e-03, -1.00000000e-03, -4.00000000e-03,
         4.00000000e-03,  8.00000000e-03, -1.00000000e-02,
         1.00000000e-02, -9.00000000e-03,  1.00000000e-02,
        -1.00000000e-03, -3.00000000e-03, -4.00000000e-03,
        -4.00000000e-03, -8.00000000e-03,  7.00000000e-03,
        -5.00000000e-03, -8.00000000e-03,  3.00000000e-03]]), 'deltas': array([[3.67618367e-03],
       [5.64984048e-03],
       [1.13463227e-05],
       [3.41616007e-03],
       [1.18602277e-02],
       [1.09195759e-02],
       [0.00000000e+00]]), 'outputs': array([[9.15453361e-01],
       [8.62005597e-01],
       [2.38942985e-04],
       [9.21990570e-01],
       [5.17156127e-01],
       [6.41770419e-01],
       [1.00000000e+00]]), 'errors': 0.047496830457749696}, {'weights': array([[-1.87375231, -1.41242809, -0.85900094,  4.13465947, -1.12854262,
        -2.15049834, -2.80222738],
       [ 2.78952828,  1.72702016,  2.33015957,  1.42964612,  1.23525164,
         2.11871811, -4.59455725],
       [-1.11698374, -0.99307783, -1.44178084,  2.17969343, -0.29189529,
        -0.64682545, -3.18037684],
       [-0.27418933, -0.81075897, -1.02421853, -4.58541038,  3.86557966,
        -0.44323047, -1.9631621 ],
       [ 0.15483962,  0.14473291, -1.33696955, -0.33685921,  0.39718601,
        -0.26502932, -2.57193331],
       [-2.77004526, -2.64747108, -2.63737188, -5.25777394, -4.67041169,
        -2.26378059,  2.48715718]]), 'deltas': array([[-3.96363499e-04],
       [ 3.34330345e-03],
       [-6.69875592e-04],
       [-1.91009007e-05],
       [-4.68349953e-03],
       [-2.53790263e-10]]), 'outputs': array([[2.01121566e-02],
       [9.40373728e-01],
       [2.62281996e-02],
       [4.38006071e-03],
       [7.10032356e-02],
       [1.59309229e-05]]), 'errors': array([[-2.01121566e-02],
       [ 5.96262716e-02],
       [-2.62281996e-02],
       [-4.38006071e-03],
       [-7.10032356e-02],
       [-1.59309229e-05]])}]
Accuracy: 45.45454545454545 %

train_data group 4 length:  171
   0   1   2   3   4   5   6   7   8  ...  36  37  38  39  40  41  42  43  44
0   0   1   0   0   0   0   0   1   0 ...   0   0   0   1   0   0   0   0   0
1   0   1   0   0   0   0   1   0   0 ...   0   0   0   0   1   0   0   0   0
2   0   0   1   0   0   0   0   1   0 ...   0   0   0   1   0   0   0   0   0
3   0   1   0   0   0   0   0   1   0 ...   0   0   0   1   0   0   0   0   0
4   0   0   1   0   0   0   1   0   0 ...   0   0   0   0   1   0   0   0   0

[5 rows x 45 columns]
Initial Neural Network:
[{'weights': array([[-0.003, -0.004, -0.009,  0.002, -0.008,  0.005,  0.004,  0.005,
         0.007,  0.003,  0.01 , -0.003,  0.005,  0.006,  0.01 , -0.008,
         0.002,  0.   , -0.007,  0.007, -0.002,  0.002,  0.003, -0.004,
        -0.009,  0.004,  0.009, -0.01 ,  0.007,  0.006, -0.003, -0.007,
        -0.01 ,  0.01 ,  0.003, -0.002,  0.   , -0.002,  0.001,  0.007,
         0.005, -0.007,  0.005,  0.001, -0.006],
       [ 0.005,  0.006, -0.004,  0.006,  0.008, -0.001,  0.   , -0.007,
        -0.001,  0.001,  0.01 ,  0.001,  0.   , -0.001,  0.005, -0.005,
         0.005,  0.008, -0.005, -0.01 , -0.005,  0.01 ,  0.008, -0.007,
         0.009, -0.006,  0.002,  0.002, -0.01 , -0.002, -0.008, -0.001,
        -0.002, -0.002, -0.009, -0.004,  0.001, -0.001,  0.004, -0.003,
         0.004,  0.007,  0.007,  0.009, -0.007],
       [ 0.005,  0.005,  0.003, -0.005,  0.005, -0.01 ,  0.002, -0.001,
         0.009, -0.006, -0.007,  0.003,  0.01 ,  0.005,  0.006,  0.006,
        -0.007, -0.004, -0.008,  0.009, -0.01 , -0.003,  0.008,  0.007,
        -0.007,  0.01 ,  0.003,  0.   ,  0.005, -0.005, -0.01 ,  0.008,
        -0.006, -0.004,  0.001,  0.009,  0.008, -0.008,  0.004,  0.005,
         0.004, -0.002,  0.009, -0.001,  0.007],
       [ 0.008,  0.008, -0.001, -0.01 , -0.005,  0.005, -0.006,  0.008,
        -0.008, -0.009,  0.004,  0.009,  0.   , -0.003, -0.009, -0.006,
        -0.006,  0.004,  0.001,  0.002,  0.005, -0.002, -0.004,  0.   ,
         0.003,  0.01 ,  0.007,  0.008, -0.007,  0.008,  0.01 , -0.008,
        -0.008,  0.001, -0.005,  0.002,  0.002,  0.009,  0.01 , -0.005,
        -0.002, -0.008, -0.009, -0.003,  0.01 ],
       [-0.007, -0.003, -0.007, -0.004, -0.01 ,  0.008,  0.   ,  0.003,
         0.   ,  0.001,  0.004,  0.007,  0.   ,  0.006,  0.008, -0.002,
        -0.004,  0.004,  0.005,  0.004,  0.003, -0.01 ,  0.001, -0.005,
         0.008, -0.006,  0.009,  0.004, -0.01 ,  0.003, -0.007,  0.009,
        -0.006,  0.007, -0.006,  0.003, -0.002, -0.01 ,  0.008, -0.009,
        -0.01 ,  0.009,  0.001,  0.009, -0.01 ],
       [ 0.007,  0.004,  0.004, -0.001,  0.003, -0.003,  0.006, -0.003,
         0.001,  0.006, -0.005,  0.008, -0.01 , -0.002,  0.01 , -0.008,
        -0.006,  0.01 ,  0.009,  0.   , -0.007, -0.003, -0.009,  0.005,
         0.007, -0.004, -0.007,  0.01 , -0.002,  0.005, -0.005,  0.007,
        -0.008, -0.001, -0.005, -0.009,  0.009,  0.006,  0.005,  0.005,
         0.007,  0.008,  0.002, -0.004,  0.004],
       [-0.007,  0.004,  0.   , -0.002, -0.004,  0.001, -0.003, -0.003,
         0.009, -0.006, -0.01 , -0.007, -0.006, -0.007, -0.005, -0.002,
         0.003,  0.008, -0.008,  0.003,  0.004,  0.008, -0.003,  0.005,
         0.003, -0.007,  0.009, -0.003,  0.005, -0.001, -0.003, -0.006,
        -0.004,  0.003, -0.002, -0.009, -0.005,  0.004,  0.002,  0.009,
        -0.006, -0.005, -0.003,  0.007,  0.006]]), 'deltas': array([[0.],
       [0.],
       [0.],
       [0.],
       [0.],
       [0.],
       [0.]]), 'outputs': array([[0.],
       [0.],
       [0.],
       [0.],
       [0.],
       [0.],
       [0.]]), 'errors': array([[0.],
       [0.],
       [0.],
       [0.],
       [0.],
       [0.],
       [0.]])}, {'weights': array([[-0.007,  0.005,  0.001,  0.004,  0.009, -0.003,  0.004],
       [-0.005,  0.004,  0.001, -0.01 ,  0.   , -0.004,  0.   ],
       [-0.01 , -0.01 , -0.003,  0.01 , -0.009, -0.009,  0.004],
       [ 0.007, -0.006,  0.   ,  0.008, -0.005, -0.002, -0.002],
       [-0.009,  0.007,  0.001, -0.006,  0.005,  0.002,  0.003],
       [ 0.008, -0.002,  0.01 ,  0.002, -0.009,  0.   , -0.002]]), 'deltas': array([[0.],
       [0.],
       [0.],
       [0.],
       [0.],
       [0.],
       [0.]]), 'outputs': array([[0.],
       [0.],
       [0.],
       [0.],
       [0.],
       [0.],
       [0.]]), 'errors': array([[0.],
       [0.],
       [0.],
       [0.],
       [0.],
       [0.],
       [0.]])}]
Training complete!
Training done. epoch: 35 , total error: 0.0068782460302963585
[{'weights': array([[-8.89926102e-01,  6.54539558e-01, -5.26395811e-01,
        -7.70649359e-01,  4.79206958e-01, -3.30444902e-01,
         4.00962839e-01, -1.23451701e-01, -1.00270588e+00,
         4.84148900e-02, -2.49792549e+00, -1.30035460e+00,
        -6.31061829e-01,  7.87570820e-01,  2.63854635e+00,
         1.53456701e+00,  1.77735649e+00, -2.57266652e+00,
        -1.45839731e+00, -3.18084436e-01, -3.38531381e-02,
         5.10884066e-01,  9.04921742e-01, -1.57857524e+00,
        -8.44602189e-01,  4.53562742e-01, -6.69843041e-01,
        -1.05904088e+00,  2.54096424e-01, -1.02829530e+00,
         1.37273546e+00, -1.02872936e+00,  2.84580673e-01,
        -6.35516239e-01,  1.14126889e-01, -6.71014507e-01,
        -1.06923584e+00,  2.98294365e-01,  2.96604332e-01,
        -9.62067309e-01, -3.29394506e-01, -1.40163971e-02,
         2.84253456e-01,  1.00000000e-03, -1.03722476e+00],
       [-1.71188333e-01, -2.52068776e-01, -1.22680881e-01,
        -5.88776479e-01,  4.08334970e-01, -1.94214391e-01,
         7.75706718e-01, -6.44713450e-01, -6.92776988e-01,
         6.18613437e-04, -2.52117798e+00, -9.33338501e-01,
        -1.00182053e+00,  4.16808627e-01,  3.30714889e+00,
         1.36479028e+00,  2.70647155e+00, -3.49082077e+00,
        -1.24564379e+00, -8.91767630e-02,  1.41664367e-01,
        -4.65237621e-03,  7.79633165e-01, -9.32067809e-01,
        -7.16956845e-01,  5.32190830e-01, -5.18097343e-01,
        -9.71695682e-01,  1.98222696e-01, -7.66038798e-01,
         1.37408102e+00, -8.87444116e-01,  9.03238100e-02,
        -5.73301417e-01, -2.17689456e-01, -1.88777475e-01,
        -9.28289806e-01,  3.18230017e-01,  2.60147222e-01,
        -5.72902699e-01, -2.68582139e-01,  9.94861592e-02,
         9.61918046e-03,  9.00000000e-03, -7.54379499e-01],
       [-6.22794109e-01,  5.60772452e-01, -6.77384415e-01,
        -3.59239527e-01,  6.17234281e-01, -2.63919246e-02,
         8.00060965e-01,  8.20794155e-02, -1.48800078e+00,
         1.31841004e-01, -1.18356369e+00, -1.02014578e+00,
        -1.11851326e+00,  1.33678467e+00,  1.50802674e+00,
         8.31682135e-01,  1.39582220e+00, -5.41483037e-02,
        -2.13253086e+00, -5.39236493e-01, -1.20844788e+00,
         1.29639017e+00,  7.34947534e-01, -2.57336613e-01,
        -1.06496453e+00,  1.60346083e+00, -1.03287651e+00,
        -1.40338718e+00,  3.56391538e-01, -7.71402659e-01,
        -1.03117668e+00,  4.97019067e-01,  1.06693203e+00,
        -2.72783083e-01,  1.92549007e+00, -1.44031418e+00,
        -1.46610947e+00,  2.55689526e-01,  2.44832740e-01,
        -8.21101163e-01, -8.98993025e-02,  1.58614690e-01,
         2.73974458e-01, -1.00000000e-03, -4.87411318e-01],
       [ 6.97649698e-01, -1.96715261e+00,  6.06680609e-01,
        -5.94566756e-01,  4.28428108e-01,  1.47948229e-01,
         1.65078122e-01, -7.08970178e-01, -5.01943141e-01,
         5.89260132e-02, -1.30023116e+00, -3.45984753e-01,
        -7.96335593e-01,  2.41463688e-01,  1.37312686e+00,
         1.92787173e+00, -1.53221514e+00, -1.29248336e+00,
        -9.27778414e-01,  9.90644232e-01,  5.48763692e-01,
         6.79900866e-01, -9.74723329e-01, -9.27603131e-01,
        -1.53299053e-01, -7.99295572e-01, -8.53828272e-02,
        -3.48269030e-01,  4.21986475e-01,  2.16441732e-01,
        -7.34967521e-01,  2.06575392e-01,  3.26897572e-01,
        -8.40908130e-01, -4.01070649e-01, -7.02050554e-01,
        -7.69753312e-01,  7.32590957e-01,  3.29322602e-01,
         4.46288242e-01,  1.96282976e-01, -4.07983010e-01,
        -1.08754916e+00, -3.00000000e-03, -8.18960955e-01],
       [ 3.19409851e-01, -1.87052594e+00,  4.87986477e-01,
        -4.46133738e-01,  3.91176166e-01,  4.79402662e-02,
         8.85569301e-02, -8.57751751e-01, -3.61796349e-01,
         7.96371975e-03, -1.54033986e+00, -4.20893462e-01,
        -9.23169873e-01,  3.93796870e-01,  1.42851915e+00,
         1.97879400e+00, -1.43536222e+00, -1.13744835e+00,
        -9.81892880e-01,  4.95822269e-01,  1.53212702e-01,
         5.99883578e-01, -8.33222789e-01, -7.83423832e-01,
        -2.26536842e-01, -6.16990272e-01, -3.12846309e-01,
        -4.11472517e-01,  2.51221916e-01, -1.84699952e-01,
        -8.42343249e-01,  4.34771682e-01,  2.25979085e-01,
        -7.14794750e-01, -3.70896564e-01, -6.17924259e-01,
        -8.09541223e-01,  4.15859014e-01,  2.88415849e-01,
         3.72108004e-01,  1.69789932e-01, -5.34418010e-01,
        -1.10356711e+00,  9.00000000e-03, -1.09708718e+00],
       [ 6.80692971e-01, -1.93908267e+00,  5.98491315e-01,
        -5.86393729e-01,  4.31490278e-01,  1.42930120e-01,
         1.60788031e-01, -7.29934390e-01, -4.71300794e-01,
         7.27152010e-02, -1.30064679e+00, -3.40614888e-01,
        -8.16856122e-01,  2.34107402e-01,  1.39320857e+00,
         1.93205070e+00, -1.54426131e+00, -1.26796916e+00,
        -9.12770557e-01,  9.66148492e-01,  5.09333198e-01,
         6.74698739e-01, -9.73498070e-01, -9.01438533e-01,
        -1.47897166e-01, -8.10339115e-01, -1.01509897e-01,
        -3.43270239e-01,  4.20317418e-01,  2.01391242e-01,
        -7.55456001e-01,  2.36875630e-01,  3.26471731e-01,
        -8.43084434e-01, -3.99881923e-01, -6.96033393e-01,
        -7.60031556e-01,  7.08562040e-01,  3.21582999e-01,
         4.70283587e-01,  2.04823111e-01, -3.93223283e-01,
        -1.09168525e+00, -4.00000000e-03, -8.27801833e-01],
       [-7.00000000e-03,  4.00000000e-03,  0.00000000e+00,
        -2.00000000e-03, -4.00000000e-03,  1.00000000e-03,
        -3.00000000e-03, -3.00000000e-03,  9.00000000e-03,
        -6.00000000e-03, -1.00000000e-02, -7.00000000e-03,
        -6.00000000e-03, -7.00000000e-03, -5.00000000e-03,
        -2.00000000e-03,  3.00000000e-03,  8.00000000e-03,
        -8.00000000e-03,  3.00000000e-03,  4.00000000e-03,
         8.00000000e-03, -3.00000000e-03,  5.00000000e-03,
         3.00000000e-03, -7.00000000e-03,  9.00000000e-03,
        -3.00000000e-03,  5.00000000e-03, -1.00000000e-03,
        -3.00000000e-03, -6.00000000e-03, -4.00000000e-03,
         3.00000000e-03, -2.00000000e-03, -9.00000000e-03,
        -5.00000000e-03,  4.00000000e-03,  2.00000000e-03,
         9.00000000e-03, -6.00000000e-03, -5.00000000e-03,
        -3.00000000e-03,  7.00000000e-03,  6.00000000e-03]]), 'deltas': array([[0.00064475],
       [0.00048854],
       [0.00050358],
       [0.00514938],
       [0.00682984],
       [0.00523544],
       [0.        ]]), 'outputs': array([[0.98151358],
       [0.98605718],
       [0.98562149],
       [0.82416961],
       [0.74040469],
       [0.82041217],
       [1.        ]]), 'errors': 0.03553401686812942}, {'weights': array([[ 1.33626332,  2.17104222,  0.73543966,  1.25869449,  1.29748819,
         1.30133762, -3.93570657],
       [ 0.56511552, -1.73980032,  3.274081  , -1.18708944, -0.73128391,
        -1.1542774 , -2.58614009],
       [ 0.63422937,  0.2838919 ,  0.09128694, -0.24883341, -0.13278025,
        -0.27684128, -3.2119403 ],
       [-1.60112493, -1.23717269,  0.23345802,  1.28699286, -0.28229313,
         1.17552604, -1.71010635],
       [-1.01013162, -1.19599509,  0.56026672, -0.52452616, -0.58219275,
        -0.51496884, -2.20111261],
       [-2.69486463, -2.21476375, -5.1692615 , -2.39442156, -2.03364673,
        -2.3630035 ,  2.31152415]]), 'deltas': array([[ 1.21189837e-03],
       [-2.22214468e-03],
       [-3.45570130e-03],
       [-5.93191841e-03],
       [-3.61088711e-05],
       [-4.81047936e-12]]), 'outputs': array([[9.64553784e-01],
       [4.83215719e-02],
       [6.06534020e-02],
       [8.03113973e-02],
       [6.02725711e-03],
       [2.19328291e-06]]), 'errors': array([[ 3.54462157e-02],
       [-4.83215719e-02],
       [-6.06534020e-02],
       [-8.03113973e-02],
       [-6.02725711e-03],
       [-2.19328291e-06]])}]
Accuracy: 53.48837209302325 %

Feedforward Neural Network AVG Accuracy (%): 50.054364240410756 %
