Namespace(error_threshold=0.001, max_epochs=1000, num_layers=2, num_nodes_per_hidden_layer=3, training_rate=1.2)

train_data group 0 length:  120
   0   1   2   3   4   5   6   7   8   9   10  11  12  13  14  15  16
0   1   0   0   0   0   1   0   0   1   0   0   0   1   0   0   0   0
1   1   0   0   0   0   1   0   0   1   0   0   0   1   0   0   0   0
2   1   0   0   0   0   0   1   0   1   0   0   0   1   0   0   0   0
3   1   0   0   0   0   1   0   0   1   0   0   0   1   0   0   0   0
4   1   0   0   0   0   0   1   0   1   0   0   0   1   0   0   0   0
Initial Neural Network:
[{'weights': array([[ 0.006,  0.004,  0.005, -0.004, -0.007,  0.   ,  0.008,  0.005,
         0.002, -0.006,  0.   , -0.003, -0.009,  0.007, -0.002, -0.005,
         0.004],
       [-0.004, -0.008,  0.006, -0.009, -0.009, -0.006, -0.005,  0.006,
        -0.007,  0.008,  0.009, -0.009,  0.002, -0.001,  0.01 , -0.005,
        -0.004],
       [-0.005, -0.006, -0.008,  0.01 ,  0.003, -0.003,  0.   ,  0.01 ,
         0.003, -0.005,  0.006, -0.01 , -0.008,  0.001, -0.004, -0.007,
         0.007],
       [ 0.003,  0.004, -0.002, -0.006,  0.004,  0.004,  0.005,  0.002,
         0.   ,  0.002, -0.002, -0.007, -0.007, -0.003,  0.006, -0.005,
        -0.004]]), 'deltas': array([[0.],
       [0.],
       [0.],
       [0.]]), 'outputs': array([[0.],
       [0.],
       [0.],
       [0.]]), 'errors': array([[0.],
       [0.],
       [0.],
       [0.]])}, {'weights': array([[-0.006,  0.008,  0.004,  0.007],
       [ 0.003, -0.009,  0.005, -0.007],
       [ 0.   , -0.006, -0.003,  0.004]]), 'deltas': array([[0.],
       [0.],
       [0.],
       [0.]]), 'outputs': array([[0.],
       [0.],
       [0.],
       [0.]]), 'errors': array([[0.],
       [0.],
       [0.],
       [0.]])}]
Training complete!
Training done. epoch: 9 , total error: 0.0009738226059953853
[{'weights': array([[ 0.70425429, -0.12299371, -1.00342687, -0.60155425, -0.75657715,
        -0.57340357,  0.15556313,  0.14569704,  1.79147971, -0.68493584,
        -1.01911477, -1.12914966,  1.78047971, -0.65965751, -1.00395046,
        -1.1605923 , -1.03072054],
       [ 0.69619447, -0.13170051, -1.00219573, -0.60364834, -0.75820943,
        -0.57727924,  0.14854352,  0.14659503,  1.78725902, -0.67073267,
        -1.01148052, -1.13039594,  1.79625902, -0.6655455 , -0.99498793,
        -1.15607571, -1.03035011],
       [ 0.69402346, -0.1320907 , -1.01056748, -0.59198064, -0.74888404,
        -0.57394409,  0.15103796,  0.1501748 ,  1.79388302, -0.68311999,
        -1.01310427, -1.13527413,  1.78288302, -0.66503761, -1.00589504,
        -1.16156573, -1.02461537],
       [ 0.003     ,  0.004     , -0.002     , -0.006     ,  0.004     ,
         0.004     ,  0.005     ,  0.002     ,  0.        ,  0.002     ,
        -0.002     , -0.007     , -0.007     , -0.003     ,  0.006     ,
        -0.005     , -0.004     ]]), 'deltas': array([[0.00021608],
       [0.00021672],
       [0.00021686],
       [0.        ]]), 'outputs': array([[0.96769703],
       [0.96759828],
       [0.9675765 ],
       [1.        ]]), 'errors': 0.006912520594591413}, {'weights': array([[ 2.44101152,  2.43526414,  2.44590304, -3.47618425],
       [-1.16947721, -1.16385744, -1.1617503 ,  0.03178592],
       [-1.65007744, -1.6526176 , -1.65140819,  0.13494689]]), 'deltas': array([[ 6.80933594e-04],
       [-1.12047957e-03],
       [-8.73981292e-05]]), 'outputs': array([[0.97355324],
       [0.03405858],
       [0.00939291]]), 'errors': array([[ 0.02644676],
       [-0.03405858],
       [-0.00939291]])}]
neural_net output [0.9736409  0.03388584 0.00938732]
target: 0 prediction: 0
neural_net output [0.96524895 0.03863416 0.01136148]
target: 0 prediction: 0
neural_net output [0.96684052 0.03778287 0.01099853]
target: 0 prediction: 0
neural_net output [0.9736409  0.03388584 0.00938732]
target: 0 prediction: 0
neural_net output [0.9736409  0.03388584 0.00938732]
target: 0 prediction: 0
neural_net output [0.9736409  0.03388584 0.00938732]
target: 0 prediction: 0
neural_net output [0.96524895 0.03863416 0.01136148]
target: 0 prediction: 0
neural_net output [0.9736409  0.03388584 0.00938732]
target: 0 prediction: 0
neural_net output [0.96524895 0.03863416 0.01136148]
target: 0 prediction: 0
neural_net output [0.96531748 0.03859782 0.01134596]
target: 0 prediction: 0
neural_net output [0.03530796 0.48784333 0.50523786]
target: 1 prediction: 2
neural_net output [0.03530796 0.48784333 0.50523786]
target: 1 prediction: 2
neural_net output [0.034394   0.49108475 0.50983319]
target: 1 prediction: 2
neural_net output [0.03530796 0.48784333 0.50523786]
target: 1 prediction: 2
neural_net output [0.03213654 0.49946349 0.52169876]
target: 1 prediction: 2
neural_net output [0.03213654 0.49946349 0.52169876]
target: 1 prediction: 2
neural_net output [0.03453341 0.49058464 0.50912449]
target: 1 prediction: 2
neural_net output [0.03530796 0.48784333 0.50523786]
target: 1 prediction: 2
neural_net output [0.03530796 0.48784333 0.50523786]
target: 1 prediction: 2
neural_net output [0.03530796 0.48784333 0.50523786]
target: 1 prediction: 2
neural_net output [0.03388815 0.4929146  0.51242667]
target: 2 prediction: 2
neural_net output [0.03287686 0.49665456 0.51772339]
target: 2 prediction: 2
neural_net output [0.03340357 0.49469268 0.51494565]
target: 2 prediction: 2
neural_net output [0.03530796 0.48784333 0.50523786]
target: 2 prediction: 2
neural_net output [0.03181798 0.50069163 0.52343606]
target: 2 prediction: 2
neural_net output [0.03244528 0.49828463 0.52003073]
target: 2 prediction: 2
neural_net output [0.03161329 0.5014869  0.5245609 ]
target: 2 prediction: 2
neural_net output [0.03520602 0.48820095 0.50574508]
target: 2 prediction: 2
neural_net output [0.03449588 0.49071914 0.50931523]
target: 2 prediction: 2
neural_net output [0.034394   0.49108475 0.50983319]
target: 2 prediction: 2
Accuracy: 66.66666666666666 %

train_data group 1 length:  120
   0   1   2   3   4   5   6   7   8   9   10  11  12  13  14  15  16
0   1   0   0   0   0   0   1   0   1   0   0   0   1   0   0   0   0
1   0   1   0   0   0   0   0   1   1   0   0   0   1   0   0   0   0
2   1   0   0   0   0   1   0   0   1   0   0   0   1   0   0   0   0
3   1   0   0   0   0   0   1   0   1   0   0   0   1   0   0   0   0
4   1   0   0   0   0   0   1   0   1   0   0   0   1   0   0   0   0
Initial Neural Network:
[{'weights': array([[-0.009,  0.002,  0.008,  0.002, -0.002, -0.005,  0.   ,  0.001,
         0.004, -0.005,  0.007, -0.002, -0.001, -0.005,  0.008,  0.008,
         0.   ],
       [-0.001,  0.003, -0.005, -0.003, -0.01 ,  0.   ,  0.01 ,  0.006,
         0.003, -0.006, -0.004,  0.01 ,  0.009,  0.003, -0.005, -0.002,
         0.003],
       [ 0.01 ,  0.005,  0.003, -0.009,  0.005,  0.01 ,  0.008, -0.001,
        -0.009,  0.003, -0.006, -0.006,  0.009,  0.01 ,  0.001,  0.001,
         0.008],
       [-0.002,  0.   , -0.004,  0.003,  0.009, -0.007, -0.009,  0.01 ,
         0.008,  0.01 ,  0.006,  0.004,  0.002,  0.007, -0.008,  0.009,
         0.004]]), 'deltas': array([[0.],
       [0.],
       [0.],
       [0.]]), 'outputs': array([[0.],
       [0.],
       [0.],
       [0.]]), 'errors': array([[0.],
       [0.],
       [0.],
       [0.]])}, {'weights': array([[-0.005, -0.002, -0.009,  0.005],
       [-0.004,  0.001,  0.   ,  0.009],
       [ 0.   ,  0.01 ,  0.009,  0.009]]), 'deltas': array([[0.],
       [0.],
       [0.],
       [0.]]), 'outputs': array([[0.],
       [0.],
       [0.],
       [0.]]), 'errors': array([[0.],
       [0.],
       [0.],
       [0.]])}]
Training complete!
Training done. epoch: 8 , total error: 0.0007276718569247981
[{'weights': array([[ 0.620811  , -0.49857212, -0.66371692, -0.4174315 , -0.93823434,
        -0.60887897,  0.26683607,  0.3123677 ,  1.78334442, -0.80411943,
        -1.32383486, -0.61329968,  1.77834442, -0.78375218, -1.27004526,
        -0.67645652, -0.96190954],
       [ 0.62267787, -0.49831218, -0.67094421, -0.42345713, -0.94374108,
        -0.60344845,  0.27267694,  0.31647693,  1.77455441, -0.80650255,
        -1.32724067, -0.60184683,  1.78055441, -0.77806016, -1.27496292,
        -0.68656697, -0.96103565],
       [ 0.62663069, -0.4973713 , -0.66550364, -0.4266601 , -0.93721807,
        -0.60006202,  0.27551715,  0.3118586 ,  1.76539239, -0.80536495,
        -1.3345564 , -0.61537539,  1.78339239, -0.77853911, -1.2743777 ,
        -0.68137993, -0.96390435],
       [-0.002     ,  0.        , -0.004     ,  0.003     ,  0.009     ,
        -0.007     , -0.009     ,  0.01      ,  0.008     ,  0.01      ,
         0.006     ,  0.004     ,  0.002     ,  0.007     , -0.008     ,
         0.009     ,  0.004     ]]), 'deltas': array([[0.00016058],
       [0.00016028],
       [0.00016064],
       [0.        ]]), 'outputs': array([[0.97030013],
       [0.97035781],
       [0.97028865],
       [1.        ]]), 'errors': 0.005572396737148559}, {'weights': array([[ 2.39218344,  2.41506626,  2.39481122, -3.4244443 ],
       [-1.57846562, -1.58338365, -1.56366138,  0.71547248],
       [-1.20091149, -1.19900533, -1.21314262, -0.58346273]]), 'deltas': array([[ 0.00074292],
       [-0.00041063],
       [-0.00026761]]), 'outputs': array([[0.97235883],
       [0.02047466],
       [0.01649538]]), 'errors': array([[ 0.02764117],
       [-0.02047466],
       [-0.01649538]])}]
Accuracy: 66.66666666666666 %

train_data group 2 length:  120
   0   1   2   3   4   5   6   7   8   9   10  11  12  13  14  15  16
0   1   0   0   0   0   0   1   0   1   0   0   0   1   0   0   0   0
1   0   1   0   0   0   0   0   1   1   0   0   0   1   0   0   0   0
2   1   0   0   0   0   1   0   0   1   0   0   0   1   0   0   0   0
3   1   0   0   0   0   0   1   0   1   0   0   0   1   0   0   0   0
4   1   0   0   0   0   0   1   0   1   0   0   0   1   0   0   0   0
Initial Neural Network:
[{'weights': array([[ 0.008,  0.003,  0.01 , -0.005, -0.005,  0.002, -0.002,  0.001,
         0.002, -0.01 , -0.004, -0.007,  0.007, -0.01 , -0.01 , -0.005,
        -0.002],
       [-0.005,  0.007, -0.006, -0.002,  0.003, -0.004, -0.001, -0.002,
        -0.003,  0.004, -0.004,  0.009, -0.004, -0.006,  0.003,  0.004,
         0.003],
       [-0.001, -0.009,  0.004,  0.004,  0.005,  0.009, -0.005, -0.001,
        -0.003,  0.   ,  0.002,  0.004, -0.006,  0.01 , -0.001,  0.008,
         0.007],
       [-0.004,  0.002,  0.   ,  0.008, -0.004,  0.   ,  0.003, -0.01 ,
         0.002, -0.01 , -0.006,  0.006, -0.004,  0.008, -0.001, -0.01 ,
        -0.008]]), 'deltas': array([[0.],
       [0.],
       [0.],
       [0.]]), 'outputs': array([[0.],
       [0.],
       [0.],
       [0.]]), 'errors': array([[0.],
       [0.],
       [0.],
       [0.]])}, {'weights': array([[-0.008, -0.007,  0.   , -0.003],
       [-0.009, -0.005, -0.009,  0.001],
       [-0.009,  0.009, -0.005, -0.006]]), 'deltas': array([[0.],
       [0.],
       [0.],
       [0.]]), 'outputs': array([[0.],
       [0.],
       [0.],
       [0.]]), 'errors': array([[0.],
       [0.],
       [0.],
       [0.]])}]
Training complete!
Training done. epoch: 17 , total error: 0.0009741276134272283
[{'weights': array([[ 1.93521758e-01, -1.00201176e+00, -3.37123203e-01,
         6.21718904e-01,  7.67483872e-01, -3.47115299e-01,
        -6.34478135e-01, -3.29784742e-01, -2.06733260e+00,
        -8.79920768e-01, -7.67465458e-01,  3.15582452e+00,
        -2.06233260e+00, -1.10985525e+00, -8.36762990e-01,
         3.45105654e+00, -5.41894305e-01],
       [ 3.46521316e-01, -1.12300402e+00, -4.07774133e-01,
         6.12456886e-01,  8.49895705e-01, -4.45831792e-01,
        -6.39545875e-01, -3.34317992e-01, -2.08607155e+00,
        -9.17138936e-01, -6.64894302e-01,  3.10830484e+00,
        -2.08707155e+00, -1.14622445e+00, -7.41900343e-01,
         3.40639639e+00, -5.62799954e-01],
       [-3.17622982e-01, -1.47986714e-01,  9.34165316e-02,
         4.28607833e-01,  8.49138411e-01,  4.30124623e-01,
        -8.44927418e-01, -3.67920947e-01, -2.33040491e+00,
        -1.15544648e-01,  6.99710655e-01,  1.80765357e+00,
        -2.33340491e+00, -1.06055248e+00,  1.43809236e+00,
         2.02527970e+00,  6.54146689e-02],
       [-4.00000000e-03,  2.00000000e-03,  0.00000000e+00,
         8.00000000e-03, -4.00000000e-03,  0.00000000e+00,
         3.00000000e-03, -1.00000000e-02,  2.00000000e-03,
        -1.00000000e-02, -6.00000000e-03,  6.00000000e-03,
        -4.00000000e-03,  8.00000000e-03, -1.00000000e-03,
        -1.00000000e-02, -8.00000000e-03]]), 'deltas': array([[1.09810103e-05],
       [1.36860342e-05],
       [5.27382924e-05],
       [0.00000000e+00]]), 'outputs': array([[0.99823797],
       [0.99780296],
       [0.99147984],
       [1.        ]]), 'errors': 0.006243018552033557}, {'weights': array([[-3.78029446, -4.05625017, -6.45728203,  2.29060664],
       [-3.70798042, -1.99339548,  4.31478802, -1.78630606],
       [ 3.00367098,  2.54017036,  2.46518098, -4.06973261]]), 'deltas': array([[-4.31956994e-11],
       [-1.49735875e-03],
       [ 3.81663464e-04]]), 'outputs': array([[6.57236512e-06],
       [3.94830242e-02],
       [9.80268148e-01]]), 'errors': array([[-6.57236512e-06],
       [-3.94830242e-02],
       [ 1.97318520e-02]])}]
Accuracy: 93.33333333333333 %

train_data group 3 length:  120
   0   1   2   3   4   5   6   7   8   9   10  11  12  13  14  15  16
0   1   0   0   0   0   0   1   0   1   0   0   0   1   0   0   0   0
1   0   1   0   0   0   0   0   1   1   0   0   0   1   0   0   0   0
2   1   0   0   0   0   1   0   0   1   0   0   0   1   0   0   0   0
3   1   0   0   0   0   0   1   0   1   0   0   0   1   0   0   0   0
4   1   0   0   0   0   0   1   0   1   0   0   0   1   0   0   0   0
Initial Neural Network:
[{'weights': array([[ 0.006, -0.001,  0.01 ,  0.009,  0.009,  0.008, -0.007, -0.01 ,
        -0.002, -0.004,  0.001, -0.009, -0.009, -0.003,  0.01 , -0.001,
         0.004],
       [-0.001,  0.006, -0.005,  0.006,  0.007, -0.004, -0.009,  0.003,
         0.003,  0.008, -0.001, -0.001, -0.003, -0.01 ,  0.006,  0.001,
         0.01 ],
       [-0.001,  0.007,  0.003, -0.003,  0.006, -0.003, -0.008,  0.01 ,
         0.01 , -0.006, -0.006, -0.003,  0.005,  0.001,  0.002, -0.002,
         0.007],
       [-0.006, -0.009,  0.   , -0.008,  0.007, -0.01 , -0.008, -0.006,
        -0.003,  0.005,  0.001,  0.   , -0.001,  0.008, -0.002, -0.009,
         0.002]]), 'deltas': array([[0.],
       [0.],
       [0.],
       [0.]]), 'outputs': array([[0.],
       [0.],
       [0.],
       [0.]]), 'errors': array([[0.],
       [0.],
       [0.],
       [0.]])}, {'weights': array([[-0.006,  0.004,  0.007,  0.007],
       [ 0.005, -0.004,  0.005,  0.001],
       [ 0.005,  0.01 ,  0.005, -0.006]]), 'deltas': array([[0.],
       [0.],
       [0.],
       [0.]]), 'outputs': array([[0.],
       [0.],
       [0.],
       [0.]]), 'errors': array([[0.],
       [0.],
       [0.],
       [0.]])}]
Training complete!
Training done. epoch: 20 , total error: 0.0008955880405880053
[{'weights': array([[ 7.82745067e-01, -9.68616347e-01, -1.21296741e+00,
         8.91942463e-01,  1.04196554e+00, -2.01194320e-01,
        -1.04779023e+00, -3.23877213e-01, -2.22969658e+00,
        -1.40479847e+00, -1.14008745e-01,  3.20360757e+00,
        -2.23669658e+00, -1.84075019e+00, -2.30978612e-01,
         3.77452916e+00, -5.26896223e-01],
       [-3.94947183e-01,  2.64114581e-01, -3.82033352e-01,
         7.88626297e-01,  6.28515986e-01,  1.06393136e+00,
        -1.06577111e+00, -3.59915891e-01, -2.46447814e+00,
        -6.19333367e-02,  6.35175057e-01,  2.16999676e+00,
        -2.47047814e+00, -9.11500011e-01,  1.00576472e+00,
         2.63997378e+00,  2.79760343e-01],
       [ 2.97335069e-01, -9.11353564e-01, -7.31036430e-01,
         9.08674211e-01,  6.92094393e-01,  3.70120215e-02,
        -8.61259742e-01, -3.05227388e-01, -2.15293685e+00,
        -1.10351111e+00, -4.35382809e-01,  3.24445006e+00,
        -2.15793685e+00, -1.49023763e+00, -5.70277565e-01,
         3.78207133e+00, -4.35380715e-01],
       [-6.00000000e-03, -9.00000000e-03,  0.00000000e+00,
        -8.00000000e-03,  7.00000000e-03, -1.00000000e-02,
        -8.00000000e-03, -6.00000000e-03, -3.00000000e-03,
         5.00000000e-03,  1.00000000e-03,  0.00000000e+00,
        -1.00000000e-03,  8.00000000e-03, -2.00000000e-03,
        -9.00000000e-03,  2.00000000e-03]]), 'deltas': array([[3.73804353e-05],
       [1.80511124e-05],
       [1.59337560e-05],
       [0.00000000e+00]]), 'outputs': array([[0.99354776],
       [0.99689466],
       [0.99725991],
       [1.        ]]), 'errors': 0.005831025964815357}, {'weights': array([[-4.33793795, -6.83234222, -3.85001187,  2.41214199],
       [-2.18606522,  5.29569035, -4.53535648, -1.80870792],
       [ 2.70340783,  2.50549979,  3.19188935, -4.34056176]]), 'deltas': array([[-1.26066130e-11],
       [-1.42595442e-03],
       [ 3.02699540e-04]]), 'outputs': array([[3.55058555e-06],
       [3.85106260e-02],
       [9.82447002e-01]]), 'errors': array([[-3.55058555e-06],
       [-3.85106260e-02],
       [ 1.75529984e-02]])}]
Accuracy: 90.0 %

train_data group 4 length:  120
   0   1   2   3   4   5   6   7   8   9   10  11  12  13  14  15  16
0   1   0   0   0   0   0   1   0   1   0   0   0   1   0   0   0   0
1   0   1   0   0   0   0   0   1   1   0   0   0   1   0   0   0   0
2   1   0   0   0   0   1   0   0   1   0   0   0   1   0   0   0   0
3   1   0   0   0   0   0   1   0   1   0   0   0   1   0   0   0   0
4   1   0   0   0   0   0   1   0   1   0   0   0   1   0   0   0   0
Initial Neural Network:
[{'weights': array([[-0.003,  0.003,  0.009,  0.008,  0.004,  0.   ,  0.006, -0.004,
        -0.004,  0.005, -0.008, -0.007, -0.007,  0.006,  0.006,  0.001,
        -0.002],
       [ 0.009, -0.003, -0.008,  0.001, -0.003, -0.004,  0.005,  0.009,
        -0.005, -0.001,  0.   , -0.01 , -0.006, -0.003,  0.004,  0.005,
        -0.004],
       [-0.009,  0.009,  0.005,  0.009,  0.004,  0.001, -0.003, -0.005,
         0.009,  0.002,  0.001,  0.01 ,  0.006,  0.004, -0.001,  0.008,
         0.008],
       [-0.009,  0.   ,  0.005,  0.009, -0.01 ,  0.009,  0.005, -0.001,
        -0.007,  0.009, -0.008,  0.006,  0.006,  0.007, -0.001, -0.009,
        -0.005]]), 'deltas': array([[0.],
       [0.],
       [0.],
       [0.]]), 'outputs': array([[0.],
       [0.],
       [0.],
       [0.]]), 'errors': array([[0.],
       [0.],
       [0.],
       [0.]])}, {'weights': array([[-0.003,  0.008, -0.009,  0.006],
       [ 0.006, -0.005, -0.006,  0.001],
       [ 0.008, -0.006, -0.001,  0.008]]), 'deltas': array([[0.],
       [0.],
       [0.],
       [0.]]), 'outputs': array([[0.],
       [0.],
       [0.],
       [0.]]), 'errors': array([[0.],
       [0.],
       [0.],
       [0.]])}]
Training complete!
Training done. epoch: 51 , total error: 0.0009025935601448463
[{'weights': array([[-7.24832745e-01, -6.78926616e-01,  7.66325671e-01,
         9.52588259e-01,  6.09217368e-01,  9.97380401e-01,
        -9.58632442e-01, -3.43810759e-01, -2.73576088e+00,
         2.02802775e-01,  6.75465182e-01,  2.14164749e+00,
        -2.73876088e+00, -1.06410768e+00,  1.43741226e+00,
         2.66961086e+00,  2.96154569e-01],
       [-7.57550067e-01, -8.84529154e-01,  2.41230684e-02,
         1.18476920e+00,  5.54036653e-01,  1.09499398e-02,
        -6.82273725e-01, -3.07899819e-01, -2.30034985e+00,
        -3.87470955e-01, -1.28151094e+00,  3.52114479e+00,
        -2.30134985e+00, -1.28944204e+00, -1.17225654e+00,
         4.33086148e+00, -4.36186951e-01],
       [-7.70611083e-01, -8.82045940e-01,  2.91638910e-02,
         1.18369558e+00,  5.55703283e-01,  5.59897409e-03,
        -6.92626384e-01, -3.25473426e-01, -2.29164172e+00,
        -3.83630532e-01, -1.27080581e+00,  3.51428050e+00,
        -2.29464172e+00, -1.28854486e+00, -1.17001461e+00,
         4.31640363e+00, -4.45797553e-01],
       [-9.00000000e-03,  0.00000000e+00,  5.00000000e-03,
         9.00000000e-03, -1.00000000e-02,  9.00000000e-03,
         5.00000000e-03, -1.00000000e-03, -7.00000000e-03,
         9.00000000e-03, -8.00000000e-03,  6.00000000e-03,
         6.00000000e-03,  7.00000000e-03, -1.00000000e-03,
        -9.00000000e-03, -5.00000000e-03]]), 'deltas': array([[3.55981922e-05],
       [2.15235520e-06],
       [2.24541595e-06],
       [0.00000000e+00]]), 'outputs': array([[0.99394715],
       [0.99963611],
       [0.99962037],
       [1.        ]]), 'errors': 0.0059170451991828275}, {'weights': array([[-9.71447026, -5.40136664, -5.51987121,  2.75342962],
       [ 8.51529571, -5.16054695, -4.58575636, -2.00441986],
       [ 2.98603696,  2.96781732,  2.88000198, -5.0159902 ]]), 'deltas': array([[-3.32851690e-16],
       [-1.27396130e-03],
       [ 4.72536972e-04]]), 'outputs': array([[1.82442236e-08],
       [3.63597298e-02],
       [9.78019164e-01]]), 'errors': array([[-1.82442236e-08],
       [-3.63597298e-02],
       [ 2.19808365e-02]])}]
Accuracy: 86.66666666666667 %

Feedforward Neural Network AVG Accuracy (%): 80.66666666666666 %
