Namespace(error_threshold=0.001, max_epochs=1000, num_layers=2, num_nodes_per_hidden_layer=3, training_rate=1.3)

train_data group 0 length:  120
   0   1   2   3   4   5   6   7   8   9   10  11  12  13  14  15  16
0   1   0   0   0   0   1   0   0   1   0   0   0   1   0   0   0   0
1   1   0   0   0   0   1   0   0   1   0   0   0   1   0   0   0   0
2   1   0   0   0   0   0   1   0   1   0   0   0   1   0   0   0   0
3   1   0   0   0   0   1   0   0   1   0   0   0   1   0   0   0   0
4   1   0   0   0   0   0   1   0   1   0   0   0   1   0   0   0   0
Initial Neural Network:
[{'weights': array([[-0.003,  0.009,  0.002, -0.005, -0.007, -0.009,  0.007, -0.001,
         0.   ,  0.009,  0.006, -0.003,  0.007,  0.001,  0.008, -0.008,
        -0.003],
       [-0.008,  0.002,  0.002, -0.004,  0.   , -0.001,  0.001,  0.007,
         0.01 , -0.006,  0.001, -0.005, -0.005,  0.001,  0.005, -0.004,
         0.   ],
       [-0.004,  0.004,  0.01 ,  0.003, -0.01 ,  0.001, -0.003, -0.009,
         0.006,  0.003,  0.008, -0.007,  0.001,  0.008, -0.003,  0.009,
        -0.004],
       [-0.008, -0.01 , -0.004, -0.004, -0.003,  0.008, -0.001, -0.004,
         0.001, -0.001,  0.009,  0.003,  0.003,  0.002,  0.003,  0.005,
        -0.006]]), 'deltas': array([[0.],
       [0.],
       [0.],
       [0.]]), 'outputs': array([[0.],
       [0.],
       [0.],
       [0.]]), 'errors': array([[0.],
       [0.],
       [0.],
       [0.]])}, {'weights': array([[ 0.006,  0.004, -0.008,  0.001],
       [ 0.005, -0.002,  0.   ,  0.009],
       [ 0.001,  0.004, -0.007,  0.004]]), 'deltas': array([[0.],
       [0.],
       [0.],
       [0.]]), 'outputs': array([[0.],
       [0.],
       [0.],
       [0.]]), 'errors': array([[0.],
       [0.],
       [0.],
       [0.]])}]
Training complete!
Training done. epoch: 24 , total error: 0.0004227867826256547
[{'weights': array([[-5.33201727e-01, -1.45210165e-01,  4.60158273e-01,
         5.97159468e-01,  5.90481955e-01,  7.85509230e-01,
        -8.09831652e-01, -2.00253684e-01, -2.65970075e+00,
         4.65262958e-01,  5.69979819e-01,  2.01236382e+00,
        -2.65270075e+00, -1.36000535e+00,  2.07931196e+00,
         2.31730000e+00,  3.72905849e-01],
       [ 1.25584578e+00, -1.31062677e+00, -1.26092108e+00,
         7.29404761e-01,  3.10496780e-01, -2.49684348e-01,
        -4.55077209e-01, -1.77032530e-01, -2.41279056e+00,
        -1.63977459e+00, -3.58069933e-02,  3.51007484e+00,
        -2.42779056e+00, -1.67384449e+00, -2.47364123e-01,
         3.76770187e+00, -5.78297307e-01],
       [ 1.21220449e+00, -1.28174144e+00, -1.22855369e+00,
         7.37575917e-01,  2.94918483e-01, -2.45373962e-01,
        -4.53090003e-01, -1.90969240e-01, -2.40731795e+00,
        -1.60437226e+00, -6.20725127e-02,  3.51024801e+00,
        -2.41231795e+00, -1.64893716e+00, -2.67025223e-01,
         3.76976561e+00, -5.77514723e-01],
       [-8.00000000e-03, -1.00000000e-02, -4.00000000e-03,
        -4.00000000e-03, -3.00000000e-03,  8.00000000e-03,
        -1.00000000e-03, -4.00000000e-03,  1.00000000e-03,
        -1.00000000e-03,  9.00000000e-03,  3.00000000e-03,
         3.00000000e-03,  2.00000000e-03,  3.00000000e-03,
         5.00000000e-03, -6.00000000e-03]]), 'deltas': array([[3.97870885e-05],
       [2.14294059e-05],
       [2.06534903e-05],
       [0.00000000e+00]]), 'outputs': array([[0.98729079],
       [0.99319549],
       [0.9934435 ],
       [1.        ]]), 'errors': 0.0031708705388680787}, {'weights': array([[-8.17732612, -4.2445747 , -4.27142597,  2.48792892],
       [ 5.59149649, -3.92268222, -3.89604553, -2.00549135],
       [ 2.66088842,  2.76117177,  2.77560092, -4.47859282]]), 'deltas': array([[-6.32454747e-13],
       [-1.94794157e-04],
       [ 6.31506869e-04]]), 'outputs': array([[7.95270551e-07],
       [1.40560030e-02],
       [9.74544110e-01]]), 'errors': array([[-7.95270551e-07],
       [-1.40560030e-02],
       [ 2.54558902e-02]])}]
neural_net output [0.91608072 0.11197287 0.01189068]
target: 0 prediction: 0
neural_net output [0.91968125 0.12075853 0.01143545]
target: 0 prediction: 0
neural_net output [0.90987983 0.1143265  0.01226624]
target: 0 prediction: 0
neural_net output [0.91608072 0.11197287 0.01189068]
target: 0 prediction: 0
neural_net output [0.91608072 0.11197287 0.01189068]
target: 0 prediction: 0
neural_net output [0.91608072 0.11197287 0.01189068]
target: 0 prediction: 0
neural_net output [0.91968125 0.12075853 0.01143545]
target: 0 prediction: 0
neural_net output [0.91608072 0.11197287 0.01189068]
target: 0 prediction: 0
neural_net output [0.91968125 0.12075853 0.01143545]
target: 0 prediction: 0
neural_net output [0.92120553 0.1196009  0.01135165]
target: 0 prediction: 0
neural_net output [0.002076   0.94332642 0.19226324]
target: 1 prediction: 1
neural_net output [0.002076   0.94332642 0.19226324]
target: 1 prediction: 1
neural_net output [0.00139716 0.91524083 0.23801714]
target: 1 prediction: 1
neural_net output [0.002076   0.94332642 0.19226324]
target: 1 prediction: 1
neural_net output [0.00183251 0.94501587 0.20038926]
target: 1 prediction: 1
neural_net output [0.00183251 0.94501587 0.20038926]
target: 1 prediction: 1
neural_net output [0.0031435  0.93556156 0.16788658]
target: 1 prediction: 1
neural_net output [0.002076   0.94332642 0.19226324]
target: 1 prediction: 1
neural_net output [0.002076   0.94332642 0.19226324]
target: 1 prediction: 1
neural_net output [0.002076   0.94332642 0.19226324]
target: 1 prediction: 1
neural_net output [2.73468616e-06 4.53467497e-02 9.44325236e-01]
target: 2 prediction: 2
neural_net output [9.80117047e-07 1.92478149e-02 9.70294946e-01]
target: 2 prediction: 2
neural_net output [7.95243304e-07 1.40423071e-02 9.74624732e-01]
target: 2 prediction: 2
neural_net output [0.002076   0.94332642 0.19226324]
target: 2 prediction: 1
neural_net output [2.92082980e-06 4.59266615e-02 9.42551239e-01]
target: 2 prediction: 2
neural_net output [6.94279779e-07 1.42098053e-02 9.76080252e-01]
target: 2 prediction: 2
neural_net output [7.24500129e-07 1.47051321e-02 9.75446047e-01]
target: 2 prediction: 2
neural_net output [7.47343666e-07 1.35529094e-02 9.75502834e-01]
target: 2 prediction: 2
neural_net output [3.33665696e-06 4.61688351e-02 9.39050002e-01]
target: 2 prediction: 2
neural_net output [0.00139716 0.91524083 0.23801714]
target: 2 prediction: 1
Accuracy: 93.33333333333333 %

train_data group 1 length:  120
   0   1   2   3   4   5   6   7   8   9   10  11  12  13  14  15  16
0   1   0   0   0   0   0   1   0   1   0   0   0   1   0   0   0   0
1   0   1   0   0   0   0   0   1   1   0   0   0   1   0   0   0   0
2   1   0   0   0   0   1   0   0   1   0   0   0   1   0   0   0   0
3   1   0   0   0   0   0   1   0   1   0   0   0   1   0   0   0   0
4   1   0   0   0   0   0   1   0   1   0   0   0   1   0   0   0   0
Initial Neural Network:
[{'weights': array([[ 0.001, -0.005,  0.001, -0.007,  0.009,  0.009,  0.005,  0.008,
        -0.005, -0.003, -0.009, -0.001,  0.01 , -0.007, -0.005,  0.004,
         0.002],
       [ 0.004, -0.007, -0.008, -0.008,  0.002,  0.005,  0.005, -0.003,
         0.009, -0.01 ,  0.   , -0.008, -0.004, -0.01 ,  0.002, -0.004,
         0.01 ],
       [ 0.002, -0.001, -0.003, -0.001,  0.003,  0.006,  0.001, -0.01 ,
        -0.001, -0.004,  0.001, -0.004,  0.01 , -0.006, -0.004,  0.009,
        -0.009],
       [-0.001, -0.008,  0.01 , -0.003,  0.005, -0.003,  0.009, -0.008,
        -0.001,  0.01 ,  0.005, -0.009, -0.007, -0.002,  0.001, -0.001,
         0.007]]), 'deltas': array([[0.],
       [0.],
       [0.],
       [0.]]), 'outputs': array([[0.],
       [0.],
       [0.],
       [0.]]), 'errors': array([[0.],
       [0.],
       [0.],
       [0.]])}, {'weights': array([[ 0.009,  0.002, -0.004,  0.001],
       [ 0.   , -0.003,  0.   ,  0.006],
       [-0.001,  0.002,  0.006,  0.001]]), 'deltas': array([[0.],
       [0.],
       [0.],
       [0.]]), 'outputs': array([[0.],
       [0.],
       [0.],
       [0.]]), 'errors': array([[0.],
       [0.],
       [0.],
       [0.]])}]
Training complete!
Training done. epoch: 12 , total error: 0.0005593109477568646
[{'weights': array([[ 1.63629576e-01, -5.53665565e-01, -4.69832105e-01,
         6.69461158e-01,  6.89577570e-01, -1.38174308e-01,
        -3.12633303e-01, -3.88176894e-01, -2.02328776e+00,
        -7.42889919e-01, -3.71693902e-01,  2.93946464e+00,
        -2.00828776e+00, -1.06126346e+00, -2.78989445e-01,
         3.17013373e+00, -1.78406936e-01],
       [-6.34019426e-02,  2.34241740e-01, -2.33755583e-01,
         5.74444166e-01,  8.07177295e-01,  6.84992328e-01,
        -5.32949020e-01, -4.19692224e-01, -2.20789031e+00,
        -1.88899839e-01,  1.05385240e+00,  1.86446613e+00,
        -2.22089031e+00, -3.42595772e-01,  1.06542183e+00,
         2.01259263e+00,  5.40528380e-01],
       [ 1.12781672e-01, -5.43764945e-01, -4.62055886e-01,
         6.77177680e-01,  6.20912459e-01, -1.24582204e-01,
        -3.07160576e-01, -4.02031159e-01, -2.00943461e+00,
        -7.39263769e-01, -4.28608418e-01,  2.95644532e+00,
        -1.99843461e+00, -1.05427113e+00, -3.36469849e-01,
         3.18531411e+00, -2.21861480e-01],
       [-1.00000000e-03, -8.00000000e-03,  1.00000000e-02,
        -3.00000000e-03,  5.00000000e-03, -3.00000000e-03,
         9.00000000e-03, -8.00000000e-03, -1.00000000e-03,
         1.00000000e-02,  5.00000000e-03, -9.00000000e-03,
        -7.00000000e-03, -2.00000000e-03,  1.00000000e-03,
        -1.00000000e-03,  7.00000000e-03]]), 'deltas': array([[4.92547096e-04],
       [7.89011580e-05],
       [5.16978094e-04],
       [0.00000000e+00]]), 'outputs': array([[0.88172053],
       [0.98300504],
       [0.87488354],
       [1.        ]]), 'errors': 0.004722885727300645}, {'weights': array([[-3.78019293, -5.4909657 , -3.74143663,  2.39406359],
       [-2.63672104,  3.97961537, -2.96442125, -2.54231334],
       [ 2.846714  ,  2.52287226,  2.91895977, -3.55495078]]), 'deltas': array([[-4.49563957e-09],
       [-7.64878090e-04],
       [ 3.25622990e-04]]), 'outputs': array([[6.70517787e-05],
       [2.80527055e-02],
       [9.81788380e-01]]), 'errors': array([[-6.70517787e-05],
       [-2.80527055e-02],
       [ 1.82116203e-02]])}]
Accuracy: 83.33333333333334 %

train_data group 2 length:  120
   0   1   2   3   4   5   6   7   8   9   10  11  12  13  14  15  16
0   1   0   0   0   0   0   1   0   1   0   0   0   1   0   0   0   0
1   0   1   0   0   0   0   0   1   1   0   0   0   1   0   0   0   0
2   1   0   0   0   0   1   0   0   1   0   0   0   1   0   0   0   0
3   1   0   0   0   0   0   1   0   1   0   0   0   1   0   0   0   0
4   1   0   0   0   0   0   1   0   1   0   0   0   1   0   0   0   0
Initial Neural Network:
[{'weights': array([[ 0.008,  0.009,  0.01 , -0.002, -0.005, -0.002, -0.001,  0.009,
         0.003, -0.003,  0.006,  0.01 ,  0.004, -0.007,  0.002,  0.009,
         0.003],
       [ 0.008, -0.003, -0.007, -0.01 , -0.004, -0.002,  0.008,  0.009,
        -0.005, -0.002, -0.008, -0.003,  0.009, -0.007, -0.007, -0.003,
        -0.005],
       [ 0.003,  0.008, -0.004,  0.005, -0.003,  0.001,  0.   ,  0.002,
        -0.006, -0.005, -0.005,  0.002,  0.009,  0.003, -0.002,  0.002,
         0.008],
       [-0.001, -0.009, -0.002, -0.007,  0.01 , -0.007, -0.007, -0.003,
         0.002, -0.01 , -0.003, -0.002,  0.003, -0.008,  0.004, -0.004,
         0.006]]), 'deltas': array([[0.],
       [0.],
       [0.],
       [0.]]), 'outputs': array([[0.],
       [0.],
       [0.],
       [0.]]), 'errors': array([[0.],
       [0.],
       [0.],
       [0.]])}, {'weights': array([[ 0.009,  0.01 , -0.002, -0.006],
       [ 0.008,  0.008,  0.01 ,  0.004],
       [ 0.008,  0.01 ,  0.003,  0.005]]), 'deltas': array([[0.],
       [0.],
       [0.],
       [0.]]), 'outputs': array([[0.],
       [0.],
       [0.],
       [0.]]), 'errors': array([[0.],
       [0.],
       [0.],
       [0.]])}]
Training complete!
Training done. epoch: 56 , total error: 0.0008910651167706226
[{'weights': array([[ 1.66053500e+00, -8.84476724e-01, -6.46065255e-01,
        -6.40131429e-01, -3.29046313e-01,  2.74018028e-01,
        -8.85244896e-01,  4.06134774e-01,  2.68801154e+00,
        -3.45868415e+00, -7.45162603e-01,  9.96696813e-01,
         2.68901154e+00, -3.06404020e+00, -1.96417955e+00,
         1.81206980e+00, -5.32138407e-01],
       [ 1.98369677e+00, -1.21132583e+00, -1.20896850e+00,
        -6.67564303e-01, -1.46209747e-01, -5.98683454e-01,
        -7.77121139e-01,  4.40852471e-01,  2.84405725e+00,
        -2.85962967e+00,  1.57480139e-01, -1.25206959e+00,
         2.85805725e+00, -2.79963113e+00, -1.41623905e+00,
         2.57651066e-01, -1.09716187e+00],
       [ 1.27997989e+00, -7.57651743e-01, -7.63813862e-01,
        -6.84717734e-01, -1.09181968e-01, -3.57169447e-01,
        -8.98702104e-01,  4.26850075e-01,  2.85165060e+00,
        -3.62713592e+00, -1.82472705e+00,  1.64800893e+00,
         2.86665060e+00, -2.25863116e+00,  1.91729440e-01,
        -1.72595233e+00, -9.30203445e-01],
       [-1.00000000e-03, -9.00000000e-03, -2.00000000e-03,
        -7.00000000e-03,  1.00000000e-02, -7.00000000e-03,
        -7.00000000e-03, -3.00000000e-03,  2.00000000e-03,
        -1.00000000e-02, -3.00000000e-03, -2.00000000e-03,
         3.00000000e-03, -8.00000000e-03,  4.00000000e-03,
        -4.00000000e-03,  6.00000000e-03]]), 'deltas': array([[9.85593585e-04],
       [7.37953572e-05],
       [2.72326607e-04],
       [0.00000000e+00]]), 'outputs': array([[0.67675783],
       [0.01665664],
       [0.06461976],
       [1.        ]]), 'errors': 0.0045054333027749575}, {'weights': array([[  2.31238748,   3.94672162,   3.70442909,  -5.83331362],
       [ -7.52524906,  -4.19346353,  -6.57322395,   1.83492336],
       [  6.87909587, -10.87531942,   2.25044913,  -1.14629648]]), 'deltas': array([[-0.00034164],
       [-0.00051436],
       [ 0.00088021]]), 'outputs': array([[0.01865849],
       [0.02294419],
       [0.96987434]]), 'errors': array([[-0.01865849],
       [-0.02294419],
       [ 0.03012566]])}]
Accuracy: 96.66666666666667 %

train_data group 3 length:  120
   0   1   2   3   4   5   6   7   8   9   10  11  12  13  14  15  16
0   1   0   0   0   0   0   1   0   1   0   0   0   1   0   0   0   0
1   0   1   0   0   0   0   0   1   1   0   0   0   1   0   0   0   0
2   1   0   0   0   0   1   0   0   1   0   0   0   1   0   0   0   0
3   1   0   0   0   0   0   1   0   1   0   0   0   1   0   0   0   0
4   1   0   0   0   0   0   1   0   1   0   0   0   1   0   0   0   0
Initial Neural Network:
[{'weights': array([[-0.007,  0.002,  0.001,  0.005,  0.007, -0.006, -0.008,  0.007,
        -0.005, -0.007,  0.   , -0.007,  0.004, -0.007, -0.002, -0.01 ,
         0.008],
       [ 0.008,  0.005, -0.002,  0.   , -0.002,  0.009, -0.004, -0.004,
         0.007, -0.007,  0.009, -0.01 , -0.006, -0.009, -0.006,  0.004,
         0.004],
       [-0.006,  0.006,  0.007,  0.004,  0.   , -0.004,  0.002,  0.007,
        -0.003,  0.007, -0.003,  0.006, -0.01 , -0.01 ,  0.01 ,  0.004,
        -0.01 ],
       [ 0.009,  0.01 , -0.007, -0.004,  0.005, -0.007, -0.003,  0.009,
        -0.003,  0.008, -0.003, -0.007,  0.   , -0.01 ,  0.002, -0.007,
        -0.007]]), 'deltas': array([[0.],
       [0.],
       [0.],
       [0.]]), 'outputs': array([[0.],
       [0.],
       [0.],
       [0.]]), 'errors': array([[0.],
       [0.],
       [0.],
       [0.]])}, {'weights': array([[ 0.006,  0.002,  0.008,  0.003],
       [-0.001, -0.004,  0.006,  0.   ],
       [ 0.009,  0.004, -0.002,  0.002]]), 'deltas': array([[0.],
       [0.],
       [0.],
       [0.]]), 'outputs': array([[0.],
       [0.],
       [0.],
       [0.]]), 'errors': array([[0.],
       [0.],
       [0.],
       [0.]])}]
Training complete!
Training done. epoch: 36 , total error: 0.00021515633243298645
[{'weights': array([[ 1.33674882e+00, -1.12362585e+00, -1.82084816e+00,
         8.68898623e-01,  8.73237391e-01, -3.63073527e-01,
        -9.15104290e-01, -3.34886136e-01, -2.56653504e+00,
        -2.43473080e+00,  2.38596663e-02,  4.21857961e+00,
        -2.55753504e+00, -2.47084398e+00, -2.73445087e-01,
         4.54699755e+00, -7.31826563e-01],
       [ 9.33690564e-01, -9.13368458e-01, -1.50951525e+00,
         8.99405277e-01,  8.28745542e-01, -2.91627163e-01,
        -8.06864047e-01, -3.32042199e-01, -2.42553516e+00,
        -2.10516479e+00, -2.05879941e-01,  4.13479203e+00,
        -2.43853516e+00, -2.25750518e+00, -3.95208606e-01,
         4.47346108e+00, -5.96787866e-01],
       [-2.57778076e-01,  2.32709304e-01, -4.95025917e-01,
         7.68053951e-01,  7.45077679e-01,  1.41504925e+00,
        -1.52388322e+00, -3.94284450e-01, -2.78333850e+00,
         5.46824942e-01,  7.53842128e-02,  2.40508861e+00,
        -2.79033850e+00, -1.62244013e+00,  1.60537559e+00,
         3.03836231e+00,  2.26959262e-01],
       [ 9.00000000e-03,  1.00000000e-02, -7.00000000e-03,
        -4.00000000e-03,  5.00000000e-03, -7.00000000e-03,
        -3.00000000e-03,  9.00000000e-03, -3.00000000e-03,
         8.00000000e-03, -3.00000000e-03, -7.00000000e-03,
         0.00000000e+00, -1.00000000e-02,  2.00000000e-03,
        -7.00000000e-03, -7.00000000e-03]]), 'deltas': array([[6.02758103e-07],
       [5.36533304e-07],
       [1.28437625e-05],
       [0.00000000e+00]]), 'outputs': array([[0.99966045],
       [0.99969776],
       [0.99271407],
       [1.        ]]), 'errors': 0.0017757549039440987}, {'weights': array([[-4.40449242, -3.9323642 , -9.22705494,  2.617096  ],
       [-3.24607482, -6.0667416 ,  7.0792179 , -2.05368799],
       [ 2.66398888,  3.24764586,  2.77921345, -4.56221701]]), 'deltas': array([[-1.19697503e-13],
       [-1.65060836e-04],
       [ 2.58822065e-04]]), 'outputs': array([[3.45973329e-07],
       [1.29314841e-02],
       [9.83779970e-01]]), 'errors': array([[-3.45973329e-07],
       [-1.29314841e-02],
       [ 1.62200303e-02]])}]
Accuracy: 90.0 %

train_data group 4 length:  120
   0   1   2   3   4   5   6   7   8   9   10  11  12  13  14  15  16
0   1   0   0   0   0   0   1   0   1   0   0   0   1   0   0   0   0
1   0   1   0   0   0   0   0   1   1   0   0   0   1   0   0   0   0
2   1   0   0   0   0   1   0   0   1   0   0   0   1   0   0   0   0
3   1   0   0   0   0   0   1   0   1   0   0   0   1   0   0   0   0
4   1   0   0   0   0   0   1   0   1   0   0   0   1   0   0   0   0
Initial Neural Network:
[{'weights': array([[-0.008,  0.002, -0.002,  0.003,  0.01 , -0.006, -0.002,  0.002,
         0.009,  0.001,  0.008,  0.   ,  0.008, -0.006, -0.001,  0.006,
         0.007],
       [-0.01 , -0.003,  0.006, -0.008, -0.007, -0.007, -0.003,  0.001,
        -0.003,  0.01 , -0.001, -0.008, -0.008, -0.005, -0.01 , -0.001,
         0.006],
       [ 0.006, -0.003,  0.01 , -0.006,  0.007,  0.002, -0.006,  0.01 ,
         0.002, -0.006, -0.003,  0.01 , -0.008,  0.004, -0.009,  0.003,
         0.01 ],
       [-0.009, -0.004, -0.005,  0.006,  0.004, -0.003,  0.004, -0.01 ,
         0.002,  0.002,  0.004, -0.004, -0.006,  0.004, -0.003,  0.   ,
        -0.01 ]]), 'deltas': array([[0.],
       [0.],
       [0.],
       [0.]]), 'outputs': array([[0.],
       [0.],
       [0.],
       [0.]]), 'errors': array([[0.],
       [0.],
       [0.],
       [0.]])}, {'weights': array([[ 0.01 , -0.002,  0.01 ,  0.009],
       [ 0.001, -0.002,  0.004,  0.005],
       [-0.002, -0.006,  0.007, -0.003]]), 'deltas': array([[0.],
       [0.],
       [0.],
       [0.]]), 'outputs': array([[0.],
       [0.],
       [0.],
       [0.]]), 'errors': array([[0.],
       [0.],
       [0.],
       [0.]])}]
Training complete!
Training done. epoch: 60 , total error: 0.0009897922970247574
[{'weights': array([[ 3.59283476e-01, -1.39006843e+00,  8.29080652e-02,
        -2.20654938e-01, -3.87773853e-01, -3.26093051e-01,
        -8.93577198e-01,  4.47912278e-01,  3.09229706e+00,
        -1.96404758e+00, -1.50180043e+00, -7.71980875e-01,
         3.09129706e+00, -2.58984628e+00, -9.22695170e-01,
        -7.35287438e-01, -1.15653182e+00],
       [ 4.36935340e-01, -3.31432668e-01, -2.70893340e-01,
        -7.46332984e-01,  4.98252345e-02, -7.55660236e-01,
        -6.04298897e-01,  3.97410247e-01,  2.90066195e+00,
        -1.94235168e+00,  2.61371783e-02, -1.88317110e+00,
         2.89566195e+00, -3.51705633e+00, -2.31175012e+00,
         2.01242085e+00, -8.90723653e-01],
       [ 7.80290412e-02, -8.27286921e-01, -2.27642325e-01,
         4.12636339e-01,  2.38602792e-01, -7.74774038e-01,
        -4.38740605e-01,  4.16647984e-01,  2.92508974e+00,
        -2.32208531e+00, -2.82278918e+00,  1.65152088e+00,
         2.91508974e+00, -2.87021490e+00,  1.30189183e-01,
        -7.56327896e-01, -5.61263866e-01],
       [-9.00000000e-03, -4.00000000e-03, -5.00000000e-03,
         6.00000000e-03,  4.00000000e-03, -3.00000000e-03,
         4.00000000e-03, -1.00000000e-02,  2.00000000e-03,
         2.00000000e-03,  4.00000000e-03, -4.00000000e-03,
        -6.00000000e-03,  4.00000000e-03, -3.00000000e-03,
         0.00000000e+00, -1.00000000e-02]]), 'deltas': array([[1.05675001e-04],
       [4.43835973e-05],
       [4.91414707e-05],
       [0.00000000e+00]]), 'outputs': array([[0.98344249],
       [0.99311355],
       [0.99236961],
       [1.        ]]), 'errors': 0.006489753669405166}, {'weights': array([[  3.82509442,   3.37038921,   2.85731544,  -5.79199554],
       [ -4.56007829,  -8.05705636,  -8.44812761,   1.93546918],
       [-15.27475059,   5.94841377,   7.51371005,  -1.48505569]]), 'deltas': array([[ 2.36548247e-04],
       [-3.57963727e-17],
       [-1.66677384e-03]]), 'outputs': array([[9.84499269e-01],
       [5.98300701e-09],
       [4.17050590e-02]]), 'errors': array([[ 1.55007306e-02],
       [-5.98300701e-09],
       [-4.17050590e-02]])}]
Accuracy: 86.66666666666667 %

Feedforward Neural Network AVG Accuracy (%): 90.00000000000001 %
