Namespace(error_threshold=0.001, max_epochs=1000, num_layers=2, num_nodes_per_hidden_layer=3, training_rate=0.2)

train_data group 0 length:  120
   0   1   2   3   4   5   6   7   8   9   10  11  12  13  14  15  16
0   1   0   0   0   0   1   0   0   1   0   0   0   1   0   0   0   0
1   1   0   0   0   0   1   0   0   1   0   0   0   1   0   0   0   0
2   1   0   0   0   0   0   1   0   1   0   0   0   1   0   0   0   0
3   1   0   0   0   0   1   0   0   1   0   0   0   1   0   0   0   0
4   1   0   0   0   0   0   1   0   1   0   0   0   1   0   0   0   0
Initial Neural Network:
[{'weights': array([[-0.003,  0.007, -0.007, -0.003, -0.002,  0.   ,  0.002,  0.009,
         0.005,  0.005,  0.   ,  0.005,  0.01 , -0.001,  0.007, -0.009,
         0.007],
       [-0.01 ,  0.01 ,  0.002,  0.001,  0.008, -0.001, -0.001,  0.001,
        -0.003,  0.003, -0.003, -0.003, -0.009, -0.002,  0.006,  0.006,
        -0.005],
       [-0.01 ,  0.001,  0.005, -0.009, -0.009, -0.005, -0.009,  0.001,
        -0.002,  0.003, -0.001,  0.009, -0.009,  0.006, -0.006,  0.002,
         0.007],
       [ 0.   ,  0.004,  0.003, -0.01 ,  0.007, -0.002, -0.009,  0.003,
        -0.002, -0.001,  0.01 ,  0.01 , -0.01 , -0.008,  0.004,  0.002,
        -0.006]]), 'deltas': array([[0.],
       [0.],
       [0.],
       [0.]]), 'outputs': array([[0.],
       [0.],
       [0.],
       [0.]]), 'errors': array([[0.],
       [0.],
       [0.],
       [0.]])}, {'weights': array([[ 0.005, -0.007,  0.008, -0.007],
       [-0.006, -0.009, -0.01 ,  0.008],
       [-0.003,  0.009,  0.002, -0.007]]), 'deltas': array([[0.],
       [0.],
       [0.],
       [0.]]), 'outputs': array([[0.],
       [0.],
       [0.],
       [0.]]), 'errors': array([[0.],
       [0.],
       [0.],
       [0.]])}]
Training complete!
Training done. epoch: 891 , total error: 0.0009967050250187354
[{'weights': array([[ 2.37059295e-02, -1.45608381e-01,  3.53079913e-01,
        -1.13008960e+00, -1.18866955e+00,  7.57152451e-02,
        -3.00176490e-02,  2.59059820e-01,  3.27984208e+00,
         1.21968814e+00, -1.12858178e+00, -4.24886058e+00,
         3.28484208e+00,  7.04835363e-01, -6.17340660e-01,
        -4.25824892e+00, -8.85912139e-01],
       [-2.51301916e+00,  1.29450616e+00,  8.09528499e-01,
        -9.72477609e-01,  1.64323129e-01, -1.56222439e+00,
        -2.16689739e-01,  2.37128886e-01,  4.72340195e+00,
        -2.10076875e+00, -2.04238524e-01, -3.80885678e+00,
         4.71740195e+00, -6.19211067e-01, -7.37811783e-01,
        -4.74384121e+00, -1.38946211e+00],
       [-7.64730676e-01, -4.68341583e-02,  4.60897516e-01,
        -1.07229159e+00, -1.31449898e+00, -3.96617864e-01,
         2.18766300e-02,  2.57281305e-01,  3.65439900e+00,
        -8.01106420e-01, -4.28683742e-01, -3.82556775e+00,
         3.64739900e+00, -2.50973116e-01, -4.95556413e-01,
        -4.31782838e+00, -1.40295891e+00],
       [ 0.00000000e+00,  4.00000000e-03,  3.00000000e-03,
        -1.00000000e-02,  7.00000000e-03, -2.00000000e-03,
        -9.00000000e-03,  3.00000000e-03, -2.00000000e-03,
        -1.00000000e-03,  1.00000000e-02,  1.00000000e-02,
        -1.00000000e-02, -8.00000000e-03,  4.00000000e-03,
         2.00000000e-03, -6.00000000e-03]]), 'deltas': array([[-1.57874852e-03],
       [-9.70598785e-05],
       [-3.92264667e-04],
       [-0.00000000e+00]]), 'outputs': array([[0.72517869],
       [0.01240635],
       [0.05224766],
       [1.        ]]), 'errors': -0.007921683995986216}, {'weights': array([[  3.56768041,   3.61397461,   3.7189256 ,  -6.07014203],
       [  6.8594351 ,   5.30657685, -13.98794362,  -0.60869733],
       [-11.66894497, -10.87097663,  -9.75564316,   1.97071055]]), 'deltas': array([[-1.35815644e-03],
       [ 5.67583351e-04],
       [-6.32071640e-07]]), 'outputs': array([[3.75655119e-02],
       [9.75883412e-01],
       [7.95345683e-04]]), 'errors': array([[-0.03756551],
       [ 0.02411659],
       [-0.00079535]])}]
neural_net output [9.91668343e-01 8.31909721e-02 7.84671270e-14]
target: 0 prediction: 0
neural_net output [9.91926736e-01 8.15968244e-02 7.16502914e-14]
target: 0 prediction: 0
neural_net output [9.91168774e-01 8.10607172e-02 9.32059401e-14]
target: 0 prediction: 0
neural_net output [9.91668343e-01 8.31909721e-02 7.84671270e-14]
target: 0 prediction: 0
neural_net output [9.91668343e-01 8.31909721e-02 7.84671270e-14]
target: 0 prediction: 0
neural_net output [9.91668343e-01 8.31909721e-02 7.84671270e-14]
target: 0 prediction: 0
neural_net output [9.91926736e-01 8.15968244e-02 7.16502914e-14]
target: 0 prediction: 0
neural_net output [9.91668343e-01 8.31909721e-02 7.84671270e-14]
target: 0 prediction: 0
neural_net output [9.91926736e-01 8.15968244e-02 7.16502914e-14]
target: 0 prediction: 0
neural_net output [9.91878962e-01 8.16742757e-02 7.29520269e-14]
target: 0 prediction: 0
neural_net output [0.00460208 0.34646703 0.47751948]
target: 1 prediction: 2
neural_net output [0.00460208 0.34646703 0.47751948]
target: 1 prediction: 2
neural_net output [0.00778268 0.67730083 0.15604839]
target: 1 prediction: 1
neural_net output [0.00460208 0.34646703 0.47751948]
target: 1 prediction: 2
neural_net output [0.00545039 0.26652262 0.35773184]
target: 1 prediction: 2
neural_net output [0.00545039 0.26652262 0.35773184]
target: 1 prediction: 2
neural_net output [0.0090163  0.24877932 0.1149561 ]
target: 1 prediction: 1
neural_net output [0.00460208 0.34646703 0.47751948]
target: 1 prediction: 2
neural_net output [0.00460208 0.34646703 0.47751948]
target: 1 prediction: 2
neural_net output [0.00460208 0.34646703 0.47751948]
target: 1 prediction: 2
neural_net output [0.00241547 0.36469599 0.86183887]
target: 2 prediction: 2
neural_net output [0.00232282 0.35194229 0.87525092]
target: 2 prediction: 2
neural_net output [0.00230818 0.35227227 0.87731999]
target: 2 prediction: 2
neural_net output [0.00460208 0.34646703 0.47751948]
target: 2 prediction: 2
neural_net output [0.00235612 0.35063904 0.87054567]
target: 2 prediction: 2
neural_net output [0.00230593 0.35235396 0.87762937]
target: 2 prediction: 2
neural_net output [0.00230741 0.35234081 0.87742071]
target: 2 prediction: 2
neural_net output [0.00230607 0.35233523 0.87761141]
target: 2 prediction: 2
neural_net output [0.00234317 0.35237528 0.87238077]
target: 2 prediction: 2
neural_net output [0.00778268 0.67730083 0.15604839]
target: 2 prediction: 1
Accuracy: 70.0 %

train_data group 1 length:  120
   0   1   2   3   4   5   6   7   8   9   10  11  12  13  14  15  16
0   1   0   0   0   0   0   1   0   1   0   0   0   1   0   0   0   0
1   0   1   0   0   0   0   0   1   1   0   0   0   1   0   0   0   0
2   1   0   0   0   0   1   0   0   1   0   0   0   1   0   0   0   0
3   1   0   0   0   0   0   1   0   1   0   0   0   1   0   0   0   0
4   1   0   0   0   0   0   1   0   1   0   0   0   1   0   0   0   0
Initial Neural Network:
[{'weights': array([[ 0.01 , -0.004, -0.01 ,  0.007,  0.002,  0.001,  0.004, -0.001,
         0.   ,  0.004, -0.007,  0.008,  0.006,  0.01 ,  0.003, -0.007,
         0.01 ],
       [-0.005,  0.001, -0.005, -0.006, -0.003,  0.008, -0.005,  0.006,
        -0.006,  0.009, -0.001,  0.002,  0.   , -0.002,  0.005,  0.002,
         0.009],
       [-0.008,  0.004, -0.007, -0.01 ,  0.003,  0.007,  0.001, -0.01 ,
        -0.009, -0.007, -0.005, -0.009, -0.005,  0.007,  0.004, -0.009,
        -0.01 ],
       [-0.001, -0.005,  0.01 , -0.007, -0.01 ,  0.002,  0.   ,  0.003,
        -0.002, -0.009, -0.01 , -0.008, -0.004,  0.005,  0.004, -0.003,
        -0.001]]), 'deltas': array([[0.],
       [0.],
       [0.],
       [0.]]), 'outputs': array([[0.],
       [0.],
       [0.],
       [0.]]), 'errors': array([[0.],
       [0.],
       [0.],
       [0.]])}, {'weights': array([[ 0.008, -0.005, -0.001, -0.009],
       [-0.007,  0.001, -0.008,  0.003],
       [ 0.006, -0.01 ,  0.004,  0.01 ]]), 'deltas': array([[0.],
       [0.],
       [0.],
       [0.]]), 'outputs': array([[0.],
       [0.],
       [0.],
       [0.]]), 'errors': array([[0.],
       [0.],
       [0.],
       [0.]])}]
Training complete!
Training done. epoch: 395 , total error: 0.0005730350302806247
[{'weights': array([[ 9.55129485e-01,  6.72905260e-03, -9.67471950e-01,
        -9.24089582e-01, -1.20269900e-01,  4.09214711e-02,
        -1.23863042e+00,  3.91275853e-01,  2.79559309e+00,
        -3.81580764e+00, -1.73844195e+00,  1.83095351e+00,
         2.80159309e+00, -2.21702570e+00,  2.54728161e-01,
        -1.75999855e+00, -9.22702994e-01],
       [ 1.42281417e+00, -1.03343848e+00, -2.80271718e-01,
        -6.56798511e-01, -5.73400390e-01, -3.85756234e-01,
         1.30470087e-02,  4.19415075e-01,  2.58175092e+00,
        -2.58413481e+00, -3.66298878e-01, -1.60011771e-01,
         2.58775092e+00, -2.70256614e+00, -2.23096737e+00,
         1.81808805e+00, -5.23694540e-01],
       [ 1.77927641e+00, -5.75371802e-01, -1.33740657e+00,
        -8.28763935e-01,  8.14125552e-02, -3.86545444e-01,
        -1.03673740e+00,  4.01604399e-01,  2.74597894e+00,
        -2.93953334e+00,  1.63007230e-02, -7.94012213e-01,
         2.74997894e+00, -2.76724774e+00, -8.68785888e-01,
        -5.82112081e-02, -9.51265890e-01],
       [-1.00000000e-03, -5.00000000e-03,  1.00000000e-02,
        -7.00000000e-03, -1.00000000e-02,  2.00000000e-03,
         0.00000000e+00,  3.00000000e-03, -2.00000000e-03,
        -9.00000000e-03, -1.00000000e-02, -8.00000000e-03,
        -4.00000000e-03,  5.00000000e-03,  4.00000000e-03,
        -3.00000000e-03, -1.00000000e-03]]), 'deltas': array([[1.35276930e-05],
       [6.57454543e-05],
       [4.69436634e-06],
       [0.00000000e+00]]), 'outputs': array([[0.04487918],
       [0.70414009],
       [0.01510308],
       [1.        ]]), 'errors': 0.0003155880443437764}, {'weights': array([[  3.43270158,   2.95439622,   3.77434515,  -5.92763271],
       [ -7.59896465,  -8.39809737,  -4.75696771,   2.10025714],
       [  4.30450075,   7.21726309, -13.35107997,  -0.99865123]]), 'deltas': array([[-0.00064247],
       [-0.00020438],
       [ 0.00027463]]), 'outputs': array([[0.02567892],
       [0.01440033],
       [0.98328793]]), 'errors': array([[-0.02567892],
       [-0.01440033],
       [ 0.01671207]])}]
Accuracy: 93.33333333333333 %

train_data group 2 length:  120
   0   1   2   3   4   5   6   7   8   9   10  11  12  13  14  15  16
0   1   0   0   0   0   0   1   0   1   0   0   0   1   0   0   0   0
1   0   1   0   0   0   0   0   1   1   0   0   0   1   0   0   0   0
2   1   0   0   0   0   1   0   0   1   0   0   0   1   0   0   0   0
3   1   0   0   0   0   0   1   0   1   0   0   0   1   0   0   0   0
4   1   0   0   0   0   0   1   0   1   0   0   0   1   0   0   0   0
Initial Neural Network:
[{'weights': array([[ 0.006, -0.007,  0.005, -0.007, -0.003,  0.002, -0.007,  0.006,
         0.005, -0.004, -0.002, -0.006, -0.005,  0.003,  0.01 , -0.003,
         0.   ],
       [ 0.005,  0.004, -0.008, -0.003,  0.003,  0.009, -0.008,  0.005,
        -0.004, -0.01 ,  0.001,  0.01 ,  0.007, -0.006,  0.002, -0.006,
         0.004],
       [-0.005, -0.001, -0.001, -0.007, -0.01 ,  0.006, -0.001,  0.002,
        -0.005, -0.008,  0.006,  0.009,  0.009,  0.008, -0.006, -0.002,
        -0.008],
       [-0.001,  0.009,  0.001, -0.003, -0.007, -0.01 ,  0.01 ,  0.008,
        -0.003,  0.004, -0.004, -0.003, -0.008,  0.01 , -0.006, -0.008,
         0.009]]), 'deltas': array([[0.],
       [0.],
       [0.],
       [0.]]), 'outputs': array([[0.],
       [0.],
       [0.],
       [0.]]), 'errors': array([[0.],
       [0.],
       [0.],
       [0.]])}, {'weights': array([[-0.002, -0.007, -0.007, -0.005],
       [ 0.002,  0.007,  0.001, -0.004],
       [ 0.006, -0.002, -0.003,  0.003]]), 'deltas': array([[0.],
       [0.],
       [0.],
       [0.]]), 'outputs': array([[0.],
       [0.],
       [0.],
       [0.]]), 'errors': array([[0.],
       [0.],
       [0.],
       [0.]])}]
Training complete!
Training done. epoch: 247 , total error: 0.0009746622342708507
[{'weights': array([[-4.61178665e-01,  7.27394270e-01, -6.58934392e-01,
         6.78356628e-01,  1.26854195e+00,  1.96513497e-01,
        -7.87579157e-01, -3.90838451e-01, -2.36398258e+00,
        -8.42763775e-01,  6.49987636e-01,  2.83839656e+00,
        -2.37398258e+00, -6.82712007e-01,  3.64711511e-01,
         2.98562091e+00,  2.88637842e-01],
       [ 5.17798566e-01, -7.66205269e-01, -9.04689702e-01,
         7.16982993e-01,  5.33739449e-01, -6.46122184e-03,
        -5.78062026e-01, -3.74329613e-01, -2.31326166e+00,
        -1.31449891e+00,  3.04076881e-02,  3.16023947e+00,
        -2.30226166e+00, -1.27669300e+00, -1.78233278e-01,
         3.32007452e+00, -4.30113411e-01],
       [ 4.98639842e-01, -7.50464566e-01, -8.99279033e-01,
         7.14966584e-01,  5.25645848e-01, -8.38831935e-04,
        -5.73914619e-01, -3.76029572e-01, -2.31117182e+00,
        -1.29181836e+00,  2.17694998e-02,  3.16108350e+00,
        -2.29717182e+00, -1.25175112e+00, -1.80869144e-01,
         3.31665491e+00, -4.30137174e-01],
       [-1.00000000e-03,  9.00000000e-03,  1.00000000e-03,
        -3.00000000e-03, -7.00000000e-03, -1.00000000e-02,
         1.00000000e-02,  8.00000000e-03, -3.00000000e-03,
         4.00000000e-03, -4.00000000e-03, -3.00000000e-03,
        -8.00000000e-03,  1.00000000e-02, -6.00000000e-03,
        -8.00000000e-03,  9.00000000e-03]]), 'deltas': array([[5.82352961e-05],
       [6.41521446e-05],
       [6.37163316e-05],
       [0.00000000e+00]]), 'outputs': array([[0.99067866],
       [0.98972166],
       [0.98979221],
       [1.        ]]), 'errors': 0.006306305454301745}, {'weights': array([[-7.10217728, -5.95177993, -5.96147243,  2.73751663],
       [ 5.93988571, -3.65259352, -3.55525038, -1.93282187],
       [ 2.48310214,  3.15072139,  3.15203962, -4.7504708 ]]), 'deltas': array([[-1.05846994e-14],
       [-1.52719845e-03],
       [ 3.51893759e-04]]), 'outputs': array([[1.02881974e-07],
       [3.98827974e-02],
       [9.81060968e-01]]), 'errors': array([[-1.02881974e-07],
       [-3.98827974e-02],
       [ 1.89390322e-02]])}]
Accuracy: 96.66666666666667 %

train_data group 3 length:  120
   0   1   2   3   4   5   6   7   8   9   10  11  12  13  14  15  16
0   1   0   0   0   0   0   1   0   1   0   0   0   1   0   0   0   0
1   0   1   0   0   0   0   0   1   1   0   0   0   1   0   0   0   0
2   1   0   0   0   0   1   0   0   1   0   0   0   1   0   0   0   0
3   1   0   0   0   0   0   1   0   1   0   0   0   1   0   0   0   0
4   1   0   0   0   0   0   1   0   1   0   0   0   1   0   0   0   0
Initial Neural Network:
[{'weights': array([[-0.008,  0.007, -0.001, -0.006,  0.001, -0.005,  0.007, -0.004,
         0.   , -0.005, -0.003, -0.006, -0.007,  0.006,  0.007, -0.007,
        -0.002],
       [ 0.004,  0.008, -0.007,  0.007, -0.003,  0.001,  0.01 ,  0.009,
        -0.008, -0.008,  0.009,  0.003, -0.007, -0.009, -0.005, -0.007,
        -0.01 ],
       [ 0.   , -0.001,  0.005,  0.009, -0.01 ,  0.004, -0.006, -0.006,
        -0.002, -0.01 , -0.005, -0.008, -0.004, -0.001,  0.004, -0.009,
        -0.001],
       [ 0.008, -0.004,  0.   , -0.007, -0.008, -0.008, -0.006,  0.009,
         0.01 , -0.001, -0.01 ,  0.001, -0.002, -0.008, -0.01 ,  0.007,
         0.   ]]), 'deltas': array([[0.],
       [0.],
       [0.],
       [0.]]), 'outputs': array([[0.],
       [0.],
       [0.],
       [0.]]), 'errors': array([[0.],
       [0.],
       [0.],
       [0.]])}, {'weights': array([[-0.008, -0.007,  0.001,  0.01 ],
       [-0.01 , -0.005,  0.001,  0.008],
       [ 0.003,  0.005, -0.009, -0.001]]), 'deltas': array([[0.],
       [0.],
       [0.],
       [0.]]), 'outputs': array([[0.],
       [0.],
       [0.],
       [0.]]), 'errors': array([[0.],
       [0.],
       [0.],
       [0.]])}]
Training complete!
Training done. epoch: 714 , total error: 0.0009264055917478197
[{'weights': array([[-1.21341011e+00,  2.34224502e-02,  1.56869169e+00,
        -9.85477732e-01,  4.02739175e-01, -8.09520268e-01,
        -6.42330346e-01,  4.49337738e-01,  3.73406971e+00,
         2.85510578e-01, -7.45900561e-01, -3.88645343e+00,
         3.72706971e+00,  1.06958976e+00, -6.99997913e-01,
        -4.69643526e+00, -6.00773701e-01],
       [ 4.75258578e-01,  7.70406588e-03, -6.17559474e-01,
        -1.29191459e+00, -2.77057621e+00,  1.64976904e-01,
         6.89878266e-01,  4.94209623e-01,  3.20426878e+00,
        -7.29915009e-02, -9.98819908e-01, -3.57496879e+00,
         3.20526878e+00, -1.38063368e+00,  3.46784923e-01,
        -3.63793143e+00, -1.44851142e+00],
       [-9.45843203e-01,  5.70072758e-01,  4.86079420e-02,
        -1.03072791e+00, -1.62382726e+00, -2.79899984e-01,
         6.28032116e-02,  4.52033615e-01,  3.69210720e+00,
        -1.61115947e+00, -1.49164983e-01, -3.32767316e+00,
         3.69010720e+00, -2.39664894e-01, -6.07237424e-01,
        -4.22409529e+00, -1.37189042e+00],
       [ 8.00000000e-03, -4.00000000e-03,  0.00000000e+00,
        -7.00000000e-03, -8.00000000e-03, -8.00000000e-03,
        -6.00000000e-03,  9.00000000e-03,  1.00000000e-02,
        -1.00000000e-03, -1.00000000e-02,  1.00000000e-03,
        -2.00000000e-03, -8.00000000e-03, -1.00000000e-02,
         7.00000000e-03,  0.00000000e+00]]), 'deltas': array([[-1.19302436e-03],
       [-2.28540718e-05],
       [-8.97528328e-05],
       [-0.00000000e+00]]), 'outputs': array([[0.76524997],
       [0.00345323],
       [0.0137025 ],
       [1.        ]]), 'errors': -0.006641104766832357}, {'weights': array([[  3.3601903 ,   3.68788119,   3.66318521,  -5.98825185],
       [  5.33180277,  -1.50282793,  -5.57197282,  -0.40042703],
       [-11.00311047,  -9.82115426,  -9.7837267 ,   1.93847219]]), 'deltas': array([[-1.10240818e-03],
       [ 6.91266572e-04],
       [-1.66923029e-06]]), 'outputs': array([[0.03377791],
       [0.97335056],
       [0.00129282]]), 'errors': array([[-0.03377791],
       [ 0.02664944],
       [-0.00129282]])}]
Accuracy: 90.0 %

train_data group 4 length:  120
   0   1   2   3   4   5   6   7   8   9   10  11  12  13  14  15  16
0   1   0   0   0   0   0   1   0   1   0   0   0   1   0   0   0   0
1   0   1   0   0   0   0   0   1   1   0   0   0   1   0   0   0   0
2   1   0   0   0   0   1   0   0   1   0   0   0   1   0   0   0   0
3   1   0   0   0   0   0   1   0   1   0   0   0   1   0   0   0   0
4   1   0   0   0   0   0   1   0   1   0   0   0   1   0   0   0   0
Initial Neural Network:
[{'weights': array([[ 0.006, -0.005, -0.002, -0.009, -0.009,  0.003,  0.007, -0.01 ,
         0.   , -0.006,  0.   ,  0.   , -0.004, -0.009,  0.005,  0.01 ,
        -0.006],
       [-0.009,  0.01 ,  0.   , -0.002, -0.002, -0.006,  0.003, -0.005,
         0.007,  0.005, -0.001, -0.001, -0.003,  0.006, -0.01 , -0.002,
         0.   ],
       [ 0.01 , -0.003, -0.002,  0.001,  0.003, -0.01 ,  0.003,  0.003,
        -0.008, -0.007,  0.009, -0.003,  0.005,  0.   ,  0.009,  0.008,
         0.001],
       [-0.001, -0.001,  0.008, -0.009,  0.004, -0.01 , -0.007,  0.008,
        -0.002, -0.01 ,  0.008, -0.002,  0.009,  0.   ,  0.002,  0.009,
        -0.01 ]]), 'deltas': array([[0.],
       [0.],
       [0.],
       [0.]]), 'outputs': array([[0.],
       [0.],
       [0.],
       [0.]]), 'errors': array([[0.],
       [0.],
       [0.],
       [0.]])}, {'weights': array([[-0.01 , -0.005, -0.001,  0.001],
       [-0.008, -0.005, -0.008, -0.009],
       [-0.008,  0.006, -0.006, -0.001]]), 'deltas': array([[0.],
       [0.],
       [0.],
       [0.]]), 'outputs': array([[0.],
       [0.],
       [0.],
       [0.]]), 'errors': array([[0.],
       [0.],
       [0.],
       [0.]])}]
Training complete!
Training done. epoch: 1000 , total error: 0.22453822386412642
[{'weights': array([[-6.49436349e-01, -6.16089811e-01, -2.30436498e-01,
         1.44566968e+00,  2.29669664e-01,  2.25673948e-01,
        -1.64585419e-01, -3.40051170e-01, -3.04425719e+00,
        -6.36350663e-01, -7.00977782e-01,  4.33529266e+00,
        -3.04825719e+00, -1.07271646e+00, -8.97297137e-01,
         4.97997781e+00, -4.62929765e-02],
       [-5.77344259e-01, -8.94815101e-01,  6.65803259e-02,
         1.42506597e+00,  4.82308720e-02,  5.01085410e-01,
        -2.02839840e-01, -3.35989502e-01, -3.11890670e+00,
        -6.01337715e-01, -6.44030054e-01,  4.39476141e+00,
        -3.12890670e+00, -4.75730398e-01, -1.16161718e+00,
         4.77774122e+00,  2.04869400e-02],
       [-6.50129288e-01, -2.87179192e-01, -5.95416044e-01,
         1.46999570e+00,  6.01113423e-01, -1.57259990e-01,
        -1.77505106e-01, -3.36077154e-01, -3.01692943e+00,
        -6.76412401e-01, -6.32900968e-01,  4.24851397e+00,
        -3.00392943e+00, -1.59613513e+00, -5.92080436e-01,
         5.14541617e+00, -6.77288282e-02],
       [-1.00000000e-03, -1.00000000e-03,  8.00000000e-03,
        -9.00000000e-03,  4.00000000e-03, -1.00000000e-02,
        -7.00000000e-03,  8.00000000e-03, -2.00000000e-03,
        -1.00000000e-02,  8.00000000e-03, -2.00000000e-03,
         9.00000000e-03,  0.00000000e+00,  2.00000000e-03,
         9.00000000e-03, -1.00000000e-02]]), 'deltas': array([[-0.02559582],
       [-0.02283466],
       [-0.03195337],
       [-0.        ]]), 'outputs': array([[0.11822077],
       [0.10376673],
       [0.15378785],
       [1.        ]]), 'errors': -0.24553609568463436}, {'weights': array([[-13.02969789, -14.14564563, -13.37592134,   2.49943346],
       [ -9.8453849 ,   7.41628498,   1.01314564,  -0.35422912],
       [  4.29721488,   3.34007963,   4.95233325,  -3.42144957]]), 'deltas': array([[-0.0047384 ],
       [ 0.14790905],
       [-0.01722343]]), 'outputs': array([[0.0714348 ],
       [0.34891807],
       [0.14165394]]), 'errors': array([[-0.0714348 ],
       [ 0.65108193],
       [-0.14165394]])}]
Accuracy: 86.66666666666667 %

Feedforward Neural Network AVG Accuracy (%): 87.33333333333334 %
