Namespace(error_threshold=0.001, max_epochs=1000, num_layers=2, num_nodes_per_hidden_layer=3, training_rate=0.7)

train_data group 0 length:  120
   0   1   2   3   4   5   6   7   8   9   10  11  12  13  14  15  16
0   1   0   0   0   0   1   0   0   1   0   0   0   1   0   0   0   0
1   1   0   0   0   0   1   0   0   1   0   0   0   1   0   0   0   0
2   1   0   0   0   0   0   1   0   1   0   0   0   1   0   0   0   0
3   1   0   0   0   0   1   0   0   1   0   0   0   1   0   0   0   0
4   1   0   0   0   0   0   1   0   1   0   0   0   1   0   0   0   0
Initial Neural Network:
[{'weights': array([[-0.009, -0.007,  0.002, -0.01 ,  0.   ,  0.002, -0.004, -0.005,
         0.002, -0.01 ,  0.009,  0.006, -0.003, -0.006, -0.004,  0.006,
         0.001],
       [ 0.001,  0.005,  0.009, -0.01 ,  0.001, -0.009,  0.   ,  0.006,
         0.004, -0.001, -0.003, -0.007, -0.01 ,  0.007,  0.009, -0.002,
        -0.003],
       [-0.006,  0.009, -0.002,  0.002, -0.003,  0.01 , -0.003,  0.01 ,
        -0.004,  0.005, -0.008, -0.008, -0.01 ,  0.007,  0.007,  0.001,
         0.006],
       [-0.009,  0.003,  0.004,  0.009,  0.006, -0.008,  0.003, -0.006,
        -0.007,  0.01 ,  0.   ,  0.009,  0.003, -0.002,  0.006, -0.002,
        -0.001]]), 'deltas': array([[0.],
       [0.],
       [0.],
       [0.]]), 'outputs': array([[0.],
       [0.],
       [0.],
       [0.]]), 'errors': array([[0.],
       [0.],
       [0.],
       [0.]])}, {'weights': array([[-0.006,  0.004, -0.008, -0.007],
       [-0.001, -0.002,  0.01 ,  0.007],
       [ 0.004,  0.006,  0.008,  0.008]]), 'deltas': array([[0.],
       [0.],
       [0.],
       [0.]]), 'outputs': array([[0.],
       [0.],
       [0.],
       [0.]]), 'errors': array([[0.],
       [0.],
       [0.],
       [0.]])}]
Training complete!
Training done. epoch: 55 , total error: 0.0008197576931342062
[{'weights': array([[ 9.34614482e-01, -1.36185548e+00, -9.54748043e-01,
         8.02026369e-01,  3.38243076e-01, -2.37086447e-01,
        -4.36453193e-01, -2.27666107e-01, -2.36690456e+00,
        -1.47008600e+00, -1.31464056e-01,  3.41949194e+00,
        -2.37190456e+00, -1.58159325e+00, -3.96353377e-01,
         3.78688851e+00, -5.54962671e-01],
       [-6.17461421e-01,  2.22136073e-01,  2.50889415e-01,
         6.61169426e-01,  8.22332823e-01,  6.76957712e-01,
        -7.54940040e-01, -2.34617004e-01, -2.55401871e+00,
         7.04140165e-01,  1.26555012e-01,  2.22805703e+00,
        -2.56801871e+00, -1.41454456e+00,  1.86863858e+00,
         2.62965818e+00,  5.08733491e-01],
       [ 3.03124739e-01, -8.22338679e-01, -4.52241323e-01,
         7.44408414e-01, -1.90560353e-02,  9.18591095e-01,
        -8.97057746e-01, -2.18524161e-01, -2.52034642e+00,
        -1.96164654e+00,  1.31201273e+00,  2.92493338e+00,
        -2.52634642e+00, -2.35929084e+00,  1.32774049e+00,
         3.33284992e+00, -2.24046848e-01],
       [-9.00000000e-03,  3.00000000e-03,  4.00000000e-03,
         9.00000000e-03,  6.00000000e-03, -8.00000000e-03,
         3.00000000e-03, -6.00000000e-03, -7.00000000e-03,
         1.00000000e-02,  0.00000000e+00,  9.00000000e-03,
         3.00000000e-03, -2.00000000e-03,  6.00000000e-03,
        -2.00000000e-03, -1.00000000e-03]]), 'deltas': array([[6.35718716e-04],
       [8.39470393e-05],
       [1.69379044e-04],
       [0.00000000e+00]]), 'outputs': array([[0.88841223],
       [0.98673303],
       [0.97284935],
       [1.        ]]), 'errors': 0.006412595695399163}, {'weights': array([[-4.67502491, -8.12187997, -5.26052641,  2.58875101],
       [-5.81683997,  6.64372211, -3.28965478, -2.11363235],
       [ 4.36578283,  2.26438537,  2.26310831, -5.01126518]]), 'deltas': array([[-1.71730222e-13],
       [-3.67416098e-04],
       [ 1.21986318e-03]]), 'outputs': array([[4.14403539e-07],
       [1.93563506e-02],
       [9.64435311e-01]]), 'errors': array([[-4.14403539e-07],
       [-1.93563506e-02],
       [ 3.55646886e-02]])}]
neural_net output [0.92519824 0.1039612  0.00694069]
target: 0 prediction: 0
neural_net output [0.92383589 0.11293587 0.00682219]
target: 0 prediction: 0
neural_net output [0.91429767 0.10350135 0.00735293]
target: 0 prediction: 0
neural_net output [0.92519824 0.1039612  0.00694069]
target: 0 prediction: 0
neural_net output [0.92519824 0.1039612  0.00694069]
target: 0 prediction: 0
neural_net output [0.92519824 0.1039612  0.00694069]
target: 0 prediction: 0
neural_net output [0.92383589 0.11293587 0.00682219]
target: 0 prediction: 0
neural_net output [0.92519824 0.1039612  0.00694069]
target: 0 prediction: 0
neural_net output [0.92383589 0.11293587 0.00682219]
target: 0 prediction: 0
neural_net output [0.92642406 0.11075653 0.00674324]
target: 0 prediction: 0
neural_net output [2.93279635e-05 7.11087688e-01 3.90121738e-01]
target: 1 prediction: 1
neural_net output [2.93279635e-05 7.11087688e-01 3.90121738e-01]
target: 1 prediction: 1
neural_net output [3.82652304e-05 7.28723411e-01 3.86543336e-01]
target: 1 prediction: 1
neural_net output [2.93279635e-05 7.11087688e-01 3.90121738e-01]
target: 1 prediction: 1
neural_net output [2.26307959e-05 6.60265422e-01 4.33486383e-01]
target: 1 prediction: 1
neural_net output [2.26307959e-05 6.60265422e-01 4.33486383e-01]
target: 1 prediction: 1
neural_net output [1.44583752e-04 6.98223513e-01 2.70114308e-01]
target: 1 prediction: 1
neural_net output [2.93279635e-05 7.11087688e-01 3.90121738e-01]
target: 1 prediction: 1
neural_net output [2.93279635e-05 7.11087688e-01 3.90121738e-01]
target: 1 prediction: 1
neural_net output [2.93279635e-05 7.11087688e-01 3.90121738e-01]
target: 1 prediction: 1
neural_net output [5.92180509e-07 3.35958536e-02 9.50319175e-01]
target: 2 prediction: 2
neural_net output [2.46743045e-07 1.31846993e-02 9.75104588e-01]
target: 2 prediction: 2
neural_net output [2.19030334e-07 1.02801145e-02 9.78571312e-01]
target: 2 prediction: 2
neural_net output [2.93279635e-05 7.11087688e-01 3.90121738e-01]
target: 2 prediction: 1
neural_net output [4.10971916e-07 1.98505562e-02 9.63300439e-01]
target: 2 prediction: 2
neural_net output [1.94483013e-07 1.01631417e-02 9.79667812e-01]
target: 2 prediction: 2
neural_net output [1.99789251e-07 1.03633077e-02 9.79284520e-01]
target: 2 prediction: 2
neural_net output [2.03337964e-07 9.99184602e-03 9.79371627e-01]
target: 2 prediction: 2
neural_net output [5.37816953e-07 2.70475698e-02 9.53799446e-01]
target: 2 prediction: 2
neural_net output [3.82652304e-05 7.28723411e-01 3.86543336e-01]
target: 2 prediction: 1
Accuracy: 93.33333333333333 %

train_data group 1 length:  120
   0   1   2   3   4   5   6   7   8   9   10  11  12  13  14  15  16
0   1   0   0   0   0   0   1   0   1   0   0   0   1   0   0   0   0
1   0   1   0   0   0   0   0   1   1   0   0   0   1   0   0   0   0
2   1   0   0   0   0   1   0   0   1   0   0   0   1   0   0   0   0
3   1   0   0   0   0   0   1   0   1   0   0   0   1   0   0   0   0
4   1   0   0   0   0   0   1   0   1   0   0   0   1   0   0   0   0
Initial Neural Network:
[{'weights': array([[-0.005, -0.007,  0.009,  0.009,  0.006, -0.001, -0.007,  0.   ,
        -0.006,  0.008, -0.004,  0.01 ,  0.002, -0.007, -0.01 ,  0.004,
        -0.001],
       [ 0.   ,  0.003,  0.003, -0.001, -0.003,  0.002,  0.   ,  0.002,
        -0.008, -0.01 , -0.009,  0.001,  0.007, -0.004, -0.004, -0.005,
         0.001],
       [-0.003,  0.01 , -0.009, -0.005, -0.01 ,  0.01 , -0.007, -0.008,
         0.01 ,  0.009, -0.009,  0.006, -0.004, -0.006, -0.005, -0.001,
        -0.005],
       [ 0.005, -0.002, -0.007, -0.007,  0.004,  0.001, -0.004,  0.007,
         0.004, -0.001, -0.01 ,  0.007, -0.008, -0.004, -0.003, -0.01 ,
        -0.008]]), 'deltas': array([[0.],
       [0.],
       [0.],
       [0.]]), 'outputs': array([[0.],
       [0.],
       [0.],
       [0.]]), 'errors': array([[0.],
       [0.],
       [0.],
       [0.]])}, {'weights': array([[-0.004,  0.009,  0.004,  0.   ],
       [-0.002,  0.006, -0.003, -0.004],
       [ 0.009, -0.006, -0.005,  0.007]]), 'deltas': array([[0.],
       [0.],
       [0.],
       [0.]]), 'outputs': array([[0.],
       [0.],
       [0.],
       [0.]]), 'errors': array([[0.],
       [0.],
       [0.],
       [0.]])}]
Training complete!
Training done. epoch: 42 , total error: 0.0007154701615023967
[{'weights': array([[ 6.60794289e-01, -7.26808730e-01, -1.22092537e+00,
         7.99981424e-01,  4.71915898e-01, -3.99000863e-02,
        -6.21113573e-01, -3.05860625e-01, -2.32780784e+00,
        -1.44073489e+00,  2.56280120e-02,  3.25795634e+00,
        -2.31980784e+00, -1.64653009e+00, -3.98753728e-02,
         3.50225492e+00, -4.93958387e-01],
       [-2.00220925e-01,  6.29630686e-01, -6.93103016e-01,
         7.45219610e-01,  5.93979299e-01,  7.07527824e-01,
        -4.96672480e-01, -3.27308287e-01, -2.50234729e+00,
         5.27255087e-02,  3.47396927e-01,  2.55275121e+00,
        -2.48734729e+00, -1.00651540e+00,  1.14863873e+00,
         2.81575033e+00,  4.77526356e-01],
       [ 5.49050452e-01, -7.77091573e-01, -1.02553021e+00,
         8.04019814e-01,  4.72261916e-01, -9.18366496e-02,
        -5.26051560e-01, -3.11925227e-01, -2.29238792e+00,
        -1.31528624e+00, -1.44102194e-01,  3.32522484e+00,
        -2.30638792e+00, -1.51608725e+00, -2.02354067e-01,
         3.56627772e+00, -4.47551520e-01],
       [ 5.00000000e-03, -2.00000000e-03, -7.00000000e-03,
        -7.00000000e-03,  4.00000000e-03,  1.00000000e-03,
        -4.00000000e-03,  7.00000000e-03,  4.00000000e-03,
        -1.00000000e-03, -1.00000000e-02,  7.00000000e-03,
        -8.00000000e-03, -4.00000000e-03, -3.00000000e-03,
        -1.00000000e-02, -8.00000000e-03]]), 'deltas': array([[1.51861818e-04],
       [1.86969030e-05],
       [1.66281395e-04],
       [0.00000000e+00]]), 'outputs': array([[0.97021961],
       [0.99642995],
       [0.96729326],
       [1.        ]]), 'errors': 0.005255913330147591}, {'weights': array([[-5.07629176, -6.71995741, -4.77580805,  2.66264334],
       [-2.05063317,  5.62515955, -4.97585262, -2.28045532],
       [ 2.82803647,  2.56716167,  3.04065023, -4.49379366]]), 'deltas': array([[-1.60788702e-12],
       [-8.73691138e-04],
       [ 5.18007612e-04]]), 'outputs': array([[1.26802565e-06],
       [3.00120594e-02],
       [9.76973567e-01]]), 'errors': array([[-1.26802565e-06],
       [-3.00120594e-02],
       [ 2.30264328e-02]])}]
Accuracy: 93.33333333333333 %

train_data group 2 length:  120
   0   1   2   3   4   5   6   7   8   9   10  11  12  13  14  15  16
0   1   0   0   0   0   0   1   0   1   0   0   0   1   0   0   0   0
1   0   1   0   0   0   0   0   1   1   0   0   0   1   0   0   0   0
2   1   0   0   0   0   1   0   0   1   0   0   0   1   0   0   0   0
3   1   0   0   0   0   0   1   0   1   0   0   0   1   0   0   0   0
4   1   0   0   0   0   0   1   0   1   0   0   0   1   0   0   0   0
Initial Neural Network:
[{'weights': array([[ 0.   ,  0.   ,  0.   ,  0.008,  0.007, -0.002,  0.004, -0.001,
         0.005,  0.01 , -0.01 ,  0.004, -0.004,  0.   , -0.002, -0.004,
        -0.001],
       [-0.006, -0.007,  0.004, -0.004,  0.008,  0.001,  0.002, -0.001,
         0.008,  0.001,  0.005, -0.009, -0.001, -0.005, -0.006, -0.008,
         0.001],
       [ 0.   , -0.008,  0.007,  0.006, -0.007,  0.005,  0.003, -0.009,
        -0.006,  0.004, -0.001, -0.002,  0.01 ,  0.005,  0.009,  0.001,
        -0.01 ],
       [ 0.009,  0.   ,  0.008,  0.006,  0.009, -0.002, -0.008,  0.004,
         0.002, -0.003,  0.003,  0.007, -0.01 ,  0.006, -0.002,  0.009,
         0.002]]), 'deltas': array([[0.],
       [0.],
       [0.],
       [0.]]), 'outputs': array([[0.],
       [0.],
       [0.],
       [0.]]), 'errors': array([[0.],
       [0.],
       [0.],
       [0.]])}, {'weights': array([[-0.005,  0.005, -0.005, -0.008],
       [-0.01 , -0.008,  0.009,  0.005],
       [-0.009,  0.008, -0.006,  0.005]]), 'deltas': array([[0.],
       [0.],
       [0.],
       [0.]]), 'outputs': array([[0.],
       [0.],
       [0.],
       [0.]]), 'errors': array([[0.],
       [0.],
       [0.],
       [0.]])}]
Training complete!
Training done. epoch: 239 , total error: 0.0007822166551158198
[{'weights': array([[-2.30993314e-01, -9.52552227e-03,  4.43717147e-02,
        -1.17668205e+00, -9.15663185e-01, -5.61017248e-01,
        -3.58369188e-01,  4.62220452e-01,  3.41412627e+00,
         1.60096647e+00, -1.35762339e+00, -5.02929852e+00,
         3.40512627e+00,  3.43011900e-01, -4.56177617e-01,
        -4.68278972e+00, -1.38182917e+00],
       [-1.92064499e+00,  3.83750180e-01,  9.29819454e-01,
        -9.79865569e-01, -1.05471709e+00, -1.66801564e+00,
         7.24581038e-01,  4.34210770e-01,  4.26238122e+00,
        -2.27972848e+00,  4.33293411e-01, -3.98488707e+00,
         4.25338122e+00,  8.70941023e-01, -1.47752851e+00,
        -5.24073466e+00, -1.57294092e+00],
       [-1.52296391e+00,  2.49940295e-01,  5.15391958e-01,
        -1.09211655e+00, -8.68720494e-01, -1.08970140e+00,
        -3.58054629e-01,  4.53728319e-01,  4.00226991e+00,
        -6.13799060e-01, -6.43499530e-01, -4.60471953e+00,
         4.01826991e+00, -8.71843855e-01, -3.94262366e-01,
        -4.58191189e+00, -1.86474821e+00],
       [ 9.00000000e-03,  0.00000000e+00,  8.00000000e-03,
         6.00000000e-03,  9.00000000e-03, -2.00000000e-03,
        -8.00000000e-03,  4.00000000e-03,  2.00000000e-03,
        -3.00000000e-03,  3.00000000e-03,  7.00000000e-03,
        -1.00000000e-02,  6.00000000e-03, -2.00000000e-03,
         9.00000000e-03,  2.00000000e-03]]), 'deltas': array([[1.35785798e-05],
       [2.10110427e-06],
       [5.16833297e-06],
       [0.00000000e+00]]), 'outputs': array([[0.99724085],
       [0.99957406],
       [0.9989516 ],
       [1.        ]]), 'errors': 0.0049349125238797465}, {'weights': array([[  3.55426668,   3.60080291,   3.67742388,  -6.00486683],
       [  5.03743957,   3.26843961, -10.71042863,  -0.80726689],
       [-10.84050773, -10.08636517,  -9.35168372,   1.6086474 ]]), 'deltas': array([[ 6.45035005e-05],
       [-1.44134521e-03],
       [-1.36729052e-25]]), 'outputs': array([[9.91936013e-01],
       [3.87221568e-02],
       [3.69768917e-13]]), 'errors': array([[ 8.06398689e-03],
       [-3.87221568e-02],
       [-3.69768917e-13]])}]
Accuracy: 83.33333333333334 %

train_data group 3 length:  120
   0   1   2   3   4   5   6   7   8   9   10  11  12  13  14  15  16
0   1   0   0   0   0   0   1   0   1   0   0   0   1   0   0   0   0
1   0   1   0   0   0   0   0   1   1   0   0   0   1   0   0   0   0
2   1   0   0   0   0   1   0   0   1   0   0   0   1   0   0   0   0
3   1   0   0   0   0   0   1   0   1   0   0   0   1   0   0   0   0
4   1   0   0   0   0   0   1   0   1   0   0   0   1   0   0   0   0
Initial Neural Network:
[{'weights': array([[ 0.005, -0.008, -0.005,  0.007, -0.003,  0.002, -0.004,  0.005,
         0.   ,  0.006, -0.008, -0.001,  0.007, -0.002, -0.008, -0.008,
         0.002],
       [ 0.01 , -0.005, -0.004,  0.006,  0.   , -0.003,  0.001,  0.008,
         0.01 , -0.009,  0.008,  0.003,  0.   , -0.007,  0.003, -0.008,
        -0.009],
       [-0.005, -0.009,  0.001,  0.01 ,  0.002, -0.002, -0.005,  0.006,
        -0.006, -0.009, -0.006, -0.005, -0.002,  0.008,  0.01 , -0.004,
         0.008],
       [-0.003,  0.005, -0.002,  0.001, -0.001,  0.01 ,  0.   , -0.003,
        -0.01 , -0.008,  0.002,  0.   , -0.003, -0.01 , -0.007,  0.009,
        -0.003]]), 'deltas': array([[0.],
       [0.],
       [0.],
       [0.]]), 'outputs': array([[0.],
       [0.],
       [0.],
       [0.]]), 'errors': array([[0.],
       [0.],
       [0.],
       [0.]])}, {'weights': array([[-0.007, -0.009, -0.001, -0.001],
       [-0.01 , -0.005,  0.007,  0.005],
       [ 0.009, -0.005, -0.009,  0.   ]]), 'deltas': array([[0.],
       [0.],
       [0.],
       [0.]]), 'outputs': array([[0.],
       [0.],
       [0.],
       [0.]]), 'errors': array([[0.],
       [0.],
       [0.],
       [0.]])}]
Training complete!
Training done. epoch: 55 , total error: 0.0003572989624528076
[{'weights': array([[-7.60174837e-01, -5.02420217e-01,  4.53027855e-01,
        -3.73097021e-01, -4.19005450e-01, -1.06848379e+00,
         7.27513306e-01, -4.21688291e-01, -2.10165624e+00,
         2.89376848e+00,  2.11129533e-02, -1.99788941e+00,
        -2.09465624e+00,  2.98407401e+00,  2.44594697e-01,
        -2.32667669e+00, -1.17966422e+00],
       [-7.88943200e-01,  3.85411974e-01,  2.65288815e-01,
        -5.08563481e-01, -3.60540938e-01, -8.46067746e-02,
         2.21439732e-01, -4.24097912e-01, -2.10208787e+00,
         2.55693994e+00,  1.39642066e+00, -2.49307862e+00,
        -2.11208787e+00,  2.51301115e+00,  1.72200917e+00,
        -2.78873833e+00, -6.62805891e-01],
       [-1.50740155e+00, -1.14686900e-01,  1.20967002e+00,
         9.35937535e-01, -9.65369116e-01,  1.27057744e+00,
         6.73052655e-01, -4.50741879e-01, -2.34728509e+00,
         2.04024992e+00, -3.06250600e-01,  1.11380487e+00,
        -2.34328509e+00,  2.35330199e+00,  1.17726706e+00,
        -6.48764855e-01,  5.34519101e-01],
       [-3.00000000e-03,  5.00000000e-03, -2.00000000e-03,
         1.00000000e-03, -1.00000000e-03,  1.00000000e-02,
         0.00000000e+00, -3.00000000e-03, -1.00000000e-02,
        -8.00000000e-03,  2.00000000e-03,  0.00000000e+00,
        -3.00000000e-03, -1.00000000e-02, -7.00000000e-03,
         9.00000000e-03, -3.00000000e-03]]), 'deltas': array([[7.83029929e-05],
       [9.99702662e-05],
       [2.04040943e-04],
       [0.00000000e+00]]), 'outputs': array([[0.97121585],
       [0.96293494],
       [0.92089618],
       [1.        ]]), 'errors': 0.002800974911066862}, {'weights': array([[-3.91691101, -3.99704627, -6.78194451,  3.08254264],
       [ 3.03629274,  4.56591355,  2.12170895, -5.31483689],
       [-2.89961333, -4.60350218,  6.81031639, -2.94071   ]]), 'deltas': array([[-4.03021272e-10],
       [ 3.27885345e-04],
       [-3.73183042e-04]]), 'outputs': array([[2.00755912e-05],
       [9.81724631e-01],
       [1.95091876e-02]]), 'errors': array([[-2.00755912e-05],
       [ 1.82753692e-02],
       [-1.95091876e-02]])}]
Accuracy: 86.66666666666667 %

train_data group 4 length:  120
   0   1   2   3   4   5   6   7   8   9   10  11  12  13  14  15  16
0   1   0   0   0   0   0   1   0   1   0   0   0   1   0   0   0   0
1   0   1   0   0   0   0   0   1   1   0   0   0   1   0   0   0   0
2   1   0   0   0   0   1   0   0   1   0   0   0   1   0   0   0   0
3   1   0   0   0   0   0   1   0   1   0   0   0   1   0   0   0   0
4   1   0   0   0   0   0   1   0   1   0   0   0   1   0   0   0   0
Initial Neural Network:
[{'weights': array([[ 0.   , -0.01 ,  0.005,  0.   ,  0.005,  0.005, -0.01 ,  0.01 ,
         0.001, -0.007, -0.004,  0.006,  0.006, -0.003, -0.007, -0.005,
        -0.004],
       [-0.004,  0.008, -0.009, -0.002, -0.008,  0.008,  0.004, -0.001,
         0.   , -0.002, -0.01 ,  0.008, -0.009, -0.01 ,  0.009,  0.01 ,
         0.007],
       [ 0.006,  0.004,  0.002,  0.003,  0.005, -0.009, -0.004,  0.008,
         0.005, -0.003, -0.007, -0.002,  0.004, -0.009, -0.002,  0.006,
         0.003],
       [ 0.007,  0.01 , -0.002,  0.007, -0.003,  0.003,  0.008,  0.003,
        -0.005, -0.003,  0.006,  0.004, -0.002, -0.002, -0.001,  0.005,
         0.006]]), 'deltas': array([[0.],
       [0.],
       [0.],
       [0.]]), 'outputs': array([[0.],
       [0.],
       [0.],
       [0.]]), 'errors': array([[0.],
       [0.],
       [0.],
       [0.]])}, {'weights': array([[-0.002,  0.007,  0.001, -0.008],
       [-0.01 ,  0.004,  0.008, -0.001],
       [ 0.006, -0.001, -0.002,  0.006]]), 'deltas': array([[0.],
       [0.],
       [0.],
       [0.]]), 'outputs': array([[0.],
       [0.],
       [0.],
       [0.]]), 'errors': array([[0.],
       [0.],
       [0.],
       [0.]])}]
Training complete!
Training done. epoch: 268 , total error: 0.0009505648078373255
[{'weights': array([[ 1.90047447e-01,  1.08328976e+00, -6.05067231e-01,
        -1.48827851e+00, -1.02819350e+00, -2.22769222e-01,
         7.50106224e-02,  3.70943577e-01,  3.46204933e+00,
        -1.55413849e-01, -7.64331786e-03, -4.11800069e+00,
         3.46704933e+00,  1.78618058e+00, -1.01187167e+00,
        -5.06536677e+00, -8.19008528e-01],
       [ 4.22993443e-01, -3.49699780e-02, -3.77682661e-01,
        -1.53611044e+00, -1.30112365e+00, -1.06590700e+00,
         4.80798848e-01,  3.70462157e-01,  3.47338377e+00,
        -4.33303992e-01, -4.53305508e-01, -4.10954391e+00,
         3.46438377e+00, -2.60508752e-01, -3.06975170e-02,
        -4.69194714e+00, -1.51176964e+00],
       [ 5.21834123e-01, -8.25161033e-02, -4.16179376e-01,
        -1.53848795e+00, -1.33497949e+00, -1.09859108e+00,
         5.22764997e-01,  3.80456275e-01,  3.45612308e+00,
        -4.50488932e-01, -4.42994000e-01, -4.09998945e+00,
         3.45512308e+00, -3.82614793e-01,  4.15797228e-02,
        -4.64543731e+00, -1.52734930e+00],
       [ 7.00000000e-03,  1.00000000e-02, -2.00000000e-03,
         7.00000000e-03, -3.00000000e-03,  3.00000000e-03,
         8.00000000e-03,  3.00000000e-03, -5.00000000e-03,
        -3.00000000e-03,  6.00000000e-03,  4.00000000e-03,
        -2.00000000e-03, -2.00000000e-03, -1.00000000e-03,
         5.00000000e-03,  6.00000000e-03]]), 'deltas': array([[-0.00111611],
       [-0.00028694],
       [-0.00023018],
       [-0.        ]]), 'outputs': array([[0.84239872],
       [0.03538452],
       [0.02817462],
       [1.        ]]), 'errors': -0.008406796533255108}, {'weights': array([[  3.44973083,   3.67085592,   3.73946658,  -6.2331302 ],
       [  8.31879209,  -3.38907855,  -6.84834422,  -0.66440736],
       [-12.09825572, -11.29962534, -11.0108928 ,   1.6965502 ]]), 'deltas': array([[-1.81284979e-03],
       [ 5.73963558e-06],
       [-1.01030292e-08]]), 'outputs': array([[4.35358022e-02],
       [9.97601368e-01],
       [1.00518878e-04]]), 'errors': array([[-0.0435358 ],
       [ 0.00239863],
       [-0.00010052]])}]
Accuracy: 76.66666666666667 %

Feedforward Neural Network AVG Accuracy (%): 86.66666666666667 %
