Namespace(error_threshold=0.001, max_epochs=1000, num_layers=2, num_nodes_per_hidden_layer=3, training_rate=0.6)

train_data group 0 length:  120
   0   1   2   3   4   5   6   7   8   9   10  11  12  13  14  15  16
0   1   0   0   0   0   1   0   0   1   0   0   0   1   0   0   0   0
1   1   0   0   0   0   1   0   0   1   0   0   0   1   0   0   0   0
2   1   0   0   0   0   0   1   0   1   0   0   0   1   0   0   0   0
3   1   0   0   0   0   1   0   0   1   0   0   0   1   0   0   0   0
4   1   0   0   0   0   0   1   0   1   0   0   0   1   0   0   0   0
Initial Neural Network:
[{'weights': array([[-0.004,  0.006,  0.009, -0.001, -0.007,  0.005,  0.001,  0.01 ,
         0.01 , -0.009,  0.01 , -0.005, -0.01 , -0.003,  0.005, -0.002,
         0.009],
       [-0.003,  0.002,  0.007,  0.005,  0.002, -0.002,  0.002,  0.005,
        -0.005, -0.008, -0.009,  0.01 ,  0.002,  0.002, -0.01 ,  0.001,
         0.004],
       [-0.003, -0.007, -0.002,  0.003, -0.005,  0.001, -0.009,  0.001,
         0.004, -0.006, -0.007, -0.001, -0.004, -0.006, -0.008,  0.009,
         0.009],
       [ 0.004,  0.006, -0.01 , -0.008, -0.007,  0.005, -0.008,  0.003,
         0.006,  0.007, -0.004,  0.006, -0.005,  0.009,  0.004, -0.007,
         0.008]]), 'deltas': array([[0.],
       [0.],
       [0.],
       [0.]]), 'outputs': array([[0.],
       [0.],
       [0.],
       [0.]]), 'errors': array([[0.],
       [0.],
       [0.],
       [0.]])}, {'weights': array([[ 0.003,  0.006, -0.009, -0.01 ],
       [ 0.008, -0.005,  0.   ,  0.01 ],
       [ 0.002,  0.007, -0.002,  0.002]]), 'deltas': array([[0.],
       [0.],
       [0.],
       [0.]]), 'outputs': array([[0.],
       [0.],
       [0.],
       [0.]]), 'errors': array([[0.],
       [0.],
       [0.],
       [0.]])}]
Training complete!
Training done. epoch: 82 , total error: 0.0004420234769942911
[{'weights': array([[-4.16283535e-01, -1.05390246e-01,  2.69857759e-01,
         6.94558695e-01,  1.25133817e+00,  5.42845535e-01,
        -1.16295012e+00, -1.89490914e-01, -2.59889664e+00,
         9.72432706e-01, -7.23858508e-02,  2.13759246e+00,
        -2.61889664e+00, -1.28229578e+00,  1.72821953e+00,
         2.59571556e+00,  4.41742672e-01],
       [ 4.85407374e-01, -9.77007391e-01, -6.45504040e-01,
         7.99280334e-01, -1.59124832e-01,  1.17122819e+00,
        -1.17944359e+00, -1.74483491e-01, -2.58669680e+00,
        -2.40631255e+00,  1.27706388e+00,  3.35512175e+00,
        -2.57969680e+00, -2.41380031e+00,  1.06023142e+00,
         3.57944196e+00, -3.44823723e-01],
       [ 1.35385486e+00, -1.51006506e+00, -1.28633950e+00,
         8.19405023e-01,  4.59705715e-01, -3.41380599e-01,
        -5.66586569e-01, -1.77883234e-01, -2.45966314e+00,
        -2.03138924e+00, -1.81638488e-02,  3.88507154e+00,
        -2.46766314e+00, -1.73675380e+00, -4.46656531e-01,
         4.02792878e+00, -6.05144688e-01],
       [ 4.00000000e-03,  6.00000000e-03, -1.00000000e-02,
        -8.00000000e-03, -7.00000000e-03,  5.00000000e-03,
        -8.00000000e-03,  3.00000000e-03,  6.00000000e-03,
         7.00000000e-03, -4.00000000e-03,  6.00000000e-03,
        -5.00000000e-03,  9.00000000e-03,  4.00000000e-03,
        -7.00000000e-03,  8.00000000e-03]]), 'deltas': array([[5.43289114e-06],
       [6.36074038e-07],
       [1.37917091e-06],
       [0.00000000e+00]]), 'outputs': array([[0.99836167],
       [0.99980846],
       [0.99958461],
       [1.        ]]), 'errors': 0.003321558567984408}, {'weights': array([[-8.74586753, -4.71219803, -4.47482382,  2.91461113],
       [ 7.64564951, -4.24116518, -5.03707123, -2.23891269],
       [ 2.13441242,  2.50417699,  4.34520966, -5.17262751]]), 'deltas': array([[-9.33540164e-14],
       [-4.00967063e-04],
       [ 4.64455036e-04]]), 'outputs': array([[3.05538942e-07],
       [2.02298305e-02],
       [9.78210073e-01]]), 'errors': array([[-3.05538942e-07],
       [-2.02298305e-02],
       [ 2.17899269e-02]])}]
neural_net output [0.94539006 0.09299457 0.00590266]
target: 0 prediction: 0
neural_net output [0.94535876 0.09972199 0.00574912]
target: 0 prediction: 0
neural_net output [0.93618289 0.09040526 0.00634545]
target: 0 prediction: 0
neural_net output [0.94539006 0.09299457 0.00590266]
target: 0 prediction: 0
neural_net output [0.94539006 0.09299457 0.00590266]
target: 0 prediction: 0
neural_net output [0.94539006 0.09299457 0.00590266]
target: 0 prediction: 0
neural_net output [0.94535876 0.09972199 0.00574912]
target: 0 prediction: 0
neural_net output [0.94539006 0.09299457 0.00590266]
target: 0 prediction: 0
neural_net output [0.94535876 0.09972199 0.00574912]
target: 0 prediction: 0
neural_net output [0.94732502 0.09750089 0.00568482]
target: 0 prediction: 0
neural_net output [6.41544847e-05 6.84562479e-01 3.27057338e-01]
target: 1 prediction: 1
neural_net output [6.41544847e-05 6.84562479e-01 3.27057338e-01]
target: 1 prediction: 1
neural_net output [9.23670351e-05 8.32444708e-01 2.90041736e-01]
target: 1 prediction: 1
neural_net output [6.41544847e-05 6.84562479e-01 3.27057338e-01]
target: 1 prediction: 1
neural_net output [4.43806525e-05 6.83339117e-01 3.64278550e-01]
target: 1 prediction: 1
neural_net output [4.43806525e-05 6.83339117e-01 3.64278550e-01]
target: 1 prediction: 1
neural_net output [0.00136514 0.74804223 0.12432395]
target: 1 prediction: 1
neural_net output [6.41544847e-05 6.84562479e-01 3.27057338e-01]
target: 1 prediction: 1
neural_net output [6.41544847e-05 6.84562479e-01 3.27057338e-01]
target: 1 prediction: 1
neural_net output [6.41544847e-05 6.84562479e-01 3.27057338e-01]
target: 1 prediction: 1
neural_net output [7.53148764e-07 4.90348400e-02 9.54791016e-01]
target: 2 prediction: 2
neural_net output [3.67844151e-07 2.38005916e-02 9.74519516e-01]
target: 2 prediction: 2
neural_net output [3.58902027e-07 1.94856756e-02 9.76851869e-01]
target: 2 prediction: 2
neural_net output [6.41544847e-05 6.84562479e-01 3.27057338e-01]
target: 2 prediction: 1
neural_net output [7.19384137e-07 3.60432661e-02 9.57653517e-01]
target: 2 prediction: 2
neural_net output [3.05538868e-07 2.02107907e-02 9.78233795e-01]
target: 2 prediction: 2
neural_net output [3.12912822e-07 2.04309803e-02 9.77882407e-01]
target: 2 prediction: 2
neural_net output [3.28678092e-07 1.92873463e-02 9.77790512e-01]
target: 2 prediction: 2
neural_net output [9.07237029e-07 3.91582964e-02 9.50788888e-01]
target: 2 prediction: 2
neural_net output [9.23670351e-05 8.32444708e-01 2.90041736e-01]
target: 2 prediction: 1
Accuracy: 93.33333333333333 %

train_data group 1 length:  120
   0   1   2   3   4   5   6   7   8   9   10  11  12  13  14  15  16
0   1   0   0   0   0   0   1   0   1   0   0   0   1   0   0   0   0
1   0   1   0   0   0   0   0   1   1   0   0   0   1   0   0   0   0
2   1   0   0   0   0   1   0   0   1   0   0   0   1   0   0   0   0
3   1   0   0   0   0   0   1   0   1   0   0   0   1   0   0   0   0
4   1   0   0   0   0   0   1   0   1   0   0   0   1   0   0   0   0
Initial Neural Network:
[{'weights': array([[-0.009,  0.006,  0.007, -0.005,  0.005,  0.005,  0.004,  0.001,
        -0.007,  0.003, -0.003,  0.009, -0.006,  0.002, -0.006,  0.   ,
         0.006],
       [ 0.001,  0.006, -0.004,  0.002,  0.008,  0.005,  0.006, -0.009,
         0.006, -0.003, -0.001, -0.001, -0.004,  0.   , -0.001,  0.007,
        -0.002],
       [-0.009,  0.002,  0.01 ,  0.009,  0.003, -0.004, -0.008, -0.009,
        -0.008,  0.001, -0.003,  0.007,  0.008,  0.005, -0.005,  0.01 ,
         0.005],
       [ 0.003,  0.005, -0.006, -0.005,  0.006, -0.009,  0.004,  0.006,
         0.001,  0.003, -0.007,  0.003,  0.003,  0.007, -0.008,  0.002,
         0.007]]), 'deltas': array([[0.],
       [0.],
       [0.],
       [0.]]), 'outputs': array([[0.],
       [0.],
       [0.],
       [0.]]), 'errors': array([[0.],
       [0.],
       [0.],
       [0.]])}, {'weights': array([[ 0.007, -0.002, -0.003,  0.01 ],
       [ 0.009,  0.008,  0.003,  0.005],
       [ 0.009, -0.008,  0.005, -0.002]]), 'deltas': array([[0.],
       [0.],
       [0.],
       [0.]]), 'outputs': array([[0.],
       [0.],
       [0.],
       [0.]]), 'errors': array([[0.],
       [0.],
       [0.],
       [0.]])}]
Training complete!
Training done. epoch: 56 , total error: 0.000371895791051204
[{'weights': array([[-1.59041618e-01,  6.16510980e-01, -7.15963772e-01,
         7.58468207e-01,  6.75667707e-01,  6.59453848e-01,
        -4.69895832e-01, -3.49251925e-01, -2.55095946e+00,
        -5.70592425e-02,  4.41881099e-01,  2.66911140e+00,
        -2.54995946e+00, -9.85474196e-01,  1.06917622e+00,
         2.95723123e+00,  5.06973798e-01],
       [ 7.40278967e-01, -7.78962313e-01, -1.27961102e+00,
         8.17266434e-01,  4.99854019e-01, -3.73749236e-02,
        -6.30890281e-01, -3.27616751e-01, -2.35948668e+00,
        -1.53244484e+00, -7.04742242e-02,  3.45737781e+00,
        -2.36948668e+00, -1.71418670e+00, -1.18789120e-01,
         3.69843456e+00, -5.08027937e-01],
       [ 7.33516210e-01, -8.55852878e-01, -1.21669770e+00,
         8.25665022e-01,  5.02490941e-01, -1.01532849e-01,
        -6.15225395e-01, -3.29102043e-01, -2.36458210e+00,
        -1.49244174e+00, -1.38252284e-01,  3.46690678e+00,
        -2.34858210e+00, -1.67801623e+00, -1.89021914e-01,
         3.70825090e+00, -5.20369347e-01],
       [ 3.00000000e-03,  5.00000000e-03, -6.00000000e-03,
        -5.00000000e-03,  6.00000000e-03, -9.00000000e-03,
         4.00000000e-03,  6.00000000e-03,  1.00000000e-03,
         3.00000000e-03, -7.00000000e-03,  3.00000000e-03,
         3.00000000e-03,  7.00000000e-03, -8.00000000e-03,
         2.00000000e-03,  7.00000000e-03]]), 'deltas': array([[4.64667463e-06],
       [3.08013155e-06],
       [2.98610672e-06],
       [0.00000000e+00]]), 'outputs': array([[0.99837703],
       [0.99892478],
       [0.99895763],
       [1.        ]]), 'errors': 0.0028677277198343124}, {'weights': array([[-7.08267644, -5.06472305, -5.04453997,  2.76930311],
       [ 6.11486679, -3.54774187, -4.04503245, -2.41451507],
       [ 2.58088611,  2.93753537,  3.03481441, -4.57469799]]), 'deltas': array([[-3.10411812e-13],
       [-3.90815953e-04],
       [ 3.38603789e-04]]), 'outputs': array([[5.57146286e-07],
       [1.99694607e-02],
       [9.81425495e-01]]), 'errors': array([[-5.57146286e-07],
       [-1.99694607e-02],
       [ 1.85745046e-02]])}]
Accuracy: 93.33333333333333 %

train_data group 2 length:  120
   0   1   2   3   4   5   6   7   8   9   10  11  12  13  14  15  16
0   1   0   0   0   0   0   1   0   1   0   0   0   1   0   0   0   0
1   0   1   0   0   0   0   0   1   1   0   0   0   1   0   0   0   0
2   1   0   0   0   0   1   0   0   1   0   0   0   1   0   0   0   0
3   1   0   0   0   0   0   1   0   1   0   0   0   1   0   0   0   0
4   1   0   0   0   0   0   1   0   1   0   0   0   1   0   0   0   0
Initial Neural Network:
[{'weights': array([[-0.001, -0.004, -0.007, -0.004,  0.006, -0.01 , -0.007,  0.006,
         0.009,  0.005, -0.005,  0.005, -0.003,  0.002, -0.006,  0.002,
         0.002],
       [-0.005,  0.009, -0.003, -0.006,  0.007, -0.003, -0.003,  0.009,
        -0.005, -0.001, -0.01 ,  0.008, -0.003,  0.009, -0.004, -0.006,
         0.003],
       [ 0.007, -0.001,  0.01 , -0.003, -0.007, -0.006, -0.005, -0.009,
         0.005, -0.002,  0.01 , -0.006,  0.008,  0.003, -0.007,  0.001,
         0.006],
       [-0.001, -0.003,  0.008,  0.005,  0.002, -0.007,  0.001,  0.006,
         0.001,  0.003,  0.007, -0.004,  0.001,  0.007,  0.005,  0.005,
        -0.002]]), 'deltas': array([[0.],
       [0.],
       [0.],
       [0.]]), 'outputs': array([[0.],
       [0.],
       [0.],
       [0.]]), 'errors': array([[0.],
       [0.],
       [0.],
       [0.]])}, {'weights': array([[-0.004,  0.002,  0.006, -0.008],
       [-0.01 , -0.002,  0.01 ,  0.004],
       [-0.003, -0.006,  0.007, -0.009]]), 'deltas': array([[0.],
       [0.],
       [0.],
       [0.]]), 'outputs': array([[0.],
       [0.],
       [0.],
       [0.]]), 'errors': array([[0.],
       [0.],
       [0.],
       [0.]])}]
Training complete!
Training done. epoch: 64 , total error: 0.0006999443725981889
[{'weights': array([[ 9.67931653e-01, -1.08697051e+00, -1.04808544e+00,
         6.95881326e-01,  6.71111861e-01,  1.72160813e-01,
        -9.75554381e-01, -3.27961267e-01, -2.33826084e+00,
        -1.37723321e+00, -8.82787988e-02,  3.36252988e+00,
        -2.35026084e+00, -1.33945625e+00, -3.28221339e-01,
         3.55769545e+00, -4.53242974e-01],
       [ 1.01600568e+00, -1.10653907e+00, -1.08327732e+00,
         6.83274048e-01,  6.91246228e-01,  1.58885395e-01,
        -9.98472114e-01, -3.27196170e-01, -2.35928799e+00,
        -1.41866512e+00, -4.89639064e-02,  3.33338036e+00,
        -2.35728799e+00, -1.37517631e+00, -2.85191411e-01,
         3.52811905e+00, -4.82536661e-01],
       [-6.81383759e-01,  2.13335072e-01,  4.57563440e-04,
         5.87328007e-01,  1.61144223e+00,  5.04487313e-01,
        -1.65279639e+00, -3.83396270e-01, -2.39502768e+00,
        -1.21883981e+00,  1.37768565e+00,  2.34991872e+00,
        -2.39202768e+00, -5.55237693e-01,  5.86150490e-01,
         2.47285177e+00,  1.12736884e-01],
       [-1.00000000e-03, -3.00000000e-03,  8.00000000e-03,
         5.00000000e-03,  2.00000000e-03, -7.00000000e-03,
         1.00000000e-03,  6.00000000e-03,  1.00000000e-03,
         3.00000000e-03,  7.00000000e-03, -4.00000000e-03,
         1.00000000e-03,  7.00000000e-03,  5.00000000e-03,
         5.00000000e-03, -2.00000000e-03]]), 'deltas': array([[9.97313773e-06],
       [1.12785690e-05],
       [9.75374961e-05],
       [0.00000000e+00]]), 'outputs': array([[0.9979488 ],
       [0.99767969],
       [0.97956274],
       [1.        ]]), 'errors': 0.004872104395253707}, {'weights': array([[-4.85584523, -5.04980919, -7.45901974,  2.58063032],
       [-4.0947598 , -2.32240043,  4.90432451, -1.92584355],
       [ 2.92426905,  2.70698214,  2.80758757, -4.66472624]]), 'deltas': array([[-2.04164516e-13],
       [-7.97767097e-04],
       [ 5.64667230e-04]]), 'outputs': array([[4.51845779e-07],
       [2.86584084e-02],
       [9.75946219e-01]]), 'errors': array([[-4.51845779e-07],
       [-2.86584084e-02],
       [ 2.40537808e-02]])}]
Accuracy: 93.33333333333333 %

train_data group 3 length:  120
   0   1   2   3   4   5   6   7   8   9   10  11  12  13  14  15  16
0   1   0   0   0   0   0   1   0   1   0   0   0   1   0   0   0   0
1   0   1   0   0   0   0   0   1   1   0   0   0   1   0   0   0   0
2   1   0   0   0   0   1   0   0   1   0   0   0   1   0   0   0   0
3   1   0   0   0   0   0   1   0   1   0   0   0   1   0   0   0   0
4   1   0   0   0   0   0   1   0   1   0   0   0   1   0   0   0   0
Initial Neural Network:
[{'weights': array([[ 0.004, -0.005,  0.001,  0.   ,  0.006, -0.003,  0.009,  0.   ,
         0.003,  0.006,  0.006, -0.003,  0.006,  0.002,  0.01 ,  0.005,
         0.006],
       [ 0.005, -0.004, -0.002,  0.009,  0.002, -0.005, -0.006,  0.002,
         0.004,  0.007,  0.002, -0.004, -0.008, -0.001, -0.003, -0.006,
         0.003],
       [ 0.01 ,  0.003,  0.002, -0.005,  0.001,  0.009,  0.003,  0.005,
         0.003, -0.005,  0.006,  0.007,  0.001, -0.005,  0.01 ,  0.001,
        -0.001],
       [-0.005,  0.009, -0.003, -0.003,  0.007, -0.009,  0.008,  0.   ,
        -0.002, -0.002,  0.007, -0.006, -0.001,  0.005,  0.002,  0.007,
        -0.006]]), 'deltas': array([[0.],
       [0.],
       [0.],
       [0.]]), 'outputs': array([[0.],
       [0.],
       [0.],
       [0.]]), 'errors': array([[0.],
       [0.],
       [0.],
       [0.]])}, {'weights': array([[ 0.007,  0.009, -0.004,  0.006],
       [ 0.005, -0.001, -0.009,  0.003],
       [ 0.003, -0.009,  0.009,  0.01 ]]), 'deltas': array([[0.],
       [0.],
       [0.],
       [0.]]), 'outputs': array([[0.],
       [0.],
       [0.],
       [0.]]), 'errors': array([[0.],
       [0.],
       [0.],
       [0.]])}]
Training complete!
Training done. epoch: 278 , total error: 0.0007122952573218258
[{'weights': array([[-2.30217739e+00,  1.15255581e-01,  2.02797844e+00,
        -1.08844384e+00,  3.53997859e-02, -7.86739055e-01,
        -9.37221088e-01,  4.53173138e-01,  4.52979532e+00,
        -1.81750538e+00,  1.27311690e-01, -4.07498884e+00,
         4.53279532e+00,  1.04744557e+00, -1.09598568e+00,
        -5.70864243e+00, -1.24138722e+00],
       [-1.04045321e+00,  7.57530501e-01,  1.15413943e-01,
        -1.20816085e+00, -2.07958542e+00, -1.10252418e+00,
         1.33026454e+00,  4.61175448e-01,  3.93825832e+00,
        -1.21912136e+00, -2.71377942e-01, -3.82242864e+00,
         3.92625832e+00, -8.57928239e-01,  2.62801349e-01,
        -4.73280105e+00, -1.38066962e+00],
       [ 2.92491014e-01,  5.89362513e-01, -3.34922575e-01,
        -1.41465680e+00, -1.92987957e+00,  1.20789694e-01,
         4.74025189e-01,  4.75338837e-01,  3.11974878e+00,
         1.37383447e+00, -1.08945183e+00, -4.27085727e+00,
         3.11774878e+00,  1.21353361e+00, -5.21762510e-01,
        -4.68024573e+00, -8.78725850e-01],
       [-5.00000000e-03,  9.00000000e-03, -3.00000000e-03,
        -3.00000000e-03,  7.00000000e-03, -9.00000000e-03,
         8.00000000e-03,  0.00000000e+00, -2.00000000e-03,
        -2.00000000e-03,  7.00000000e-03, -6.00000000e-03,
        -1.00000000e-03,  5.00000000e-03,  2.00000000e-03,
         7.00000000e-03, -6.00000000e-03]]), 'deltas': array([[-4.90590269e-04],
       [-3.47465490e-05],
       [-1.01631289e-03],
       [-0.00000000e+00]]), 'outputs': array([[0.13478234],
       [0.00832882],
       [0.59174265],
       [1.        ]]), 'errors': -0.004206884149284558}, {'weights': array([[  3.69677111,   3.82679939,   3.37271681,  -6.32991284],
       [  3.87180721, -11.79240258,   6.13038502,  -0.59975391],
       [-10.00569563,  -9.12223839, -10.75735423,   1.55309519]]), 'deltas': array([[-4.65046854e-04],
       [ 9.16301212e-04],
       [-3.80204174e-06]]), 'outputs': array([[0.02180396],
       [0.96925316],
       [0.00195179]]), 'errors': array([[-0.02180396],
       [ 0.03074684],
       [-0.00195179]])}]
Accuracy: 86.66666666666667 %

train_data group 4 length:  120
   0   1   2   3   4   5   6   7   8   9   10  11  12  13  14  15  16
0   1   0   0   0   0   0   1   0   1   0   0   0   1   0   0   0   0
1   0   1   0   0   0   0   0   1   1   0   0   0   1   0   0   0   0
2   1   0   0   0   0   1   0   0   1   0   0   0   1   0   0   0   0
3   1   0   0   0   0   0   1   0   1   0   0   0   1   0   0   0   0
4   1   0   0   0   0   0   1   0   1   0   0   0   1   0   0   0   0
Initial Neural Network:
[{'weights': array([[-0.003,  0.009,  0.01 , -0.003,  0.001, -0.009,  0.006, -0.009,
        -0.001,  0.008,  0.01 , -0.009,  0.   ,  0.006, -0.001, -0.006,
         0.006],
       [-0.005,  0.009,  0.   ,  0.001,  0.007,  0.003, -0.003, -0.005,
        -0.009,  0.001,  0.01 ,  0.005,  0.008, -0.002, -0.006,  0.004,
        -0.005],
       [ 0.008,  0.006, -0.002,  0.007, -0.009,  0.008,  0.001, -0.005,
        -0.005,  0.007,  0.01 , -0.008, -0.004, -0.005,  0.004,  0.004,
         0.   ],
       [-0.001, -0.009,  0.008, -0.006,  0.002, -0.006, -0.001,  0.006,
         0.007,  0.006,  0.006, -0.009,  0.001,  0.01 , -0.01 , -0.003,
         0.004]]), 'deltas': array([[0.],
       [0.],
       [0.],
       [0.]]), 'outputs': array([[0.],
       [0.],
       [0.],
       [0.]]), 'errors': array([[0.],
       [0.],
       [0.],
       [0.]])}, {'weights': array([[-0.008,  0.002,  0.004, -0.001],
       [-0.009,  0.006, -0.001,  0.007],
       [-0.01 , -0.006,  0.   , -0.007]]), 'deltas': array([[0.],
       [0.],
       [0.],
       [0.]]), 'outputs': array([[0.],
       [0.],
       [0.],
       [0.]]), 'errors': array([[0.],
       [0.],
       [0.],
       [0.]])}]
Training complete!
Training done. epoch: 217 , total error: 0.0005248783806102417
[{'weights': array([[ 1.48696261e-01,  4.70125909e-01, -4.07032527e-02,
        -1.40267338e+00, -8.16180679e-01, -4.55978070e-01,
         8.18097315e-02,  3.41794555e-01,  3.19409856e+00,
        -1.18871240e-01, -1.84669247e-01, -3.72011254e+00,
         3.19509856e+00,  1.52849162e+00, -8.64498219e-01,
        -4.69764643e+00, -8.31554462e-01],
       [ 4.61814716e-01,  9.69554876e-02, -3.14645733e-01,
        -1.45003114e+00, -1.01199707e+00, -7.61710888e-01,
         2.05447066e-01,  3.59354223e-01,  3.23960486e+00,
        -5.14834385e-01, -2.37269250e-01, -3.69140789e+00,
         3.25660486e+00, -2.41111682e-01,  6.75994763e-02,
        -4.28999932e+00, -1.21590667e+00],
       [ 5.61205567e-01,  4.47672905e-02, -3.60848356e-01,
        -1.46386715e+00, -1.04397192e+00, -8.07507724e-01,
         2.42271773e-01,  3.66465221e-01,  3.23428174e+00,
        -5.29167308e-01, -2.43975522e-01, -3.69488156e+00,
         3.23528174e+00, -4.25240250e-01,  1.74903647e-01,
        -4.22368778e+00, -1.23774265e+00],
       [-1.00000000e-03, -9.00000000e-03,  8.00000000e-03,
        -6.00000000e-03,  2.00000000e-03, -6.00000000e-03,
        -1.00000000e-03,  6.00000000e-03,  7.00000000e-03,
         6.00000000e-03,  6.00000000e-03, -9.00000000e-03,
         1.00000000e-03,  1.00000000e-02, -1.00000000e-02,
        -3.00000000e-03,  4.00000000e-03]]), 'deltas': array([[-0.00095392],
       [-0.00025979],
       [-0.00019602],
       [-0.        ]]), 'outputs': array([[0.64452886],
       [0.06686784],
       [0.04953355],
       [1.        ]]), 'errors': -0.004163569968226474}, {'weights': array([[  3.32837383,   3.61423123,   3.65078545,  -6.0527414 ],
       [  7.95953237,  -3.63143726,  -6.16947423,  -0.22859158],
       [-10.6222306 ,  -9.57156272,  -9.34312548,   1.4994446 ]]), 'deltas': array([[-8.59490123e-04],
       [ 1.59358364e-04],
       [-2.48765564e-06]]), 'outputs': array([[0.02976334],
       [0.98729532],
       [0.00157848]]), 'errors': array([[-0.02976334],
       [ 0.01270468],
       [-0.00157848]])}]
Accuracy: 83.33333333333334 %

Feedforward Neural Network AVG Accuracy (%): 90.0 %
