Namespace(error_threshold=0.001, max_epochs=1000, num_layers=2, num_nodes_per_hidden_layer=3, training_rate=0.5)

train_data group 0 length:  120
   0   1   2   3   4   5   6   7   8   9   10  11  12  13  14  15  16
0   1   0   0   0   0   1   0   0   1   0   0   0   1   0   0   0   0
1   1   0   0   0   0   1   0   0   1   0   0   0   1   0   0   0   0
2   1   0   0   0   0   0   1   0   1   0   0   0   1   0   0   0   0
3   1   0   0   0   0   1   0   0   1   0   0   0   1   0   0   0   0
4   1   0   0   0   0   0   1   0   1   0   0   0   1   0   0   0   0
Initial Neural Network:
[{'weights': array([[ 0.002,  0.002,  0.01 ,  0.009, -0.002, -0.001,  0.008,  0.008,
         0.006, -0.006, -0.009, -0.004,  0.001,  0.009,  0.008,  0.   ,
        -0.004],
       [ 0.001,  0.004, -0.008,  0.003, -0.003,  0.008,  0.005,  0.01 ,
         0.002, -0.008, -0.005, -0.002,  0.008,  0.004,  0.002, -0.008,
        -0.005],
       [ 0.004,  0.009, -0.004,  0.009,  0.009,  0.006,  0.001,  0.   ,
        -0.004, -0.006,  0.006,  0.005, -0.003,  0.002, -0.003, -0.008,
         0.002],
       [ 0.002, -0.002, -0.007,  0.003,  0.01 ,  0.002, -0.01 , -0.002,
         0.007, -0.003,  0.005, -0.004,  0.005,  0.004,  0.003,  0.003,
        -0.006]]), 'deltas': array([[0.],
       [0.],
       [0.],
       [0.]]), 'outputs': array([[0.],
       [0.],
       [0.],
       [0.]]), 'errors': array([[0.],
       [0.],
       [0.],
       [0.]])}, {'weights': array([[ 0.009, -0.005, -0.001,  0.001],
       [ 0.   , -0.001,  0.005,  0.001],
       [-0.009,  0.01 ,  0.005, -0.003]]), 'deltas': array([[0.],
       [0.],
       [0.],
       [0.]]), 'outputs': array([[0.],
       [0.],
       [0.],
       [0.]]), 'errors': array([[0.],
       [0.],
       [0.],
       [0.]])}]
Training complete!
Training done. epoch: 100 , total error: 0.00037010027082518503
[{'weights': array([[ 3.09458798e-01, -8.37483094e-01, -6.12049991e-01,
         8.17982091e-01, -2.11467780e-01,  1.20125873e+00,
        -1.13287650e+00, -1.89006645e-01, -2.58942554e+00,
        -2.13480220e+00,  1.21003820e+00,  3.15609734e+00,
        -2.59442554e+00, -2.29517235e+00,  1.05501923e+00,
         3.50748645e+00, -3.49092197e-01],
       [ 1.08672535e+00, -1.30310928e+00, -1.17640437e+00,
         8.43885578e-01,  5.00266468e-01, -2.75024725e-01,
        -5.67280543e-01, -1.86863929e-01, -2.47848521e+00,
        -1.67950285e+00, -9.19252897e-02,  3.68801062e+00,
        -2.47248521e+00, -1.57439324e+00, -4.38259264e-01,
         3.94223498e+00, -5.53902729e-01],
       [-5.50285244e-01,  2.16833008e-01,  1.10950478e-01,
         7.49618574e-01,  1.25310696e+00,  6.61946924e-01,
        -1.18226385e+00, -2.07673225e-01, -2.66211857e+00,
         8.25456046e-01, -1.22938719e-01,  2.46971806e+00,
        -2.66111857e+00, -1.43594631e+00,  1.68688980e+00,
         2.90729190e+00,  5.11116815e-01],
       [ 2.00000000e-03, -2.00000000e-03, -7.00000000e-03,
         3.00000000e-03,  1.00000000e-02,  2.00000000e-03,
        -1.00000000e-02, -2.00000000e-03,  7.00000000e-03,
        -3.00000000e-03,  5.00000000e-03, -4.00000000e-03,
         5.00000000e-03,  4.00000000e-03,  3.00000000e-03,
         3.00000000e-03, -6.00000000e-03]]), 'deltas': array([[2.90880388e-05],
       [1.37106930e-05],
       [2.28182810e-05],
       [0.00000000e+00]]), 'outputs': array([[0.98974308],
       [0.99519185],
       [0.99197198],
       [1.        ]]), 'errors': 0.002865331172073805}, {'weights': array([[-5.62114462, -5.32472656, -8.50576744,  2.85335231],
       [-4.17288255, -5.25476841,  7.54884992, -2.25866937],
       [ 2.6464159 ,  4.32922713,  2.09855194, -5.21967598]]), 'deltas': array([[-5.18250238e-15],
       [-2.46802030e-04],
       [ 4.78599709e-04]]), 'outputs': array([[7.19896017e-08],
       [1.58358211e-02],
       [9.77876996e-01]]), 'errors': array([[-7.19896017e-08],
       [-1.58358211e-02],
       [ 2.21230041e-02]])}]
neural_net output [0.94241827 0.09189246 0.00558161]
target: 0 prediction: 0
neural_net output [0.94110501 0.09903908 0.00551426]
target: 0 prediction: 0
neural_net output [0.93273512 0.09015218 0.00597064]
target: 0 prediction: 0
neural_net output [0.94241827 0.09189246 0.00558161]
target: 0 prediction: 0
neural_net output [0.94241827 0.09189246 0.00558161]
target: 0 prediction: 0
neural_net output [0.94241827 0.09189246 0.00558161]
target: 0 prediction: 0
neural_net output [0.94110501 0.09903908 0.00551426]
target: 0 prediction: 0
neural_net output [0.94241827 0.09189246 0.00558161]
target: 0 prediction: 0
neural_net output [0.94110501 0.09903908 0.00551426]
target: 0 prediction: 0
neural_net output [0.94378242 0.09613231 0.00543725]
target: 0 prediction: 0
neural_net output [2.30524544e-05 6.87337347e-01 3.67747879e-01]
target: 1 prediction: 1
neural_net output [2.30524544e-05 6.87337347e-01 3.67747879e-01]
target: 1 prediction: 1
neural_net output [4.22253745e-05 8.09789689e-01 3.21497864e-01]
target: 1 prediction: 1
neural_net output [2.30524544e-05 6.87337347e-01 3.67747879e-01]
target: 1 prediction: 1
neural_net output [2.09354260e-05 6.53176211e-01 3.84217306e-01]
target: 1 prediction: 1
neural_net output [2.09354260e-05 6.53176211e-01 3.84217306e-01]
target: 1 prediction: 1
neural_net output [0.0012065  0.66988736 0.11856192]
target: 1 prediction: 1
neural_net output [2.30524544e-05 6.87337347e-01 3.67747879e-01]
target: 1 prediction: 1
neural_net output [2.30524544e-05 6.87337347e-01 3.67747879e-01]
target: 1 prediction: 1
neural_net output [2.30524544e-05 6.87337347e-01 3.67747879e-01]
target: 1 prediction: 1
neural_net output [1.73922390e-07 3.80667422e-02 9.58251475e-01]
target: 2 prediction: 2
neural_net output [7.79461270e-08 1.88962327e-02 9.75470289e-01]
target: 2 prediction: 2
neural_net output [7.19889620e-08 1.58282105e-02 9.77897534e-01]
target: 2 prediction: 2
neural_net output [2.30524544e-05 6.87337347e-01 3.67747879e-01]
target: 2 prediction: 1
neural_net output [1.53529945e-07 2.87984945e-02 9.61207791e-01]
target: 2 prediction: 2
neural_net output [6.24658113e-08 1.56878992e-02 9.79171740e-01]
target: 2 prediction: 2
neural_net output [6.41116724e-08 1.59212921e-02 9.78826899e-01]
target: 2 prediction: 2
neural_net output [6.52667270e-08 1.54298477e-02 9.78881729e-01]
target: 2 prediction: 2
neural_net output [1.66135371e-07 3.17925247e-02 9.58559244e-01]
target: 2 prediction: 2
neural_net output [4.22253745e-05 8.09789689e-01 3.21497864e-01]
target: 2 prediction: 1
Accuracy: 93.33333333333333 %

train_data group 1 length:  120
   0   1   2   3   4   5   6   7   8   9   10  11  12  13  14  15  16
0   1   0   0   0   0   0   1   0   1   0   0   0   1   0   0   0   0
1   0   1   0   0   0   0   0   1   1   0   0   0   1   0   0   0   0
2   1   0   0   0   0   1   0   0   1   0   0   0   1   0   0   0   0
3   1   0   0   0   0   0   1   0   1   0   0   0   1   0   0   0   0
4   1   0   0   0   0   0   1   0   1   0   0   0   1   0   0   0   0
Initial Neural Network:
[{'weights': array([[ 0.005,  0.007,  0.005, -0.009, -0.001,  0.005, -0.008,  0.009,
        -0.003, -0.007,  0.002,  0.003, -0.005, -0.008,  0.004,  0.01 ,
        -0.005],
       [ 0.004,  0.003, -0.008,  0.005, -0.008,  0.005,  0.007,  0.003,
        -0.004,  0.005,  0.002, -0.001,  0.   , -0.004,  0.006, -0.005,
        -0.004],
       [-0.002,  0.001,  0.004, -0.007,  0.002, -0.01 , -0.008, -0.01 ,
        -0.006,  0.006,  0.001,  0.009,  0.006, -0.002, -0.003,  0.004,
         0.01 ],
       [-0.008,  0.007, -0.008, -0.005, -0.009, -0.007,  0.001,  0.004,
        -0.001, -0.007,  0.   ,  0.007, -0.01 ,  0.006,  0.   ,  0.01 ,
        -0.008]]), 'deltas': array([[0.],
       [0.],
       [0.],
       [0.]]), 'outputs': array([[0.],
       [0.],
       [0.],
       [0.]]), 'errors': array([[0.],
       [0.],
       [0.],
       [0.]])}, {'weights': array([[-0.007, -0.008,  0.003,  0.008],
       [-0.01 ,  0.008, -0.008,  0.003],
       [-0.002, -0.006, -0.008,  0.003]]), 'deltas': array([[0.],
       [0.],
       [0.],
       [0.]]), 'outputs': array([[0.],
       [0.],
       [0.],
       [0.]]), 'errors': array([[0.],
       [0.],
       [0.],
       [0.]])}]
Training complete!
Training done. epoch: 383 , total error: 0.000865724563231042
[{'weights': array([[-1.75445886e+00,  3.67591175e-01,  7.48719956e-01,
        -1.08353812e+00, -6.31308119e-01, -8.06871360e-01,
        -6.67210434e-01,  3.80704061e-01,  4.33300365e+00,
        -7.77372012e-01, -6.61654932e-01, -4.62866256e+00,
         4.33100365e+00, -9.60085495e-01, -3.71647490e-01,
        -4.72795652e+00, -1.73468585e+00],
       [-8.45421841e-01,  1.47485032e-01,  6.32408689e-01,
        -1.16179758e+00, -3.44215040e-01, -3.36585010e-01,
        -9.32865812e-01,  3.89340164e-01,  3.74820807e+00,
         2.06010196e+00, -1.58105670e+00, -5.45657903e+00,
         3.75220807e+00,  1.93775343e-02, -2.02359374e-01,
        -4.80355193e+00, -1.23532570e+00],
       [-1.92077500e+00,  5.77125121e-01,  8.85892008e-01,
        -1.00105553e+00, -1.31271910e+00, -1.24058746e+00,
         7.32812121e-01,  3.39681038e-01,  4.33905412e+00,
        -2.19577949e+00,  3.26934362e-01, -3.91502239e+00,
         4.35105412e+00,  1.36811963e+00, -1.43247288e+00,
        -5.73651427e+00, -1.44481340e+00],
       [-8.00000000e-03,  7.00000000e-03, -8.00000000e-03,
        -5.00000000e-03, -9.00000000e-03, -7.00000000e-03,
         1.00000000e-03,  4.00000000e-03, -1.00000000e-03,
        -7.00000000e-03,  0.00000000e+00,  7.00000000e-03,
        -1.00000000e-02,  6.00000000e-03,  0.00000000e+00,
         1.00000000e-02, -8.00000000e-03]]), 'deltas': array([[-0.000122  ],
       [-0.00120771],
       [-0.00024052],
       [-0.        ]]), 'outputs': array([[0.02330389],
       [0.6571103 ],
       [0.04708972],
       [1.        ]]), 'errors': -0.005360045695338689}, {'weights': array([[  3.85581447,   3.50436693,   3.65010509,  -6.25663194],
       [-13.7135216 ,   5.86334385,   5.88435388,  -0.4548124 ],
       [ -9.88060977, -11.64510592, -11.3232881 ,   1.72220089]]), 'deltas': array([[-5.77201694e-04],
       [ 1.09992073e-03],
       [-1.52963213e-06]]), 'outputs': array([[0.02432264],
       [0.9662609 ],
       [0.00123755]]), 'errors': array([[-0.02432264],
       [ 0.0337391 ],
       [-0.00123755]])}]
Accuracy: 83.33333333333334 %

train_data group 2 length:  120
   0   1   2   3   4   5   6   7   8   9   10  11  12  13  14  15  16
0   1   0   0   0   0   0   1   0   1   0   0   0   1   0   0   0   0
1   0   1   0   0   0   0   0   1   1   0   0   0   1   0   0   0   0
2   1   0   0   0   0   1   0   0   1   0   0   0   1   0   0   0   0
3   1   0   0   0   0   0   1   0   1   0   0   0   1   0   0   0   0
4   1   0   0   0   0   0   1   0   1   0   0   0   1   0   0   0   0
Initial Neural Network:
[{'weights': array([[ 0.003,  0.001, -0.003, -0.006, -0.007,  0.003,  0.001,  0.001,
        -0.007, -0.005, -0.004, -0.003,  0.   , -0.008, -0.005,  0.005,
         0.003],
       [-0.006, -0.006, -0.006, -0.009, -0.003,  0.001,  0.002,  0.002,
        -0.006, -0.006, -0.009, -0.009, -0.009, -0.005, -0.008, -0.005,
         0.01 ],
       [ 0.007,  0.007, -0.008,  0.01 , -0.009, -0.004,  0.008,  0.003,
        -0.007, -0.01 , -0.01 ,  0.   , -0.003, -0.006, -0.005,  0.007,
        -0.006],
       [-0.006,  0.004, -0.008, -0.009, -0.007, -0.003,  0.008,  0.   ,
         0.007, -0.008,  0.008, -0.01 , -0.002,  0.009,  0.003,  0.005,
        -0.002]]), 'deltas': array([[0.],
       [0.],
       [0.],
       [0.]]), 'outputs': array([[0.],
       [0.],
       [0.],
       [0.]]), 'errors': array([[0.],
       [0.],
       [0.],
       [0.]])}, {'weights': array([[-0.009,  0.   , -0.002, -0.008],
       [-0.003,  0.   ,  0.01 , -0.001],
       [ 0.001, -0.002,  0.005, -0.009]]), 'deltas': array([[0.],
       [0.],
       [0.],
       [0.]]), 'outputs': array([[0.],
       [0.],
       [0.],
       [0.]]), 'errors': array([[0.],
       [0.],
       [0.],
       [0.]])}]
Training complete!
Training done. epoch: 18 , total error: 0.0009938715763213217
[{'weights': array([[ 0.52220761, -0.30478833, -0.79496397, -0.3471784 , -0.93473155,
        -0.5535843 ,  0.25119906,  0.31539369,  1.70228812, -0.77743106,
        -1.03668403, -0.82689612,  1.70928812, -0.73587955, -1.09109866,
        -0.810033  , -0.91672309],
       [ 0.51404273, -0.31144115, -0.79681996, -0.34945815, -0.93259138,
        -0.55218935,  0.25353885,  0.31656536,  1.7050815 , -0.78015226,
        -1.04055972, -0.83104604,  1.7020815 , -0.73494285, -1.09322255,
        -0.81759262, -0.90667652],
       [ 0.52846903, -0.29841659, -0.79651522, -0.33420188, -0.93555956,
        -0.55534767,  0.25493235,  0.31731022,  1.70273608, -0.78116576,
        -1.03906807, -0.82616691,  1.70673608, -0.73285951, -1.08820366,
        -0.80933757, -0.92266466],
       [-0.006     ,  0.004     , -0.008     , -0.009     , -0.007     ,
        -0.003     ,  0.008     ,  0.        ,  0.007     , -0.008     ,
         0.008     , -0.01      , -0.002     ,  0.009     ,  0.003     ,
         0.005     , -0.002     ]]), 'deltas': array([[0.00026075],
       [0.0002608 ],
       [0.00026028],
       [0.        ]]), 'outputs': array([[0.9633007 ],
       [0.96329392],
       [0.96336958],
       [1.        ]]), 'errors': 0.0073757375483308575}, {'weights': array([[ 2.35847948,  2.36483663,  2.37645192, -3.38134509],
       [-1.33644983, -1.32055293, -1.33307564,  0.04533836],
       [-1.32449365, -1.33569573, -1.31633226,  0.12007198]]), 'deltas': array([[ 0.00090663],
       [-0.00047058],
       [-0.00055772]]), 'outputs': array([[0.96941843],
       [0.02193485],
       [0.02390341]]), 'errors': array([[ 0.03058157],
       [-0.02193485],
       [-0.02390341]])}]
Accuracy: 66.66666666666666 %

train_data group 3 length:  120
   0   1   2   3   4   5   6   7   8   9   10  11  12  13  14  15  16
0   1   0   0   0   0   0   1   0   1   0   0   0   1   0   0   0   0
1   0   1   0   0   0   0   0   1   1   0   0   0   1   0   0   0   0
2   1   0   0   0   0   1   0   0   1   0   0   0   1   0   0   0   0
3   1   0   0   0   0   0   1   0   1   0   0   0   1   0   0   0   0
4   1   0   0   0   0   0   1   0   1   0   0   0   1   0   0   0   0
Initial Neural Network:
[{'weights': array([[-0.001, -0.007,  0.003,  0.001, -0.001, -0.005, -0.001, -0.002,
         0.008, -0.005,  0.007,  0.01 ,  0.004,  0.008, -0.009, -0.002,
        -0.004],
       [ 0.007,  0.   ,  0.009,  0.005,  0.003, -0.001,  0.005,  0.   ,
        -0.007,  0.001,  0.003, -0.004, -0.001,  0.001,  0.007, -0.008,
         0.   ],
       [ 0.005, -0.009,  0.003, -0.005, -0.004, -0.002,  0.008, -0.008,
        -0.001,  0.001, -0.004,  0.007,  0.   ,  0.01 ,  0.   ,  0.003,
         0.   ],
       [ 0.006,  0.007,  0.004,  0.002,  0.009, -0.005,  0.007,  0.001,
         0.005, -0.006,  0.   ,  0.008,  0.005,  0.003,  0.004, -0.008,
         0.   ]]), 'deltas': array([[0.],
       [0.],
       [0.],
       [0.]]), 'outputs': array([[0.],
       [0.],
       [0.],
       [0.]]), 'errors': array([[0.],
       [0.],
       [0.],
       [0.]])}, {'weights': array([[-0.009,  0.01 ,  0.01 , -0.004],
       [ 0.009,  0.003, -0.002,  0.006],
       [-0.005,  0.006,  0.005, -0.005]]), 'deltas': array([[0.],
       [0.],
       [0.],
       [0.]]), 'outputs': array([[0.],
       [0.],
       [0.],
       [0.]]), 'errors': array([[0.],
       [0.],
       [0.],
       [0.]])}]
Training complete!
Training done. epoch: 101 , total error: 0.0005212777631834682
[{'weights': array([[ 8.04709846e-01, -9.21090179e-01, -1.11099366e+00,
         7.48592089e-01,  5.06612791e-01,  1.51957581e-01,
        -7.68576528e-01, -3.73775745e-01, -2.46024016e+00,
        -1.69667332e+00,  2.76839350e-01,  3.42529223e+00,
        -2.46424016e+00, -1.80199158e+00, -2.22957268e-02,
         3.81474557e+00, -4.78781902e-01],
       [ 3.35206604e-01,  1.20111385e+00, -1.68576735e+00,
         6.59206242e-01, -8.61773626e-01,  2.21720056e+00,
        -4.55704081e-01, -4.03963511e-01, -2.98429294e+00,
         1.00182845e+00,  4.70929927e-02,  2.41713083e+00,
        -2.97829294e+00, -8.12778024e-01,  1.28922875e+00,
         2.98960156e+00,  4.88759346e-01],
       [ 7.97198363e-01, -9.23813772e-01, -1.11409461e+00,
         7.43816130e-01,  5.22680105e-01,  1.08085071e-01,
        -7.51271541e-01, -3.76387524e-01, -2.46214012e+00,
        -1.66657008e+00,  2.20419848e-01,  3.42039647e+00,
        -2.46114012e+00, -1.77681224e+00, -6.15017108e-02,
         3.82156018e+00, -4.90893888e-01],
       [ 6.00000000e-03,  7.00000000e-03,  4.00000000e-03,
         2.00000000e-03,  9.00000000e-03, -5.00000000e-03,
         7.00000000e-03,  1.00000000e-03,  5.00000000e-03,
        -6.00000000e-03,  0.00000000e+00,  8.00000000e-03,
         5.00000000e-03,  3.00000000e-03,  4.00000000e-03,
        -8.00000000e-03,  0.00000000e+00]]), 'deltas': array([[1.78551595e-06],
       [5.88747499e-07],
       [1.89362372e-06],
       [0.00000000e+00]]), 'outputs': array([[0.99952976],
       [0.99984499],
       [0.99950128],
       [1.        ]]), 'errors': 0.0037988331262469414}, {'weights': array([[-5.5074744 , -8.14370126, -5.5164531 ,  2.86330555],
       [-4.09192546,  6.65410822, -4.05092679, -2.12776682],
       [ 3.25039973,  2.25690018,  3.26748264, -4.8133437 ]]), 'deltas': array([[-6.98200672e-15],
       [-6.72568767e-04],
       [ 3.45234065e-04]]), 'outputs': array([[8.35584066e-08],
       [2.62815913e-02],
       [9.81242775e-01]]), 'errors': array([[-8.35584066e-08],
       [-2.62815913e-02],
       [ 1.87572249e-02]])}]
Accuracy: 90.0 %

train_data group 4 length:  120
   0   1   2   3   4   5   6   7   8   9   10  11  12  13  14  15  16
0   1   0   0   0   0   0   1   0   1   0   0   0   1   0   0   0   0
1   0   1   0   0   0   0   0   1   1   0   0   0   1   0   0   0   0
2   1   0   0   0   0   1   0   0   1   0   0   0   1   0   0   0   0
3   1   0   0   0   0   0   1   0   1   0   0   0   1   0   0   0   0
4   1   0   0   0   0   0   1   0   1   0   0   0   1   0   0   0   0
Initial Neural Network:
[{'weights': array([[-0.001,  0.009, -0.007,  0.006, -0.01 ,  0.008, -0.001, -0.003,
         0.009, -0.01 , -0.01 , -0.004, -0.006, -0.003, -0.008,  0.002,
         0.   ],
       [-0.002,  0.007, -0.006, -0.01 ,  0.009,  0.009,  0.01 ,  0.006,
        -0.01 ,  0.01 , -0.006, -0.007, -0.005,  0.004, -0.003,  0.01 ,
        -0.004],
       [ 0.003, -0.008, -0.003, -0.005, -0.01 , -0.006, -0.008,  0.008,
        -0.006, -0.005, -0.003, -0.003,  0.006,  0.001,  0.008, -0.007,
        -0.006],
       [-0.009,  0.004,  0.004,  0.002,  0.004, -0.004, -0.001,  0.007,
         0.003, -0.004,  0.005,  0.003,  0.009,  0.006,  0.006, -0.01 ,
         0.01 ]]), 'deltas': array([[0.],
       [0.],
       [0.],
       [0.]]), 'outputs': array([[0.],
       [0.],
       [0.],
       [0.]]), 'errors': array([[0.],
       [0.],
       [0.],
       [0.]])}, {'weights': array([[-0.005,  0.008, -0.006, -0.01 ],
       [-0.009,  0.007, -0.004,  0.   ],
       [ 0.008, -0.003,  0.01 , -0.01 ]]), 'deltas': array([[0.],
       [0.],
       [0.],
       [0.]]), 'outputs': array([[0.],
       [0.],
       [0.],
       [0.]]), 'errors': array([[0.],
       [0.],
       [0.],
       [0.]])}]
Training complete!
Training done. epoch: 169 , total error: 0.0009833995995084004
[{'weights': array([[-6.62271376e-01, -7.77536558e-01, -4.16101560e-02,
         1.18951266e+00,  6.39924988e-01,  1.39666242e-01,
        -7.92691198e-01, -2.91805464e-01, -2.45486992e+00,
        -1.60162088e-01, -1.04970391e+00,  3.35083049e+00,
        -2.46986992e+00, -1.40049492e+00, -6.45726528e-01,
         4.20218593e+00, -2.98905432e-01],
       [-6.81058925e-01, -1.14883922e+00,  9.66771007e-01,
         1.09466259e+00,  1.46613933e+00,  4.60750240e-01,
        -1.36396804e+00, -2.86386079e-01, -2.64635324e+00,
        -1.08101251e-01,  3.40954097e-02,  2.94989453e+00,
        -2.64135324e+00, -2.17901534e+00,  1.44174625e+00,
         3.62715777e+00,  2.38535448e-01],
       [-8.48915979e-01, -5.11741499e-01,  6.46136822e-01,
         1.02284364e+00,  6.31879532e-01,  1.18896007e+00,
        -1.22147170e+00, -2.94044915e-01, -2.77014691e+00,
         1.96744545e-01,  2.90427743e-01,  2.58729761e+00,
        -2.75814691e+00, -1.88194993e+00,  1.83190796e+00,
         3.13751187e+00,  3.15322988e-01],
       [-9.00000000e-03,  4.00000000e-03,  4.00000000e-03,
         2.00000000e-03,  4.00000000e-03, -4.00000000e-03,
        -1.00000000e-03,  7.00000000e-03,  3.00000000e-03,
        -4.00000000e-03,  5.00000000e-03,  3.00000000e-03,
         9.00000000e-03,  6.00000000e-03,  6.00000000e-03,
        -1.00000000e-02,  1.00000000e-02]]), 'deltas': array([[3.04742694e-06],
       [9.18016506e-06],
       [1.85211721e-05],
       [0.00000000e+00]]), 'outputs': array([[0.99952462],
       [0.99856658],
       [0.99710381],
       [1.        ]]), 'errors': 0.006413583347060832}, {'weights': array([[ -6.88360406,  -8.42444249, -10.09143291,   2.58796971],
       [ -5.37485954,  -2.21447156,   5.84212447,  -1.48595259],
       [  5.14949083,   2.38745744,   1.8563178 ,  -5.65269462]]), 'deltas': array([[-1.67838488e-20],
       [-1.36264568e-03],
       [ 5.37944574e-04]]), 'outputs': array([[1.29552495e-10],
       [3.76287819e-02],
       [9.76529295e-01]]), 'errors': array([[-1.29552495e-10],
       [-3.76287819e-02],
       [ 2.34707046e-02]])}]
Accuracy: 86.66666666666667 %

Feedforward Neural Network AVG Accuracy (%): 84.00000000000001 %
