Namespace(error_threshold=0.001, max_epochs=1000, num_layers=2, num_nodes_per_hidden_layer=3, training_rate=1.0)

train_data group 0 length:  120
   0   1   2   3   4   5   6   7   8   9   10  11  12  13  14  15  16
0   1   0   0   0   0   1   0   0   1   0   0   0   1   0   0   0   0
1   1   0   0   0   0   1   0   0   1   0   0   0   1   0   0   0   0
2   1   0   0   0   0   0   1   0   1   0   0   0   1   0   0   0   0
3   1   0   0   0   0   1   0   0   1   0   0   0   1   0   0   0   0
4   1   0   0   0   0   0   1   0   1   0   0   0   1   0   0   0   0
Initial Neural Network:
[{'weights': array([[-0.009,  0.006,  0.01 , -0.007, -0.006, -0.001,  0.009, -0.006,
         0.005,  0.01 , -0.006, -0.008, -0.007, -0.005, -0.007, -0.001,
         0.001],
       [ 0.005,  0.008,  0.001,  0.004,  0.009, -0.004, -0.003,  0.001,
         0.001,  0.008, -0.008,  0.001, -0.009,  0.003,  0.007, -0.006,
         0.004],
       [-0.001,  0.007,  0.01 , -0.002, -0.007, -0.001,  0.01 ,  0.008,
         0.009, -0.008,  0.008, -0.007, -0.01 ,  0.005, -0.005,  0.   ,
        -0.006],
       [-0.005, -0.005,  0.006,  0.009, -0.008, -0.01 ,  0.01 ,  0.005,
         0.009,  0.009, -0.006, -0.002,  0.006, -0.007, -0.001, -0.01 ,
        -0.002]]), 'deltas': array([[0.],
       [0.],
       [0.],
       [0.]]), 'outputs': array([[0.],
       [0.],
       [0.],
       [0.]]), 'errors': array([[0.],
       [0.],
       [0.],
       [0.]])}, {'weights': array([[-0.008,  0.001,  0.003,  0.   ],
       [-0.008,  0.01 ,  0.007,  0.005],
       [-0.008, -0.008,  0.004, -0.004]]), 'deltas': array([[0.],
       [0.],
       [0.],
       [0.]]), 'outputs': array([[0.],
       [0.],
       [0.],
       [0.]]), 'errors': array([[0.],
       [0.],
       [0.],
       [0.]])}]
Training complete!
Training done. epoch: 15 , total error: 0.0009168337544195788
[{'weights': array([[ 5.93600108e-01, -3.93848857e-01, -8.85961028e-01,
        -4.91472884e-01, -9.46803129e-01, -5.89987411e-01,
         1.97614547e-01,  1.57493332e-01,  1.87748522e+00,
        -8.64139909e-01, -1.21017763e+00, -9.79850342e-01,
         1.86548522e+00, -9.22709058e-01, -1.16472353e+00,
        -9.75735292e-01, -1.17668266e+00],
       [ 6.01710045e-01, -3.91968043e-01, -8.91070780e-01,
        -4.83659398e-01, -9.40229034e-01, -5.94896410e-01,
         1.90893465e-01,  1.64243804e-01,  1.87560388e+00,
        -8.72520128e-01, -1.21223122e+00, -9.71840711e-01,
         1.86560388e+00, -9.21066627e-01, -1.15512916e+00,
        -9.77396272e-01, -1.17898818e+00],
       [ 6.02491771e-01, -3.93080611e-01, -8.85931228e-01,
        -4.86807813e-01, -9.46487332e-01, -5.90294893e-01,
         1.98641088e-01,  1.70813256e-01,  1.88068857e+00,
        -8.77288487e-01, -1.20088100e+00, -9.77846965e-01,
         1.86168857e+00, -9.11159846e-01, -1.16314125e+00,
        -9.74715359e-01, -1.18332788e+00],
       [-5.00000000e-03, -5.00000000e-03,  6.00000000e-03,
         9.00000000e-03, -8.00000000e-03, -1.00000000e-02,
         1.00000000e-02,  5.00000000e-03,  9.00000000e-03,
         9.00000000e-03, -6.00000000e-03, -2.00000000e-03,
         6.00000000e-03, -7.00000000e-03, -1.00000000e-03,
        -1.00000000e-02, -2.00000000e-03]]), 'deltas': array([[0.00057939],
       [0.00058369],
       [0.00058201],
       [0.        ]]), 'outputs': array([[0.91428829],
       [0.9135859 ],
       [0.9138597 ],
       [1.        ]]), 'errors': 0.007393468466172765}, {'weights': array([[ 2.57193243,  2.57134484,  2.58145798, -3.63958782],
       [-1.43438055, -1.40383281, -1.42119624, -0.20528825],
       [-1.47064821, -1.47826469, -1.45801016,  0.30264817]]), 'deltas': array([[ 0.00097771],
       [-0.00026292],
       [-0.00054344]]), 'outputs': array([[0.96822261],
       [0.01634908],
       [0.0235918 ]]), 'errors': array([[ 0.03177739],
       [-0.01634908],
       [-0.0235918 ]])}]
neural_net output [0.97865179 0.0131076  0.01878048]
target: 0 prediction: 0
neural_net output [0.96778365 0.0164912  0.02377999]
target: 0 prediction: 0
neural_net output [0.97169474 0.01533904 0.02207508]
target: 0 prediction: 0
neural_net output [0.97865179 0.0131076  0.01878048]
target: 0 prediction: 0
neural_net output [0.97865179 0.0131076  0.01878048]
target: 0 prediction: 0
neural_net output [0.97865179 0.0131076  0.01878048]
target: 0 prediction: 0
neural_net output [0.96778365 0.0164912  0.02377999]
target: 0 prediction: 0
neural_net output [0.97865179 0.0131076  0.01878048]
target: 0 prediction: 0
neural_net output [0.96778365 0.0164912  0.02377999]
target: 0 prediction: 0
neural_net output [0.96838201 0.01631863 0.0235248 ]
target: 0 prediction: 0
neural_net output [0.02772102 0.43768134 0.56360119]
target: 1 prediction: 2
neural_net output [0.02772102 0.43768134 0.56360119]
target: 1 prediction: 2
neural_net output [0.02707531 0.44097291 0.56699817]
target: 1 prediction: 2
neural_net output [0.02772102 0.43768134 0.56360119]
target: 1 prediction: 2
neural_net output [0.02687554 0.44200722 0.56806416]
target: 1 prediction: 2
neural_net output [0.02687554 0.44200722 0.56806416]
target: 1 prediction: 2
neural_net output [0.02847304 0.43394709 0.55973344]
target: 1 prediction: 2
neural_net output [0.02772102 0.43768134 0.56360119]
target: 1 prediction: 2
neural_net output [0.02772102 0.43768134 0.56360119]
target: 1 prediction: 2
neural_net output [0.02772102 0.43768134 0.56360119]
target: 1 prediction: 2
neural_net output [0.02747127 0.43894544 0.56490588]
target: 2 prediction: 2
neural_net output [0.02804373 0.43606691 0.56192919]
target: 2 prediction: 2
neural_net output [0.03004676 0.42645643 0.55192796]
target: 2 prediction: 2
neural_net output [0.02772102 0.43768134 0.56360119]
target: 2 prediction: 2
neural_net output [0.02714215 0.44062763 0.56664371]
target: 2 prediction: 2
neural_net output [0.0285617  0.43351432 0.55928272]
target: 2 prediction: 2
neural_net output [0.02755623 0.43851334 0.56446132]
target: 2 prediction: 2
neural_net output [0.03242767 0.41587693 0.54079786]
target: 2 prediction: 2
neural_net output [0.02816881 0.435445   0.56128711]
target: 2 prediction: 2
neural_net output [0.02707531 0.44097291 0.56699817]
target: 2 prediction: 2
Accuracy: 66.66666666666666 %

train_data group 1 length:  120
   0   1   2   3   4   5   6   7   8   9   10  11  12  13  14  15  16
0   1   0   0   0   0   0   1   0   1   0   0   0   1   0   0   0   0
1   0   1   0   0   0   0   0   1   1   0   0   0   1   0   0   0   0
2   1   0   0   0   0   1   0   0   1   0   0   0   1   0   0   0   0
3   1   0   0   0   0   0   1   0   1   0   0   0   1   0   0   0   0
4   1   0   0   0   0   0   1   0   1   0   0   0   1   0   0   0   0
Initial Neural Network:
[{'weights': array([[ 0.   ,  0.005,  0.   ,  0.008,  0.   , -0.001, -0.009, -0.002,
         0.007, -0.002, -0.004,  0.   ,  0.003,  0.004,  0.001,  0.007,
         0.003],
       [ 0.009,  0.006,  0.009,  0.01 , -0.008,  0.004,  0.005,  0.006,
        -0.005, -0.01 ,  0.006, -0.004, -0.004, -0.002,  0.006, -0.003,
         0.008],
       [-0.003, -0.009,  0.001, -0.002,  0.001,  0.003,  0.006,  0.001,
        -0.003,  0.006, -0.009, -0.01 ,  0.006, -0.001,  0.004,  0.001,
         0.009],
       [ 0.01 , -0.007, -0.001,  0.005, -0.008, -0.008, -0.008,  0.   ,
         0.008, -0.01 ,  0.006,  0.003, -0.003, -0.008, -0.009, -0.003,
         0.005]]), 'deltas': array([[0.],
       [0.],
       [0.],
       [0.]]), 'outputs': array([[0.],
       [0.],
       [0.],
       [0.]]), 'errors': array([[0.],
       [0.],
       [0.],
       [0.]])}, {'weights': array([[ 0.005, -0.008, -0.003, -0.005],
       [-0.003,  0.008,  0.004,  0.01 ],
       [ 0.006,  0.007,  0.007,  0.005]]), 'deltas': array([[0.],
       [0.],
       [0.],
       [0.]]), 'outputs': array([[0.],
       [0.],
       [0.],
       [0.]]), 'errors': array([[0.],
       [0.],
       [0.],
       [0.]])}]
Training complete!
Training done. epoch: 17 , total error: 0.0009044434389874863
[{'weights': array([[ 9.28776083e-02, -4.14490331e-01, -7.48391765e-01,
         6.28061090e-01,  3.20031737e-01, -1.42781885e-01,
        -3.58163993e-01, -2.86029257e-01, -1.99965737e+00,
        -7.33064741e-01, -5.24364996e-01,  2.80314371e+00,
        -2.00365737e+00, -1.28639111e+00, -3.40469638e-01,
         3.19057472e+00, -4.51943397e-01],
       [-8.73833426e-02,  2.96248093e-01, -4.38432163e-01,
         5.10845177e-01,  6.56822012e-01,  5.37255266e-01,
        -6.38130554e-01, -3.01668958e-01, -2.20486349e+00,
        -6.24720303e-02,  6.11539557e-01,  1.89007372e+00,
        -2.20386349e+00, -7.38557227e-01,  1.09806259e+00,
         2.08863589e+00,  2.55277765e-01],
       [ 1.42317942e-01, -4.28128875e-01, -8.01189180e-01,
         6.12354132e-01,  3.56996348e-01, -1.55045941e-01,
        -3.70685959e-01, -2.81910429e-01, -2.01794220e+00,
        -7.39350755e-01, -4.95792666e-01,  2.77543964e+00,
        -2.00894220e+00, -1.31652474e+00, -2.96862424e-01,
         3.17068338e+00, -4.52645981e-01],
       [ 1.00000000e-02, -7.00000000e-03, -1.00000000e-03,
         5.00000000e-03, -8.00000000e-03, -8.00000000e-03,
        -8.00000000e-03,  0.00000000e+00,  8.00000000e-03,
        -1.00000000e-02,  6.00000000e-03,  3.00000000e-03,
        -3.00000000e-03, -8.00000000e-03, -9.00000000e-03,
        -3.00000000e-03,  5.00000000e-03]]), 'deltas': array([[1.40336410e-05],
       [2.94054784e-05],
       [1.51401538e-05],
       [0.00000000e+00]]), 'outputs': array([[0.99759305],
       [0.99494314],
       [0.99740277],
       [1.        ]]), 'errors': 0.005844528214230708}, {'weights': array([[-3.82099308, -5.5917746 , -3.89071179,  2.39306362],
       [-3.22620017,  4.64787579, -2.62940719, -1.999941  ],
       [ 3.00894733,  2.14281512,  2.81236111, -3.9101343 ]]), 'deltas': array([[-3.66973474e-10],
       [-1.44410981e-03],
       [ 3.01178772e-04]]), 'outputs': array([[1.91567352e-05],
       [3.87600386e-02],
       [9.82491547e-01]]), 'errors': array([[-1.91567352e-05],
       [-3.87600386e-02],
       [ 1.75084527e-02]])}]
Accuracy: 93.33333333333333 %

train_data group 2 length:  120
   0   1   2   3   4   5   6   7   8   9   10  11  12  13  14  15  16
0   1   0   0   0   0   0   1   0   1   0   0   0   1   0   0   0   0
1   0   1   0   0   0   0   0   1   1   0   0   0   1   0   0   0   0
2   1   0   0   0   0   1   0   0   1   0   0   0   1   0   0   0   0
3   1   0   0   0   0   0   1   0   1   0   0   0   1   0   0   0   0
4   1   0   0   0   0   0   1   0   1   0   0   0   1   0   0   0   0
Initial Neural Network:
[{'weights': array([[-0.006,  0.004, -0.003,  0.008, -0.003, -0.008,  0.007, -0.009,
         0.007, -0.002,  0.01 , -0.008,  0.006, -0.009,  0.002, -0.006,
        -0.009],
       [ 0.004,  0.008, -0.005,  0.005,  0.005, -0.004,  0.008,  0.009,
        -0.007,  0.005, -0.003, -0.008, -0.001,  0.006, -0.009, -0.001,
         0.   ],
       [ 0.002, -0.005, -0.002, -0.01 , -0.003,  0.001,  0.006, -0.006,
         0.   , -0.005, -0.001,  0.003,  0.   ,  0.003, -0.01 , -0.006,
        -0.007],
       [-0.008, -0.006, -0.004,  0.003, -0.003,  0.001,  0.009, -0.008,
         0.01 ,  0.007,  0.005,  0.001,  0.008, -0.004,  0.005, -0.005,
        -0.007]]), 'deltas': array([[0.],
       [0.],
       [0.],
       [0.]]), 'outputs': array([[0.],
       [0.],
       [0.],
       [0.]]), 'errors': array([[0.],
       [0.],
       [0.],
       [0.]])}, {'weights': array([[ 0.009, -0.008,  0.001, -0.001],
       [ 0.002,  0.007,  0.001,  0.004],
       [ 0.003,  0.006, -0.01 , -0.007]]), 'deltas': array([[0.],
       [0.],
       [0.],
       [0.]]), 'outputs': array([[0.],
       [0.],
       [0.],
       [0.]]), 'errors': array([[0.],
       [0.],
       [0.],
       [0.]])}]
Training complete!
Training done. epoch: 28 , total error: 0.00033414595701245213
[{'weights': array([[ 9.54449108e-01, -1.28819453e+00, -9.50423446e-01,
         5.46960436e-01,  8.73971449e-01, -4.90685768e-01,
        -7.88198397e-01, -3.48295716e-01, -2.18281078e+00,
        -1.43061731e+00, -3.61678163e-01,  3.24189783e+00,
        -2.18381078e+00, -1.50136840e+00, -6.34817852e-01,
         3.57278860e+00, -7.49208432e-01],
       [-5.79269571e-01,  2.52962384e-01,  5.67203599e-03,
         3.69793940e-01,  1.30602745e+00,  3.36397478e-01,
        -1.21089779e+00, -3.76368341e-01, -2.37743019e+00,
        -7.74318734e-01,  1.22033187e+00,  1.95557584e+00,
        -2.37143019e+00, -6.59489006e-01,  9.66975629e-01,
         2.09610236e+00,  3.71587893e-02],
       [ 6.24088159e-01, -1.11776338e+00, -7.20045551e-01,
         5.63416326e-01,  6.87355853e-01, -2.79186235e-01,
        -7.06603302e-01, -3.38870764e-01, -2.15241761e+00,
        -1.25128619e+00, -5.45766725e-01,  3.31116608e+00,
        -2.15241761e+00, -1.31051355e+00, -8.05456128e-01,
         3.62008284e+00, -6.42304449e-01],
       [-8.00000000e-03, -6.00000000e-03, -4.00000000e-03,
         3.00000000e-03, -3.00000000e-03,  1.00000000e-03,
         9.00000000e-03, -8.00000000e-03,  1.00000000e-02,
         7.00000000e-03,  5.00000000e-03,  1.00000000e-03,
         8.00000000e-03, -4.00000000e-03,  5.00000000e-03,
        -5.00000000e-03, -7.00000000e-03]]), 'deltas': array([[2.53366327e-05],
       [3.06182459e-05],
       [1.31485468e-05],
       [0.00000000e+00]]), 'outputs': array([[0.99028423],
       [0.98823456],
       [0.99498177],
       [1.        ]]), 'errors': 0.0026333706600016695}, {'weights': array([[-4.30827695, -6.90874598, -4.0617517 ,  2.438373  ],
       [-2.04758825,  4.56479432, -4.38294196, -2.11212981],
       [ 2.51541962,  2.66509591,  3.17008861, -4.29891393]]), 'deltas': array([[-9.36762529e-12],
       [-3.24936089e-04],
       [ 3.31139250e-04]]), 'outputs': array([[3.06066234e-06],
       [1.81922217e-02],
       [9.81633319e-01]]), 'errors': array([[-3.06066234e-06],
       [-1.81922217e-02],
       [ 1.83666811e-02]])}]
Accuracy: 90.0 %

train_data group 3 length:  120
   0   1   2   3   4   5   6   7   8   9   10  11  12  13  14  15  16
0   1   0   0   0   0   0   1   0   1   0   0   0   1   0   0   0   0
1   0   1   0   0   0   0   0   1   1   0   0   0   1   0   0   0   0
2   1   0   0   0   0   1   0   0   1   0   0   0   1   0   0   0   0
3   1   0   0   0   0   0   1   0   1   0   0   0   1   0   0   0   0
4   1   0   0   0   0   0   1   0   1   0   0   0   1   0   0   0   0
Initial Neural Network:
[{'weights': array([[ 0.003, -0.001, -0.004, -0.002,  0.008,  0.005,  0.   ,  0.003,
         0.   ,  0.005,  0.   ,  0.009,  0.008,  0.004,  0.006, -0.001,
         0.004],
       [ 0.01 , -0.007,  0.004,  0.007,  0.002,  0.006, -0.01 ,  0.005,
        -0.003,  0.008, -0.008, -0.01 , -0.006,  0.009,  0.005, -0.001,
         0.001],
       [-0.008,  0.007, -0.009,  0.002, -0.005,  0.   , -0.003, -0.004,
         0.007,  0.007, -0.007,  0.009,  0.008, -0.001, -0.002, -0.003,
         0.007],
       [-0.009,  0.004,  0.   ,  0.007, -0.01 ,  0.01 , -0.01 ,  0.006,
        -0.002,  0.002, -0.005, -0.003,  0.007, -0.008,  0.   ,  0.004,
        -0.006]]), 'deltas': array([[0.],
       [0.],
       [0.],
       [0.]]), 'outputs': array([[0.],
       [0.],
       [0.],
       [0.]]), 'errors': array([[0.],
       [0.],
       [0.],
       [0.]])}, {'weights': array([[-0.008, -0.003,  0.007,  0.001],
       [-0.008,  0.008,  0.003, -0.007],
       [-0.009, -0.003,  0.005, -0.004]]), 'deltas': array([[0.],
       [0.],
       [0.],
       [0.]]), 'outputs': array([[0.],
       [0.],
       [0.],
       [0.]]), 'errors': array([[0.],
       [0.],
       [0.],
       [0.]])}]
Training complete!
Training done. epoch: 53 , total error: 0.0009572536912150096
[{'weights': array([[-2.10304905e-01,  3.63148633e-01, -5.93780565e-01,
         6.18625957e-01,  7.25314638e-01,  1.38875553e+00,
        -1.44803775e+00, -4.68343303e-01, -2.81712604e+00,
         8.08977824e-01, -8.21601833e-02,  2.28599751e+00,
        -2.80912604e+00, -1.70249624e+00,  1.66405834e+00,
         3.04625305e+00,  1.85689120e-01],
       [ 1.10631483e+00, -3.09367821e-01, -1.90839424e+00,
         7.37477551e-01,  1.05203613e+00,  1.40680734e-02,
        -1.01453293e+00, -4.36540949e-01, -2.60405276e+00,
        -2.26885655e+00,  7.41674147e-01,  3.73026549e+00,
        -2.60705276e+00, -2.42031160e+00,  4.02697468e-01,
         4.24369722e+00, -3.86969677e-01],
       [ 1.16489733e+00, -1.46633888e+00, -1.06283665e+00,
         7.81679806e-01,  3.64424581e-01,  1.39150570e-01,
        -6.48764353e-01, -4.41409189e-01, -2.55225838e+00,
        -1.86830962e+00,  1.12810855e-01,  3.74915876e+00,
        -2.55125838e+00, -1.75757264e+00, -3.70809057e-01,
         4.10704168e+00, -5.67598390e-01],
       [-9.00000000e-03,  4.00000000e-03,  0.00000000e+00,
         7.00000000e-03, -1.00000000e-02,  1.00000000e-02,
        -1.00000000e-02,  6.00000000e-03, -2.00000000e-03,
         2.00000000e-03, -5.00000000e-03, -3.00000000e-03,
         7.00000000e-03, -8.00000000e-03,  0.00000000e+00,
         4.00000000e-03, -6.00000000e-03]]), 'deltas': array([[1.38540277e-05],
       [7.05683546e-05],
       [1.48072839e-04],
       [0.00000000e+00]]), 'outputs': array([[0.99785626],
       [0.98898244],
       [0.97658858],
       [1.        ]]), 'errors': 0.006476433676063635}, {'weights': array([[-9.08686105, -5.54340535, -4.87899102,  2.72764713],
       [ 7.33030138, -2.46114   , -6.84831594, -2.02154966],
       [ 2.38811282,  1.80271868,  4.06804555, -4.90763932]]), 'deltas': array([[-3.91616661e-15],
       [-4.44275008e-04],
       [ 1.40474192e-03]]), 'outputs': array([[6.25792846e-08],
       [2.13060276e-02],
       [9.61782719e-01]]), 'errors': array([[-6.25792846e-08],
       [-2.13060276e-02],
       [ 3.82172811e-02]])}]
Accuracy: 90.0 %

train_data group 4 length:  120
   0   1   2   3   4   5   6   7   8   9   10  11  12  13  14  15  16
0   1   0   0   0   0   0   1   0   1   0   0   0   1   0   0   0   0
1   0   1   0   0   0   0   0   1   1   0   0   0   1   0   0   0   0
2   1   0   0   0   0   1   0   0   1   0   0   0   1   0   0   0   0
3   1   0   0   0   0   0   1   0   1   0   0   0   1   0   0   0   0
4   1   0   0   0   0   0   1   0   1   0   0   0   1   0   0   0   0
Initial Neural Network:
[{'weights': array([[ 0.008,  0.009, -0.006,  0.01 , -0.004,  0.005, -0.01 ,  0.009,
        -0.007,  0.009, -0.003,  0.002, -0.01 ,  0.006, -0.005, -0.003,
         0.003],
       [ 0.01 , -0.007, -0.007,  0.008, -0.008,  0.007,  0.001,  0.006,
         0.   , -0.007,  0.001,  0.007,  0.001,  0.007, -0.01 ,  0.005,
         0.01 ],
       [ 0.006, -0.008, -0.006,  0.005,  0.005,  0.006,  0.003, -0.004,
         0.01 , -0.007,  0.004,  0.004,  0.01 ,  0.001,  0.004,  0.001,
        -0.002],
       [-0.005, -0.007, -0.002, -0.008,  0.001,  0.006, -0.01 , -0.003,
        -0.006, -0.006,  0.004,  0.002, -0.005, -0.006, -0.001, -0.005,
        -0.004]]), 'deltas': array([[0.],
       [0.],
       [0.],
       [0.]]), 'outputs': array([[0.],
       [0.],
       [0.],
       [0.]]), 'errors': array([[0.],
       [0.],
       [0.],
       [0.]])}, {'weights': array([[ 0.003, -0.008,  0.008,  0.004],
       [-0.006,  0.   ,  0.003,  0.008],
       [-0.001, -0.007,  0.008,  0.01 ]]), 'deltas': array([[0.],
       [0.],
       [0.],
       [0.]]), 'outputs': array([[0.],
       [0.],
       [0.],
       [0.]]), 'errors': array([[0.],
       [0.],
       [0.],
       [0.]])}]
Training complete!
Training done. epoch: 58 , total error: 0.0007699666056605861
[{'weights': array([[ 3.03073367e-01, -8.08224632e-01, -1.86365366e-01,
        -1.28017767e-01, -1.50284510e-01, -5.42548551e-01,
        -5.88719259e-01,  4.41017922e-01,  2.87117763e+00,
        -1.99640811e+00, -2.39493500e+00,  6.80631092e-01,
         2.86817763e+00, -2.55745800e+00,  2.73128702e-01,
        -1.43638273e+00, -8.37534398e-01],
       [ 3.92163314e-01, -8.61597689e-01, -3.79008406e-03,
        -2.73705365e-01, -6.11635745e-01, -2.98225707e-01,
        -2.64665776e-01,  4.29597404e-01,  2.78437422e+00,
        -1.87575225e+00,  1.01094336e-01, -1.75964613e+00,
         2.78537422e+00, -3.07801516e+00, -2.65556000e+00,
         2.20027111e+00, -7.40929824e-01],
       [ 2.92119348e-01, -7.64855266e-01, -2.08546567e-01,
        -1.61910174e-01, -9.48192252e-02, -5.77450446e-01,
        -5.87407773e-01,  4.29484785e-01,  2.87398490e+00,
        -2.00979117e+00, -2.43585564e+00,  7.42469254e-01,
         2.87398490e+00, -2.55661242e+00,  3.37096869e-01,
        -1.47866200e+00, -8.42192659e-01],
       [-5.00000000e-03, -7.00000000e-03, -2.00000000e-03,
        -8.00000000e-03,  1.00000000e-03,  6.00000000e-03,
        -1.00000000e-02, -3.00000000e-03, -6.00000000e-03,
        -6.00000000e-03,  4.00000000e-03,  2.00000000e-03,
        -5.00000000e-03, -6.00000000e-03, -1.00000000e-03,
        -5.00000000e-03, -4.00000000e-03]]), 'deltas': array([[-1.39406558e-05],
       [-5.34594159e-04],
       [-1.20742540e-05],
       [-0.00000000e+00]]), 'outputs': array([[0.0045066 ],
       [0.77921417],
       [0.00390087],
       [1.        ]]), 'errors': -0.003107392906748791}, {'weights': array([[ 3.2813671 ,  3.08977104,  3.32575911, -5.71539442],
       [-6.15525399, -8.20421352, -6.15887577,  1.95103026],
       [-4.61725832,  7.53501088, -4.64632693, -1.22429357]]), 'deltas': array([[-1.27218227e-03],
       [-1.20951591e-04],
       [ 9.65182631e-05]]), 'outputs': array([[0.03633385],
       [0.01105912],
       [0.99012677]]), 'errors': array([[-0.03633385],
       [-0.01105912],
       [ 0.00987323]])}]
Accuracy: 80.0 %

Feedforward Neural Network AVG Accuracy (%): 84.0 %
