Namespace(error_threshold=0.001, max_epochs=1000, num_layers=2, num_nodes_per_hidden_layer=3, training_rate=0.3)

train_data group 0 length:  120
   0   1   2   3   4   5   6   7   8   9   10  11  12  13  14  15  16
0   1   0   0   0   0   1   0   0   1   0   0   0   1   0   0   0   0
1   1   0   0   0   0   1   0   0   1   0   0   0   1   0   0   0   0
2   1   0   0   0   0   0   1   0   1   0   0   0   1   0   0   0   0
3   1   0   0   0   0   1   0   0   1   0   0   0   1   0   0   0   0
4   1   0   0   0   0   0   1   0   1   0   0   0   1   0   0   0   0
Initial Neural Network:
[{'weights': array([[-0.001,  0.   ,  0.009, -0.007, -0.003,  0.01 , -0.002,  0.01 ,
         0.002, -0.009, -0.003, -0.008,  0.002,  0.002,  0.01 ,  0.004,
         0.007],
       [ 0.004, -0.004, -0.001,  0.004,  0.   ,  0.007, -0.008,  0.002,
         0.01 ,  0.002,  0.   , -0.007,  0.008,  0.006, -0.007,  0.   ,
        -0.004],
       [ 0.008,  0.001,  0.001,  0.003, -0.01 ,  0.009,  0.007,  0.009,
        -0.003,  0.007, -0.01 , -0.003, -0.003,  0.009,  0.009, -0.006,
         0.006],
       [-0.001, -0.004,  0.007, -0.003,  0.004, -0.003,  0.008, -0.009,
         0.   , -0.01 ,  0.009,  0.002,  0.001,  0.007, -0.004, -0.005,
        -0.009]]), 'deltas': array([[0.],
       [0.],
       [0.],
       [0.]]), 'outputs': array([[0.],
       [0.],
       [0.],
       [0.]]), 'errors': array([[0.],
       [0.],
       [0.],
       [0.]])}, {'weights': array([[ 0.004, -0.001, -0.005,  0.   ],
       [ 0.   ,  0.003,  0.009,  0.005],
       [ 0.005,  0.004,  0.007,  0.009]]), 'deltas': array([[0.],
       [0.],
       [0.],
       [0.]]), 'outputs': array([[0.],
       [0.],
       [0.],
       [0.]]), 'errors': array([[0.],
       [0.],
       [0.],
       [0.]])}]
Training complete!
Training done. epoch: 359 , total error: 0.00066472601516173
[{'weights': array([[ 7.12921716e-01, -1.24856247e+00, -1.19405142e+00,
         8.76261287e-01, -1.10312373e+00,  1.42909433e+00,
        -9.59583685e-01, -2.05817799e-01, -2.95287829e+00,
        -2.86674598e+00,  1.54847814e+00,  3.39871524e+00,
        -2.95287829e+00, -2.65759826e+00,  1.21512002e+00,
         3.55892564e+00, -8.47430890e-01],
       [ 1.43932477e+00, -1.48751565e+00, -9.45211880e-01,
         1.03813666e+00,  1.55699297e+00, -7.26492311e-01,
        -5.62803371e-01, -2.24963389e-01, -3.09341194e+00,
        -2.27079949e+00,  5.87106521e-02,  5.35223467e+00,
        -3.09541194e+00,  7.97455432e-02, -1.45681955e+00,
         4.52121985e+00,  3.77338941e-02],
       [-1.43863949e+00,  1.12512605e+00, -8.65114200e-01,
         9.92630238e-01, -2.64916302e-01,  7.25412594e-01,
        -4.28331130e-01, -2.16162565e-01, -2.60508092e+00,
        -1.97299292e-01, -1.84836959e+00,  4.44275240e+00,
        -2.60508092e+00, -1.00895669e+00, -1.14302069e+00,
         4.56706090e+00, -1.92997403e-01],
       [-1.00000000e-03, -4.00000000e-03,  7.00000000e-03,
        -3.00000000e-03,  4.00000000e-03, -3.00000000e-03,
         8.00000000e-03, -9.00000000e-03,  0.00000000e+00,
        -1.00000000e-02,  9.00000000e-03,  2.00000000e-03,
         1.00000000e-03,  7.00000000e-03, -4.00000000e-03,
        -5.00000000e-03, -9.00000000e-03]]), 'deltas': array([[0.00044236],
       [0.00018696],
       [0.00079966],
       [0.        ]]), 'outputs': array([[0.89145346],
       [0.95727754],
       [0.77400214],
       [1.        ]]), 'errors': 0.004571486116731945}, {'weights': array([[ -8.63810792,  -8.37327068, -10.15674388,   2.84100056],
       [  2.40098047,  -9.46482816,   6.11758682,  -1.46380315],
       [  4.39072621,   3.8003566 ,   1.45046972,  -5.05799685]]), 'deltas': array([[-9.74159158e-19],
       [-6.27586411e-04],
       [ 6.67576728e-04]]), 'outputs': array([[9.86995015e-10],
       [2.53757069e-02],
       [9.73817458e-01]]), 'errors': array([[-9.86995015e-10],
       [-2.53757069e-02],
       [ 2.61825425e-02]])}]
neural_net output [0.94177278 0.1815955  0.00647296]
target: 0 prediction: 0
neural_net output [0.9383815  0.19794529 0.00643651]
target: 0 prediction: 0
neural_net output [0.93687182 0.18729707 0.00672524]
target: 0 prediction: 0
neural_net output [0.94177278 0.1815955  0.00647296]
target: 0 prediction: 0
neural_net output [0.94177278 0.1815955  0.00647296]
target: 0 prediction: 0
neural_net output [0.94177278 0.1815955  0.00647296]
target: 0 prediction: 0
neural_net output [0.9383815  0.19794529 0.00643651]
target: 0 prediction: 0
neural_net output [0.94177278 0.1815955  0.00647296]
target: 0 prediction: 0
neural_net output [0.9383815  0.19794529 0.00643651]
target: 0 prediction: 0
neural_net output [0.93972255 0.1960295  0.00641041]
target: 0 prediction: 0
neural_net output [7.47382298e-04 8.44491832e-01 3.22652354e-01]
target: 1 prediction: 1
neural_net output [7.47382298e-04 8.44491832e-01 3.22652354e-01]
target: 1 prediction: 1
neural_net output [0.03684037 0.11743737 0.08438213]
target: 1 prediction: 1
neural_net output [7.47382298e-04 8.44491832e-01 3.22652354e-01]
target: 1 prediction: 1
neural_net output [0.00355799 0.61401087 0.2891229 ]
target: 1 prediction: 1
neural_net output [0.00355799 0.61401087 0.2891229 ]
target: 1 prediction: 1
neural_net output [0.17775052 0.30046013 0.05207625]
target: 1 prediction: 1
neural_net output [7.47382298e-04 8.44491832e-01 3.22652354e-01]
target: 1 prediction: 1
neural_net output [7.47382298e-04 8.44491832e-01 3.22652354e-01]
target: 1 prediction: 1
neural_net output [7.47382298e-04 8.44491832e-01 3.22652354e-01]
target: 1 prediction: 1
neural_net output [2.06746506e-10 5.60781266e-02 9.74170814e-01]
target: 2 prediction: 2
neural_net output [3.38872681e-11 8.86267613e-02 9.89101536e-01]
target: 2 prediction: 2
neural_net output [3.22459791e-11 7.89782121e-02 9.89007721e-01]
target: 2 prediction: 2
neural_net output [7.47382298e-04 8.44491832e-01 3.22652354e-01]
target: 2 prediction: 1
neural_net output [1.07019365e-10 7.73146481e-02 9.85558968e-01]
target: 2 prediction: 2
neural_net output [2.72863206e-11 8.23819946e-02 9.89873357e-01]
target: 2 prediction: 2
neural_net output [2.77427350e-11 8.22007118e-02 9.89794928e-01]
target: 2 prediction: 2
neural_net output [2.78214454e-11 8.19556573e-02 9.89776062e-01]
target: 2 prediction: 2
neural_net output [6.83583378e-11 1.50661711e-01 9.85216571e-01]
target: 2 prediction: 2
neural_net output [0.03684037 0.11743737 0.08438213]
target: 2 prediction: 1
Accuracy: 93.33333333333333 %

train_data group 1 length:  120
   0   1   2   3   4   5   6   7   8   9   10  11  12  13  14  15  16
0   1   0   0   0   0   0   1   0   1   0   0   0   1   0   0   0   0
1   0   1   0   0   0   0   0   1   1   0   0   0   1   0   0   0   0
2   1   0   0   0   0   1   0   0   1   0   0   0   1   0   0   0   0
3   1   0   0   0   0   0   1   0   1   0   0   0   1   0   0   0   0
4   1   0   0   0   0   0   1   0   1   0   0   0   1   0   0   0   0
Initial Neural Network:
[{'weights': array([[-0.006, -0.002, -0.01 ,  0.001,  0.007, -0.01 ,  0.008, -0.005,
         0.001,  0.004, -0.002, -0.006,  0.006,  0.007, -0.003, -0.007,
         0.006],
       [ 0.01 ,  0.001,  0.003,  0.   ,  0.006, -0.007,  0.007,  0.002,
        -0.009,  0.01 ,  0.009, -0.007, -0.004, -0.007, -0.001,  0.006,
         0.007],
       [-0.008, -0.003,  0.002,  0.   , -0.002, -0.001,  0.003,  0.007,
        -0.001,  0.007,  0.002,  0.009,  0.004,  0.009,  0.008, -0.002,
        -0.003],
       [-0.01 , -0.008,  0.009,  0.004, -0.01 ,  0.001, -0.003, -0.007,
         0.005,  0.002, -0.005, -0.004, -0.01 , -0.006,  0.008, -0.01 ,
        -0.006]]), 'deltas': array([[0.],
       [0.],
       [0.],
       [0.]]), 'outputs': array([[0.],
       [0.],
       [0.],
       [0.]]), 'errors': array([[0.],
       [0.],
       [0.],
       [0.]])}, {'weights': array([[ 0.001,  0.01 ,  0.008,  0.003],
       [ 0.009,  0.004, -0.009, -0.01 ],
       [-0.003, -0.009, -0.009,  0.006]]), 'deltas': array([[0.],
       [0.],
       [0.],
       [0.]]), 'outputs': array([[0.],
       [0.],
       [0.],
       [0.]]), 'errors': array([[0.],
       [0.],
       [0.],
       [0.]])}]
Training complete!
Training done. epoch: 180 , total error: 0.0007271508086456762
[{'weights': array([[-1.25572531e+00,  2.34353922e-01,  6.35342576e-01,
        -4.02711493e-01, -4.36263894e-01, -2.38715348e-01,
         2.50532767e-01, -3.47293829e-01, -2.08673383e+00,
         2.60910969e+00,  1.19070343e+00, -2.48781960e+00,
        -2.08173383e+00,  2.59213285e+00,  1.33896560e+00,
        -2.61810493e+00, -7.65740305e-01],
       [-8.04206434e-01, -8.39737756e-01,  7.10979134e-01,
         5.09921558e-01, -5.79100284e-01, -2.90928180e-01,
         7.80830010e-01, -3.39845045e-01, -2.16460876e+00,
         2.91829602e+00, -3.65484059e-01, -8.22246704e-01,
        -2.15960876e+00,  3.20377324e+00, -5.07434856e-01,
        -9.79773126e-01, -4.30043498e-01],
       [-1.63761201e+00,  2.21574660e-01,  1.14613402e+00,
         9.45667480e-01,  1.55009664e-01,  2.64376659e-01,
         6.31674260e-01, -3.59296435e-01, -2.31524428e+00,
         2.22517172e+00,  2.61624217e-01,  5.30212487e-01,
        -2.31024428e+00,  2.26763121e+00,  3.55847534e-01,
         3.90529686e-01,  6.81764147e-01],
       [-1.00000000e-02, -8.00000000e-03,  9.00000000e-03,
         4.00000000e-03, -1.00000000e-02,  1.00000000e-03,
        -3.00000000e-03, -7.00000000e-03,  5.00000000e-03,
         2.00000000e-03, -5.00000000e-03, -4.00000000e-03,
        -1.00000000e-02, -6.00000000e-03,  8.00000000e-03,
        -1.00000000e-02, -6.00000000e-03]]), 'deltas': array([[-3.72777696e-06],
       [-3.12500075e-04],
       [-5.93263996e-05],
       [-0.00000000e+00]]), 'outputs': array([[0.00241452],
       [0.28073009],
       [0.96007225],
       [1.        ]]), 'errors': -0.0015476375882285383}, {'weights': array([[-4.04189044, -4.83981876, -6.42142679,  3.37445893],
       [ 6.10540977,  2.54409569,  1.99769377, -6.29958332],
       [-5.25711143, -2.26558143,  7.58688104, -2.93196168]]), 'deltas': array([[-0.00023305],
       [-0.00062269],
       [ 0.00056485]]), 'outputs': array([[0.01538471],
       [0.02527515],
       [0.97594217]]), 'errors': array([[-0.01538471],
       [-0.02527515],
       [ 0.02405783]])}]
Accuracy: 93.33333333333333 %

train_data group 2 length:  120
   0   1   2   3   4   5   6   7   8   9   10  11  12  13  14  15  16
0   1   0   0   0   0   0   1   0   1   0   0   0   1   0   0   0   0
1   0   1   0   0   0   0   0   1   1   0   0   0   1   0   0   0   0
2   1   0   0   0   0   1   0   0   1   0   0   0   1   0   0   0   0
3   1   0   0   0   0   0   1   0   1   0   0   0   1   0   0   0   0
4   1   0   0   0   0   0   1   0   1   0   0   0   1   0   0   0   0
Initial Neural Network:
[{'weights': array([[-0.002, -0.006,  0.004, -0.004, -0.005, -0.006,  0.008, -0.01 ,
         0.008, -0.003,  0.006, -0.008,  0.009, -0.002,  0.   ,  0.009,
         0.01 ],
       [-0.006,  0.006, -0.001,  0.006,  0.005, -0.006, -0.001, -0.006,
         0.001,  0.009, -0.007,  0.001,  0.008,  0.01 , -0.006, -0.009,
        -0.005],
       [-0.004,  0.003,  0.003, -0.006, -0.002,  0.01 ,  0.01 ,  0.   ,
        -0.008, -0.002, -0.002, -0.006, -0.005, -0.001, -0.01 , -0.006,
        -0.006],
       [-0.008,  0.005,  0.004,  0.004, -0.005,  0.01 ,  0.001, -0.002,
         0.008,  0.006,  0.003,  0.003, -0.01 , -0.008,  0.007, -0.004,
         0.008]]), 'deltas': array([[0.],
       [0.],
       [0.],
       [0.]]), 'outputs': array([[0.],
       [0.],
       [0.],
       [0.]]), 'errors': array([[0.],
       [0.],
       [0.],
       [0.]])}, {'weights': array([[ 0.   ,  0.007,  0.01 ,  0.008],
       [-0.006,  0.005, -0.01 , -0.01 ],
       [ 0.006, -0.002, -0.004, -0.007]]), 'deltas': array([[0.],
       [0.],
       [0.],
       [0.]]), 'outputs': array([[0.],
       [0.],
       [0.],
       [0.]]), 'errors': array([[0.],
       [0.],
       [0.],
       [0.]])}]
Training complete!
Training done. epoch: 238 , total error: 0.000803402222115724
[{'weights': array([[-9.10498803e-01,  2.10140529e-01,  7.16225806e-02,
         7.17980179e-01,  2.29093413e+00,  7.55200800e-01,
        -2.54853360e+00, -4.13356845e-01, -2.51358252e+00,
        -1.55339487e+00,  1.29356856e+00,  2.87365331e+00,
        -2.51258252e+00, -3.40200555e-01,  2.96169929e-02,
         2.93641057e+00,  1.07244485e-01],
       [ 1.12891839e+00, -1.30197809e+00, -1.20249391e+00,
         7.99062911e-01,  9.49281663e-01, -3.12380685e-02,
        -1.12961579e+00, -3.77918508e-01, -2.51288781e+00,
        -1.77854074e+00, -1.70328850e-01,  3.88426670e+00,
        -2.50588781e+00, -1.55934563e+00, -4.82952823e-01,
         3.96969556e+00, -5.86490700e-01],
       [ 4.25559545e-01, -6.47841587e-01, -6.94854360e-01,
         7.57675050e-01,  9.69155116e-01,  1.06005748e+00,
        -1.79505144e+00, -3.71622507e-01, -2.62539179e+00,
        -2.21841745e+00,  1.24805547e+00,  3.42229242e+00,
        -2.62239179e+00, -1.94049770e+00,  8.78354717e-01,
         3.50707343e+00, -1.61461352e-01],
       [-8.00000000e-03,  5.00000000e-03,  4.00000000e-03,
         4.00000000e-03, -5.00000000e-03,  1.00000000e-02,
         1.00000000e-03, -2.00000000e-03,  8.00000000e-03,
         6.00000000e-03,  3.00000000e-03,  3.00000000e-03,
        -1.00000000e-02, -8.00000000e-03,  7.00000000e-03,
        -4.00000000e-03,  8.00000000e-03]]), 'deltas': array([[1.66505326e-04],
       [3.91993516e-05],
       [7.46528332e-05],
       [0.00000000e+00]]), 'outputs': array([[0.96893596],
       [0.99286302],
       [0.98631785],
       [1.        ]]), 'errors': 0.005531909933080534}, {'weights': array([[-8.91101864, -6.00431543, -6.42245167,  2.81311583],
       [ 7.34559438, -5.35843783, -3.60528149, -1.92887554],
       [ 1.96643406,  4.39816251,  2.64971189, -5.4676547 ]]), 'deltas': array([[-1.83509706e-16],
       [-5.82556309e-04],
       [ 9.77573942e-04]]), 'outputs': array([[1.35465755e-08],
       [2.44366243e-02],
       [9.68224918e-01]]), 'errors': array([[-1.35465755e-08],
       [-2.44366243e-02],
       [ 3.17750820e-02]])}]
Accuracy: 96.66666666666667 %

train_data group 3 length:  120
   0   1   2   3   4   5   6   7   8   9   10  11  12  13  14  15  16
0   1   0   0   0   0   0   1   0   1   0   0   0   1   0   0   0   0
1   0   1   0   0   0   0   0   1   1   0   0   0   1   0   0   0   0
2   1   0   0   0   0   1   0   0   1   0   0   0   1   0   0   0   0
3   1   0   0   0   0   0   1   0   1   0   0   0   1   0   0   0   0
4   1   0   0   0   0   0   1   0   1   0   0   0   1   0   0   0   0
Initial Neural Network:
[{'weights': array([[ 0.006,  0.009, -0.004,  0.008, -0.003, -0.005,  0.007, -0.004,
        -0.005, -0.004,  0.   ,  0.01 , -0.01 ,  0.003,  0.005, -0.004,
         0.   ],
       [-0.005, -0.007, -0.002,  0.01 ,  0.003, -0.006,  0.008,  0.008,
        -0.008,  0.008, -0.01 , -0.003, -0.004,  0.004,  0.005, -0.003,
         0.007],
       [-0.009, -0.007, -0.004,  0.001, -0.009,  0.001,  0.001, -0.006,
        -0.01 , -0.002, -0.003,  0.004,  0.005,  0.006, -0.009, -0.003,
        -0.005],
       [ 0.006,  0.005,  0.009, -0.008, -0.002,  0.   ,  0.   , -0.01 ,
        -0.003, -0.003,  0.002, -0.007,  0.01 , -0.004, -0.002,  0.003,
        -0.008]]), 'deltas': array([[0.],
       [0.],
       [0.],
       [0.]]), 'outputs': array([[0.],
       [0.],
       [0.],
       [0.]]), 'errors': array([[0.],
       [0.],
       [0.],
       [0.]])}, {'weights': array([[ 0.005,  0.002, -0.003,  0.009],
       [ 0.006, -0.01 , -0.007,  0.004],
       [-0.004, -0.004,  0.001,  0.   ]]), 'deltas': array([[0.],
       [0.],
       [0.],
       [0.]]), 'outputs': array([[0.],
       [0.],
       [0.],
       [0.]]), 'errors': array([[0.],
       [0.],
       [0.],
       [0.]])}]
Training complete!
Training done. epoch: 197 , total error: 0.0004894837371252539
[{'weights': array([[ 7.47187928e-01, -7.16609665e-01, -1.29264235e+00,
         9.42301445e-01,  3.32823974e-01, -1.15057598e-02,
        -2.48963305e-01, -4.16117552e-01, -2.58201153e+00,
        -1.47053664e+00,  2.03757793e-01,  3.51102773e+00,
        -2.58701153e+00, -1.47496284e+00, -1.88892572e-01,
         3.90610430e+00, -3.38762643e-01],
       [ 7.54294536e-03,  1.01709023e+00, -1.36636090e+00,
         9.01314191e-01, -7.27776303e-02,  1.33351223e+00,
        -2.49265801e-01, -4.34882325e-01, -2.67618068e+00,
        -2.37988285e-01,  4.12622681e-01,  3.05213276e+00,
        -2.67218068e+00, -5.50266612e-01,  2.32630413e-01,
         3.55540335e+00,  5.70586469e-01],
       [ 7.92538936e-01, -7.87026393e-01, -1.31702324e+00,
         9.43824297e-01,  2.83231259e-01,  6.41678162e-03,
        -2.35166954e-01, -4.16167482e-01, -2.59380776e+00,
        -1.58281224e+00,  2.72349908e-01,  3.54458369e+00,
        -2.57880776e+00, -1.54560218e+00, -1.59868762e-01,
         3.93459230e+00, -3.53686396e-01],
       [ 6.00000000e-03,  5.00000000e-03,  9.00000000e-03,
        -8.00000000e-03, -2.00000000e-03,  0.00000000e+00,
         0.00000000e+00, -1.00000000e-02, -3.00000000e-03,
        -3.00000000e-03,  2.00000000e-03, -7.00000000e-03,
         1.00000000e-02, -4.00000000e-03, -2.00000000e-03,
         3.00000000e-03, -8.00000000e-03]]), 'deltas': array([[1.07346129e-05],
       [2.73747483e-06],
       [1.03094164e-05],
       [0.00000000e+00]]), 'outputs': array([[0.99690296],
       [0.99921204],
       [0.997026  ],
       [1.        ]]), 'errors': 0.003476850886042672}, {'weights': array([[-6.96954609, -8.43530164, -6.73247674,  2.90832714],
       [-3.02957306,  7.46784991, -5.84378795, -2.1186826 ],
       [ 3.43977602,  1.86823875,  3.59460868, -4.39172104]]), 'deltas': array([[-2.18684559e-17],
       [-8.30325206e-04],
       [ 1.22252220e-04]]), 'outputs': array([[4.67637210e-09],
       [2.92462079e-02],
       [9.88881241e-01]]), 'errors': array([[-4.67637210e-09],
       [-2.92462079e-02],
       [ 1.11187588e-02]])}]
Accuracy: 90.0 %

train_data group 4 length:  120
   0   1   2   3   4   5   6   7   8   9   10  11  12  13  14  15  16
0   1   0   0   0   0   0   1   0   1   0   0   0   1   0   0   0   0
1   0   1   0   0   0   0   0   1   1   0   0   0   1   0   0   0   0
2   1   0   0   0   0   1   0   0   1   0   0   0   1   0   0   0   0
3   1   0   0   0   0   0   1   0   1   0   0   0   1   0   0   0   0
4   1   0   0   0   0   0   1   0   1   0   0   0   1   0   0   0   0
Initial Neural Network:
[{'weights': array([[ 0.009, -0.001,  0.003, -0.003,  0.002,  0.   ,  0.006, -0.01 ,
         0.003, -0.004,  0.006, -0.006,  0.009, -0.001,  0.002, -0.002,
        -0.008],
       [-0.008, -0.006, -0.004,  0.009, -0.009,  0.003,  0.005, -0.01 ,
         0.   ,  0.006,  0.01 , -0.005,  0.005, -0.005,  0.005,  0.003,
         0.004],
       [ 0.008, -0.004, -0.002, -0.004,  0.005, -0.006,  0.008, -0.001,
        -0.003,  0.008,  0.004,  0.006, -0.005, -0.005, -0.009, -0.009,
        -0.006],
       [ 0.   ,  0.01 , -0.003,  0.004, -0.01 , -0.009, -0.004, -0.003,
        -0.006, -0.008, -0.005,  0.003, -0.004, -0.002,  0.009,  0.003,
        -0.004]]), 'deltas': array([[0.],
       [0.],
       [0.],
       [0.]]), 'outputs': array([[0.],
       [0.],
       [0.],
       [0.]]), 'errors': array([[0.],
       [0.],
       [0.],
       [0.]])}, {'weights': array([[ 0.003, -0.008, -0.009, -0.001],
       [ 0.002, -0.003,  0.003, -0.01 ],
       [-0.004, -0.003, -0.005,  0.006]]), 'deltas': array([[0.],
       [0.],
       [0.],
       [0.]]), 'outputs': array([[0.],
       [0.],
       [0.],
       [0.]]), 'errors': array([[0.],
       [0.],
       [0.],
       [0.]])}]
Training complete!
Training done. epoch: 314 , total error: 0.0008146354435086034
[{'weights': array([[ 4.77032346e-01, -4.54053040e-02, -7.08968196e-01,
        -2.18362523e-01,  2.06664508e-01, -1.09124464e+00,
        -2.66616350e-02,  4.05538087e-01,  3.00200049e+00,
        -2.00799410e+00, -5.56100340e-01, -9.42609725e-01,
         3.00800049e+00, -3.43747680e+00, -2.06773469e+00,
         2.00150732e+00, -5.11703677e-01],
       [ 4.45925664e-01, -1.46450671e+00,  2.93596911e-01,
        -2.45799702e-01, -4.66611392e-01, -4.78964033e-02,
        -9.00567574e-01,  4.42291530e-01,  3.21765714e+00,
        -1.99212539e+00, -1.12044808e+00, -1.05586751e+00,
         3.22265714e+00, -2.91111036e+00, -1.05240972e+00,
        -2.12920900e-01, -9.57783839e-01],
       [ 3.05962366e-01, -7.00699144e-01, -3.13763874e-01,
        -1.35153730e-01,  1.03143522e-01, -3.44375823e-01,
        -1.02887446e+00,  4.34452377e-01,  3.19498917e+00,
        -2.20792361e+00, -2.26842817e+00,  4.54708231e-01,
         3.19298917e+00, -2.85436845e+00,  3.65661185e-01,
        -1.57393628e+00, -8.47654382e-01],
       [ 0.00000000e+00,  1.00000000e-02, -3.00000000e-03,
         4.00000000e-03, -1.00000000e-02, -9.00000000e-03,
        -4.00000000e-03, -3.00000000e-03, -6.00000000e-03,
        -8.00000000e-03, -5.00000000e-03,  3.00000000e-03,
        -4.00000000e-03, -2.00000000e-03,  9.00000000e-03,
         3.00000000e-03, -4.00000000e-03]]), 'deltas': array([[-1.23815414e-03],
       [-9.39916628e-05],
       [-3.30112935e-05],
       [-0.00000000e+00]]), 'outputs': array([[0.74966375],
       [0.01445535],
       [0.00502884],
       [1.        ]]), 'errors': -0.006597576827602318}, {'weights': array([[  3.39285151,   3.51025689,   3.35450438,  -5.78937948],
       [-10.01025582,  -7.5720484 ,  -9.29371431,   2.01856646],
       [  8.42947696, -12.76069785,   2.57412715,  -0.6057681 ]]), 'deltas': array([[-1.53745587e-03],
       [-1.24410060e-05],
       [ 1.51774699e-05]]), 'outputs': array([[0.04001936],
       [0.00353343],
       [0.99609655]]), 'errors': array([[-0.04001936],
       [-0.00353343],
       [ 0.00390345]])}]
Accuracy: 86.66666666666667 %

Feedforward Neural Network AVG Accuracy (%): 92.0 %
