Namespace(error_threshold=0.001, max_epochs=1000, num_layers=2, num_nodes_per_hidden_layer=3, training_rate=1.4)

train_data group 0 length:  120
   0   1   2   3   4   5   6   7   8   9   10  11  12  13  14  15  16
0   1   0   0   0   0   1   0   0   1   0   0   0   1   0   0   0   0
1   1   0   0   0   0   1   0   0   1   0   0   0   1   0   0   0   0
2   1   0   0   0   0   0   1   0   1   0   0   0   1   0   0   0   0
3   1   0   0   0   0   1   0   0   1   0   0   0   1   0   0   0   0
4   1   0   0   0   0   0   1   0   1   0   0   0   1   0   0   0   0
Initial Neural Network:
[{'weights': array([[ 0.004, -0.01 ,  0.006,  0.004,  0.01 ,  0.009, -0.003, -0.007,
         0.   , -0.003, -0.007,  0.009, -0.006, -0.007,  0.005, -0.008,
        -0.008],
       [-0.001,  0.001, -0.003,  0.007, -0.007, -0.007,  0.003,  0.003,
         0.003, -0.004, -0.006,  0.   ,  0.   ,  0.002, -0.001, -0.008,
        -0.001],
       [-0.01 ,  0.001, -0.005,  0.001, -0.003,  0.003,  0.007,  0.004,
        -0.007,  0.003,  0.004,  0.002, -0.004, -0.006, -0.005,  0.003,
         0.01 ],
       [-0.008,  0.   , -0.006,  0.005, -0.007,  0.001,  0.   ,  0.005,
         0.004, -0.005, -0.008, -0.003,  0.004, -0.003,  0.005,  0.001,
        -0.003]]), 'deltas': array([[0.],
       [0.],
       [0.],
       [0.]]), 'outputs': array([[0.],
       [0.],
       [0.],
       [0.]]), 'errors': array([[0.],
       [0.],
       [0.],
       [0.]])}, {'weights': array([[-0.003,  0.003, -0.003, -0.009],
       [-0.001,  0.003, -0.002,  0.008],
       [ 0.002,  0.002,  0.009,  0.   ]]), 'deltas': array([[0.],
       [0.],
       [0.],
       [0.]]), 'outputs': array([[0.],
       [0.],
       [0.],
       [0.]]), 'errors': array([[0.],
       [0.],
       [0.],
       [0.]])}]
Training complete!
Training done. epoch: 24 , total error: 0.000363222533085668
[{'weights': array([[ 1.42377044e-01, -8.88712025e-01, -6.18761739e-01,
         8.18525863e-01,  1.41366331e-01, -1.12291975e-01,
        -3.98031553e-01, -1.72613660e-01, -2.20649985e+00,
        -1.13112564e+00, -6.22498659e-01,  3.40855329e+00,
        -2.21249985e+00, -1.44616777e+00, -6.76136812e-01,
         3.76823357e+00, -5.58570857e-01],
       [-9.43345011e-02, -8.23879498e-01, -4.36303672e-01,
         8.53246956e-01,  1.03813508e-01, -8.27587312e-02,
        -3.68781066e-01, -1.65544426e-01, -2.18918926e+00,
        -9.85219308e-01, -7.94468507e-01,  3.45660636e+00,
        -2.19218926e+00, -1.27541591e+00, -8.65482864e-01,
         3.82081732e+00, -5.06270716e-01],
       [-4.93164522e-01, -3.35557018e-01,  5.14437757e-01,
         6.45106088e-01,  6.48955981e-01,  6.73681503e-01,
        -7.82709952e-01, -1.85105225e-01, -2.61378191e+00,
         5.70631338e-01,  6.23726070e-01,  1.76524681e+00,
        -2.61078191e+00, -1.26368434e+00,  2.10418487e+00,
         2.10210369e+00,  3.53822306e-01],
       [-8.00000000e-03,  0.00000000e+00, -6.00000000e-03,
         5.00000000e-03, -7.00000000e-03,  1.00000000e-03,
         0.00000000e+00,  5.00000000e-03,  4.00000000e-03,
        -5.00000000e-03, -8.00000000e-03, -3.00000000e-03,
         4.00000000e-03, -3.00000000e-03,  5.00000000e-03,
         1.00000000e-03, -3.00000000e-03]]), 'deltas': array([[2.38683369e-06],
       [1.92206041e-06],
       [4.44219170e-05],
       [0.00000000e+00]]), 'outputs': array([[0.9991235 ],
       [0.99929429],
       [0.98342683],
       [1.        ]]), 'errors': 0.0027255214610640726}, {'weights': array([[-3.6583756 , -3.58874045, -8.98008603,  2.51096091],
       [-3.93883762, -4.82155436,  7.04998058, -1.94155709],
       [ 2.53364148,  3.06024665,  2.89415002, -4.20969093]]), 'deltas': array([[-1.66141606e-12],
       [-5.06801026e-04],
       [ 2.04837459e-04]]), 'outputs': array([[1.28896012e-06],
       [2.27730407e-02],
       [9.85583562e-01]]), 'errors': array([[-1.28896012e-06],
       [-2.27730407e-02],
       [ 1.44164379e-02]])}]
neural_net output [0.92095641 0.12237036 0.01513329]
target: 0 prediction: 0
neural_net output [0.9206714  0.12648169 0.01503854]
target: 0 prediction: 0
neural_net output [0.91536031 0.126151   0.01557669]
target: 0 prediction: 0
neural_net output [0.92095641 0.12237036 0.01513329]
target: 0 prediction: 0
neural_net output [0.92095641 0.12237036 0.01513329]
target: 0 prediction: 0
neural_net output [0.92095641 0.12237036 0.01513329]
target: 0 prediction: 0
neural_net output [0.9206714  0.12648169 0.01503854]
target: 0 prediction: 0
neural_net output [0.92095641 0.12237036 0.01513329]
target: 0 prediction: 0
neural_net output [0.9206714  0.12648169 0.01503854]
target: 0 prediction: 0
neural_net output [0.92225393 0.12538241 0.01491061]
target: 0 prediction: 0
neural_net output [0.00143968 0.98854776 0.24335549]
target: 1 prediction: 1
neural_net output [0.00143968 0.98854776 0.24335549]
target: 1 prediction: 1
neural_net output [0.0013327  0.98730465 0.2547705 ]
target: 1 prediction: 1
neural_net output [0.00143968 0.98854776 0.24335549]
target: 1 prediction: 1
neural_net output [0.00107956 0.98820294 0.27230294]
target: 1 prediction: 1
neural_net output [0.00107956 0.98820294 0.27230294]
target: 1 prediction: 1
neural_net output [0.00177654 0.98612702 0.23240759]
target: 1 prediction: 1
neural_net output [0.00143968 0.98854776 0.24335549]
target: 1 prediction: 1
neural_net output [0.00143968 0.98854776 0.24335549]
target: 1 prediction: 1
neural_net output [0.00143968 0.98854776 0.24335549]
target: 1 prediction: 1
neural_net output [5.11929599e-06 1.21007544e-01 9.58289911e-01]
target: 2 prediction: 2
neural_net output [1.68876888e-06 3.88722293e-02 9.81401477e-01]
target: 2 prediction: 2
neural_net output [1.33785388e-06 2.27996267e-02 9.85322896e-01]
target: 2 prediction: 2
neural_net output [0.00143968 0.98854776 0.24335549]
target: 2 prediction: 1
neural_net output [3.14315200e-06 6.64339583e-02 9.71569446e-01]
target: 2 prediction: 2
neural_net output [1.14878547e-06 2.47373689e-02 9.86125561e-01]
target: 2 prediction: 2
neural_net output [1.16917318e-06 2.50086857e-02 9.85971814e-01]
target: 2 prediction: 2
neural_net output [1.28890136e-06 2.27113243e-02 9.85599914e-01]
target: 2 prediction: 2
neural_net output [4.96350917e-06 8.27508963e-02 9.62586879e-01]
target: 2 prediction: 2
neural_net output [0.0013327  0.98730465 0.2547705 ]
target: 2 prediction: 1
Accuracy: 93.33333333333333 %

train_data group 1 length:  120
   0   1   2   3   4   5   6   7   8   9   10  11  12  13  14  15  16
0   1   0   0   0   0   0   1   0   1   0   0   0   1   0   0   0   0
1   0   1   0   0   0   0   0   1   1   0   0   0   1   0   0   0   0
2   1   0   0   0   0   1   0   0   1   0   0   0   1   0   0   0   0
3   1   0   0   0   0   0   1   0   1   0   0   0   1   0   0   0   0
4   1   0   0   0   0   0   1   0   1   0   0   0   1   0   0   0   0
Initial Neural Network:
[{'weights': array([[ 0.002, -0.001,  0.004,  0.009,  0.008, -0.002, -0.001, -0.002,
        -0.001,  0.008,  0.01 , -0.004,  0.003,  0.005,  0.   ,  0.004,
         0.008],
       [-0.01 ,  0.003,  0.005,  0.01 ,  0.003,  0.002, -0.001,  0.007,
        -0.001,  0.01 , -0.009, -0.009, -0.009, -0.007,  0.009,  0.01 ,
         0.007],
       [ 0.003, -0.008, -0.004, -0.002, -0.005, -0.009, -0.004,  0.007,
         0.003,  0.004, -0.005,  0.009, -0.009,  0.008,  0.01 ,  0.008,
         0.005],
       [ 0.003,  0.009,  0.005,  0.007,  0.003,  0.01 , -0.008,  0.004,
        -0.005,  0.007, -0.001, -0.009,  0.008, -0.004, -0.008,  0.009,
        -0.003]]), 'deltas': array([[0.],
       [0.],
       [0.],
       [0.]]), 'outputs': array([[0.],
       [0.],
       [0.],
       [0.]]), 'errors': array([[0.],
       [0.],
       [0.],
       [0.]])}, {'weights': array([[-0.001, -0.004,  0.003,  0.008],
       [-0.003, -0.008, -0.009,  0.004],
       [-0.008, -0.005, -0.002, -0.004]]), 'deltas': array([[0.],
       [0.],
       [0.],
       [0.]]), 'outputs': array([[0.],
       [0.],
       [0.],
       [0.]]), 'errors': array([[0.],
       [0.],
       [0.],
       [0.]])}]
Training complete!
Training done. epoch: 18 , total error: 0.0001652765682533765
[{'weights': array([[ 4.15341993e-01, -7.06207241e-01, -7.44091086e-01,
         5.61908883e-01,  4.49122229e-01, -1.73797553e-01,
        -4.15564406e-01, -3.43807721e-01, -2.12463245e+00,
        -1.12702199e+00, -5.66274448e-01,  3.34388143e+00,
        -2.12063245e+00, -1.58455489e+00, -3.45065793e-01,
         3.57520568e+00, -4.79047450e-01],
       [ 6.76966091e-02, -4.13435911e-01, -1.29333447e-01,
         3.06144695e-01,  2.04005085e-01,  6.22603683e-01,
        -6.22162780e-01, -3.70374042e-01, -2.44334237e+00,
         2.15727350e-01,  5.04244385e-01,  1.53744258e+00,
        -2.45134237e+00, -1.47550196e+00,  1.94975032e+00,
         1.80316596e+00, -1.69928054e-01],
       [ 2.99780692e-02, -6.45151584e-01, -4.76827112e-01,
         5.42609264e-01,  2.34778537e-01, -9.23619811e-02,
        -3.63034695e-01, -3.28773223e-01, -2.05964307e+00,
        -1.01052578e+00, -6.73774282e-01,  3.21655177e+00,
        -2.07164307e+00, -1.35842491e+00, -4.74450827e-01,
         3.38312745e+00, -5.33391363e-01],
       [ 3.00000000e-03,  9.00000000e-03,  5.00000000e-03,
         7.00000000e-03,  3.00000000e-03,  1.00000000e-02,
        -8.00000000e-03,  4.00000000e-03, -5.00000000e-03,
         7.00000000e-03, -1.00000000e-03, -9.00000000e-03,
         8.00000000e-03, -4.00000000e-03, -8.00000000e-03,
         9.00000000e-03, -3.00000000e-03]]), 'deltas': array([[1.87145057e-06],
       [7.00814547e-05],
       [2.62773901e-06],
       [0.00000000e+00]]), 'outputs': array([[0.99862286],
       [0.94553393],
       [0.99806526],
       [1.        ]]), 'errors': 0.00136081770347378}, {'weights': array([[-4.0251735 , -6.75572638, -3.77185376,  2.49188982],
       [-3.24858978,  4.72589502, -3.23454626, -2.17530293],
       [ 3.02997106,  2.13093936,  3.12410415, -3.57606767]]), 'deltas': array([[-7.15835558e-11],
       [-2.24503008e-04],
       [ 1.01569207e-04]]), 'outputs': array([[8.46074237e-06],
       [1.50978301e-02],
       [9.89870410e-01]]), 'errors': array([[-8.46074237e-06],
       [-1.50978301e-02],
       [ 1.01295898e-02]])}]
Accuracy: 76.66666666666667 %

train_data group 2 length:  120
   0   1   2   3   4   5   6   7   8   9   10  11  12  13  14  15  16
0   1   0   0   0   0   0   1   0   1   0   0   0   1   0   0   0   0
1   0   1   0   0   0   0   0   1   1   0   0   0   1   0   0   0   0
2   1   0   0   0   0   1   0   0   1   0   0   0   1   0   0   0   0
3   1   0   0   0   0   0   1   0   1   0   0   0   1   0   0   0   0
4   1   0   0   0   0   0   1   0   1   0   0   0   1   0   0   0   0
Initial Neural Network:
[{'weights': array([[-0.005,  0.009, -0.004, -0.01 , -0.01 ,  0.006,  0.006, -0.009,
         0.001, -0.001,  0.004,  0.003,  0.008,  0.008,  0.002, -0.005,
        -0.008],
       [-0.002, -0.01 , -0.007, -0.003,  0.001,  0.01 ,  0.006,  0.01 ,
         0.005, -0.008,  0.002,  0.006, -0.006,  0.008, -0.008,  0.002,
         0.002],
       [ 0.001, -0.002, -0.009, -0.005, -0.001,  0.008, -0.001,  0.001,
        -0.001, -0.001, -0.003,  0.006, -0.008,  0.003, -0.006,  0.002,
        -0.01 ],
       [-0.005,  0.003,  0.01 , -0.002, -0.01 , -0.001, -0.007, -0.004,
         0.004, -0.01 , -0.004, -0.001,  0.006,  0.002, -0.006, -0.009,
        -0.007]]), 'deltas': array([[0.],
       [0.],
       [0.],
       [0.]]), 'outputs': array([[0.],
       [0.],
       [0.],
       [0.]]), 'errors': array([[0.],
       [0.],
       [0.],
       [0.]])}, {'weights': array([[ 0.004,  0.004,  0.003, -0.007],
       [-0.01 , -0.003, -0.003, -0.002],
       [-0.002, -0.003,  0.005,  0.003]]), 'deltas': array([[0.],
       [0.],
       [0.],
       [0.]]), 'outputs': array([[0.],
       [0.],
       [0.],
       [0.]]), 'errors': array([[0.],
       [0.],
       [0.],
       [0.]])}]
Training complete!
Training done. epoch: 13 , total error: 0.0006399107808384057
[{'weights': array([[-8.32590577e-01,  6.58905449e-01,  9.01147095e-02,
        -6.20708695e-01, -7.66585155e-01,  9.49627327e-02,
         3.90380058e-01, -4.20036749e-01, -2.03709497e+00,
         2.21588304e+00,  1.57492766e+00, -2.44099484e+00,
        -2.03009497e+00,  2.09346327e+00,  1.76279164e+00,
        -2.50743905e+00, -7.02279113e-01],
       [-1.28225703e+00,  3.56469969e-01,  8.11203744e-01,
         6.27295498e-01, -4.82719865e-01,  9.52115482e-01,
         5.18670304e-01, -4.26353738e-01, -2.30208817e+00,
         1.76611320e+00,  6.14180590e-01,  4.61506570e-01,
        -2.31308817e+00,  1.70427169e+00,  7.51276810e-01,
         3.88251858e-01,  5.36712183e-01],
       [-5.40198983e-01, -1.34186533e-01, -9.04285879e-02,
        -5.65769800e-01, -7.43375811e-01, -8.22977553e-01,
         6.63419015e-01, -4.05649555e-01, -2.02809303e+00,
         2.46654668e+00,  1.54953122e-01, -1.90799067e+00,
        -2.03509303e+00,  2.39288986e+00,  2.39659091e-01,
        -1.92203982e+00, -1.32558390e+00],
       [-5.00000000e-03,  3.00000000e-03,  1.00000000e-02,
        -2.00000000e-03, -1.00000000e-02, -1.00000000e-03,
        -7.00000000e-03, -4.00000000e-03,  4.00000000e-03,
        -1.00000000e-02, -4.00000000e-03, -1.00000000e-03,
         6.00000000e-03,  2.00000000e-03, -6.00000000e-03,
        -9.00000000e-03, -7.00000000e-03]]), 'deltas': array([[1.29874249e-04],
       [9.03370832e-05],
       [2.79874219e-04],
       [0.00000000e+00]]), 'outputs': array([[0.97064444],
       [0.97977126],
       [0.93427744],
       [1.        ]]), 'errors': 0.004557981447340336}, {'weights': array([[-3.14939794, -5.75230213, -3.24742064,  2.77111596],
       [ 4.33446932,  1.39199616,  2.44655022, -3.57160034],
       [-3.98165768,  5.1922685 , -1.91932794, -2.80974906]]), 'deltas': array([[-1.66324477e-08],
       [ 1.82349180e-04],
       [-1.05871073e-03]]), 'outputs': array([[1.28975165e-04],
       [9.86403580e-01],
       [3.30899120e-02]]), 'errors': array([[-0.00012898],
       [ 0.01359642],
       [-0.03308991]])}]
Accuracy: 96.66666666666667 %

train_data group 3 length:  120
   0   1   2   3   4   5   6   7   8   9   10  11  12  13  14  15  16
0   1   0   0   0   0   0   1   0   1   0   0   0   1   0   0   0   0
1   0   1   0   0   0   0   0   1   1   0   0   0   1   0   0   0   0
2   1   0   0   0   0   1   0   0   1   0   0   0   1   0   0   0   0
3   1   0   0   0   0   0   1   0   1   0   0   0   1   0   0   0   0
4   1   0   0   0   0   0   1   0   1   0   0   0   1   0   0   0   0
Initial Neural Network:
[{'weights': array([[ 0.   , -0.009, -0.005,  0.   , -0.007, -0.004, -0.002,  0.01 ,
         0.003, -0.003,  0.007,  0.01 ,  0.006,  0.005, -0.01 , -0.002,
         0.005],
       [-0.004, -0.002,  0.007,  0.01 , -0.008,  0.002, -0.008,  0.008,
         0.005, -0.009,  0.008, -0.009, -0.001,  0.007, -0.002, -0.009,
         0.009],
       [-0.003, -0.001,  0.006,  0.002,  0.005, -0.004,  0.006,  0.003,
        -0.002,  0.005, -0.007,  0.001,  0.004,  0.002, -0.01 , -0.006,
         0.006],
       [ 0.006,  0.009, -0.005,  0.002,  0.   ,  0.002, -0.005, -0.009,
        -0.004, -0.01 ,  0.003, -0.006, -0.004, -0.008, -0.007, -0.009,
         0.005]]), 'deltas': array([[0.],
       [0.],
       [0.],
       [0.]]), 'outputs': array([[0.],
       [0.],
       [0.],
       [0.]]), 'errors': array([[0.],
       [0.],
       [0.],
       [0.]])}, {'weights': array([[-0.01 ,  0.002, -0.006,  0.008],
       [-0.008,  0.004, -0.002, -0.009],
       [ 0.006,  0.002,  0.009,  0.007]]), 'deltas': array([[0.],
       [0.],
       [0.],
       [0.]]), 'outputs': array([[0.],
       [0.],
       [0.],
       [0.]]), 'errors': array([[0.],
       [0.],
       [0.],
       [0.]])}]
Training complete!
Training done. epoch: 14 , total error: 0.0007467799020976599
[{'weights': array([[-2.70678445e-01, -5.76580772e-01, -6.77635839e-01,
         8.85889069e-01,  5.58527810e-01, -1.35510761e-01,
        -5.75855951e-01, -4.75167084e-01, -2.04074441e+00,
        -1.16246984e+00, -4.12381875e-01,  3.00759013e+00,
        -2.03774441e+00, -1.53304901e+00, -5.15164827e-01,
         3.45995226e+00, -6.20005986e-01],
       [-2.38582884e-01, -3.30201662e-02, -8.39731006e-02,
         6.61339955e-01,  8.28982661e-01,  7.50502190e-01,
        -7.74545597e-01, -5.16175451e-01, -2.32175214e+00,
         1.48945680e-01,  8.01807927e-01,  1.66076233e+00,
        -2.32775214e+00, -7.25394490e-01,  1.27637267e+00,
         2.06653776e+00,  3.03763804e-01],
       [-1.04871947e-01, -5.94245329e-01, -7.99140939e-01,
         8.77715541e-01,  7.08138985e-01, -2.02089624e-01,
        -6.37827652e-01, -4.82764384e-01, -2.05994349e+00,
        -1.22081520e+00, -3.26155826e-01,  2.97937184e+00,
        -2.05394349e+00, -1.61470957e+00, -4.17723239e-01,
         3.45183362e+00, -6.18542674e-01],
       [ 6.00000000e-03,  9.00000000e-03, -5.00000000e-03,
         2.00000000e-03,  0.00000000e+00,  2.00000000e-03,
        -5.00000000e-03, -9.00000000e-03, -4.00000000e-03,
        -1.00000000e-02,  3.00000000e-03, -6.00000000e-03,
        -4.00000000e-03, -8.00000000e-03, -7.00000000e-03,
        -9.00000000e-03,  5.00000000e-03]]), 'deltas': array([[7.06100699e-06],
       [2.22822663e-05],
       [7.87665978e-06],
       [0.00000000e+00]]), 'outputs': array([[0.99863858],
       [0.99569108],
       [0.99848108],
       [1.        ]]), 'errors': 0.005193575463960947}, {'weights': array([[-3.68047564, -6.48798333, -3.79715519,  2.31770217],
       [-3.60662456,  4.88650204, -2.9073348 , -1.94223446],
       [ 2.98022224,  2.08673305,  2.7366645 , -4.21535196]]), 'deltas': array([[-8.24868422e-11],
       [-7.19099258e-04],
       [ 7.33643971e-04]]), 'outputs': array([[9.08226796e-06],
       [2.71881714e-02],
       [9.72534329e-01]]), 'errors': array([[-9.08226796e-06],
       [-2.71881714e-02],
       [ 2.74656705e-02]])}]
Accuracy: 90.0 %

train_data group 4 length:  120
   0   1   2   3   4   5   6   7   8   9   10  11  12  13  14  15  16
0   1   0   0   0   0   0   1   0   1   0   0   0   1   0   0   0   0
1   0   1   0   0   0   0   0   1   1   0   0   0   1   0   0   0   0
2   1   0   0   0   0   1   0   0   1   0   0   0   1   0   0   0   0
3   1   0   0   0   0   0   1   0   1   0   0   0   1   0   0   0   0
4   1   0   0   0   0   0   1   0   1   0   0   0   1   0   0   0   0
Initial Neural Network:
[{'weights': array([[ 0.003, -0.01 ,  0.001, -0.006,  0.005,  0.007, -0.006, -0.008,
        -0.003, -0.007, -0.007,  0.008,  0.004,  0.005, -0.001,  0.006,
        -0.009],
       [ 0.009, -0.009, -0.008, -0.009,  0.01 , -0.004, -0.008, -0.002,
         0.005,  0.   ,  0.01 ,  0.004, -0.004, -0.009,  0.003, -0.009,
        -0.008],
       [-0.006,  0.001, -0.009,  0.005, -0.008, -0.007,  0.009, -0.002,
         0.008,  0.   ,  0.01 , -0.01 , -0.001, -0.008, -0.006, -0.008,
         0.006],
       [ 0.003,  0.007, -0.008,  0.   , -0.001,  0.006,  0.004, -0.003,
        -0.008,  0.001,  0.007, -0.01 , -0.001, -0.007, -0.007, -0.003,
         0.004]]), 'deltas': array([[0.],
       [0.],
       [0.],
       [0.]]), 'outputs': array([[0.],
       [0.],
       [0.],
       [0.]]), 'errors': array([[0.],
       [0.],
       [0.],
       [0.]])}, {'weights': array([[ 0.01 , -0.007, -0.002,  0.001],
       [-0.004,  0.007,  0.006,  0.001],
       [ 0.01 ,  0.01 , -0.008,  0.   ]]), 'deltas': array([[0.],
       [0.],
       [0.],
       [0.]]), 'outputs': array([[0.],
       [0.],
       [0.],
       [0.]]), 'errors': array([[0.],
       [0.],
       [0.],
       [0.]])}]
Training complete!
Training done. epoch: 57 , total error: 0.0007759751812965927
[{'weights': array([[ 4.46253196e-01,  1.36142515e-01, -2.25954355e-01,
        -1.36963996e+00, -1.17438139e+00, -1.57522167e+00,
         1.37490187e+00,  3.71502573e-01,  2.94094249e+00,
        -6.45001743e-01,  6.29191978e-02, -3.36905856e+00,
         2.94794249e+00, -1.93277597e-01,  3.10515700e-01,
        -4.05237920e+00, -1.01019861e+00],
       [ 4.74683679e-01, -3.96551807e-01,  8.50175521e-01,
        -1.36100378e+00,  1.17255272e-01, -1.91503957e+00,
         9.95084643e-01,  3.83003276e-01,  3.04530730e+00,
        -6.80040557e-01,  6.78090034e-01, -3.44005316e+00,
         3.03630730e+00, -3.00003771e-01,  8.39764658e-01,
        -4.01076457e+00, -4.23696383e-01],
       [-2.93034935e-01,  2.47056938e+00, -1.87918202e+00,
        -1.52083907e+00, -2.19538028e+00,  4.89893661e-01,
         1.24494252e-01,  3.59505732e-01,  2.78673421e+00,
         1.84876891e-01, -3.52592383e-01, -3.82450536e+00,
         2.77773421e+00,  1.70440566e+00, -5.30164434e-01,
        -5.18846208e+00, -1.20748664e+00],
       [ 3.00000000e-03,  7.00000000e-03, -8.00000000e-03,
         0.00000000e+00, -1.00000000e-03,  6.00000000e-03,
         4.00000000e-03, -3.00000000e-03, -8.00000000e-03,
         1.00000000e-03,  7.00000000e-03, -1.00000000e-02,
        -1.00000000e-03, -7.00000000e-03, -7.00000000e-03,
        -3.00000000e-03,  4.00000000e-03]]), 'deltas': array([[1.23626588e-04],
       [7.87580721e-05],
       [5.67279374e-05],
       [0.00000000e+00]]), 'outputs': array([[0.97699686],
       [0.98547154],
       [0.98957886],
       [1.        ]]), 'errors': 0.005500871711598502}, {'weights': array([[ 3.6313467 ,  3.67824281,  2.79808995, -6.226336  ],
       [-3.74155084, -4.18252258,  5.93400116, -1.53045639],
       [-6.87755421, -6.84480617, -7.61456935,  1.75760734]]), 'deltas': array([[ 5.54884591e-04],
       [-9.52669168e-04],
       [-1.93345081e-17]]), 'outputs': array([[9.76158078e-01],
       [3.13610130e-02],
       [4.39710224e-09]]), 'errors': array([[ 2.38419216e-02],
       [-3.13610130e-02],
       [-4.39710224e-09]])}]
Accuracy: 70.0 %

Feedforward Neural Network AVG Accuracy (%): 85.33333333333334 %
