Namespace(error_threshold=0.001, max_epochs=1000, num_layers=2, num_nodes_per_hidden_layer=3, training_rate=0.8)

train_data group 0 length:  120
   0   1   2   3   4   5   6   7   8   9   10  11  12  13  14  15  16
0   1   0   0   0   0   1   0   0   1   0   0   0   1   0   0   0   0
1   1   0   0   0   0   1   0   0   1   0   0   0   1   0   0   0   0
2   1   0   0   0   0   0   1   0   1   0   0   0   1   0   0   0   0
3   1   0   0   0   0   1   0   0   1   0   0   0   1   0   0   0   0
4   1   0   0   0   0   0   1   0   1   0   0   0   1   0   0   0   0
Initial Neural Network:
[{'weights': array([[-0.001, -0.006, -0.006, -0.01 ,  0.003,  0.   , -0.002, -0.005,
         0.002, -0.007,  0.01 , -0.009, -0.002,  0.006, -0.007, -0.001,
        -0.006],
       [-0.003, -0.007,  0.   ,  0.002,  0.01 , -0.009, -0.006, -0.006,
         0.009,  0.   , -0.01 ,  0.001, -0.01 , -0.005,  0.   ,  0.   ,
         0.003],
       [-0.002, -0.004, -0.005, -0.002,  0.003,  0.005,  0.003,  0.008,
        -0.006,  0.008,  0.005,  0.002,  0.008,  0.006, -0.009,  0.008,
        -0.006],
       [-0.002,  0.004, -0.004,  0.009, -0.004,  0.005, -0.003, -0.002,
         0.008, -0.006, -0.007,  0.007,  0.009, -0.007, -0.004,  0.002,
        -0.007]]), 'deltas': array([[0.],
       [0.],
       [0.],
       [0.]]), 'outputs': array([[0.],
       [0.],
       [0.],
       [0.]]), 'errors': array([[0.],
       [0.],
       [0.],
       [0.]])}, {'weights': array([[-0.008, -0.006, -0.006,  0.004],
       [ 0.008,  0.008, -0.008,  0.003],
       [-0.004,  0.   , -0.005, -0.007]]), 'deltas': array([[0.],
       [0.],
       [0.],
       [0.]]), 'outputs': array([[0.],
       [0.],
       [0.],
       [0.]]), 'errors': array([[0.],
       [0.],
       [0.],
       [0.]])}]
Training complete!
Training done. epoch: 175 , total error: 0.0006389665184150895
[{'weights': array([[ 1.71732166e+00, -1.13847210e+00, -7.91016440e-01,
        -8.71272890e-01, -5.39559033e-01, -4.40121305e-01,
        -4.36198474e-01,  3.51439042e-01,  3.04424893e+00,
        -3.34611915e+00,  4.02224803e-01, -1.16479435e+00,
         3.04024893e+00, -3.99640536e+00, -1.89364232e+00,
         1.78535898e+00, -1.06643977e+00],
       [ 5.53846718e-01, -5.30173787e-01, -3.87691071e-01,
        -5.82824622e-01, -5.92314496e-01, -2.64135179e-01,
        -4.27943104e-01,  3.34550016e-01,  3.07921164e+00,
        -4.13759600e+00, -1.88962925e+00,  2.00917085e+00,
         3.06021164e+00, -2.77739915e+00, -3.70742180e-01,
        -8.65913073e-01, -9.35842762e-01],
       [ 1.32350390e+00, -8.92782256e-01, -1.20333453e+00,
        -9.19546033e-01, -1.03678030e+00,  3.29278276e-02,
        -1.02016623e+00,  3.63859780e-01,  3.19563713e+00,
        -3.53716329e+00, -2.98735661e-01, -1.02989711e+00,
         3.20963713e+00, -3.57537936e+00, -1.12460102e+00,
        -1.75815679e-01, -1.68515893e+00],
       [-2.00000000e-03,  4.00000000e-03, -4.00000000e-03,
         9.00000000e-03, -4.00000000e-03,  5.00000000e-03,
        -3.00000000e-03, -2.00000000e-03,  8.00000000e-03,
        -6.00000000e-03, -7.00000000e-03,  7.00000000e-03,
         9.00000000e-03, -7.00000000e-03, -4.00000000e-03,
         2.00000000e-03, -7.00000000e-03]]), 'deltas': array([[7.78503897e-06],
       [1.72822975e-05],
       [9.67961812e-06],
       [0.00000000e+00]]), 'outputs': array([[0.99815831],
       [0.9959023 ],
       [0.99770908],
       [1.        ]]), 'errors': 0.004234912260684153}, {'weights': array([[  3.57293502,   3.28326014,   3.79967481,  -5.98024062],
       [ -9.84578052, -10.27273804,  -6.85993303,   1.98962818],
       [  8.41891327,   6.97436584, -17.32797702,  -1.39739874]]), 'deltas': array([[ 8.94477317e-05],
       [-2.29586883e-22],
       [-1.14669917e-03]]), 'outputs': array([[9.90497058e-01],
       [1.51521247e-11],
       [3.44619665e-02]]), 'errors': array([[ 9.50294183e-03],
       [-1.51521247e-11],
       [-3.44619665e-02]])}]
neural_net output [9.90324102e-01 1.57157247e-11 3.66898077e-02]
target: 0 prediction: 0
neural_net output [9.89501876e-01 1.91772419e-11 3.76585733e-02]
target: 0 prediction: 0
neural_net output [9.90499755e-01 1.51520631e-11 3.43406071e-02]
target: 0 prediction: 0
neural_net output [9.90324102e-01 1.57157247e-11 3.66898077e-02]
target: 0 prediction: 0
neural_net output [9.90324102e-01 1.57157247e-11 3.66898077e-02]
target: 0 prediction: 0
neural_net output [9.90324102e-01 1.57157247e-11 3.66898077e-02]
target: 0 prediction: 0
neural_net output [9.89501876e-01 1.91772419e-11 3.76585733e-02]
target: 0 prediction: 0
neural_net output [9.90324102e-01 1.57157247e-11 3.66898077e-02]
target: 0 prediction: 0
neural_net output [9.89501876e-01 1.91772419e-11 3.76585733e-02]
target: 0 prediction: 0
neural_net output [9.86642893e-01 3.25507359e-11 6.26963255e-02]
target: 0 prediction: 0
neural_net output [0.0030367  0.82068557 0.18848716]
target: 1 prediction: 1
neural_net output [0.0030367  0.82068557 0.18848716]
target: 1 prediction: 1
neural_net output [0.00283846 0.84157665 0.21461097]
target: 1 prediction: 1
neural_net output [0.0030367  0.82068557 0.18848716]
target: 1 prediction: 1
neural_net output [0.00307695 0.81208827 0.21375532]
target: 1 prediction: 1
neural_net output [0.00307695 0.81208827 0.21375532]
target: 1 prediction: 1
neural_net output [0.00294629 0.8256905  0.23688219]
target: 1 prediction: 1
neural_net output [0.0030367  0.82068557 0.18848716]
target: 1 prediction: 1
neural_net output [0.0030367  0.82068557 0.18848716]
target: 1 prediction: 1
neural_net output [0.0030367  0.82068557 0.18848716]
target: 1 prediction: 1
neural_net output [0.00941757 0.10574991 0.79242784]
target: 2 prediction: 2
neural_net output [0.0120324  0.05317403 0.84849366]
target: 2 prediction: 2
neural_net output [0.01426277 0.03812934 0.90784526]
target: 2 prediction: 2
neural_net output [0.0030367  0.82068557 0.18848716]
target: 2 prediction: 1
neural_net output [0.01600816 0.04601867 0.88810505]
target: 2 prediction: 2
neural_net output [0.01426356 0.04069371 0.86556423]
target: 2 prediction: 2
neural_net output [0.01678326 0.02434857 0.91371571]
target: 2 prediction: 2
neural_net output [0.01204301 0.06323167 0.86593289]
target: 2 prediction: 2
neural_net output [0.01234671 0.09446376 0.75709199]
target: 2 prediction: 2
neural_net output [0.00283846 0.84157665 0.21461097]
target: 2 prediction: 1
Accuracy: 93.33333333333333 %

train_data group 1 length:  120
   0   1   2   3   4   5   6   7   8   9   10  11  12  13  14  15  16
0   1   0   0   0   0   0   1   0   1   0   0   0   1   0   0   0   0
1   0   1   0   0   0   0   0   1   1   0   0   0   1   0   0   0   0
2   1   0   0   0   0   1   0   0   1   0   0   0   1   0   0   0   0
3   1   0   0   0   0   0   1   0   1   0   0   0   1   0   0   0   0
4   1   0   0   0   0   0   1   0   1   0   0   0   1   0   0   0   0
Initial Neural Network:
[{'weights': array([[-0.004,  0.008, -0.005,  0.006,  0.01 , -0.01 ,  0.001,  0.008,
         0.009,  0.002,  0.   ,  0.005, -0.004,  0.002, -0.002,  0.004,
        -0.006],
       [-0.007,  0.009, -0.003, -0.006,  0.007, -0.009,  0.005, -0.008,
         0.004,  0.007,  0.009, -0.009,  0.005,  0.   ,  0.003,  0.002,
         0.008],
       [-0.004, -0.01 ,  0.008, -0.01 ,  0.   , -0.01 ,  0.004,  0.001,
        -0.01 ,  0.   ,  0.   , -0.008,  0.009,  0.008, -0.002,  0.009,
        -0.004],
       [ 0.009, -0.001, -0.003, -0.003,  0.008,  0.01 ,  0.01 , -0.005,
        -0.008,  0.007,  0.007,  0.007,  0.002,  0.   , -0.003,  0.005,
         0.01 ]]), 'deltas': array([[0.],
       [0.],
       [0.],
       [0.]]), 'outputs': array([[0.],
       [0.],
       [0.],
       [0.]]), 'errors': array([[0.],
       [0.],
       [0.],
       [0.]])}, {'weights': array([[ 0.002, -0.005,  0.   ,  0.006],
       [ 0.008,  0.006,  0.003, -0.006],
       [-0.002, -0.008,  0.004,  0.009]]), 'deltas': array([[0.],
       [0.],
       [0.],
       [0.]]), 'outputs': array([[0.],
       [0.],
       [0.],
       [0.]]), 'errors': array([[0.],
       [0.],
       [0.],
       [0.]])}]
Training complete!
Training done. epoch: 15 , total error: 0.0007919491580823631
[{'weights': array([[ 6.25335254e-01, -3.75459042e-01, -7.53831566e-01,
        -5.27810192e-01, -8.53140123e-01, -6.61424331e-01,
         1.51219512e-01,  3.35579396e-01,  1.79188397e+00,
        -7.56666824e-01, -1.16049923e+00, -8.95483458e-01,
         1.77888397e+00, -7.60581014e-01, -1.15068253e+00,
        -9.04385969e-01, -1.04276555e+00],
       [ 6.19716685e-01, -3.79090765e-01, -7.54495731e-01,
        -5.35843687e-01, -8.57353594e-01, -6.64423294e-01,
         1.52987203e-01,  3.21076187e-01,  1.78455857e+00,
        -7.52757824e-01, -1.15889227e+00, -9.04621972e-01,
         1.78555857e+00, -7.63579820e-01, -1.15105522e+00,
        -9.03637026e-01, -1.03471350e+00],
       [ 6.23063015e-01, -3.84975012e-01, -7.47075686e-01,
        -5.39392658e-01, -8.59880943e-01, -6.62288071e-01,
         1.53793179e-01,  3.30995495e-01,  1.77498448e+00,
        -7.58478936e-01, -1.16084268e+00, -9.06043202e-01,
         1.79398448e+00, -7.53389601e-01, -1.15005441e+00,
        -8.98920807e-01, -1.03638034e+00],
       [ 9.00000000e-03, -1.00000000e-03, -3.00000000e-03,
        -3.00000000e-03,  8.00000000e-03,  1.00000000e-02,
         1.00000000e-02, -5.00000000e-03, -8.00000000e-03,
         7.00000000e-03,  7.00000000e-03,  7.00000000e-03,
         2.00000000e-03,  0.00000000e+00, -3.00000000e-03,
         5.00000000e-03,  1.00000000e-02]]), 'deltas': array([[0.00020275],
       [0.00020208],
       [0.00020183],
       [0.        ]]), 'outputs': array([[0.9645571 ],
       [0.96467837],
       [0.96472394],
       [1.        ]]), 'errors': 0.005930650091231914}, {'weights': array([[ 2.49863799,  2.4879653 ,  2.49669901, -3.53674716],
       [-1.4542434 , -1.43702659, -1.45425541, -0.26354227],
       [-1.34098785, -1.36838363, -1.33793885,  0.39438028]]), 'deltas': array([[ 0.0005901 ],
       [-0.00013041],
       [-0.00082234]]), 'outputs': array([[0.97540365],
       [0.01148603],
       [0.02910308]]), 'errors': array([[ 0.02459635],
       [-0.01148603],
       [-0.02910308]])}]
Accuracy: 66.66666666666666 %

train_data group 2 length:  120
   0   1   2   3   4   5   6   7   8   9   10  11  12  13  14  15  16
0   1   0   0   0   0   0   1   0   1   0   0   0   1   0   0   0   0
1   0   1   0   0   0   0   0   1   1   0   0   0   1   0   0   0   0
2   1   0   0   0   0   1   0   0   1   0   0   0   1   0   0   0   0
3   1   0   0   0   0   0   1   0   1   0   0   0   1   0   0   0   0
4   1   0   0   0   0   0   1   0   1   0   0   0   1   0   0   0   0
Initial Neural Network:
[{'weights': array([[-0.01 , -0.01 , -0.008, -0.004, -0.001,  0.006,  0.01 ,  0.007,
         0.002, -0.001, -0.003, -0.005, -0.01 ,  0.005,  0.002,  0.004,
        -0.003],
       [-0.009,  0.003,  0.009,  0.   , -0.007, -0.007,  0.003, -0.001,
        -0.01 ,  0.002, -0.003, -0.005, -0.006, -0.008, -0.004,  0.007,
        -0.006],
       [-0.01 ,  0.008, -0.008, -0.004, -0.003, -0.008, -0.005,  0.01 ,
        -0.001, -0.005,  0.003,  0.008, -0.007, -0.005,  0.008, -0.004,
         0.008],
       [-0.01 ,  0.005,  0.008,  0.001, -0.006,  0.008, -0.01 , -0.009,
        -0.008, -0.003,  0.008,  0.008,  0.006,  0.   , -0.009,  0.006,
        -0.005]]), 'deltas': array([[0.],
       [0.],
       [0.],
       [0.]]), 'outputs': array([[0.],
       [0.],
       [0.],
       [0.]]), 'errors': array([[0.],
       [0.],
       [0.],
       [0.]])}, {'weights': array([[-0.01 , -0.006,  0.009,  0.008],
       [-0.007,  0.009, -0.001, -0.004],
       [-0.005,  0.007, -0.01 , -0.004]]), 'deltas': array([[0.],
       [0.],
       [0.],
       [0.]]), 'outputs': array([[0.],
       [0.],
       [0.],
       [0.]]), 'errors': array([[0.],
       [0.],
       [0.],
       [0.]])}]
Training complete!
Training done. epoch: 34 , total error: 0.0008228463885041864
[{'weights': array([[ 6.42634897e-01, -1.02007321e+00, -8.47649708e-01,
         6.37427012e-01,  6.13286132e-01, -2.56648013e-02,
        -7.49003169e-01, -3.72279173e-01, -2.18588787e+00,
        -1.18709507e+00, -3.85112320e-01,  3.19543425e+00,
        -2.19788787e+00, -1.26127427e+00, -5.50790477e-01,
         3.45529161e+00, -5.58661012e-01],
       [ 6.74779522e-01, -1.02378802e+00, -8.48281724e-01,
         6.42982320e-01,  6.18802122e-01, -4.54810790e-02,
        -7.61831313e-01, -3.80797636e-01, -2.19579289e+00,
        -1.19579716e+00, -3.71931799e-01,  3.19021394e+00,
        -2.19179289e+00, -1.28339173e+00, -5.43094459e-01,
         3.44997117e+00, -5.63307906e-01],
       [-6.96779032e-01,  3.19572782e-01,  7.46689556e-02,
         5.28029231e-01,  1.47739215e+00,  1.94875229e-01,
        -1.03362970e+00, -4.05145746e-01, -2.31281014e+00,
        -7.60500379e-01,  1.10188758e+00,  2.21591488e+00,
        -2.31881014e+00, -6.63511634e-01,  8.32648049e-01,
         2.38116567e+00,  2.47491937e-01],
       [-1.00000000e-02,  5.00000000e-03,  8.00000000e-03,
         1.00000000e-03, -6.00000000e-03,  8.00000000e-03,
        -1.00000000e-02, -9.00000000e-03, -8.00000000e-03,
        -3.00000000e-03,  8.00000000e-03,  8.00000000e-03,
         6.00000000e-03,  0.00000000e+00, -9.00000000e-03,
         6.00000000e-03, -5.00000000e-03]]), 'deltas': array([[2.99744985e-05],
       [3.10499263e-05],
       [3.32417232e-05],
       [0.00000000e+00]]), 'outputs': array([[0.99461442],
       [0.99442011],
       [0.99402384],
       [1.        ]]), 'errors': 0.005595834047200547}, {'weights': array([[-4.64180746, -4.65548752, -6.64957706,  2.45646287],
       [-3.08556734, -2.94778233,  4.63767236, -1.97459736],
       [ 2.74382305,  2.76856113,  2.70230407, -4.41090119]]), 'deltas': array([[-2.29705512e-12],
       [-1.08601006e-03],
       [ 5.10088763e-04]]), 'outputs': array([[1.51560503e-06],
       [3.35212944e-02],
       [9.77152339e-01]]), 'errors': array([[-1.51560503e-06],
       [-3.35212944e-02],
       [ 2.28476607e-02]])}]
Accuracy: 93.33333333333333 %

train_data group 3 length:  120
   0   1   2   3   4   5   6   7   8   9   10  11  12  13  14  15  16
0   1   0   0   0   0   0   1   0   1   0   0   0   1   0   0   0   0
1   0   1   0   0   0   0   0   1   1   0   0   0   1   0   0   0   0
2   1   0   0   0   0   1   0   0   1   0   0   0   1   0   0   0   0
3   1   0   0   0   0   0   1   0   1   0   0   0   1   0   0   0   0
4   1   0   0   0   0   0   1   0   1   0   0   0   1   0   0   0   0
Initial Neural Network:
[{'weights': array([[ 0.006, -0.003,  0.009,  0.01 ,  0.003,  0.008, -0.006,  0.005,
         0.   , -0.01 , -0.005, -0.007,  0.004,  0.003, -0.001, -0.006,
        -0.006],
       [-0.002, -0.01 ,  0.009,  0.008,  0.003, -0.004, -0.009, -0.002,
         0.006, -0.01 ,  0.004,  0.003,  0.005,  0.008,  0.01 ,  0.009,
        -0.002],
       [ 0.004, -0.002, -0.003, -0.01 , -0.008,  0.004,  0.009, -0.003,
        -0.001, -0.002, -0.009, -0.004,  0.009, -0.002,  0.003,  0.001,
        -0.007],
       [-0.009, -0.006,  0.002, -0.008, -0.01 ,  0.004, -0.002,  0.002,
        -0.009,  0.008,  0.007,  0.001, -0.001, -0.001, -0.005,  0.009,
        -0.008]]), 'deltas': array([[0.],
       [0.],
       [0.],
       [0.]]), 'outputs': array([[0.],
       [0.],
       [0.],
       [0.]]), 'errors': array([[0.],
       [0.],
       [0.],
       [0.]])}, {'weights': array([[ 0.005, -0.01 ,  0.007, -0.004],
       [ 0.01 ,  0.001, -0.001, -0.005],
       [ 0.008, -0.002,  0.009,  0.009]]), 'deltas': array([[0.],
       [0.],
       [0.],
       [0.]]), 'outputs': array([[0.],
       [0.],
       [0.],
       [0.]]), 'errors': array([[0.],
       [0.],
       [0.],
       [0.]])}]
Training complete!
Training done. epoch: 39 , total error: 0.0009736003175155634
[{'weights': array([[ 6.44761468e-01, -3.67900161e-01, -1.46190255e+00,
         7.44532927e-01,  5.12926238e-01,  4.21564855e-02,
        -6.12515863e-01, -3.95075173e-01, -2.24430618e+00,
        -1.44126316e+00,  1.35524201e-01,  3.06553682e+00,
        -2.24030618e+00, -1.69154382e+00, -9.79492155e-02,
         3.56729090e+00, -4.68508312e-01],
       [-3.33679224e-01,  5.70032936e-01, -7.05926062e-01,
         6.20672880e-01,  5.34584803e-01,  1.09595327e+00,
        -1.06467258e+00, -4.31764958e-01, -2.42001698e+00,
        -1.09092857e-02,  4.86239858e-01,  2.09378694e+00,
        -2.42101698e+00, -7.68639147e-01,  8.49360125e-01,
         2.51839654e+00,  1.44100530e-01],
       [ 5.64087068e-01, -5.47999978e-01, -1.27647284e+00,
         7.38987081e-01,  3.90981325e-01,  5.40874481e-02,
        -5.54359899e-01, -3.99107547e-01, -2.22864609e+00,
        -1.35293146e+00, -4.22292319e-02,  3.09740812e+00,
        -2.21864609e+00, -1.57395671e+00, -2.91065504e-01,
         3.58426963e+00, -5.17398672e-01],
       [-9.00000000e-03, -6.00000000e-03,  2.00000000e-03,
        -8.00000000e-03, -1.00000000e-02,  4.00000000e-03,
        -2.00000000e-03,  2.00000000e-03, -9.00000000e-03,
         8.00000000e-03,  7.00000000e-03,  1.00000000e-03,
        -1.00000000e-03, -1.00000000e-03, -5.00000000e-03,
         9.00000000e-03, -8.00000000e-03]]), 'deltas': array([[2.38331273e-04],
       [5.52582914e-05],
       [2.87534497e-04],
       [0.00000000e+00]]), 'outputs': array([[0.9639042 ],
       [0.99186695],
       [0.95609665],
       [1.        ]]), 'errors': 0.006849998578957666}, {'weights': array([[-4.76666212, -6.90185602, -4.58839235,  2.62498842],
       [-2.78010096,  5.61105067, -4.25917323, -2.07401708],
       [ 2.88646369,  2.59391679,  3.14576167, -4.65132065]]), 'deltas': array([[-3.40907958e-12],
       [-1.32498373e-03],
       [ 5.57522784e-04]]), 'outputs': array([[1.84637100e-06],
       [3.70948412e-02],
       [9.76100766e-01]]), 'errors': array([[-1.84637100e-06],
       [-3.70948412e-02],
       [ 2.38992341e-02]])}]
Accuracy: 90.0 %

train_data group 4 length:  120
   0   1   2   3   4   5   6   7   8   9   10  11  12  13  14  15  16
0   1   0   0   0   0   0   1   0   1   0   0   0   1   0   0   0   0
1   0   1   0   0   0   0   0   1   1   0   0   0   1   0   0   0   0
2   1   0   0   0   0   1   0   0   1   0   0   0   1   0   0   0   0
3   1   0   0   0   0   0   1   0   1   0   0   0   1   0   0   0   0
4   1   0   0   0   0   0   1   0   1   0   0   0   1   0   0   0   0
Initial Neural Network:
[{'weights': array([[ 0.001,  0.001,  0.008,  0.002,  0.006, -0.01 , -0.009,  0.   ,
         0.009, -0.005,  0.008, -0.006,  0.009,  0.003, -0.006, -0.001,
        -0.009],
       [-0.009, -0.01 , -0.001, -0.01 , -0.008, -0.007,  0.005, -0.005,
        -0.003,  0.01 , -0.005, -0.007,  0.   ,  0.006,  0.009, -0.009,
         0.01 ],
       [-0.001,  0.002, -0.008,  0.01 ,  0.006,  0.006, -0.008, -0.008,
        -0.004, -0.006, -0.008,  0.003,  0.003,  0.002,  0.   , -0.001,
        -0.001],
       [ 0.007, -0.005, -0.007, -0.001, -0.007,  0.004,  0.006,  0.   ,
        -0.006,  0.001,  0.006, -0.007, -0.002,  0.01 , -0.004,  0.003,
        -0.006]]), 'deltas': array([[0.],
       [0.],
       [0.],
       [0.]]), 'outputs': array([[0.],
       [0.],
       [0.],
       [0.]]), 'errors': array([[0.],
       [0.],
       [0.],
       [0.]])}, {'weights': array([[-0.005, -0.007,  0.   , -0.003],
       [ 0.   ,  0.005,  0.004,  0.007],
       [ 0.004, -0.006,  0.005, -0.005]]), 'deltas': array([[0.],
       [0.],
       [0.],
       [0.]]), 'outputs': array([[0.],
       [0.],
       [0.],
       [0.]]), 'errors': array([[0.],
       [0.],
       [0.],
       [0.]])}]
Training complete!
Training done. epoch: 208 , total error: 0.0008889086882071968
[{'weights': array([[ 5.57304688e-01,  2.12690628e-01, -6.27752736e-01,
        -1.54921430e+00, -1.07043795e+00, -9.43025200e-01,
         1.95238278e-01,  3.86253152e-01,  3.37706163e+00,
        -5.18061637e-01, -2.77268544e-01, -3.99470317e+00,
         3.37706163e+00, -4.77113087e-01,  2.31415740e-01,
        -4.54533601e+00, -1.42797172e+00],
       [ 1.46749162e-01,  5.77012672e-01, -3.23133209e-01,
        -1.49054341e+00, -8.80063940e-01, -6.30360659e-01,
         6.96019540e-02,  3.65907854e-01,  3.32311654e+00,
        -2.26573274e-01, -1.60614728e-01, -4.00084333e+00,
         3.32611654e+00,  1.57415727e+00, -8.83006640e-01,
        -5.07118195e+00, -1.04991479e+00],
       [ 5.26990786e-01,  2.24765221e-01, -6.16648646e-01,
        -1.54967222e+00, -1.05609109e+00, -9.28605583e-01,
         1.83292884e-01,  3.79838928e-01,  3.37373722e+00,
        -5.14125097e-01, -2.88608445e-01, -4.00356854e+00,
         3.38073722e+00, -4.43996529e-01,  2.08212977e-01,
        -4.55851853e+00, -1.41856486e+00],
       [ 7.00000000e-03, -5.00000000e-03, -7.00000000e-03,
        -1.00000000e-03, -7.00000000e-03,  4.00000000e-03,
         6.00000000e-03,  0.00000000e+00, -6.00000000e-03,
         1.00000000e-03,  6.00000000e-03, -7.00000000e-03,
        -2.00000000e-03,  1.00000000e-02, -4.00000000e-03,
         3.00000000e-03, -6.00000000e-03]]), 'deltas': array([[-0.00018942],
       [-0.00118635],
       [-0.00020251],
       [-0.        ]]), 'outputs': array([[0.04098411],
       [0.56194675],
       [0.04395171],
       [1.        ]]), 'errors': -0.004819372056975821}, {'weights': array([[  3.74117443,   3.38841219,   3.71878643,  -6.2164704 ],
       [ -5.28767279,   7.64517483,  -4.37336195,  -0.65264876],
       [-10.23142956, -11.33723008, -10.30250801,   1.58283378]]), 'deltas': array([[-3.20635753e-04],
       [ 1.38464117e-03],
       [-1.19970326e-05]]), 'outputs': array([[0.01807032],
       [0.96206265],
       [0.0034697 ]]), 'errors': array([[-0.01807032],
       [ 0.03793735],
       [-0.0034697 ]])}]
Accuracy: 73.33333333333333 %

Feedforward Neural Network AVG Accuracy (%): 83.33333333333333 %
