Namespace(error_threshold=0.001, max_epochs=1000, num_layers=2, num_nodes_per_hidden_layer=3, training_rate=0.9)

train_data group 0 length:  120
   0   1   2   3   4   5   6   7   8   9   10  11  12  13  14  15  16
0   1   0   0   0   0   1   0   0   1   0   0   0   1   0   0   0   0
1   1   0   0   0   0   1   0   0   1   0   0   0   1   0   0   0   0
2   1   0   0   0   0   0   1   0   1   0   0   0   1   0   0   0   0
3   1   0   0   0   0   1   0   0   1   0   0   0   1   0   0   0   0
4   1   0   0   0   0   0   1   0   1   0   0   0   1   0   0   0   0
Initial Neural Network:
[{'weights': array([[-0.007, -0.006, -0.004, -0.007, -0.009,  0.009,  0.   , -0.009,
         0.006, -0.007, -0.002,  0.01 ,  0.003,  0.004, -0.007, -0.009,
         0.002],
       [ 0.009,  0.006,  0.006, -0.007, -0.001,  0.01 ,  0.   ,  0.006,
         0.002,  0.001,  0.009,  0.   , -0.003, -0.007, -0.009,  0.01 ,
         0.007],
       [ 0.005, -0.001,  0.01 ,  0.008, -0.003,  0.003,  0.006, -0.008,
         0.003,  0.009,  0.007, -0.005, -0.004, -0.004, -0.008, -0.002,
         0.002],
       [-0.004,  0.008, -0.005, -0.004, -0.003, -0.004,  0.009, -0.007,
         0.005,  0.009,  0.008,  0.005, -0.001, -0.003,  0.008, -0.004,
         0.005]]), 'deltas': array([[0.],
       [0.],
       [0.],
       [0.]]), 'outputs': array([[0.],
       [0.],
       [0.],
       [0.]]), 'errors': array([[0.],
       [0.],
       [0.],
       [0.]])}, {'weights': array([[ 0.007, -0.009, -0.004,  0.009],
       [ 0.007,  0.003,  0.002,  0.006],
       [ 0.005,  0.001,  0.004,  0.003]]), 'deltas': array([[0.],
       [0.],
       [0.],
       [0.]]), 'outputs': array([[0.],
       [0.],
       [0.],
       [0.]]), 'errors': array([[0.],
       [0.],
       [0.],
       [0.]])}]
Training complete!
Training done. epoch: 26 , total error: 0.0005985726136030837
[{'weights': array([[-1.06114862e+00,  5.13608546e-01,  3.49865667e-01,
        -5.15620053e-01, -7.07045001e-02, -2.67107606e-01,
        -8.80052278e-02, -2.72477132e-01, -2.04355112e+00,
         2.43178760e+00,  1.45048480e+00, -2.52101574e+00,
        -2.04655112e+00,  2.34691274e+00,  1.68170747e+00,
        -2.68036355e+00, -6.87294465e-01],
       [-1.54278429e+00,  3.60101754e-01,  1.09959695e+00,
         7.17528338e-01,  4.57497176e-02,  4.80182170e-01,
         3.86595727e-01, -2.77084864e-01, -2.28732311e+00,
         1.98695240e+00,  6.69216083e-02,  8.65891849e-01,
        -2.29232311e+00,  2.03272264e+00,  1.11720761e+00,
        -2.46164395e-01,  6.27442750e-01],
       [-8.03596915e-01,  2.75119348e-01, -2.53664355e-01,
        -3.43229759e-01, -9.08567747e-02, -1.00024587e+00,
         2.10375831e-01, -2.68644866e-01, -2.03914783e+00,
         2.68379244e+00,  1.51201650e-02, -1.79313646e+00,
        -2.04614783e+00,  2.78766388e+00,  6.83302404e-02,
        -1.97521797e+00, -1.14537168e+00],
       [-4.00000000e-03,  8.00000000e-03, -5.00000000e-03,
        -4.00000000e-03, -3.00000000e-03, -4.00000000e-03,
         9.00000000e-03, -7.00000000e-03,  5.00000000e-03,
         9.00000000e-03,  8.00000000e-03,  5.00000000e-03,
        -1.00000000e-03, -3.00000000e-03,  8.00000000e-03,
        -4.00000000e-03,  5.00000000e-03]]), 'deltas': array([[0.00020546],
       [0.00017273],
       [0.000133  ],
       [0.        ]]), 'outputs': array([[0.9506697 ],
       [0.95888136],
       [0.96866043],
       [1.        ]]), 'errors': 0.0043810031026862975}, {'weights': array([[-3.4757037 , -6.13479725, -3.53010883,  2.83164605],
       [ 4.25978932,  1.81221227,  2.91620884, -4.60207569],
       [-4.13670326,  5.84614371, -2.50714449, -2.7355114 ]]), 'deltas': array([[-3.23444054e-09],
       [ 3.12148884e-04],
       [-8.53252220e-04]]), 'outputs': array([[5.68737594e-05],
       [9.82172642e-01],
       [2.96534536e-02]]), 'errors': array([[-5.68737594e-05],
       [ 1.78273576e-02],
       [-2.96534536e-02]])}]
neural_net output [0.94131686 0.01023903 0.06187455]
target: 0 prediction: 0
neural_net output [0.93403874 0.01094089 0.06457082]
target: 0 prediction: 0
neural_net output [0.9416044  0.01017013 0.06248143]
target: 0 prediction: 0
neural_net output [0.94131686 0.01023903 0.06187455]
target: 0 prediction: 0
neural_net output [0.94131686 0.01023903 0.06187455]
target: 0 prediction: 0
neural_net output [0.94131686 0.01023903 0.06187455]
target: 0 prediction: 0
neural_net output [0.93403874 0.01094089 0.06457082]
target: 0 prediction: 0
neural_net output [0.94131686 0.01023903 0.06187455]
target: 0 prediction: 0
neural_net output [0.93403874 0.01094089 0.06457082]
target: 0 prediction: 0
neural_net output [0.92539445 0.01151918 0.07030737]
target: 0 prediction: 0
neural_net output [0.00127897 0.81733723 0.18120765]
target: 1 prediction: 1
neural_net output [0.00127897 0.81733723 0.18120765]
target: 1 prediction: 1
neural_net output [0.00088439 0.87254044 0.10734547]
target: 1 prediction: 1
neural_net output [0.00127897 0.81733723 0.18120765]
target: 1 prediction: 1
neural_net output [0.00130644 0.79541251 0.24309641]
target: 1 prediction: 1
neural_net output [0.00130644 0.79541251 0.24309641]
target: 1 prediction: 1
neural_net output [7.30657558e-04 8.65787539e-01 1.68078555e-01]
target: 1 prediction: 1
neural_net output [0.00127897 0.81733723 0.18120765]
target: 1 prediction: 1
neural_net output [0.00127897 0.81733723 0.18120765]
target: 1 prediction: 1
neural_net output [0.00127897 0.81733723 0.18120765]
target: 1 prediction: 1
neural_net output [0.01597464 0.16638164 0.83643049]
target: 2 prediction: 2
neural_net output [0.02831909 0.08303522 0.92913187]
target: 2 prediction: 2
neural_net output [0.04899273 0.05392034 0.93828189]
target: 2 prediction: 2
neural_net output [0.00127897 0.81733723 0.18120765]
target: 2 prediction: 1
neural_net output [0.04257772 0.08493013 0.8616921 ]
target: 2 prediction: 2
neural_net output [0.05600606 0.0510023  0.93301802]
target: 2 prediction: 2
neural_net output [0.04842414 0.05354217 0.94082525]
target: 2 prediction: 2
neural_net output [0.0574612  0.05105829 0.92956035]
target: 2 prediction: 2
neural_net output [0.06896793 0.07979765 0.75749603]
target: 2 prediction: 2
neural_net output [0.00088439 0.87254044 0.10734547]
target: 2 prediction: 1
Accuracy: 93.33333333333333 %

train_data group 1 length:  120
   0   1   2   3   4   5   6   7   8   9   10  11  12  13  14  15  16
0   1   0   0   0   0   0   1   0   1   0   0   0   1   0   0   0   0
1   0   1   0   0   0   0   0   1   1   0   0   0   1   0   0   0   0
2   1   0   0   0   0   1   0   0   1   0   0   0   1   0   0   0   0
3   1   0   0   0   0   0   1   0   1   0   0   0   1   0   0   0   0
4   1   0   0   0   0   0   1   0   1   0   0   0   1   0   0   0   0
Initial Neural Network:
[{'weights': array([[ 0.003, -0.004, -0.002, -0.004, -0.001, -0.002,  0.01 ,  0.007,
         0.008,  0.009, -0.007,  0.002,  0.001,  0.01 ,  0.004,  0.   ,
        -0.01 ],
       [ 0.003,  0.001, -0.004,  0.01 ,  0.008,  0.001, -0.004,  0.005,
         0.005, -0.01 , -0.004, -0.005, -0.01 ,  0.001,  0.004,  0.006,
        -0.001],
       [-0.006, -0.001, -0.01 ,  0.001, -0.002, -0.009,  0.003, -0.004,
         0.01 ,  0.003,  0.   , -0.005, -0.002, -0.007, -0.007,  0.002,
         0.008],
       [ 0.001, -0.008,  0.002, -0.001, -0.01 ,  0.002,  0.008,  0.007,
         0.01 ,  0.   , -0.001,  0.009,  0.   ,  0.004,  0.004, -0.006,
        -0.002]]), 'deltas': array([[0.],
       [0.],
       [0.],
       [0.]]), 'outputs': array([[0.],
       [0.],
       [0.],
       [0.]]), 'errors': array([[0.],
       [0.],
       [0.],
       [0.]])}, {'weights': array([[ 0.004, -0.005, -0.007, -0.004],
       [ 0.004, -0.008, -0.01 , -0.001],
       [-0.004, -0.008, -0.008,  0.009]]), 'deltas': array([[0.],
       [0.],
       [0.],
       [0.]]), 'outputs': array([[0.],
       [0.],
       [0.],
       [0.]]), 'errors': array([[0.],
       [0.],
       [0.],
       [0.]])}]
Training complete!
Training done. epoch: 21 , total error: 0.0004592843694542118
[{'weights': array([[ 4.66384290e-01, -5.23403493e-01, -8.76112717e-01,
         7.20834819e-01,  5.86485874e-01, -8.86491561e-02,
        -3.97173496e-01, -2.91960323e-01, -2.13125151e+00,
        -8.82941894e-01, -2.40043902e-01,  3.06094021e+00,
        -2.13825151e+00, -1.30740953e+00, -1.50181021e-01,
         3.40554496e+00, -2.15297101e-01],
       [-2.92551817e-01,  6.01834516e-01, -5.12322787e-01,
         6.51671585e-01,  6.71268542e-01,  6.30001096e-01,
        -5.35888336e-01, -3.16749804e-01, -2.28567451e+00,
        -3.88675469e-01,  8.48954281e-01,  2.25002719e+00,
        -2.30067451e+00, -6.84364147e-01,  8.95816045e-01,
         2.52885411e+00,  4.37631498e-01],
       [ 4.65342974e-01, -5.35627886e-01, -8.76590215e-01,
         7.25488583e-01,  5.89661041e-01, -1.00776353e-01,
        -4.03035448e-01, -3.03235783e-01, -2.12813698e+00,
        -8.91453234e-01, -2.39766915e-01,  3.06197059e+00,
        -2.14013698e+00, -1.32635567e+00, -1.57543976e-01,
         3.40465008e+00, -1.97386544e-01],
       [ 1.00000000e-03, -8.00000000e-03,  2.00000000e-03,
        -1.00000000e-03, -1.00000000e-02,  2.00000000e-03,
         8.00000000e-03,  7.00000000e-03,  1.00000000e-02,
         0.00000000e+00, -1.00000000e-03,  9.00000000e-03,
         0.00000000e+00,  4.00000000e-03,  4.00000000e-03,
        -6.00000000e-03, -2.00000000e-03]]), 'deltas': array([[2.27505616e-05],
       [5.02654614e-05],
       [2.24893379e-05],
       [0.00000000e+00]]), 'outputs': array([[0.99315793],
       [0.98475401],
       [0.99323703],
       [1.        ]]), 'errors': 0.00334800683267662}, {'weights': array([[-4.18699956, -5.89694763, -4.18092665,  2.42773874],
       [-2.98352094,  4.70812588, -3.16221049, -2.13077141],
       [ 2.92287927,  2.6403182 ,  2.95724264, -4.20885797]]), 'deltas': array([[-7.01321843e-11],
       [-6.94034205e-04],
       [ 2.02547114e-04]]), 'outputs': array([[8.37453113e-06],
       [2.67034794e-02],
       [9.85664978e-01]]), 'errors': array([[-8.37453113e-06],
       [-2.67034794e-02],
       [ 1.43350221e-02]])}]
Accuracy: 93.33333333333333 %

train_data group 2 length:  120
   0   1   2   3   4   5   6   7   8   9   10  11  12  13  14  15  16
0   1   0   0   0   0   0   1   0   1   0   0   0   1   0   0   0   0
1   0   1   0   0   0   0   0   1   1   0   0   0   1   0   0   0   0
2   1   0   0   0   0   1   0   0   1   0   0   0   1   0   0   0   0
3   1   0   0   0   0   0   1   0   1   0   0   0   1   0   0   0   0
4   1   0   0   0   0   0   1   0   1   0   0   0   1   0   0   0   0
Initial Neural Network:
[{'weights': array([[ 0.004,  0.001,  0.008,  0.006,  0.008, -0.007, -0.003,  0.005,
         0.006,  0.008,  0.003, -0.009,  0.001,  0.004,  0.009,  0.008,
         0.001],
       [ 0.001,  0.002,  0.009, -0.002,  0.01 ,  0.007,  0.008, -0.002,
        -0.007,  0.009, -0.009, -0.004,  0.008, -0.002, -0.01 , -0.007,
        -0.002],
       [ 0.007,  0.006, -0.004,  0.01 ,  0.009,  0.007, -0.006, -0.001,
        -0.004,  0.006, -0.005,  0.006, -0.001,  0.001,  0.004,  0.001,
        -0.01 ],
       [ 0.007,  0.008,  0.009, -0.006, -0.007,  0.007,  0.007, -0.006,
         0.   ,  0.007, -0.004, -0.005, -0.004, -0.004, -0.002,  0.005,
         0.01 ]]), 'deltas': array([[0.],
       [0.],
       [0.],
       [0.]]), 'outputs': array([[0.],
       [0.],
       [0.],
       [0.]]), 'errors': array([[0.],
       [0.],
       [0.],
       [0.]])}, {'weights': array([[-0.008,  0.007,  0.009,  0.008],
       [-0.007,  0.004, -0.006,  0.006],
       [ 0.007, -0.001,  0.007,  0.   ]]), 'deltas': array([[0.],
       [0.],
       [0.],
       [0.]]), 'outputs': array([[0.],
       [0.],
       [0.],
       [0.]]), 'errors': array([[0.],
       [0.],
       [0.],
       [0.]])}]
Training complete!
Training done. epoch: 21 , total error: 0.0006506014170695528
[{'weights': array([[ 0.45320111, -0.53367292, -0.61779982, -0.24579031, -1.10634572,
        -0.45619362,  0.24398399,  0.35849342,  1.9076365 , -1.08502548,
        -1.27722577, -0.50044719,  1.9026365 , -1.00877307, -1.35297746,
        -0.48194791, -0.96206194],
       [ 0.44977515, -0.53045532, -0.6137229 , -0.25260122, -1.10196569,
        -0.43972199,  0.25453264,  0.35315076,  1.8929366 , -1.08421645,
        -1.28352673, -0.49319771,  1.9079366 , -1.01458054, -1.3665605 ,
        -0.49479985, -0.95900429],
       [ 0.45692929, -0.52715267, -0.62335262, -0.24224392, -1.10269045,
        -0.44330725,  0.24588975,  0.35428803,  1.90078813, -1.08724846,
        -1.28188353, -0.48347606,  1.90378813, -1.01068664, -1.35490881,
        -0.48801259, -0.96481992],
       [ 0.007     ,  0.008     ,  0.009     , -0.006     , -0.007     ,
         0.007     ,  0.007     , -0.006     ,  0.        ,  0.007     ,
        -0.004     , -0.005     , -0.004     , -0.004     , -0.002     ,
         0.005     ,  0.01      ]]), 'deltas': array([[0.00013156],
       [0.00013146],
       [0.00013191],
       [0.        ]]), 'outputs': array([[0.97193605],
       [0.97195734],
       [0.97185896],
       [1.        ]]), 'errors': 0.004823135990131449}, {'weights': array([[ 2.62248903,  2.65788487,  2.61718856, -3.76763944],
       [-1.802265  , -1.80772837, -1.80462938,  0.21749163],
       [-1.19629018, -1.20161652, -1.16833874, -0.02930779]]), 'deltas': array([[ 3.80749506e-04],
       [-4.07061096e-05],
       [-8.46088000e-04]]), 'outputs': array([[0.98029203],
       [0.00640065],
       [0.02952677]]), 'errors': array([[ 0.01970797],
       [-0.00640065],
       [-0.02952677]])}]
Accuracy: 66.66666666666666 %

train_data group 3 length:  120
   0   1   2   3   4   5   6   7   8   9   10  11  12  13  14  15  16
0   1   0   0   0   0   0   1   0   1   0   0   0   1   0   0   0   0
1   0   1   0   0   0   0   0   1   1   0   0   0   1   0   0   0   0
2   1   0   0   0   0   1   0   0   1   0   0   0   1   0   0   0   0
3   1   0   0   0   0   0   1   0   1   0   0   0   1   0   0   0   0
4   1   0   0   0   0   0   1   0   1   0   0   0   1   0   0   0   0
Initial Neural Network:
[{'weights': array([[ 0.002,  0.006,  0.004,  0.001, -0.008, -0.01 ,  0.005, -0.005,
        -0.009,  0.   ,  0.008, -0.004,  0.005, -0.008,  0.005, -0.005,
         0.003],
       [-0.005,  0.009,  0.005,  0.008, -0.007, -0.007,  0.009, -0.009,
        -0.006,  0.002,  0.004,  0.009, -0.004,  0.005, -0.004,  0.002,
         0.006],
       [ 0.001,  0.001, -0.002,  0.009, -0.01 , -0.007,  0.003,  0.001,
        -0.005,  0.009, -0.003,  0.009, -0.009,  0.005,  0.001,  0.01 ,
        -0.004],
       [ 0.01 , -0.007, -0.007,  0.003, -0.003,  0.001,  0.002, -0.009,
         0.008, -0.004, -0.009, -0.002,  0.008,  0.007,  0.006, -0.002,
        -0.004]]), 'deltas': array([[0.],
       [0.],
       [0.],
       [0.]]), 'outputs': array([[0.],
       [0.],
       [0.],
       [0.]]), 'errors': array([[0.],
       [0.],
       [0.],
       [0.]])}, {'weights': array([[ 0.002, -0.003,  0.01 ,  0.007],
       [-0.001, -0.006, -0.009, -0.009],
       [ 0.008,  0.004, -0.002,  0.009]]), 'deltas': array([[0.],
       [0.],
       [0.],
       [0.]]), 'outputs': array([[0.],
       [0.],
       [0.],
       [0.]]), 'errors': array([[0.],
       [0.],
       [0.],
       [0.]])}]
Training complete!
Training done. epoch: 33 , total error: 0.00023927769765294456
[{'weights': array([[-1.77588432e-01,  6.21119360e-01, -7.34250359e-01,
         7.12133247e-01,  4.25063083e-01,  1.43994404e+00,
        -1.10586274e+00, -3.68730561e-01, -2.58801520e+00,
         6.25400489e-01,  1.63269383e-01,  2.20275915e+00,
        -2.57401520e+00, -1.23278634e+00,  1.47142915e+00,
         2.74078621e+00,  4.11413817e-01],
       [ 8.68135833e-01, -5.78111736e-01, -1.32466505e+00,
         8.28694822e-01,  9.72266829e-01, -1.88035159e-01,
        -6.80828221e-01, -3.40349585e-01, -2.34833045e+00,
        -1.60105540e+00,  4.20569243e-01,  3.31487047e+00,
        -2.34633045e+00, -1.99163577e+00,  2.24672483e-01,
         3.88934760e+00, -2.16946136e-01],
       [ 6.10046712e-01, -6.27132103e-01, -9.83115248e-01,
         8.46910757e-01,  7.59374273e-01, -4.46955096e-02,
        -5.63140052e-01, -3.26828593e-01, -2.29538640e+00,
        -1.34758634e+00,  1.60679086e-01,  3.33000378e+00,
        -2.29938640e+00, -1.69411186e+00, -3.05760325e-02,
         3.86878441e+00, -1.66289882e-01],
       [ 1.00000000e-02, -7.00000000e-03, -7.00000000e-03,
         3.00000000e-03, -3.00000000e-03,  1.00000000e-03,
         2.00000000e-03, -9.00000000e-03,  8.00000000e-03,
        -4.00000000e-03, -9.00000000e-03, -2.00000000e-03,
         8.00000000e-03,  7.00000000e-03,  6.00000000e-03,
        -2.00000000e-03, -4.00000000e-03]]), 'deltas': array([[5.40751822e-05],
       [1.30427352e-05],
       [7.91810228e-06],
       [0.00000000e+00]]), 'outputs': array([[0.97110042],
       [0.99318452],
       [0.99587357],
       [1.        ]]), 'errors': 0.0019268250499946578}, {'weights': array([[-7.36440424, -4.82050883, -4.54727627,  2.54458899],
       [ 5.86421101, -2.81215161, -4.83779248, -2.11457682],
       [ 2.72423158,  2.85559674,  3.22792173, -4.37871552]]), 'deltas': array([[-8.06307850e-13],
       [-2.99898216e-04],
       [ 1.71042668e-04]]), 'outputs': array([[8.97946866e-07],
       [1.74708575e-02],
       [9.86834722e-01]]), 'errors': array([[-8.97946866e-07],
       [-1.74708575e-02],
       [ 1.31652776e-02]])}]
Accuracy: 86.66666666666667 %

train_data group 4 length:  120
   0   1   2   3   4   5   6   7   8   9   10  11  12  13  14  15  16
0   1   0   0   0   0   0   1   0   1   0   0   0   1   0   0   0   0
1   0   1   0   0   0   0   0   1   1   0   0   0   1   0   0   0   0
2   1   0   0   0   0   1   0   0   1   0   0   0   1   0   0   0   0
3   1   0   0   0   0   0   1   0   1   0   0   0   1   0   0   0   0
4   1   0   0   0   0   0   1   0   1   0   0   0   1   0   0   0   0
Initial Neural Network:
[{'weights': array([[ 0.002, -0.003, -0.001,  0.007,  0.004,  0.005, -0.006,  0.002,
         0.006, -0.009,  0.005,  0.009, -0.01 ,  0.009, -0.01 ,  0.001,
         0.006],
       [ 0.006, -0.005,  0.009, -0.004,  0.01 ,  0.009, -0.004,  0.002,
        -0.007, -0.009,  0.004, -0.002,  0.006,  0.001, -0.01 , -0.002,
         0.009],
       [-0.003,  0.   , -0.005,  0.001,  0.   ,  0.01 ,  0.006, -0.01 ,
        -0.002, -0.001,  0.006, -0.006, -0.01 , -0.009,  0.006,  0.004,
         0.006],
       [ 0.001, -0.001,  0.007,  0.002,  0.01 ,  0.006, -0.007,  0.004,
        -0.008, -0.003, -0.01 ,  0.   , -0.007,  0.001, -0.004,  0.002,
        -0.01 ]]), 'deltas': array([[0.],
       [0.],
       [0.],
       [0.]]), 'outputs': array([[0.],
       [0.],
       [0.],
       [0.]]), 'errors': array([[0.],
       [0.],
       [0.],
       [0.]])}, {'weights': array([[-0.003,  0.006, -0.001, -0.005],
       [-0.003, -0.002, -0.01 ,  0.007],
       [ 0.004,  0.002,  0.003, -0.001]]), 'deltas': array([[0.],
       [0.],
       [0.],
       [0.]]), 'outputs': array([[0.],
       [0.],
       [0.],
       [0.]]), 'errors': array([[0.],
       [0.],
       [0.],
       [0.]])}]
Training complete!
Training done. epoch: 101 , total error: 0.0007310788274208478
[{'weights': array([[ 1.98468590e-01, -3.79372410e-01, -4.28982820e-01,
        -1.39972267e-01,  2.79518624e-01, -7.40461913e-01,
        -7.24897800e-01,  4.35982181e-01,  3.06083765e+00,
        -2.33691672e+00, -2.63973042e+00,  1.17195058e+00,
         3.04483765e+00, -2.89911715e+00,  4.95010601e-01,
        -1.40559000e+00, -7.48858907e-01],
       [ 3.82446781e-01, -8.07784724e-01, -2.25975563e-01,
        -1.90869119e-03, -1.72252539e-01, -6.04274108e-01,
        -3.05939675e-01,  4.40244125e-01,  2.93308527e+00,
        -2.01408071e+00, -3.69049678e-02, -1.55532178e+00,
         2.94608527e+00, -3.50937857e+00, -2.35213459e+00,
         2.25120570e+00, -6.50222198e-01],
       [ 3.65030651e-01, -1.48326903e+00,  2.29821794e-01,
        -1.57499041e-01, -7.57668787e-01,  1.85251373e-02,
        -7.74479233e-01,  4.80707253e-01,  3.16789016e+00,
        -1.99108930e+00, -1.59461520e+00, -6.24101289e-01,
         3.15989016e+00, -2.56323207e+00, -6.73030408e-01,
        -9.71543318e-01, -1.03291563e+00],
       [ 1.00000000e-03, -1.00000000e-03,  7.00000000e-03,
         2.00000000e-03,  1.00000000e-02,  6.00000000e-03,
        -7.00000000e-03,  4.00000000e-03, -8.00000000e-03,
        -3.00000000e-03, -1.00000000e-02,  0.00000000e+00,
        -7.00000000e-03,  1.00000000e-03, -4.00000000e-03,
         2.00000000e-03, -1.00000000e-02]]), 'deltas': array([[-3.45221042e-04],
       [-6.34997329e-06],
       [-1.64856779e-05],
       [-0.00000000e+00]]), 'outputs': array([[0.69419431],
       [0.00392019],
       [0.01024253],
       [1.        ]]), 'errors': -0.0016261875976842292}, {'weights': array([[  3.33978395,   3.08445591,   3.77626449,  -5.83995255],
       [ -8.74675508,  -9.16261006,  -5.31406792,   1.78352683],
       [  7.18426541,   7.65264104, -16.50348432,  -0.95229057]]), 'deltas': array([[-0.000884  ],
       [-0.00015156],
       [ 0.00038927]]), 'outputs': array([[0.03019132],
       [0.01238793],
       [0.9800706 ]]), 'errors': array([[-0.03019132],
       [-0.01238793],
       [ 0.0199294 ]])}]
Accuracy: 86.66666666666667 %

Feedforward Neural Network AVG Accuracy (%): 85.33333333333334 %
