Namespace(error_threshold=0.01, max_epochs=1000, num_layers=2, num_nodes_per_hidden_layer=10, training_rate=0.5)

train_data group 0 length:  171
   0   1   2   3   4   5   6   7   8  ...  36  37  38  39  40  41  42  43  44
0   0   0   1   0   0   0   1   0   0 ...   0   0   0   1   0   0   0   0   0
1   0   1   0   0   0   0   1   0   0 ...   0   0   0   0   0   1   0   0   0
2   0   0   1   0   0   0   0   1   0 ...   0   0   0   1   0   0   0   0   0
3   0   1   0   0   0   0   1   0   0 ...   0   0   0   0   0   1   0   0   0
4   0   0   1   0   0   0   0   1   0 ...   0   0   0   1   0   0   0   0   0

[5 rows x 45 columns]
Initial Neural Network:
[{'weights': array([[ 0.007, -0.005,  0.007, -0.005, -0.007,  0.008, -0.003, -0.005,
         0.003,  0.   ,  0.   ,  0.01 ,  0.005,  0.007, -0.01 , -0.009,
         0.01 ,  0.001, -0.009,  0.003, -0.001, -0.003, -0.007,  0.003,
         0.009, -0.008, -0.009,  0.006,  0.005, -0.005,  0.009,  0.008,
        -0.003,  0.005,  0.009, -0.004,  0.01 , -0.007,  0.004, -0.001,
         0.009,  0.007, -0.009, -0.006, -0.004],
       [ 0.01 , -0.001, -0.001, -0.009, -0.002, -0.006, -0.002,  0.005,
        -0.01 ,  0.004,  0.   , -0.007,  0.009,  0.009, -0.001,  0.008,
        -0.002,  0.008, -0.005,  0.008, -0.004, -0.006, -0.002, -0.002,
        -0.01 , -0.004, -0.006, -0.003,  0.004,  0.01 , -0.01 ,  0.009,
        -0.002, -0.003, -0.009, -0.009,  0.002, -0.001,  0.005, -0.008,
         0.005,  0.01 ,  0.007,  0.005,  0.006],
       [ 0.005, -0.003, -0.01 ,  0.008,  0.004,  0.01 , -0.001,  0.004,
         0.008,  0.005, -0.002,  0.002, -0.001,  0.002,  0.008,  0.007,
         0.   , -0.007,  0.01 ,  0.01 ,  0.004,  0.009,  0.009, -0.01 ,
         0.008,  0.008, -0.002, -0.002,  0.009, -0.01 , -0.002,  0.003,
         0.   , -0.006,  0.002, -0.009, -0.004, -0.004,  0.001, -0.008,
        -0.005,  0.   , -0.009, -0.006,  0.001],
       [ 0.009,  0.004,  0.007, -0.007, -0.008,  0.001,  0.002, -0.005,
         0.001,  0.004,  0.003, -0.003,  0.007, -0.008,  0.   ,  0.01 ,
         0.004,  0.006,  0.001,  0.006, -0.004,  0.001, -0.005, -0.008,
         0.01 , -0.009,  0.001, -0.008,  0.004, -0.008,  0.   ,  0.007,
         0.004, -0.008, -0.008, -0.008,  0.01 , -0.004,  0.003, -0.009,
         0.01 ,  0.006, -0.007, -0.004,  0.009],
       [ 0.005,  0.003,  0.008, -0.001,  0.005,  0.   , -0.003, -0.004,
         0.006,  0.   ,  0.001, -0.005,  0.007,  0.005,  0.008, -0.001,
         0.007,  0.007,  0.005,  0.008,  0.008,  0.009, -0.004,  0.01 ,
        -0.008, -0.008,  0.003, -0.005, -0.005, -0.008,  0.007, -0.006,
        -0.01 ,  0.01 , -0.003, -0.004,  0.001, -0.004, -0.005, -0.003,
         0.004, -0.002,  0.007, -0.003,  0.01 ],
       [ 0.002, -0.004,  0.008, -0.001, -0.006, -0.001, -0.004,  0.01 ,
        -0.007,  0.002,  0.006,  0.008, -0.007,  0.004,  0.005, -0.01 ,
         0.006, -0.007, -0.005,  0.008, -0.003, -0.008, -0.007, -0.006,
         0.009,  0.005,  0.005,  0.006, -0.005,  0.006,  0.005, -0.008,
        -0.007, -0.004,  0.006,  0.   ,  0.009,  0.002, -0.003, -0.006,
        -0.01 ,  0.004, -0.001, -0.009, -0.003],
       [ 0.01 ,  0.01 ,  0.002, -0.006,  0.009, -0.002, -0.008,  0.004,
         0.007,  0.009,  0.   , -0.003, -0.009, -0.003,  0.005, -0.01 ,
         0.01 , -0.01 , -0.008, -0.007,  0.007,  0.004,  0.003,  0.   ,
         0.005, -0.005, -0.004, -0.01 ,  0.004,  0.009,  0.006,  0.005,
        -0.005,  0.008, -0.005, -0.002,  0.009,  0.   , -0.003, -0.006,
        -0.001,  0.006,  0.006, -0.007,  0.001],
       [ 0.01 ,  0.009, -0.001, -0.003, -0.003,  0.004,  0.004,  0.004,
        -0.01 ,  0.   , -0.004,  0.005,  0.   ,  0.006,  0.007,  0.008,
         0.002,  0.   , -0.008, -0.008,  0.004, -0.007,  0.009,  0.006,
         0.005, -0.002, -0.008, -0.008,  0.   , -0.009, -0.009, -0.004,
         0.002,  0.002,  0.007, -0.007, -0.009,  0.002,  0.003, -0.002,
        -0.001,  0.005,  0.008,  0.005, -0.01 ],
       [-0.003, -0.003, -0.001, -0.005, -0.001,  0.008, -0.005, -0.007,
         0.004, -0.008, -0.002,  0.003,  0.007,  0.   , -0.008,  0.01 ,
        -0.01 , -0.003,  0.002,  0.   ,  0.004, -0.004,  0.006,  0.008,
         0.006,  0.   , -0.002, -0.004,  0.004,  0.01 , -0.001,  0.007,
        -0.002,  0.004, -0.001, -0.004,  0.006, -0.01 , -0.01 ,  0.003,
        -0.009,  0.008,  0.   ,  0.002,  0.   ],
       [ 0.004,  0.001, -0.006,  0.007,  0.005,  0.004,  0.003, -0.007,
         0.004, -0.001,  0.006, -0.001, -0.006, -0.01 ,  0.01 , -0.003,
         0.01 ,  0.006,  0.   ,  0.006, -0.003,  0.001,  0.   ,  0.009,
         0.   ,  0.007, -0.01 ,  0.002, -0.009, -0.002, -0.006,  0.007,
         0.008,  0.002,  0.002,  0.002,  0.   , -0.001, -0.004, -0.004,
         0.01 , -0.008, -0.007, -0.007, -0.002],
       [ 0.001,  0.007,  0.004, -0.003,  0.009,  0.007, -0.003,  0.01 ,
         0.007,  0.008,  0.009, -0.003,  0.003,  0.003, -0.006, -0.009,
        -0.007, -0.004,  0.002,  0.009, -0.009, -0.01 ,  0.003, -0.01 ,
         0.008,  0.004, -0.003,  0.   ,  0.004,  0.01 ,  0.007,  0.001,
         0.008, -0.007,  0.005,  0.001,  0.007, -0.002, -0.006,  0.004,
        -0.003,  0.004, -0.009, -0.004, -0.007]]), 'deltas': array([[0.],
       [0.],
       [0.],
       [0.],
       [0.],
       [0.],
       [0.],
       [0.],
       [0.],
       [0.],
       [0.]]), 'outputs': array([[0.],
       [0.],
       [0.],
       [0.],
       [0.],
       [0.],
       [0.],
       [0.],
       [0.],
       [0.],
       [0.]]), 'errors': array([[0.],
       [0.],
       [0.],
       [0.],
       [0.],
       [0.],
       [0.],
       [0.],
       [0.],
       [0.],
       [0.]])}, {'weights': array([[ 0.01 , -0.002, -0.009,  0.007, -0.01 , -0.007,  0.01 ,  0.002,
         0.001,  0.009, -0.002],
       [-0.002,  0.01 , -0.006,  0.   , -0.004,  0.005, -0.009,  0.01 ,
        -0.01 ,  0.002, -0.001],
       [-0.002, -0.005,  0.005, -0.009,  0.001, -0.004, -0.002,  0.005,
        -0.009, -0.007,  0.007],
       [-0.006, -0.009,  0.001,  0.007,  0.001,  0.   ,  0.009, -0.002,
         0.006, -0.003,  0.003],
       [-0.007,  0.01 ,  0.001, -0.005,  0.001, -0.01 , -0.001,  0.004,
         0.005, -0.003,  0.   ],
       [ 0.002,  0.005,  0.01 , -0.006, -0.009,  0.005,  0.006, -0.009,
         0.005, -0.006,  0.009]]), 'deltas': array([[0.],
       [0.],
       [0.],
       [0.],
       [0.],
       [0.],
       [0.]]), 'outputs': array([[0.],
       [0.],
       [0.],
       [0.],
       [0.],
       [0.],
       [0.]]), 'errors': array([[0.],
       [0.],
       [0.],
       [0.],
       [0.],
       [0.],
       [0.]])}]
Training complete!
Training done. epoch: 16 , total error: 0.004551173139066919
[{'weights': array([[-3.30161416e-01, -7.99313497e-01,  1.37311696e-01,
        -1.25066579e-01,  6.88639570e-02, -3.34643081e-01,
         2.42166777e-01, -6.95519668e-01, -2.95665091e-01,
         4.12952240e-02, -1.29729122e+00, -4.53535109e-01,
        -7.33494281e-01,  3.60544790e-01,  1.09040998e+00,
         5.75161516e-01, -2.31705643e-01, -5.47527028e-01,
        -9.16408163e-01,  7.11134803e-02, -3.75543418e-01,
         4.26336292e-01, -9.06885201e-01, -7.52738249e-02,
        -1.12999686e-01, -2.71364217e-01, -4.76398204e-01,
        -3.76716898e-01,  7.31134803e-02, -3.62989499e-01,
        -8.06220624e-01,  2.79172024e-01,  7.99980673e-02,
        -2.21325806e-01,  6.04454540e-02, -5.78580279e-01,
        -7.32292860e-01, -7.00000000e-03,  2.24061847e-01,
        -2.34752020e-01,  1.70895775e-01,  3.72099977e-02,
        -8.52772490e-01, -1.65947101e-01, -1.04936584e+00],
       [-3.17955897e-01, -8.48631603e-01,  1.81848344e-01,
        -1.22612112e-01,  1.04032612e-01, -2.65978077e-01,
         1.35584789e-01, -6.09917723e-01, -3.15423278e-01,
         4.64156328e-02, -1.17069115e+00, -4.38383603e-01,
        -7.14697672e-01,  2.09800581e-01,  1.12365319e+00,
         6.20748555e-01, -3.79254196e-01, -4.20231211e-01,
        -8.76226224e-01,  7.16444204e-02, -3.41443234e-01,
         3.65468046e-01, -7.85729844e-01, -1.70773496e-01,
        -9.18401274e-02, -2.55871098e-01, -4.70923253e-01,
        -3.50168725e-01,  6.76444204e-02, -3.48863200e-01,
        -8.78315361e-01,  3.34083735e-01,  1.13950130e-01,
        -2.17173960e-01,  2.48172654e-02, -5.66041736e-01,
        -7.15406373e-01, -1.00000000e-03,  2.45312187e-01,
        -2.88237701e-01,  2.35377103e-01,  2.29851089e-02,
        -8.04081436e-01, -1.47361731e-01, -9.94318656e-01],
       [-4.38786089e-01, -8.58890291e-02, -6.87558656e-01,
         1.62272425e-01,  4.92288162e-01, -6.46676701e-01,
         5.78444564e-01, -1.82218062e-01, -3.78661663e-01,
         9.34386756e-02, -1.33709524e+00, -6.99673453e-01,
        -1.01199235e+00,  8.78987543e-01,  1.61710031e+00,
         3.30048033e-01,  1.07005313e+00, -5.79827576e-01,
        -1.59616950e+00,  2.34222726e-01,  2.11548742e-01,
         5.48661441e-01, -4.73245619e-01, -7.05578864e-01,
        -1.23058887e-01,  7.28763475e-01, -7.05656105e-01,
        -8.05003284e-01,  2.33222726e-01, -4.00994703e-01,
        -2.57989031e-01, -3.07401103e-01,  1.70946707e-01,
         2.18764943e-01,  1.09342226e+00, -9.38109851e-01,
        -1.11693845e+00, -4.00000000e-03,  3.89952856e-01,
        -6.09941912e-01,  5.33829730e-01,  4.30875858e-01,
        -6.17710008e-01, -3.26726855e-01, -5.60673187e-01],
       [-3.17860122e-01, -8.63999691e-01,  2.09296447e-01,
        -1.21339920e-01,  1.02048528e-01, -2.57186480e-01,
         1.12671033e-01, -5.90297512e-01, -3.05515171e-01,
         4.64733738e-02, -1.15673524e+00, -4.30846799e-01,
        -7.18610165e-01,  1.65003060e-01,  1.14333438e+00,
         6.45507468e-01, -4.19482307e-01, -3.97541366e-01,
        -8.64381736e-01,  6.60431840e-02, -3.41369193e-01,
         3.72277530e-01, -7.64401979e-01, -1.99383178e-01,
        -6.99779363e-02, -2.60611227e-01, -4.57287703e-01,
        -3.54999011e-01,  6.40431840e-02, -3.63771145e-01,
        -8.86646589e-01,  3.48273373e-01,  1.20463950e-01,
        -2.20174346e-01,  2.17041708e-02, -5.58465843e-01,
        -7.06808462e-01, -4.00000000e-03,  2.43715377e-01,
        -2.93678657e-01,  2.54999839e-01,  1.38230695e-02,
        -8.20474405e-01, -1.55524603e-01, -9.87854757e-01],
       [-2.76054540e-01,  8.03428092e-02, -6.23732801e-01,
        -1.75333289e-01,  5.60547766e-02, -7.02145350e-01,
         1.26924254e+00, -1.18615434e+00, -3.93609285e-01,
         5.29433920e-02, -2.09148237e+00, -6.72230264e-01,
        -1.33125585e+00,  5.93973660e-01,  2.55827178e+00,
         6.77786898e-02,  1.51479794e+00, -1.51661445e+00,
        -1.15788318e+00,  1.59197946e-01, -3.83795264e-01,
         8.87798636e-01, -7.28888168e-01, -3.18198796e-01,
        -4.00639454e-01,  8.26506944e-02, -5.44594639e-01,
        -6.57977046e-01,  1.46197946e-01, -3.51453301e-01,
         2.10883890e-01, -3.86868397e-01, -1.54566739e-01,
        -2.83718498e-01,  4.41575324e-01, -6.99126101e-01,
        -9.26303165e-01, -4.00000000e-03,  2.14130897e-01,
        -2.94057937e-01,  5.49299906e-01,  1.13307959e-01,
        -1.07202759e+00, -2.52245382e-01, -9.48723045e-01],
       [-3.49413472e-01, -7.83626093e-01,  1.14390787e-01,
        -1.29408931e-01,  5.21469259e-02, -4.04630863e-01,
         2.94996964e-01, -7.68044213e-01, -2.62548631e-01,
         4.53159602e-02, -1.40310939e+00, -4.85204086e-01,
        -7.84247155e-01,  4.37178512e-01,  1.15647134e+00,
         5.57967011e-01, -1.25495850e-01, -6.53121414e-01,
        -9.67043621e-01,  8.47830907e-02, -4.01284297e-01,
         5.09496974e-01, -1.07112200e+00, -1.27809184e-02,
        -1.34220543e-01, -2.65190719e-01, -4.78367104e-01,
        -4.12136051e-01,  7.17830907e-02, -3.57268053e-01,
        -7.85822921e-01,  2.35379925e-01,  5.51050934e-02,
        -2.50304828e-01,  7.13695226e-02, -5.99312180e-01,
        -7.64051224e-01,  2.00000000e-03,  2.09083099e-01,
        -1.54794593e-01,  9.84215704e-02,  5.88769092e-02,
        -9.43034329e-01, -1.76380341e-01, -1.09791078e+00],
       [-3.37702816e-01, -7.68789278e-01,  1.08245189e-01,
        -1.31620827e-01,  7.06511505e-02, -3.86961553e-01,
         2.83745975e-01, -7.64647626e-01, -2.58162640e-01,
         5.18092636e-02, -1.38433887e+00, -4.87872095e-01,
        -7.80152729e-01,  4.23364076e-01,  1.13478303e+00,
         5.58086882e-01, -1.35982751e-01, -6.40720196e-01,
        -9.58774425e-01,  6.81739081e-02, -3.86022902e-01,
         4.98261853e-01, -1.03720033e+00, -8.39447540e-03,
        -1.31860730e-01, -2.75767922e-01, -4.84400145e-01,
        -4.18222422e-01,  7.91739081e-02, -3.53416973e-01,
        -7.87736692e-01,  2.51591955e-01,  6.46505965e-02,
        -2.36305467e-01,  5.76675924e-02, -5.95527668e-01,
        -7.59896542e-01,  0.00000000e+00,  2.12540037e-01,
        -1.67422097e-01,  1.06556743e-01,  5.95376150e-02,
        -9.14468167e-01, -1.70420674e-01, -1.08321658e+00],
       [-5.04031935e-01, -9.21350408e-02, -3.75127536e-01,
         3.23677954e-01,  5.12101426e-01, -5.98761409e-01,
         7.37807339e-01,  1.18951240e-01, -5.11033249e-01,
         1.07520947e-01, -1.13914242e+00, -7.66204296e-01,
        -3.64821857e-01,  9.22739706e-01,  1.21391373e+00,
         5.81227484e-01,  5.99374750e-01,  2.98648515e-01,
        -1.88961717e+00,  2.56851290e-01,  3.09487517e-01,
         4.12957721e-01,  1.06294308e-01, -7.67416130e-01,
        -1.91838548e-01,  1.24342234e+00, -8.19723284e-01,
        -8.54065476e-01,  2.64851290e-01, -4.48351047e-01,
        -8.78708175e-01,  4.09931723e-01,  3.90000848e-01,
         3.61611519e-01,  1.87497747e+00, -1.09580035e+00,
        -1.25651996e+00,  2.00000000e-03,  3.23827703e-01,
        -4.35964094e-01,  5.35491203e-01,  4.58848817e-01,
        -4.20205222e-01, -2.70685837e-01, -1.57515132e-01],
       [-3.32854565e-01, -8.53686918e-01,  1.87246342e-01,
        -1.07742597e-01,  1.12078724e-01, -2.25058551e-01,
         9.09016458e-02, -5.79650060e-01, -3.08824711e-01,
         3.26726616e-02, -1.12896246e+00, -4.11804417e-01,
        -7.05903642e-01,  1.48900714e-01,  1.11581079e+00,
         6.25626817e-01, -4.30500476e-01, -3.85171069e-01,
        -8.49062971e-01,  5.61486854e-02, -3.22802290e-01,
         3.47038048e-01, -7.20495849e-01, -1.92451653e-01,
        -7.32472698e-02, -2.49732010e-01, -4.54518951e-01,
        -3.39856738e-01,  6.01486854e-02, -3.45697604e-01,
        -8.95822117e-01,  3.52679354e-01,  1.21786233e-01,
        -1.96904880e-01,  1.73175863e-02, -5.44948754e-01,
        -6.95756553e-01, -1.00000000e-02,  2.32428707e-01,
        -3.13617130e-01,  2.42734917e-01,  1.98039399e-02,
        -7.81831667e-01, -1.45049074e-01, -9.81959014e-01],
       [-3.42484115e-01, -7.95777034e-01,  1.10284252e-01,
        -1.23704431e-01,  7.32392704e-02, -3.84002097e-01,
         2.75788856e-01, -7.71955994e-01, -2.48788038e-01,
         4.25152158e-02, -1.40154032e+00, -4.94929045e-01,
        -7.87219151e-01,  4.15124788e-01,  1.17812167e+00,
         5.78519476e-01, -1.39613288e-01, -6.31459956e-01,
        -9.61056346e-01,  8.31680577e-02, -3.91682892e-01,
         5.18942141e-01, -1.05533551e+00, -1.55398739e-02,
        -1.38825927e-01, -2.64793788e-01, -4.88605694e-01,
        -4.14210632e-01,  6.81680577e-02, -3.59922421e-01,
        -7.96635980e-01,  2.42583592e-01,  8.02377621e-02,
        -2.46705010e-01,  5.75323801e-02, -5.96197252e-01,
        -7.70863953e-01, -1.00000000e-03,  2.20086768e-01,
        -1.54745961e-01,  1.20829524e-01,  4.85759303e-02,
        -9.46390780e-01, -1.73710770e-01, -1.09144206e+00],
       [ 1.00000000e-03,  7.00000000e-03,  4.00000000e-03,
        -3.00000000e-03,  9.00000000e-03,  7.00000000e-03,
        -3.00000000e-03,  1.00000000e-02,  7.00000000e-03,
         8.00000000e-03,  9.00000000e-03, -3.00000000e-03,
         3.00000000e-03,  3.00000000e-03, -6.00000000e-03,
        -9.00000000e-03, -7.00000000e-03, -4.00000000e-03,
         2.00000000e-03,  9.00000000e-03, -9.00000000e-03,
        -1.00000000e-02,  3.00000000e-03, -1.00000000e-02,
         8.00000000e-03,  4.00000000e-03, -3.00000000e-03,
         0.00000000e+00,  4.00000000e-03,  1.00000000e-02,
         7.00000000e-03,  1.00000000e-03,  8.00000000e-03,
        -7.00000000e-03,  5.00000000e-03,  1.00000000e-03,
         7.00000000e-03, -2.00000000e-03, -6.00000000e-03,
         4.00000000e-03, -3.00000000e-03,  4.00000000e-03,
        -9.00000000e-03, -4.00000000e-03, -7.00000000e-03]]), 'deltas': array([[0.00465193],
       [0.00467194],
       [0.00153878],
       [0.00450849],
       [0.00115081],
       [0.00422016],
       [0.0043657 ],
       [0.00010733],
       [0.00481725],
       [0.00414629],
       [0.        ]]), 'outputs': array([[0.77421423],
       [0.77283988],
       [0.93838017],
       [0.7838724 ],
       [0.95470395],
       [0.80235452],
       [0.79317115],
       [0.99595046],
       [0.76264327],
       [0.80691052],
       [1.        ]]), 'errors': 0.026611893878047396}, {'weights': array([[ 0.55540345,  0.49830706,  1.05088062,  0.54437414,  1.72783451,
         0.54953567,  0.56513723,  0.71722334,  0.47010931,  0.5558323 ,
        -2.94110636],
       [-0.27101004, -0.37105878,  0.63302008, -0.46746702, -0.2763427 ,
        -0.24761525, -0.23570129,  1.24596491, -0.41203576, -0.24055938,
        -2.23128974],
       [-0.24869841, -0.26586607,  0.20672004, -0.27133077, -0.03287267,
        -0.20056479, -0.21356509,  0.12343858, -0.28672355, -0.2180734 ,
        -2.44827606],
       [-0.39899972, -0.38165888, -0.43172454, -0.36864748, -0.85546935,
        -0.42017325, -0.41208622,  0.12666051, -0.36825516, -0.41160811,
        -1.87907473],
       [-0.5381772 , -0.50393488, -0.45698479, -0.51992921, -0.78564547,
        -0.55423886, -0.54343658, -0.14755513, -0.50820966, -0.5466005 ,
        -2.02717075],
       [-1.16962383, -1.1161158 , -2.36774903, -1.11279431, -1.48037562,
        -1.22975213, -1.21159023, -3.24436469, -1.0634804 , -1.24706707,
         1.71596067]]), 'deltas': array([[ 1.12609729e-03],
       [-6.44201369e-03],
       [-8.42054805e-04],
       [-3.34210852e-05],
       [-3.55278660e-06],
       [-9.17678318e-11]]), 'outputs': array([[9.65854610e-01],
       [8.38549495e-02],
       [2.94552282e-02],
       [5.79792966e-03],
       [1.88666430e-03],
       [9.57959868e-06]]), 'errors': array([[ 3.41453901e-02],
       [-8.38549495e-02],
       [-2.94552282e-02],
       [-5.79792966e-03],
       [-1.88666430e-03],
       [-9.57959868e-06]])}]
neural_net output [0.35971105 0.3441482  0.10090517 0.0744776  0.05062416 0.0160879 ]
target: 0 prediction: 0
neural_net output [0.63790026 0.32852144 0.09870594 0.04386644 0.02956377 0.0041164 ]
target: 0 prediction: 0
neural_net output [7.78792403e-01 1.94406872e-01 6.07250937e-02 2.37861102e-02
 1.19353706e-02 6.18392723e-04]
target: 0 prediction: 0
neural_net output [0.35971105 0.3441482  0.10090517 0.0744776  0.05062416 0.0160879 ]
target: 0 prediction: 0
neural_net output [9.27256547e-01 1.18130402e-01 3.97491694e-02 1.02723528e-02
 4.00047240e-03 4.93603946e-05]
target: 0 prediction: 0
neural_net output [0.31997333 0.23078506 0.09239274 0.06864092 0.05065416 0.05115465]
target: 0 prediction: 0
neural_net output [0.51132718 0.32931218 0.09949084 0.05576862 0.03798732 0.00828574]
target: 0 prediction: 0
neural_net output [0.62219349 0.30148946 0.09426939 0.04339166 0.02900009 0.00484614]
target: 0 prediction: 0
neural_net output [0.35971105 0.3441482  0.10090517 0.0744776  0.05062416 0.0160879 ]
target: 0 prediction: 0
neural_net output [0.65922306 0.31519815 0.09588927 0.04117108 0.02741919 0.00363959]
target: 0 prediction: 0
neural_net output [0.65922306 0.31519815 0.09588927 0.04117108 0.02741919 0.00363959]
target: 0 prediction: 0
neural_net output [0.63790026 0.32852144 0.09870594 0.04386644 0.02956377 0.0041164 ]
target: 0 prediction: 0
neural_net output [0.59096983 0.32565204 0.09924449 0.04809766 0.03279999 0.00574456]
target: 0 prediction: 0
neural_net output [0.28058768 0.32829394 0.09723002 0.08658777 0.05825758 0.02589586]
target: 0 prediction: 1
neural_net output [0.59096983 0.32565204 0.09924449 0.04809766 0.03279999 0.00574456]
target: 1 prediction: 0
neural_net output [0.65922306 0.31519815 0.09588927 0.04117108 0.02741919 0.00363959]
target: 1 prediction: 0
neural_net output [0.12496036 0.22391248 0.08348062 0.11698564 0.08041585 0.14771512]
target: 1 prediction: 1
neural_net output [0.22013348 0.31600689 0.09102018 0.09681564 0.06206661 0.0297809 ]
target: 1 prediction: 1
neural_net output [0.6884304  0.30990862 0.09318324 0.038176   0.02481965 0.00273274]
target: 1 prediction: 0
neural_net output [0.6884304  0.30990862 0.09318324 0.038176   0.02481965 0.00273274]
target: 1 prediction: 0
neural_net output [0.24705155 0.33767129 0.09629729 0.09230384 0.06058931 0.02535186]
target: 1 prediction: 1
neural_net output [0.14472855 0.29756776 0.09214943 0.12125665 0.08194977 0.08173328]
target: 1 prediction: 1
neural_net output [0.28058768 0.32829394 0.09723002 0.08658777 0.05825758 0.02589586]
target: 1 prediction: 1
neural_net output [0.59096983 0.32565204 0.09924449 0.04809766 0.03279999 0.00574456]
target: 1 prediction: 0
neural_net output [0.69105864 0.2583431  0.07757394 0.03415156 0.01977667 0.00174156]
target: 1 prediction: 0
neural_net output [0.09108955 0.22127869 0.08644362 0.1385795  0.10005774 0.27258378]
target: 1 prediction: 5
neural_net output [0.662956   0.30989787 0.09369404 0.04010411 0.02624266 0.00329406]
target: 1 prediction: 0
neural_net output [0.59096983 0.32565204 0.09924449 0.04809766 0.03279999 0.00574456]
target: 1 prediction: 0
neural_net output [0.68020431 0.3142746  0.09442922 0.03913253 0.02564538 0.00294646]
target: 1 prediction: 0
neural_net output [0.24827495 0.33790129 0.09715272 0.09262042 0.06139577 0.02688279]
target: 2 prediction: 1
neural_net output [0.59096983 0.32565204 0.09924449 0.04809766 0.03279999 0.00574456]
target: 2 prediction: 0
neural_net output [0.59096983 0.32565204 0.09924449 0.04809766 0.03279999 0.00574456]
target: 2 prediction: 0
neural_net output [0.30899417 0.27257482 0.08406686 0.07449329 0.04669607 0.01910244]
target: 3 prediction: 0
neural_net output [0.11622183 0.24828615 0.08689524 0.12820335 0.08862507 0.15400972]
target: 3 prediction: 1
neural_net output [0.05955233 0.10843128 0.07907628 0.12729732 0.10718437 0.75731023]
target: 3 prediction: 5
neural_net output [0.10167601 0.25688895 0.08890578 0.13966925 0.09792106 0.18742565]
target: 4 prediction: 1
neural_net output [0.10134687 0.24904335 0.0892861  0.13731971 0.09766966 0.20437731]
target: 4 prediction: 1
neural_net output [0.05291115 0.10354917 0.08007687 0.1323847  0.11459498 0.81779749]
target: 5 prediction: 5
neural_net output [0.05643363 0.11125353 0.08083532 0.13174764 0.11242947 0.77983103]
target: 5 prediction: 5
neural_net output [0.05252995 0.10211049 0.07990722 0.13212286 0.11463674 0.82296861]
target: 5 prediction: 5
neural_net output [0.05291115 0.10354917 0.08007687 0.1323847  0.11459498 0.81779749]
target: 5 prediction: 5
neural_net output [0.12098946 0.24059353 0.08313166 0.12445002 0.08332113 0.13053734]
target: 5 prediction: 1
neural_net output [0.05252995 0.10211049 0.07990722 0.13212286 0.11463674 0.82296861]
target: 5 prediction: 5
Accuracy: 53.48837209302325 %

train_data group 1 length:  172
   0   1   2   3   4   5   6   7   8  ...  36  37  38  39  40  41  42  43  44
0   0   1   0   0   0   0   0   1   0 ...   0   0   0   1   0   0   0   0   0
1   0   1   0   0   0   0   1   0   0 ...   0   0   0   0   1   0   0   0   0
2   0   0   1   0   0   0   0   1   0 ...   0   0   0   1   0   0   0   0   0
3   0   1   0   0   0   0   0   1   0 ...   0   0   0   1   0   0   0   0   0
4   0   0   1   0   0   0   1   0   0 ...   0   0   0   0   1   0   0   0   0

[5 rows x 45 columns]
Initial Neural Network:
[{'weights': array([[-0.004,  0.002,  0.006,  0.006,  0.004, -0.008,  0.008,  0.003,
        -0.009, -0.002, -0.007,  0.006,  0.009,  0.008, -0.001, -0.01 ,
         0.009, -0.007, -0.002, -0.003, -0.008,  0.005, -0.002, -0.01 ,
         0.008,  0.008, -0.007, -0.003, -0.01 ,  0.   , -0.006,  0.002,
        -0.007, -0.001, -0.005, -0.005,  0.003, -0.004, -0.008,  0.003,
        -0.003, -0.009, -0.008,  0.006,  0.004],
       [-0.006,  0.005,  0.005, -0.007,  0.002,  0.004,  0.01 , -0.01 ,
         0.005, -0.008, -0.001,  0.005, -0.008,  0.008,  0.005,  0.003,
        -0.008,  0.007, -0.009,  0.005, -0.002,  0.01 , -0.007,  0.008,
         0.004,  0.008,  0.005, -0.007,  0.01 ,  0.009, -0.007, -0.007,
         0.009,  0.008,  0.007,  0.005,  0.01 ,  0.004, -0.007, -0.005,
        -0.007, -0.006,  0.008,  0.008,  0.002],
       [ 0.001,  0.   ,  0.002, -0.008, -0.004,  0.005, -0.003,  0.007,
         0.   ,  0.002, -0.003, -0.009, -0.009,  0.006,  0.   ,  0.003,
        -0.008, -0.01 ,  0.002,  0.001,  0.003,  0.001, -0.001, -0.004,
         0.   ,  0.   ,  0.003,  0.002, -0.006, -0.008,  0.003,  0.008,
         0.003,  0.   ,  0.006,  0.005, -0.006, -0.007, -0.005,  0.001,
        -0.007,  0.005,  0.001, -0.009,  0.007],
       [-0.005,  0.007,  0.004,  0.003, -0.01 ,  0.   ,  0.006, -0.001,
        -0.009, -0.008,  0.01 ,  0.005,  0.009, -0.002, -0.008, -0.008,
         0.007, -0.001, -0.004,  0.005,  0.001,  0.   ,  0.007, -0.002,
         0.001,  0.009, -0.007, -0.006,  0.004, -0.005,  0.01 ,  0.001,
        -0.008,  0.006,  0.007,  0.006,  0.007,  0.   , -0.006, -0.007,
         0.006,  0.008,  0.009, -0.009, -0.01 ],
       [-0.002, -0.008,  0.009,  0.004,  0.01 ,  0.009,  0.009,  0.   ,
         0.007,  0.004, -0.006, -0.003,  0.003, -0.007, -0.001,  0.008,
        -0.006,  0.008,  0.007, -0.003, -0.006,  0.008,  0.008,  0.005,
        -0.007, -0.01 ,  0.007,  0.005, -0.003,  0.005,  0.004, -0.002,
         0.003,  0.   ,  0.004,  0.001,  0.007,  0.009,  0.   ,  0.003,
        -0.004, -0.003,  0.004,  0.009, -0.003],
       [ 0.006,  0.008,  0.007, -0.001, -0.006, -0.007,  0.005,  0.01 ,
        -0.005, -0.005, -0.005, -0.001,  0.007, -0.001, -0.003,  0.005,
         0.008,  0.   ,  0.003, -0.006, -0.007,  0.006, -0.004, -0.001,
        -0.01 , -0.008, -0.006,  0.01 ,  0.   , -0.01 ,  0.01 , -0.008,
        -0.007, -0.006,  0.008,  0.003,  0.008, -0.008,  0.002, -0.001,
         0.008, -0.004, -0.006, -0.005,  0.005],
       [-0.002,  0.002,  0.003, -0.005, -0.002, -0.005,  0.007, -0.009,
         0.009,  0.006,  0.007, -0.006,  0.001, -0.005, -0.001, -0.001,
         0.002, -0.001,  0.006,  0.009, -0.01 ,  0.003,  0.007, -0.01 ,
        -0.008,  0.008, -0.008,  0.005, -0.001, -0.009,  0.001, -0.006,
         0.006, -0.009, -0.007,  0.008, -0.004, -0.005, -0.005, -0.009,
        -0.002, -0.005, -0.004,  0.01 ,  0.005],
       [-0.008, -0.01 , -0.001,  0.002, -0.009, -0.005,  0.004,  0.006,
        -0.004,  0.005,  0.006, -0.007,  0.002,  0.008, -0.01 , -0.007,
         0.007, -0.002,  0.009, -0.009, -0.003, -0.01 ,  0.006,  0.008,
        -0.004,  0.003, -0.005, -0.01 , -0.004,  0.006, -0.004,  0.003,
         0.004, -0.001, -0.002, -0.004,  0.002, -0.001, -0.007,  0.009,
        -0.007, -0.008, -0.009, -0.006,  0.004],
       [ 0.005, -0.002,  0.001, -0.006,  0.002,  0.   , -0.005,  0.008,
         0.006, -0.01 ,  0.008,  0.001, -0.009, -0.01 ,  0.004, -0.007,
         0.009,  0.008, -0.004,  0.005, -0.005, -0.004, -0.001, -0.006,
         0.   ,  0.004, -0.003,  0.007, -0.009,  0.01 , -0.008, -0.004,
        -0.007,  0.004, -0.009, -0.002,  0.007, -0.005,  0.   ,  0.005,
         0.   , -0.006, -0.003,  0.007, -0.007],
       [ 0.009, -0.008,  0.   ,  0.003, -0.004,  0.008,  0.009,  0.007,
        -0.009,  0.004, -0.002,  0.01 , -0.01 ,  0.   , -0.002, -0.001,
         0.001,  0.005,  0.005,  0.006,  0.007, -0.009,  0.01 ,  0.006,
         0.01 , -0.01 ,  0.002, -0.008,  0.003, -0.005,  0.003, -0.004,
         0.003, -0.002,  0.01 , -0.003, -0.001, -0.006, -0.004, -0.009,
        -0.003,  0.009,  0.003,  0.008,  0.008],
       [-0.001,  0.01 , -0.002, -0.004, -0.001, -0.003,  0.006,  0.002,
        -0.005, -0.01 , -0.001,  0.001, -0.004, -0.01 , -0.007,  0.009,
        -0.009,  0.004, -0.001,  0.004, -0.008, -0.002,  0.005, -0.006,
         0.009, -0.009, -0.009,  0.007, -0.003,  0.008, -0.003, -0.004,
        -0.002, -0.01 , -0.004,  0.003,  0.   , -0.005,  0.005, -0.01 ,
         0.002, -0.003,  0.003,  0.004, -0.002]]), 'deltas': array([[0.],
       [0.],
       [0.],
       [0.],
       [0.],
       [0.],
       [0.],
       [0.],
       [0.],
       [0.],
       [0.]]), 'outputs': array([[0.],
       [0.],
       [0.],
       [0.],
       [0.],
       [0.],
       [0.],
       [0.],
       [0.],
       [0.],
       [0.]]), 'errors': array([[0.],
       [0.],
       [0.],
       [0.],
       [0.],
       [0.],
       [0.],
       [0.],
       [0.],
       [0.],
       [0.]])}, {'weights': array([[ 0.   , -0.003,  0.008, -0.01 , -0.004, -0.003, -0.004, -0.006,
         0.007, -0.002,  0.001],
       [-0.006,  0.009,  0.004,  0.008,  0.002,  0.005,  0.01 , -0.007,
        -0.006,  0.   ,  0.007],
       [ 0.007,  0.002,  0.01 , -0.003, -0.005,  0.008,  0.004,  0.009,
        -0.006,  0.009,  0.004],
       [-0.005, -0.004,  0.006, -0.01 , -0.002,  0.005, -0.002,  0.006,
        -0.005, -0.007, -0.005],
       [-0.01 ,  0.005, -0.004, -0.003,  0.008,  0.006,  0.005,  0.003,
        -0.002, -0.007,  0.009],
       [ 0.002, -0.006,  0.007,  0.001, -0.006, -0.007,  0.004, -0.002,
         0.005, -0.008, -0.009]]), 'deltas': array([[0.],
       [0.],
       [0.],
       [0.],
       [0.],
       [0.],
       [0.]]), 'outputs': array([[0.],
       [0.],
       [0.],
       [0.],
       [0.],
       [0.],
       [0.]]), 'errors': array([[0.],
       [0.],
       [0.],
       [0.],
       [0.],
       [0.],
       [0.]])}]
Training complete!
Training done. epoch: 45 , total error: 0.008602577265781241
[{'weights': array([[-7.50631458e-01, -1.37648124e-01, -1.94326117e+00,
         1.32971057e+00,  3.84223362e-01,  1.02720955e+00,
         1.30637390e+00, -2.81841675e+00, -6.52773528e-01,
        -2.00000000e-03,  3.94185475e-01,  5.49289390e-01,
        -4.78021204e-01, -3.92037548e+00,  2.33831499e+00,
        -1.34463045e+00,  2.04612950e+00, -1.22168350e+00,
        -7.79600244e-01,  1.55177868e-01,  4.38519186e-01,
         1.75235509e+00, -7.90335524e-01, -2.17670092e+00,
        -3.62444654e-01,  7.65663920e-02, -2.65005699e-01,
        -6.84698958e-01, -2.70468559e-01,  4.22936153e-01,
        -2.61553394e+00, -2.24060953e+00,  1.75866579e+00,
         1.53093469e+00, -4.32092095e-01, -7.00610501e-01,
        -6.28569543e-01,  5.39148350e-01,  7.15169651e-02,
        -3.72283555e+00,  9.13206010e-01, -2.19711794e-01,
         1.99720649e+00, -1.10471978e-01, -1.12760682e+00],
       [-7.40758006e-01,  6.46483946e-01, -1.29710050e+00,
         9.72329331e-01,  3.80395853e-01,  7.73760246e-01,
         3.80749087e+00, -1.76111480e+00, -2.84878569e+00,
        -8.00000000e-03, -2.99971893e+00,  7.02741287e-01,
        -1.97128939e+00,  1.68713159e-01,  4.07090450e+00,
         2.28360378e+00, -2.55114728e-01,  1.74921298e-01,
        -2.04872718e+00, -1.94332545e-01, -1.86579750e+00,
        -1.61243659e-01,  8.25128805e-01,  1.44864532e+00,
        -2.71382337e-01,  2.50177325e+00, -1.00480740e+00,
        -1.25306703e+00, -2.65548198e-01, -4.74641294e-01,
        -3.37561184e+00,  2.34887352e+00,  9.17869282e-01,
         5.57860962e-01,  2.71991916e+00, -1.99008749e+00,
        -1.10517955e+00,  3.91184266e-01, -3.44857571e-02,
        -2.01538835e+00,  7.01591868e-01,  7.88288290e-01,
         1.91658096e-01,  2.94200721e-01, -3.56493757e-02],
       [-8.20793975e-01,  5.96671756e-01, -2.02385862e+00,
         3.35524587e-01,  3.84845725e-01,  7.60511836e-01,
        -4.71456242e-01, -6.27910070e-01, -1.17075605e+00,
         2.00000000e-03, -1.28591667e+00,  3.96069713e-01,
        -1.16917448e+00, -4.07777550e+00,  4.60318641e+00,
        -2.41240509e+00, -8.39286900e-01,  2.62348783e+00,
        -8.91924897e-01, -1.04814726e-02,  1.99604362e-01,
         7.30817298e-01,  3.37683689e-01, -2.47263641e+00,
        -3.15079461e-01, -1.18402765e-01, -6.98337405e-01,
        -6.40878560e-01, -6.19917963e-02, -4.89265427e-02,
        -9.46913786e-01, -2.63809702e+00,  1.30842624e+00,
         8.12900583e-01,  4.03151647e-01, -1.37032911e+00,
        -7.19436667e-01,  1.80682765e-01, -1.96791571e-02,
        -5.07624279e+00, -2.49681752e-01,  1.96886851e+00,
         1.80618266e+00,  2.32628360e-02, -1.51161053e+00],
       [-1.22432198e+00,  1.03872859e-01, -3.28661371e+00,
         2.35855814e+00,  3.30924840e-01,  1.46428845e+00,
         1.23870622e-01, -1.88112823e+00, -1.42761070e+00,
        -8.00000000e-03, -2.67061713e+00, -1.56160886e-01,
        -1.88491413e+00,  3.71144290e-01,  2.63796800e+00,
        -1.27001310e+00, -4.31774562e+00,  5.19782488e+00,
        -1.14776144e+00, -1.79884576e-01,  3.83507955e-01,
        -1.97137263e+00,  1.26121535e+00, -7.96212424e-01,
        -5.86718105e-01,  6.06633831e-01, -1.17163691e+00,
        -9.46813188e-01, -2.04763587e-01,  8.34971060e-02,
        -1.29079014e+00, -3.99241984e+00,  1.30190018e+00,
         2.18523284e+00,  1.61137548e+00, -2.23856286e+00,
        -1.15895674e+00,  2.14461515e-01, -1.30897235e-01,
        -2.95167971e+00, -1.34992628e+00,  2.20081931e+00,
         2.62770185e-01,  1.28436644e-01, -1.72657985e+00],
       [-4.15454568e-01, -2.96038431e-01, -1.91415483e+00,
         1.35449081e+00,  3.48879000e-01,  1.34124699e+00,
        -8.50026845e-01, -2.78785329e-01, -1.12271283e+00,
         4.00000000e-03, -4.59628351e-01,  1.28635323e+00,
        -8.11567058e-01,  1.14952907e+00, -2.11396491e+00,
        -1.71081758e-01, -1.11445446e+00,  8.70900193e-01,
        -7.77620321e-01,  2.70978334e-01,  9.79822565e-01,
        -7.88217031e-01, -8.63219783e-01, -7.97507130e-01,
         5.41843364e-01,  9.78829677e-01, -7.07405382e-01,
        -6.39311661e-01, -5.68390649e-01,  3.52345856e-01,
        -2.92723415e+00, -1.50809069e+00,  1.09149643e+00,
         2.06620454e+00,  5.46274460e-01, -1.28857673e+00,
        -6.86502836e-01,  9.64286799e-01, -4.49759706e-01,
        -9.08681912e-01, -5.63789798e-01,  4.70316802e-01,
         1.36462848e-01, -6.05859557e-02, -9.38278015e-01],
       [-4.91687413e-01,  7.01632674e-01, -2.38453966e+00,
         6.03844964e-01,  4.39621646e-01,  7.34495376e-01,
        -1.61635457e+00,  4.03299367e-01, -6.63567963e-01,
        -5.00000000e-03, -2.92452541e-01,  7.94746813e-01,
        -6.98175343e-01, -3.35684373e+00,  2.40459701e+00,
        -2.29365660e+00,  2.74968270e+00, -9.44157258e-01,
        -7.85374123e-01,  1.38377493e-01,  4.19950975e-01,
         5.90549777e-01, -1.58036222e-01, -1.57804341e+00,
        -4.35548907e-01, -3.64505520e-02, -3.69358228e-01,
        -6.43374299e-01, -9.99447070e-02,  2.77209349e-01,
        -1.70638985e+00, -2.13867223e+00,  1.65665476e+00,
         7.45070176e-01, -3.49797081e-01, -6.51032423e-01,
        -6.25768844e-01,  3.62396247e-01,  1.32074314e-01,
        -4.68384689e+00,  2.41078057e+00, -4.48866619e-01,
         1.69742825e+00, -1.28623099e-01, -1.14012779e+00],
       [-4.52530135e-01, -3.59821640e-01, -1.75024269e+00,
         1.32338748e+00,  3.36317869e-01,  1.33022318e+00,
        -9.72050311e-01, -1.73666193e-01, -1.08139579e+00,
         6.00000000e-03, -2.85237525e-01,  1.34754849e+00,
        -8.52018234e-01,  1.00828889e+00, -2.12147073e+00,
        -1.90733274e-01, -7.72754163e-01,  6.65111316e-01,
        -7.68645575e-01,  1.83132585e-01,  9.28952303e-01,
        -6.61273752e-01, -8.92338129e-01, -8.55127127e-01,
         5.62897593e-01,  1.01205550e+00, -7.19792419e-01,
        -6.35951174e-01, -5.51201024e-01,  3.38486046e-01,
        -3.10395429e+00, -1.31933700e+00,  1.09537422e+00,
         2.07354191e+00,  5.41395683e-01, -1.20431066e+00,
        -6.83928739e-01,  8.37524310e-01, -4.02569702e-01,
        -1.06765198e+00, -4.49212028e-01,  4.93579037e-01,
         1.74020577e-01, -5.96247193e-02, -8.93889112e-01],
       [-1.55745384e-01, -3.31895710e-01, -1.54273152e+00,
         9.81981089e-01,  3.21482085e-01,  1.26709841e+00,
        -9.63193464e-01,  2.57402096e-01, -1.26121648e+00,
         5.00000000e-03,  2.28390078e-01,  1.35818872e+00,
        -6.58059502e-01,  7.79805540e-01, -2.41023427e+00,
        -7.77429658e-04, -4.80390017e-01, -1.41827254e-01,
        -7.85726923e-01,  7.05812185e-01,  1.22694161e+00,
        -7.66070846e-01, -1.26960728e+00, -1.03939927e+00,
         1.14422635e+00,  9.32096088e-01, -5.95570388e-01,
        -7.06312427e-01, -3.47122711e-01,  6.36460951e-01,
        -3.56829953e+00, -8.53827970e-01,  1.08390022e+00,
         2.00885689e+00,  5.45411975e-01, -1.25325930e+00,
        -6.64500158e-01,  1.17319965e+00, -5.13761613e-01,
        -9.72089344e-01, -2.51391758e-01,  4.50872265e-01,
         1.34257175e-01, -8.35577779e-02, -6.96909439e-01],
       [-6.34980526e-03, -1.24889171e+00, -1.17666503e-01,
         4.27994414e-01,  3.24325109e-01,  1.26734480e+00,
        -1.44534743e+00,  1.15593845e+00, -1.58952432e+00,
        -1.00000000e-02,  9.00045298e-01,  2.28473544e+00,
        -1.18896465e+00,  6.44807524e-01, -3.26721211e+00,
        -8.45328446e-01,  1.23885794e+00, -1.22945057e+00,
        -7.87935387e-01,  1.01426797e+00,  1.06070138e+00,
        -5.82992636e-01, -1.59287762e+00, -1.09631289e+00,
         1.57489327e+00,  9.25816462e-01, -6.50112028e-01,
        -8.33713316e-01, -6.35796146e-02,  8.05474653e-01,
        -4.79629572e+00,  2.96782749e-01,  9.93293986e-01,
         2.07515584e+00,  5.72451954e-01, -1.23733959e+00,
        -6.12469324e-01,  1.17531210e+00, -5.27543644e-01,
        -9.31584002e-01, -3.28014172e-01,  5.32241947e-01,
         1.86665277e-01, -7.68975477e-02, -6.27588497e-01],
       [-1.59550618e+00,  2.97177866e+00, -4.82107088e+00,
         1.56930069e+00,  3.81037800e-01,  3.36654498e-01,
         6.93534481e-01,  1.44256534e-01, -2.65390543e+00,
         4.00000000e-03, -3.18226818e+00,  2.81831363e-01,
        -6.43048896e-01,  7.41501815e-01,  1.30352399e+00,
        -2.39232201e+00,  2.89879752e+00,  3.16789708e-01,
        -2.19444065e+00, -1.07284481e-01, -6.33743202e-01,
        -9.10105977e-01, -1.17097272e+00,  1.02632087e+00,
         2.18041115e-01,  2.54464305e+00, -1.44814182e+00,
        -2.38080719e+00, -2.23153964e-01, -6.33401173e-01,
        -4.68853176e+00,  9.33165771e-01,  1.17143632e+00,
         1.71787093e+00,  1.92190694e+00, -1.57538311e+00,
        -1.81645766e+00,  3.85883557e-01, -4.14409644e-01,
         2.37273560e+00, -3.68863034e+00,  8.07897525e-01,
        -8.00037955e-01, -1.78424745e-01, -1.48645992e+00],
       [-1.00000000e-03,  1.00000000e-02, -2.00000000e-03,
        -4.00000000e-03, -1.00000000e-03, -3.00000000e-03,
         6.00000000e-03,  2.00000000e-03, -5.00000000e-03,
        -1.00000000e-02, -1.00000000e-03,  1.00000000e-03,
        -4.00000000e-03, -1.00000000e-02, -7.00000000e-03,
         9.00000000e-03, -9.00000000e-03,  4.00000000e-03,
        -1.00000000e-03,  4.00000000e-03, -8.00000000e-03,
        -2.00000000e-03,  5.00000000e-03, -6.00000000e-03,
         9.00000000e-03, -9.00000000e-03, -9.00000000e-03,
         7.00000000e-03, -3.00000000e-03,  8.00000000e-03,
        -3.00000000e-03, -4.00000000e-03, -2.00000000e-03,
        -1.00000000e-02, -4.00000000e-03,  3.00000000e-03,
         0.00000000e+00, -5.00000000e-03,  5.00000000e-03,
        -1.00000000e-02,  2.00000000e-03, -3.00000000e-03,
         3.00000000e-03,  4.00000000e-03, -2.00000000e-03]]), 'deltas': array([[1.00462767e-03],
       [4.39665553e-05],
       [2.60475910e-02],
       [2.96374608e-03],
       [2.37748029e-02],
       [2.77264058e-02],
       [2.66700675e-02],
       [2.78354258e-02],
       [2.07446045e-02],
       [5.02125724e-03],
       [0.00000000e+00]]), 'outputs': array([[0.00908807],
       [0.99960573],
       [0.37151058],
       [0.027313  ],
       [0.30795107],
       [0.53821837],
       [0.39545501],
       [0.47801388],
       [0.75307207],
       [0.95275764],
       [1.        ]]), 'errors': 0.11155740586079849}, {'weights': array([[-0.75765941,  3.14729692, -0.47799664, -1.58476436, -1.13123423,
        -0.78079971, -1.04132217, -1.12207338, -2.15771209, -1.04911491,
        -1.78294235],
       [ 1.38587056,  1.09309204,  0.48671414,  1.62293923,  0.94861822,
         1.47391353,  1.00309701,  0.71341092,  1.34103028,  2.15268626,
        -4.04305262],
       [-0.53322557,  0.88880327, -0.34852323, -0.59630543, -0.473245  ,
        -0.50940872, -0.47153811, -0.52973858, -0.7603469 , -0.34416447,
        -2.73427735],
       [-0.47158315, -0.74100269, -0.73402936, -0.7895078 , -0.00850887,
        -0.62194806, -0.29940515,  1.17315877,  2.4912449 , -1.79176891,
        -1.94369339],
       [-0.6187689 , -0.50242023, -0.71045485, -1.02580859, -0.45305442,
        -0.62444673, -0.44989502, -0.39620591, -0.07863258,  0.39454578,
        -2.69329794],
       [-1.41608228, -5.15168355, -1.38017904, -1.75487193, -1.57371706,
        -1.3646627 , -1.47871962, -1.88937998, -2.19803091, -3.62772538,
         2.08790648]]), 'deltas': array([[-1.46652034e-03],
       [ 9.74963383e-03],
       [-5.10453000e-04],
       [-3.71028340e-03],
       [-3.06356963e-04],
       [-1.12515898e-10]]), 'outputs': array([[3.90658458e-02],
       [8.95667212e-01],
       [2.28559131e-02],
       [6.29239718e-02],
       [1.76596826e-02],
       [1.06074074e-05]]), 'errors': array([[-3.90658458e-02],
       [ 1.04332788e-01],
       [-2.28559131e-02],
       [-6.29239718e-02],
       [-1.76596826e-02],
       [-1.06074074e-05]])}]
Accuracy: 59.523809523809526 %

train_data group 2 length:  172
   0   1   2   3   4   5   6   7   8  ...  36  37  38  39  40  41  42  43  44
0   0   1   0   0   0   0   0   1   0 ...   0   0   0   1   0   0   0   0   0
1   0   1   0   0   0   0   1   0   0 ...   0   0   0   0   1   0   0   0   0
2   0   0   1   0   0   0   0   1   0 ...   0   0   0   1   0   0   0   0   0
3   0   1   0   0   0   0   0   1   0 ...   0   0   0   1   0   0   0   0   0
4   0   0   1   0   0   0   1   0   0 ...   0   0   0   0   1   0   0   0   0

[5 rows x 45 columns]
Initial Neural Network:
[{'weights': array([[-0.002,  0.006, -0.001,  0.001, -0.003, -0.003,  0.001,  0.004,
         0.003,  0.002, -0.001,  0.004,  0.002,  0.   , -0.008, -0.006,
         0.01 , -0.003,  0.009,  0.009,  0.003, -0.007, -0.009, -0.005,
        -0.002, -0.002,  0.006, -0.002, -0.002,  0.003,  0.008,  0.009,
         0.01 ,  0.008, -0.003, -0.005, -0.007,  0.008,  0.007, -0.002,
        -0.008, -0.003, -0.009,  0.008, -0.005],
       [-0.006,  0.006,  0.   ,  0.008,  0.005,  0.008,  0.002, -0.006,
        -0.01 ,  0.002,  0.005,  0.   ,  0.003, -0.009,  0.002,  0.006,
         0.007, -0.008,  0.009,  0.006, -0.004, -0.002, -0.005,  0.01 ,
        -0.004, -0.003,  0.001,  0.005,  0.01 ,  0.003,  0.001, -0.005,
        -0.001,  0.004, -0.009,  0.001,  0.01 ,  0.   ,  0.007, -0.004,
        -0.007, -0.006, -0.008,  0.003,  0.006],
       [ 0.01 ,  0.   ,  0.005, -0.004, -0.01 , -0.005,  0.   ,  0.002,
         0.006, -0.004, -0.008, -0.005, -0.003, -0.009, -0.006, -0.007,
         0.01 , -0.009, -0.007,  0.   , -0.006, -0.001,  0.005,  0.001,
         0.008,  0.008, -0.001, -0.002, -0.009, -0.007, -0.002, -0.009,
         0.006, -0.006,  0.009, -0.008, -0.004, -0.001,  0.003, -0.009,
        -0.006,  0.003,  0.004,  0.006, -0.007],
       [-0.002,  0.002, -0.004,  0.01 ,  0.003,  0.007,  0.   , -0.01 ,
        -0.006, -0.008, -0.003, -0.007,  0.   , -0.009, -0.002, -0.01 ,
        -0.001, -0.003,  0.009, -0.007,  0.003, -0.001,  0.009, -0.001,
        -0.006, -0.009, -0.002,  0.007, -0.001, -0.002, -0.003, -0.003,
        -0.009, -0.008,  0.009,  0.007, -0.01 ,  0.002,  0.005,  0.01 ,
         0.   , -0.007, -0.001, -0.007,  0.01 ],
       [-0.008,  0.003,  0.007, -0.01 ,  0.01 ,  0.004,  0.002,  0.002,
         0.008, -0.002,  0.001, -0.006,  0.002,  0.009,  0.003,  0.009,
         0.007,  0.009,  0.003, -0.008, -0.003, -0.007, -0.009, -0.007,
        -0.004,  0.01 , -0.006, -0.004, -0.006,  0.01 , -0.009,  0.008,
        -0.002,  0.01 , -0.002,  0.003, -0.001,  0.005,  0.008,  0.001,
        -0.005,  0.002, -0.005, -0.005,  0.01 ],
       [ 0.005,  0.007,  0.009,  0.002, -0.005, -0.009, -0.002,  0.009,
         0.006,  0.   ,  0.006,  0.004, -0.005,  0.009, -0.004, -0.004,
         0.003,  0.009, -0.003, -0.01 ,  0.006,  0.009,  0.009,  0.003,
         0.   ,  0.001,  0.005, -0.006, -0.005,  0.   , -0.003,  0.007,
        -0.002,  0.01 ,  0.001, -0.003,  0.006, -0.009,  0.01 , -0.01 ,
         0.   , -0.004,  0.006,  0.006, -0.008],
       [-0.005, -0.001,  0.01 ,  0.007,  0.009,  0.003,  0.008,  0.004,
         0.008,  0.006, -0.005,  0.009, -0.006, -0.002,  0.007, -0.004,
        -0.01 ,  0.001,  0.003, -0.01 ,  0.003, -0.009, -0.009,  0.001,
         0.009, -0.002,  0.001, -0.001,  0.007,  0.004, -0.01 , -0.009,
        -0.001, -0.009, -0.009, -0.003, -0.006,  0.01 , -0.009,  0.008,
         0.003,  0.005, -0.008, -0.007, -0.006],
       [ 0.005,  0.004,  0.008, -0.01 ,  0.009,  0.01 ,  0.007,  0.   ,
         0.006, -0.005,  0.   ,  0.006, -0.008, -0.004,  0.001,  0.007,
        -0.008,  0.002,  0.01 , -0.004, -0.007, -0.002,  0.007,  0.002,
         0.006,  0.009, -0.004, -0.001,  0.005,  0.007, -0.007,  0.   ,
         0.001, -0.002, -0.006,  0.01 , -0.001, -0.007,  0.01 , -0.003,
        -0.006,  0.001,  0.   ,  0.001, -0.003],
       [ 0.007,  0.001, -0.003, -0.003,  0.005, -0.01 , -0.003, -0.001,
        -0.003,  0.008, -0.003, -0.002, -0.005,  0.009, -0.005,  0.007,
        -0.001, -0.007,  0.006, -0.005,  0.009, -0.002,  0.   , -0.008,
         0.002,  0.01 ,  0.   ,  0.002, -0.005, -0.01 , -0.007, -0.003,
         0.009, -0.001, -0.01 , -0.003,  0.001, -0.001, -0.002,  0.006,
        -0.003,  0.005, -0.005,  0.008,  0.009],
       [-0.001,  0.001,  0.007, -0.01 , -0.007,  0.01 , -0.005,  0.005,
        -0.001,  0.003,  0.007, -0.001, -0.002,  0.   ,  0.01 ,  0.004,
        -0.007,  0.007, -0.002, -0.006, -0.001,  0.001,  0.004, -0.005,
        -0.005, -0.006,  0.008, -0.01 , -0.01 ,  0.   , -0.008,  0.01 ,
        -0.002, -0.002, -0.006, -0.003, -0.005, -0.008, -0.005, -0.008,
         0.006, -0.009, -0.003, -0.008, -0.008],
       [ 0.005,  0.006,  0.002,  0.004,  0.009, -0.003, -0.003,  0.004,
         0.001,  0.006,  0.002,  0.004, -0.003,  0.009,  0.007,  0.004,
         0.009,  0.002,  0.003, -0.008,  0.009, -0.006,  0.005, -0.006,
        -0.001,  0.006, -0.008,  0.001, -0.007, -0.007,  0.003, -0.005,
         0.002, -0.004,  0.008, -0.009, -0.001,  0.003,  0.006,  0.002,
        -0.004, -0.007, -0.005,  0.003, -0.003]]), 'deltas': array([[0.],
       [0.],
       [0.],
       [0.],
       [0.],
       [0.],
       [0.],
       [0.],
       [0.],
       [0.],
       [0.]]), 'outputs': array([[0.],
       [0.],
       [0.],
       [0.],
       [0.],
       [0.],
       [0.],
       [0.],
       [0.],
       [0.],
       [0.]]), 'errors': array([[0.],
       [0.],
       [0.],
       [0.],
       [0.],
       [0.],
       [0.],
       [0.],
       [0.],
       [0.],
       [0.]])}, {'weights': array([[-0.007, -0.007,  0.002, -0.007,  0.006,  0.003,  0.004, -0.007,
         0.006, -0.007,  0.009],
       [ 0.008,  0.006,  0.   , -0.002, -0.002, -0.009, -0.008, -0.01 ,
         0.002,  0.005,  0.009],
       [-0.007,  0.007, -0.006, -0.003, -0.006, -0.003, -0.006,  0.   ,
         0.006,  0.   , -0.005],
       [-0.009, -0.002,  0.   ,  0.002,  0.009, -0.007,  0.   , -0.006,
        -0.004,  0.   ,  0.01 ],
       [-0.01 , -0.002, -0.003,  0.004, -0.008, -0.008, -0.005,  0.006,
         0.001,  0.   , -0.009],
       [ 0.002,  0.003,  0.004, -0.003,  0.003, -0.002, -0.005,  0.   ,
         0.001, -0.003, -0.007]]), 'deltas': array([[0.],
       [0.],
       [0.],
       [0.],
       [0.],
       [0.],
       [0.]]), 'outputs': array([[0.],
       [0.],
       [0.],
       [0.],
       [0.],
       [0.],
       [0.]]), 'errors': array([[0.],
       [0.],
       [0.],
       [0.],
       [0.],
       [0.],
       [0.]])}]
Training complete!
Training done. epoch: 49 , total error: 0.005905494384298138
[{'weights': array([[ 1.03195465e+00, -2.37609634e+00,  2.83419409e-01,
        -4.30793010e-01,  2.62891644e-01,  4.37418517e-02,
         4.52998698e-01, -8.28122173e-01, -1.08909722e+00,
         1.97855198e-01, -1.46414628e+00, -5.99954060e-01,
        -9.75472888e-01,  7.84021190e-02,  1.72854747e+00,
         1.60967358e+00, -1.48387448e+00, -1.27504627e+00,
        -9.69827110e-01,  9.08450641e-01, -7.37814454e-01,
         7.63150472e-01, -8.81195494e-01, -2.14229135e-01,
        -1.79535036e-01, -9.24101979e-01, -3.02681849e-01,
        -3.36586691e-01,  3.33746872e-01,  1.32281074e-01,
        -1.94911529e+00,  1.05550335e+00,  1.83226023e-01,
        -6.13518806e-01, -7.30595359e-01, -6.83709363e-01,
        -7.94753370e-01,  6.85625554e-01,  2.93808892e-01,
        -7.59202640e-01,  3.08992773e-01, -6.00688528e-01,
        -8.35752622e-02, -1.09149990e-01, -1.23462365e+00],
       [ 1.08449889e+00, -2.33708381e+00,  4.54051768e-01,
        -5.82068613e-01,  2.84647541e-01,  8.82184828e-02,
         2.92568145e-01, -6.00852915e-01, -1.12548212e+00,
         2.32594183e-01, -1.34999435e+00, -5.83061406e-01,
        -8.56693854e-01, -2.94405124e-01,  1.97620051e+00,
         1.83123818e+00, -1.81827745e+00, -1.28289871e+00,
        -9.47342135e-01,  1.12832589e+00, -5.66540988e-01,
         8.31461451e-01, -1.00859282e+00, -2.32255011e-01,
        -1.38026855e-01, -1.02299530e+00, -1.80544576e-01,
        -3.19500562e-01,  4.27086216e-01,  3.43668619e-01,
        -1.79025937e+00,  8.28947092e-01,  2.03597282e-01,
        -6.92907852e-01, -7.48317963e-01, -7.07730727e-01,
        -7.65839877e-01,  8.14623580e-01,  3.07310760e-01,
        -5.25370503e-01,  2.13094646e-01, -5.79388110e-01,
        -1.34410349e-01, -1.04879911e-01, -1.10295423e+00],
       [-2.91360667e-01, -1.34804711e-01, -2.18992588e-01,
        -8.95601650e-01,  7.05244455e-02, -4.29952930e-01,
         7.58061601e-01, -5.01059835e-01, -1.52749298e+00,
         2.28208975e-01, -3.13780894e+00, -1.32901533e+00,
        -2.00542012e+00,  1.96301906e+00,  3.00699015e+00,
         4.17969929e-01,  3.36809894e+00, -3.62034607e+00,
        -1.86609487e+00,  2.16136907e-01, -1.59606800e+00,
         1.76908759e+00,  1.18812815e+00, -1.90905319e+00,
        -9.16329712e-01,  1.60775251e-01, -9.26737343e-01,
        -9.10045440e-01,  2.00772361e-01, -8.50344116e-01,
         9.15447781e-01, -7.72032419e-01, -1.91709046e-01,
        -5.90597371e-01, -2.98237170e-01, -6.64679640e-01,
        -1.21591252e+00,  4.15415234e-01,  2.91178926e-01,
        -4.29973006e-01, -1.11960318e+00, -8.44734968e-02,
         2.55954900e-01, -9.51403884e-02, -1.47823517e+00],
       [ 8.37889045e-01, -2.42094931e+00,  3.17873101e-01,
        -3.45348330e-01,  2.73104057e-01,  4.15688582e-02,
         3.28864939e-01, -8.06904886e-01, -1.09873981e+00,
         1.71779462e-01, -1.56278300e+00, -6.33427812e-01,
        -1.07752288e+00,  1.24611733e-01,  1.78169052e+00,
         1.65519630e+00, -1.52316100e+00, -1.19443717e+00,
        -9.81677013e-01,  6.85647446e-01, -8.97777024e-01,
         8.13647746e-01, -8.35756620e-01, -2.16143462e-01,
        -2.06402080e-01, -8.81719188e-01, -3.90584555e-01,
        -3.38215284e-01,  2.59087586e-01, -2.12111457e-02,
        -1.95659320e+00,  1.04930080e+00,  1.63064706e-01,
        -6.05992603e-01, -7.29781884e-01, -6.47697179e-01,
        -7.96747735e-01,  5.50958187e-01,  2.89837171e-01,
        -8.31309655e-01,  3.17430660e-01, -6.21236137e-01,
        -8.68842640e-02, -1.29432044e-01, -1.33643144e+00],
       [-2.82636294e-01,  1.23513198e+00, -1.61085082e+00,
        -6.79255131e-01,  5.91205382e-01, -6.86754409e-01,
         1.68965169e+00, -8.19159688e-01, -1.52166061e+00,
         6.03518124e-01, -1.11056311e+00, -1.40022919e+00,
        -6.63168337e-01,  1.11583912e+00,  1.31871663e+00,
         2.35172303e-01,  1.14078183e+00,  1.08099464e+00,
        -3.24915723e+00,  6.38035736e-02, -2.19194611e+00,
         1.95635385e+00,  4.89889290e-01, -1.70186794e-02,
        -1.01568324e+00,  1.77932263e+00, -1.62809676e+00,
        -1.46630220e+00,  5.60671440e-01, -4.22797058e-01,
        -1.26435190e+00, -4.26712563e-01,  1.30432677e+00,
         7.81298691e-02,  2.29361112e+00, -1.62924499e+00,
        -1.95092083e+00,  3.41963475e-01,  2.09186336e-01,
        -9.46830808e-01, -9.19754473e-02, -2.16339605e-01,
         2.00374261e-01,  2.94366715e-01, -7.38404885e-01],
       [-3.13510904e-01, -1.10968516e-01, -2.49720739e-01,
        -8.99789551e-01,  9.20796237e-02, -4.17432156e-01,
         6.88992618e-01, -4.82403533e-01, -1.51134770e+00,
         2.26280684e-01, -3.13760864e+00, -1.33150850e+00,
        -2.06547628e+00,  2.03046459e+00,  3.01421875e+00,
         4.05838182e-01,  3.34606828e+00, -3.57746685e+00,
        -1.84700700e+00,  1.67657305e-01, -1.60497619e+00,
         1.82823174e+00,  1.14021120e+00, -1.90046310e+00,
        -9.35913738e-01,  1.51908241e-01, -9.49807824e-01,
        -9.05332164e-01,  1.98321660e-01, -8.79326675e-01,
         9.39089509e-01, -7.48233007e-01, -2.33994067e-01,
        -5.65445846e-01, -3.14848767e-01, -6.40688604e-01,
        -1.20844178e+00,  3.66038055e-01,  3.03031007e-01,
        -4.49389359e-01, -1.09368192e+00, -1.13607714e-01,
         2.54689558e-01, -9.99206508e-02, -1.50791009e+00],
       [ 1.12026595e+00, -2.35850826e+00,  7.61113016e-01,
        -7.57770342e-01,  2.84691742e-01,  8.37465078e-02,
         1.52123308e-01, -3.13588353e-01, -1.12349986e+00,
         2.60010506e-01, -1.33632536e+00, -5.69951690e-01,
        -8.52054970e-01, -4.15083747e-01,  2.20620787e+00,
         2.07736220e+00, -1.99664751e+00, -1.30633248e+00,
        -9.47120675e-01,  1.18253057e+00, -5.40845328e-01,
         1.01780975e+00, -1.10739305e+00, -2.50901654e-01,
        -9.38776101e-02, -9.50623422e-01, -1.39720785e-01,
        -3.16983234e-01,  4.42119545e-01,  4.07865263e-01,
        -1.46197951e+00,  6.03907945e-01,  2.02466372e-01,
        -7.47467965e-01, -6.44752122e-01, -7.26285322e-01,
        -7.74410755e-01,  8.73527872e-01,  2.84712430e-01,
        -1.92389213e-01,  5.71593944e-02, -5.65808539e-01,
        -1.57463312e-01, -1.10706226e-01, -9.76207896e-01],
       [ 6.28070506e-01, -2.27986278e+00,  3.58992255e-01,
        -3.27424855e-01,  3.18123158e-01,  1.23400227e-01,
         2.47937855e-01, -7.49907191e-01, -1.09421648e+00,
         1.72683872e-01, -1.43332063e+00, -5.80002174e-01,
        -1.01804313e+00, -1.80793393e-01,  1.88905761e+00,
         1.74967942e+00, -1.74986895e+00, -1.07659669e+00,
        -9.23431788e-01,  6.89116286e-01, -8.06840583e-01,
         7.36863556e-01, -7.81192579e-01, -2.86447563e-01,
        -1.74484550e-01, -8.92775822e-01, -3.47020375e-01,
        -3.20679259e-01,  2.51373736e-01,  3.82025901e-03,
        -2.02830261e+00,  1.07969754e+00,  2.48479095e-01,
        -6.22795999e-01, -8.01531386e-01, -6.36016194e-01,
        -7.56638170e-01,  5.48007419e-01,  3.34076612e-01,
        -8.78945629e-01,  3.38547968e-01, -5.59884534e-01,
        -1.17046397e-01, -1.07773128e-01, -1.32110172e+00],
       [ 3.10337355e+00, -2.89835550e+00, -4.38940844e-01,
        -1.17987834e+00,  2.39019466e-02, -1.68504548e-01,
         8.34965772e-01, -9.82119575e-01, -1.29633041e+00,
         2.06089581e-01, -2.49806210e+00, -7.28213875e-01,
        -1.18334233e+00,  3.00375873e+00,  2.96039376e-03,
        -1.38205819e+00,  3.96789632e+00, -3.16530385e+00,
        -1.92094837e+00,  1.10351490e+00, -5.07586486e-01,
         1.19182113e+00, -4.72368536e+00,  2.81177370e+00,
        -1.68222159e-01, -9.48992967e-01, -4.07882904e-01,
        -4.51308023e-01,  4.18284712e-01,  2.10200680e-01,
        -7.98892977e-03, -7.22268738e-01, -3.67585811e-01,
        -5.21256384e-01, -1.37716806e+00,  3.84357356e-03,
        -1.14014796e+00,  8.32846742e-01,  2.68726524e-01,
         5.56344045e-01, -1.06423328e+00, -3.38378975e-01,
        -3.56056090e-01, -1.83574883e-01, -1.38789918e+00],
       [ 5.41416266e-01, -2.35372587e+00,  8.59971555e-01,
        -5.71140456e-01,  2.89668479e-01,  9.29740343e-02,
        -5.96696747e-02, -3.18260993e-01, -1.11558957e+00,
         1.88736176e-01, -1.48747710e+00, -5.88924161e-01,
        -1.09367620e+00, -3.21830107e-01,  2.28209754e+00,
         2.16847604e+00, -2.03697192e+00, -1.06291992e+00,
        -9.35160787e-01,  6.38766553e-01, -9.14387971e-01,
         1.07331764e+00, -9.07458529e-01, -3.05861305e-01,
        -1.75419867e-01, -7.75909121e-01, -3.50159204e-01,
        -3.28998385e-01,  2.13256680e-01, -4.34371608e-02,
        -1.45877484e+00,  7.15039187e-01,  2.30590263e-01,
        -6.69227480e-01, -6.56930527e-01, -6.47725833e-01,
        -7.62499102e-01,  5.23001823e-01,  2.93343611e-01,
        -4.31870602e-01,  5.80649621e-02, -5.91129444e-01,
        -1.67879567e-01, -1.12995377e-01, -1.23181003e+00],
       [ 5.00000000e-03,  6.00000000e-03,  2.00000000e-03,
         4.00000000e-03,  9.00000000e-03, -3.00000000e-03,
        -3.00000000e-03,  4.00000000e-03,  1.00000000e-03,
         6.00000000e-03,  2.00000000e-03,  4.00000000e-03,
        -3.00000000e-03,  9.00000000e-03,  7.00000000e-03,
         4.00000000e-03,  9.00000000e-03,  2.00000000e-03,
         3.00000000e-03, -8.00000000e-03,  9.00000000e-03,
        -6.00000000e-03,  5.00000000e-03, -6.00000000e-03,
        -1.00000000e-03,  6.00000000e-03, -8.00000000e-03,
         1.00000000e-03, -7.00000000e-03, -7.00000000e-03,
         3.00000000e-03, -5.00000000e-03,  2.00000000e-03,
        -4.00000000e-03,  8.00000000e-03, -9.00000000e-03,
        -1.00000000e-03,  3.00000000e-03,  6.00000000e-03,
         2.00000000e-03, -4.00000000e-03, -7.00000000e-03,
        -5.00000000e-03,  3.00000000e-03, -3.00000000e-03]]), 'deltas': array([[0.00895785],
       [0.00907569],
       [0.00453718],
       [0.00914963],
       [0.00018227],
       [0.00465935],
       [0.00611667],
       [0.00964613],
       [0.00852217],
       [0.00647391],
       [0.        ]]), 'outputs': array([[0.63409725],
       [0.62218788],
       [0.86398112],
       [0.61408218],
       [0.99525657],
       [0.85960784],
       [0.80260826],
       [0.51244544],
       [0.32892543],
       [0.78691261],
       [1.        ]]), 'errors': 0.038608430917345775}, {'weights': array([[ 0.73305297,  0.55022751,  1.73853612,  0.85855719,  0.5887235 ,
         1.71292784,  0.62785172,  0.91441754,  2.28084136,  1.01036882,
        -4.27426596],
       [-0.58359561, -0.67967153, -0.42403241, -0.64686954,  3.15867888,
        -0.33721854, -0.79610566, -0.67173671, -1.87546904, -0.88710968,
        -2.55359703],
       [-0.13895599,  0.05079341,  0.53889518, -0.07324768,  0.22159206,
         0.54580422,  0.09976958, -0.09237998, -0.69871338,  0.14794968,
        -3.32617541],
       [ 0.18456323,  0.70655647, -2.07444647, -0.19317881,  1.20831556,
        -2.11354297,  0.82381962, -0.21563823,  1.79936719, -0.3072585 ,
        -2.17485869],
       [-0.48454609, -0.4251101 , -1.0266032 , -0.49896727,  0.72733425,
        -1.09548979, -0.39221118, -0.49486133, -0.52660338, -0.48648216,
        -2.58981194],
       [-1.53739951, -1.68308422, -2.26622104, -1.4296345 , -6.27648098,
        -2.21937919, -1.73677017, -1.36335372, -2.11070227, -1.369601  ,
         2.38509074]]), 'deltas': array([[ 1.67115708e-03],
       [-7.54868374e-04],
       [-7.15815954e-03],
       [-1.37127852e-03],
       [-1.11475966e-05],
       [-2.58486834e-13]]), 'outputs': array([[9.58238919e-01],
       [2.78658643e-02],
       [8.86241170e-02],
       [3.77501703e-02],
       [3.34439886e-03],
       [5.08416134e-07]]), 'errors': array([[ 4.17610812e-02],
       [-2.78658643e-02],
       [-8.86241170e-02],
       [-3.77501703e-02],
       [-3.34439886e-03],
       [-5.08416134e-07]])}]
Accuracy: 54.761904761904766 %

train_data group 3 length:  170
   0   1   2   3   4   5   6   7   8  ...  36  37  38  39  40  41  42  43  44
0   0   1   0   0   0   0   0   1   0 ...   0   0   0   1   0   0   0   0   0
1   0   1   0   0   0   0   1   0   0 ...   0   0   0   0   1   0   0   0   0
2   0   0   1   0   0   0   0   1   0 ...   0   0   0   1   0   0   0   0   0
3   0   1   0   0   0   0   0   1   0 ...   0   0   0   1   0   0   0   0   0
4   0   0   1   0   0   0   1   0   0 ...   0   0   0   0   1   0   0   0   0

[5 rows x 45 columns]
Initial Neural Network:
[{'weights': array([[ 0.007, -0.001, -0.008, -0.008, -0.004, -0.007, -0.002, -0.002,
        -0.007, -0.004,  0.01 ,  0.   , -0.006,  0.01 , -0.01 , -0.009,
         0.   ,  0.009, -0.01 ,  0.007,  0.005,  0.009,  0.007, -0.007,
        -0.001, -0.005,  0.007,  0.009,  0.   ,  0.004, -0.009, -0.007,
         0.008,  0.003, -0.002, -0.004,  0.01 ,  0.006,  0.003,  0.01 ,
         0.006,  0.009, -0.002,  0.001, -0.001],
       [ 0.   ,  0.   ,  0.   ,  0.008, -0.005, -0.01 ,  0.008, -0.007,
        -0.007,  0.009,  0.007,  0.006, -0.01 , -0.002, -0.003, -0.006,
         0.005,  0.008,  0.008, -0.006,  0.005, -0.003,  0.008,  0.002,
         0.002, -0.006, -0.008, -0.01 ,  0.006, -0.001, -0.001, -0.002,
         0.002,  0.01 , -0.009,  0.006,  0.002,  0.007,  0.001,  0.008,
         0.001, -0.007,  0.008,  0.004,  0.002],
       [-0.001,  0.   ,  0.002, -0.002, -0.002,  0.002,  0.007, -0.009,
         0.008,  0.   , -0.006,  0.001, -0.002,  0.01 , -0.004, -0.007,
         0.002, -0.002, -0.002, -0.005,  0.01 ,  0.008, -0.001,  0.003,
        -0.006,  0.005,  0.005,  0.008,  0.001,  0.01 ,  0.004, -0.005,
         0.005,  0.004, -0.003,  0.009, -0.003,  0.009,  0.01 , -0.001,
        -0.001,  0.006,  0.003,  0.004, -0.004],
       [ 0.003,  0.   , -0.002, -0.007,  0.002, -0.009,  0.009, -0.002,
         0.006, -0.01 ,  0.001, -0.006, -0.01 , -0.005,  0.005,  0.01 ,
         0.003,  0.01 , -0.007,  0.004, -0.001, -0.005,  0.   ,  0.01 ,
        -0.001, -0.01 ,  0.008,  0.001, -0.008,  0.005,  0.009,  0.002,
         0.001, -0.008,  0.008, -0.001, -0.009, -0.001, -0.01 ,  0.005,
         0.001,  0.01 , -0.005, -0.002,  0.01 ],
       [-0.01 ,  0.001,  0.007,  0.001,  0.007,  0.004, -0.008, -0.006,
        -0.003,  0.007,  0.007,  0.008,  0.003,  0.009,  0.004, -0.003,
        -0.001,  0.006,  0.002, -0.005, -0.004, -0.003, -0.006,  0.002,
         0.001, -0.009, -0.002, -0.003, -0.004, -0.007, -0.001, -0.005,
         0.007, -0.003,  0.003,  0.   , -0.004,  0.004,  0.008, -0.008,
         0.008,  0.001,  0.01 ,  0.009,  0.007],
       [-0.006, -0.007,  0.004,  0.006, -0.003,  0.007,  0.008, -0.001,
        -0.001, -0.009,  0.006,  0.001, -0.005,  0.008,  0.003,  0.004,
         0.006,  0.   ,  0.   , -0.002, -0.009, -0.004,  0.01 ,  0.004,
         0.007,  0.008, -0.007, -0.005,  0.007,  0.006,  0.004, -0.008,
         0.009,  0.005,  0.006, -0.009, -0.001,  0.009, -0.001, -0.008,
         0.002,  0.004,  0.004, -0.01 , -0.007],
       [-0.006, -0.006,  0.006,  0.003, -0.004,  0.007, -0.003,  0.008,
        -0.003, -0.01 ,  0.009,  0.004, -0.003, -0.001, -0.01 , -0.002,
        -0.008, -0.007,  0.004, -0.006, -0.004,  0.   , -0.001,  0.008,
        -0.01 , -0.008, -0.004,  0.   ,  0.   ,  0.005, -0.008, -0.009,
        -0.01 ,  0.001,  0.008, -0.008,  0.006, -0.005,  0.003, -0.009,
         0.005,  0.01 , -0.009,  0.   ,  0.002],
       [ 0.008,  0.003,  0.006, -0.01 ,  0.004, -0.007,  0.006,  0.009,
        -0.006, -0.006,  0.009,  0.01 , -0.005,  0.001, -0.002,  0.005,
        -0.005,  0.   , -0.007,  0.002,  0.005, -0.008,  0.01 , -0.002,
        -0.01 , -0.004, -0.009,  0.008,  0.009, -0.002, -0.005, -0.01 ,
         0.008,  0.01 ,  0.007, -0.007, -0.002,  0.008,  0.005, -0.003,
        -0.008,  0.005, -0.006, -0.01 , -0.008],
       [ 0.002,  0.005,  0.008,  0.006,  0.008,  0.009, -0.009, -0.004,
        -0.001,  0.002,  0.002,  0.008, -0.005,  0.005,  0.003,  0.003,
        -0.001, -0.009,  0.005,  0.002, -0.005,  0.007,  0.01 ,  0.   ,
         0.006,  0.007,  0.008,  0.009, -0.005, -0.01 , -0.008, -0.002,
        -0.003, -0.007, -0.009,  0.005, -0.009, -0.002,  0.001,  0.008,
         0.009, -0.002, -0.007,  0.001, -0.006],
       [-0.009, -0.006, -0.005,  0.001,  0.009,  0.   ,  0.005, -0.009,
        -0.006, -0.005, -0.008, -0.005,  0.006,  0.009,  0.   ,  0.004,
        -0.008,  0.005, -0.005, -0.01 ,  0.009, -0.01 ,  0.01 , -0.01 ,
        -0.002,  0.002,  0.004, -0.006, -0.008,  0.001, -0.003, -0.004,
        -0.008, -0.006,  0.008,  0.009, -0.01 ,  0.004,  0.004,  0.01 ,
         0.007, -0.005, -0.003, -0.008,  0.004],
       [ 0.004, -0.008,  0.009,  0.003, -0.001, -0.008, -0.01 , -0.007,
        -0.002,  0.008, -0.002,  0.003, -0.005, -0.002,  0.007,  0.008,
        -0.01 ,  0.002, -0.007,  0.009,  0.006, -0.003, -0.001, -0.006,
        -0.002, -0.009,  0.009, -0.007, -0.001, -0.007, -0.001,  0.001,
         0.003, -0.006,  0.002,  0.007,  0.001,  0.003,  0.006, -0.005,
         0.005,  0.006, -0.008, -0.01 , -0.006]]), 'deltas': array([[0.],
       [0.],
       [0.],
       [0.],
       [0.],
       [0.],
       [0.],
       [0.],
       [0.],
       [0.],
       [0.]]), 'outputs': array([[0.],
       [0.],
       [0.],
       [0.],
       [0.],
       [0.],
       [0.],
       [0.],
       [0.],
       [0.],
       [0.]]), 'errors': array([[0.],
       [0.],
       [0.],
       [0.],
       [0.],
       [0.],
       [0.],
       [0.],
       [0.],
       [0.],
       [0.]])}, {'weights': array([[ 0.009, -0.003, -0.007, -0.01 ,  0.008,  0.01 ,  0.009,  0.   ,
        -0.007, -0.01 ,  0.008],
       [ 0.   ,  0.002, -0.002, -0.01 , -0.002, -0.009, -0.009,  0.005,
         0.005, -0.001,  0.005],
       [-0.001,  0.001, -0.006, -0.006, -0.003, -0.005, -0.002, -0.005,
        -0.008, -0.006,  0.005],
       [-0.001,  0.002, -0.004,  0.009, -0.003,  0.01 ,  0.005, -0.006,
        -0.005,  0.   , -0.005],
       [-0.003,  0.008,  0.   , -0.004, -0.002, -0.001,  0.002,  0.005,
         0.008,  0.001, -0.01 ],
       [ 0.002,  0.009,  0.004, -0.003,  0.   ,  0.005, -0.006,  0.005,
        -0.008,  0.006, -0.005]]), 'deltas': array([[0.],
       [0.],
       [0.],
       [0.],
       [0.],
       [0.],
       [0.]]), 'outputs': array([[0.],
       [0.],
       [0.],
       [0.],
       [0.],
       [0.],
       [0.]]), 'errors': array([[0.],
       [0.],
       [0.],
       [0.],
       [0.],
       [0.],
       [0.]])}]
Training complete!
Training done. epoch: 35 , total error: 0.002279726891180358
[{'weights': array([[-2.11623473e-01, -1.63190873e+00, -1.18816677e+00,
         2.00451702e+00,  2.56794199e-01,  3.12000279e-01,
        -2.20002960e+00,  2.74241661e+00, -9.88460120e-01,
        -6.44314930e-01,  9.51260148e-01,  5.32238798e-01,
        -4.18602474e-01, -2.28209465e-01, -1.58907476e+00,
        -1.19149086e+00,  1.34814705e+00,  5.43569198e-01,
        -1.35582863e+00, -1.03784520e-01,  1.24458732e-01,
        -1.14843172e+00, -6.11400041e-01, -6.34752069e-01,
         1.52673734e+00, -4.00504604e-01, -1.31157239e-01,
         9.00000000e-03, -2.22725913e-01, -2.68168776e-02,
        -2.56874092e+00, -1.14793775e-01,  6.67434790e-01,
         1.28552903e+00,  4.24789421e-01, -3.34504146e-01,
        -1.15212315e+00,  3.15450123e-01,  3.00000000e-03,
        -1.48235035e+00,  1.33203042e+00, -3.74572499e-01,
         4.05713776e-02, -2.48066704e-01, -7.57387756e-01],
       [-3.26662248e-01, -1.64055644e+00, -1.14626235e+00,
         1.98982767e+00,  2.53058447e-01,  3.27121904e-01,
        -1.98370271e+00,  2.32835073e+00, -9.33476972e-01,
        -6.18887867e-01,  9.08910609e-01,  5.35028349e-01,
        -7.21637007e-01,  3.82745327e-03, -1.60172432e+00,
        -9.58075877e-01,  1.29017511e+00,  3.37572649e-01,
        -1.28009677e+00, -2.54170027e-01,  2.57802174e-02,
        -9.61564626e-01, -8.04331939e-01, -5.97225331e-01,
         1.47774676e+00, -3.86105432e-01, -3.06423568e-01,
        -1.00000000e-02, -1.89065918e-01, -1.76792072e-01,
        -2.70276739e+00,  8.39694377e-02,  6.61709111e-01,
         1.26828599e+00,  4.03929911e-01, -2.89476655e-01,
        -1.12093709e+00,  1.38888920e-01,  1.00000000e-03,
        -1.11842543e+00,  8.14876202e-01, -3.78076316e-01,
         6.35109375e-02, -2.41480310e-01, -8.71594918e-01],
       [-2.48115096e-01,  6.74983525e-01, -2.60621135e+00,
         1.16243271e+00,  2.93160701e-01,  1.13889708e+00,
         1.58810209e+00, -1.81912994e+00, -1.41186270e+00,
        -2.08756032e-01, -1.80665858e+00, -1.29836871e+00,
        -5.69028675e-01, -8.98820899e-01,  3.85112734e+00,
        -1.22354087e+00, -3.04575467e+00,  5.04660073e+00,
        -1.28810286e+00, -2.23951835e-01, -2.87696305e-01,
        -5.90359452e-01, -4.90675938e-01,  4.41042016e-01,
         2.20940166e-01, -2.79527901e-01, -2.13598880e-01,
         8.00000000e-03, -2.16622733e-01, -1.18393175e-01,
         6.83132818e-01, -3.17623441e+00,  7.45854895e-01,
         1.16289036e+00,  9.34977867e-01, -1.36558215e-01,
        -1.72475153e+00,  2.17582362e-01,  1.00000000e-02,
        -2.15872966e+00,  8.38756574e-01,  1.26199500e+00,
         7.95012149e-01, -1.44678358e+00, -7.24749513e-01],
       [ 3.75394825e-01, -7.62796985e-01, -1.62405962e+00,
         1.82441559e+00,  1.56711921e-01,  8.83786830e-02,
         2.28840419e+00, -9.68679012e-02, -1.44674658e+00,
        -8.65502656e-01,  3.38933702e-01, -3.11677017e-01,
        -1.56102721e+00,  1.37149037e+00,  1.20945886e-01,
        -1.15528215e+00,  1.77663291e+00,  2.11566085e+00,
        -2.39594270e+00, -3.47403179e-01, -6.17481474e-01,
        -2.66704774e+00,  2.65830794e+00, -1.24641931e+00,
         1.84930632e+00,  2.60686014e-01, -1.47481191e-01,
         1.00000000e-03, -1.49539088e-01, -3.77280754e-01,
        -1.92741416e+00,  5.01515674e-01,  5.06689382e-01,
         1.27915559e+00,  1.98575493e+00, -6.77190901e-01,
        -1.78029319e+00,  4.42394895e-01, -1.00000000e-02,
        -1.78411715e+00,  2.46314099e+00, -2.31780229e-01,
         3.59513509e-01, -8.24091382e-01, -1.63342661e-02],
       [-3.32950849e-01, -1.55793644e+00, -1.22292422e+00,
         2.06613764e+00,  2.65645740e-01,  3.95288620e-01,
        -2.40876574e+00,  2.69408897e+00, -9.07433064e-01,
        -5.67206923e-01,  9.49684777e-01,  5.03213696e-01,
        -4.61153643e-01, -4.13666977e-01, -1.33510599e+00,
        -1.41875129e+00,  1.45866181e+00,  7.35791748e-01,
        -1.31945825e+00, -2.45272158e-01,  4.04343670e-02,
        -1.04628760e+00, -5.68723084e-01, -6.85854961e-01,
         1.46240314e+00, -3.26527059e-01, -3.05176867e-01,
        -3.00000000e-03, -1.71324211e-01, -2.73047186e-02,
        -2.45776382e+00, -3.01196082e-01,  7.03939188e-01,
         1.28529730e+00,  5.53966226e-01, -3.18265646e-01,
        -1.14437093e+00,  1.23642212e-01,  8.00000000e-03,
        -1.78661408e+00,  1.58839771e+00, -3.89267188e-01,
         7.82413391e-02, -2.58785919e-01, -7.81028137e-01],
       [ 7.33750614e-03, -8.44993540e-01, -6.44424103e-01,
         1.05470764e+00,  2.05095725e-01, -2.06702221e-01,
         2.77154047e-01,  1.66986182e+00, -1.30580403e+00,
        -6.46786386e-01, -1.81895625e+00, -1.30400668e+00,
        -1.82035649e+00,  3.00518818e+00,  1.73485447e+00,
         2.34463958e+00,  1.29448099e+00, -4.83640863e-01,
        -2.80784585e+00, -5.55910618e-01, -9.22916440e-01,
         5.07964155e-01, -3.19279929e-02, -1.00665441e+00,
         1.24525792e+00,  2.92485045e-01, -2.64189734e-01,
        -5.00000000e-03, -2.36572078e-01, -7.01643883e-01,
         2.12541163e-01, -1.14665063e+00,  3.93263325e-01,
         1.04221325e+00,  1.83464983e+00, -7.67624275e-01,
        -1.76182949e+00,  4.83527169e-01, -1.00000000e-03,
        -5.82806388e-01,  1.77588541e+00, -6.27515252e-01,
         8.06399101e-01, -1.59623963e+00, -2.23276767e-01],
       [-3.06696331e-01, -1.56579314e+00, -1.15251207e+00,
         1.96323694e+00,  2.53389742e-01,  3.11487390e-01,
        -2.38458378e+00,  3.02168835e+00, -1.07009184e+00,
        -6.80874978e-01,  1.23542358e+00,  5.22395845e-01,
        -3.93854715e-01, -2.34544965e-01, -1.93179460e+00,
        -1.15255907e+00,  1.25026703e+00,  6.01584850e-01,
        -1.39888307e+00, -1.20784586e-01,  7.19171853e-02,
        -1.36381660e+00, -4.50427489e-01, -6.94478511e-01,
         1.62843056e+00, -4.66610148e-01, -1.44069885e-01,
         0.00000000e+00, -2.02694822e-01, -1.15413803e-01,
        -2.62737376e+00, -2.00024267e-02,  6.58689385e-01,
         1.28172575e+00,  4.67137060e-01, -3.99577459e-01,
        -1.15536495e+00,  2.87430496e-01,  3.00000000e-03,
        -1.69951581e+00,  1.43962492e+00, -4.37828701e-01,
         1.26682423e-01, -2.33337686e-01, -7.99374855e-01],
       [-2.33360599e-01, -1.59811315e+00, -1.22088824e+00,
         2.03683907e+00,  2.66899339e-01,  3.62763439e-01,
        -2.17703128e+00,  2.58527050e+00, -9.20774713e-01,
        -6.13851537e-01,  8.28474054e-01,  5.21958127e-01,
        -4.53002762e-01, -2.66289204e-01, -1.37776380e+00,
        -1.26915006e+00,  1.38010562e+00,  6.26963352e-01,
        -1.32924829e+00, -1.73294205e-01,  1.03877504e-01,
        -1.03160706e+00, -6.35483195e-01, -6.12412723e-01,
         1.41100188e+00, -3.46562288e-01, -2.18065093e-01,
         8.00000000e-03, -1.98996204e-01, -1.30907517e-02,
        -2.50141764e+00, -2.21244533e-01,  6.77907334e-01,
         1.29922201e+00,  4.75388677e-01, -3.16701298e-01,
        -1.14692601e+00,  2.34615049e-01,  5.00000000e-03,
        -1.52079739e+00,  1.35037436e+00, -3.65290257e-01,
         2.39279537e-02, -2.69838252e-01, -7.67623586e-01],
       [-3.46065050e-01, -1.49844083e+00, -1.29328180e+00,
         1.99767996e+00,  2.66788401e-01,  3.19546668e-01,
        -1.95434909e+00,  2.22622109e+00, -8.63043334e-01,
        -6.33694647e-01,  9.39261320e-01,  5.19685982e-01,
        -8.19007792e-01, -5.42624693e-02, -1.47499636e+00,
        -9.30177960e-01,  1.39703703e+00,  2.02559507e-01,
        -1.29370154e+00, -2.78036351e-01,  1.94622687e-02,
        -8.69303873e-01, -9.56576159e-01, -6.14208549e-01,
         1.53630700e+00, -3.69646060e-01, -3.30442791e-01,
         9.00000000e-03, -1.92230466e-01, -2.21643314e-01,
        -2.74351267e+00,  1.48430516e-01,  6.30789946e-01,
         1.25361620e+00,  3.96314212e-01, -2.79341464e-01,
        -1.12875075e+00,  9.44586802e-02,  1.00000000e-03,
        -1.08988874e+00,  7.89848457e-01, -3.79041025e-01,
         2.30488780e-02, -2.37286887e-01, -9.08319318e-01],
       [ 5.16045157e-01, -4.12723897e-02, -2.93126138e+00,
         1.67182797e+00,  2.47353836e-01,  1.10309121e+00,
         1.73819740e+00, -2.00029806e+00, -1.06016490e+00,
        -3.23132454e-01, -1.88220422e+00, -1.37610490e+00,
        -4.18310847e-01,  1.57143620e+00,  1.57987697e+00,
        -2.42099889e+00,  1.89409740e+00,  1.94003513e+00,
        -1.62267035e+00, -3.31770089e-01, -2.10096739e-01,
        -1.99115229e+00,  9.38936363e-01,  3.58633901e-01,
         3.73371956e-01, -6.30091325e-02, -1.88587503e-01,
        -6.00000000e-03, -2.77710169e-01,  2.07525623e-01,
         1.02277059e+00, -3.54601585e+00,  4.48619182e-01,
         1.31979365e+00,  1.13025023e+00, -3.69777441e-01,
        -1.61058589e+00,  3.33806301e-01,  4.00000000e-03,
        -1.27933118e+00,  2.42061135e+00, -5.18093836e-01,
         4.42566201e-01, -1.59205934e+00, -5.23306805e-01],
       [ 4.00000000e-03, -8.00000000e-03,  9.00000000e-03,
         3.00000000e-03, -1.00000000e-03, -8.00000000e-03,
        -1.00000000e-02, -7.00000000e-03, -2.00000000e-03,
         8.00000000e-03, -2.00000000e-03,  3.00000000e-03,
        -5.00000000e-03, -2.00000000e-03,  7.00000000e-03,
         8.00000000e-03, -1.00000000e-02,  2.00000000e-03,
        -7.00000000e-03,  9.00000000e-03,  6.00000000e-03,
        -3.00000000e-03, -1.00000000e-03, -6.00000000e-03,
        -2.00000000e-03, -9.00000000e-03,  9.00000000e-03,
        -7.00000000e-03, -1.00000000e-03, -7.00000000e-03,
        -1.00000000e-03,  1.00000000e-03,  3.00000000e-03,
        -6.00000000e-03,  2.00000000e-03,  7.00000000e-03,
         1.00000000e-03,  3.00000000e-03,  6.00000000e-03,
        -5.00000000e-03,  5.00000000e-03,  6.00000000e-03,
        -8.00000000e-03, -1.00000000e-02, -6.00000000e-03]]), 'deltas': array([[4.19454809e-03],
       [4.34772137e-03],
       [3.77448381e-03],
       [1.35405286e-05],
       [4.20798209e-03],
       [3.05243408e-03],
       [4.40896775e-03],
       [4.14266545e-03],
       [4.19110590e-03],
       [7.44613983e-04],
       [0.00000000e+00]]), 'outputs': array([[0.65419069],
       [0.6245538 ],
       [0.28452341],
       [0.99926918],
       [0.65182302],
       [0.79218588],
       [0.61050085],
       [0.66301216],
       [0.65479153],
       [0.95808363],
       [1.        ]]), 'errors': 0.01854146890196371}, {'weights': array([[-0.7658636 , -0.64070009, -1.71291327, -0.58489556, -0.69525698,
         3.56366773, -1.08287747, -0.68171638, -0.54422162, -0.28126431,
        -2.64301589],
       [ 0.95146168,  0.95394299,  2.28468257,  0.40054337,  0.97992206,
         1.29210898,  1.15749466,  0.89895086,  0.950536  ,  2.08819693,
        -4.06268249],
       [-0.51615542, -0.50215231, -0.8115309 , -0.25205467, -0.50239739,
         1.58381166, -0.5723635 , -0.48557136, -0.4888507 , -1.04201004,
        -2.54808418],
       [-0.02608895, -0.09581291, -0.05625487,  1.97646804, -0.24437526,
        -1.92980374, -0.11809195, -0.09325083, -0.1569244 , -1.24698887,
        -1.53297728],
       [-0.19129448, -0.22245004, -0.59021472, -0.17078454, -0.22300838,
        -0.05617985, -0.06934925, -0.21904295, -0.20884786, -0.95780938,
        -2.45587221],
       [-1.46285774, -1.39095622, -1.72371056, -3.23708612, -1.38501025,
        -4.37351588, -1.38011353, -1.46440078, -1.43831555, -2.13682937,
         2.19357155]]), 'deltas': array([[-3.27712956e-04],
       [ 4.75200642e-04],
       [-7.37368672e-05],
       [-3.33140857e-03],
       [-1.21755410e-04],
       [-1.31510869e-11]]), 'outputs': array([[1.82705192e-02],
       [9.77956593e-01],
       [8.62428706e-03],
       [5.95166381e-02],
       [1.10960159e-02],
       [3.62644931e-06]]), 'errors': array([[-1.82705192e-02],
       [ 2.20434070e-02],
       [-8.62428706e-03],
       [-5.95166381e-02],
       [-1.10960159e-02],
       [-3.62644931e-06]])}]
Accuracy: 54.54545454545454 %

train_data group 4 length:  171
   0   1   2   3   4   5   6   7   8  ...  36  37  38  39  40  41  42  43  44
0   0   1   0   0   0   0   0   1   0 ...   0   0   0   1   0   0   0   0   0
1   0   1   0   0   0   0   1   0   0 ...   0   0   0   0   1   0   0   0   0
2   0   0   1   0   0   0   0   1   0 ...   0   0   0   1   0   0   0   0   0
3   0   1   0   0   0   0   0   1   0 ...   0   0   0   1   0   0   0   0   0
4   0   0   1   0   0   0   1   0   0 ...   0   0   0   0   1   0   0   0   0

[5 rows x 45 columns]
Initial Neural Network:
[{'weights': array([[-0.009,  0.005,  0.007, -0.005, -0.004, -0.008,  0.009, -0.005,
        -0.007, -0.005,  0.006, -0.009,  0.   ,  0.01 ,  0.001, -0.01 ,
        -0.003, -0.01 ,  0.01 , -0.004,  0.001, -0.01 , -0.001, -0.008,
         0.001,  0.002,  0.006, -0.01 , -0.008, -0.009, -0.002,  0.008,
         0.009, -0.009,  0.006,  0.   , -0.002, -0.01 ,  0.   , -0.005,
         0.01 ,  0.002, -0.008, -0.005, -0.007],
       [ 0.001,  0.01 ,  0.004,  0.006, -0.002, -0.001, -0.004,  0.009,
         0.009,  0.004,  0.002, -0.009,  0.009, -0.008, -0.002, -0.002,
         0.01 ,  0.003,  0.005,  0.001, -0.007,  0.003,  0.   , -0.004,
        -0.007,  0.002,  0.   , -0.009,  0.004,  0.008,  0.001, -0.004,
         0.009,  0.009, -0.001,  0.008,  0.001,  0.01 , -0.002,  0.   ,
         0.   , -0.005, -0.003,  0.006,  0.01 ],
       [-0.005,  0.01 , -0.005, -0.007, -0.007,  0.   ,  0.006,  0.007,
        -0.005,  0.001, -0.006, -0.001, -0.01 ,  0.004, -0.006,  0.008,
         0.003,  0.01 ,  0.002, -0.001, -0.003,  0.006,  0.01 , -0.001,
        -0.004,  0.   ,  0.   , -0.01 ,  0.009,  0.   , -0.005,  0.01 ,
         0.005,  0.01 , -0.008,  0.002,  0.01 , -0.007, -0.006,  0.002,
        -0.007,  0.008,  0.007, -0.01 , -0.002],
       [ 0.007,  0.004, -0.005,  0.005,  0.003, -0.01 ,  0.008,  0.003,
         0.008,  0.008,  0.005, -0.006,  0.01 , -0.007, -0.003, -0.002,
         0.002, -0.001, -0.003, -0.01 , -0.004, -0.01 , -0.005,  0.007,
        -0.007,  0.01 ,  0.007,  0.003, -0.005, -0.007, -0.003, -0.004,
         0.001,  0.001, -0.009,  0.009,  0.001,  0.007, -0.001,  0.005,
         0.004,  0.   ,  0.006,  0.006, -0.002],
       [-0.003, -0.008, -0.009, -0.008, -0.004,  0.001,  0.006, -0.006,
         0.002,  0.005,  0.007,  0.003, -0.001, -0.01 , -0.002,  0.005,
        -0.008, -0.003,  0.   , -0.002, -0.005,  0.005, -0.005, -0.004,
        -0.001, -0.003,  0.001,  0.01 , -0.005,  0.007,  0.   , -0.007,
         0.01 , -0.001, -0.002,  0.01 , -0.007,  0.002, -0.007, -0.001,
        -0.004, -0.003,  0.   ,  0.005, -0.002],
       [-0.008,  0.   ,  0.002,  0.003, -0.008,  0.001,  0.008,  0.001,
         0.002, -0.004, -0.003, -0.001,  0.009, -0.004,  0.009,  0.001,
         0.001, -0.006,  0.003, -0.002, -0.001,  0.01 , -0.006, -0.008,
        -0.01 , -0.009,  0.006, -0.004, -0.005, -0.009, -0.003, -0.004,
         0.004,  0.007, -0.002, -0.004,  0.001,  0.006, -0.001, -0.004,
         0.006, -0.005, -0.004, -0.004,  0.008],
       [-0.003, -0.003, -0.008, -0.001, -0.006, -0.009, -0.006,  0.002,
        -0.003,  0.007, -0.009,  0.009,  0.005, -0.008, -0.007, -0.004,
         0.009, -0.007, -0.002,  0.007,  0.003,  0.009,  0.002,  0.003,
        -0.003, -0.003, -0.002, -0.007, -0.007, -0.01 ,  0.007,  0.002,
         0.003, -0.007, -0.009,  0.005,  0.002, -0.001, -0.003,  0.01 ,
        -0.001,  0.003,  0.008,  0.01 , -0.004],
       [-0.005,  0.004,  0.   ,  0.003, -0.002, -0.007, -0.003,  0.008,
         0.01 , -0.001, -0.008, -0.01 , -0.006, -0.003,  0.009,  0.004,
        -0.006, -0.003, -0.01 ,  0.006,  0.006,  0.006, -0.01 , -0.004,
         0.01 ,  0.004,  0.007, -0.001,  0.01 ,  0.001, -0.001, -0.01 ,
        -0.001,  0.001, -0.001,  0.01 , -0.008,  0.002, -0.003,  0.   ,
        -0.005,  0.002, -0.002,  0.009,  0.002],
       [-0.002, -0.01 , -0.009, -0.006,  0.001,  0.003,  0.007,  0.002,
         0.009,  0.006,  0.006,  0.007,  0.002, -0.006,  0.   , -0.002,
         0.008, -0.005, -0.005,  0.003,  0.004,  0.001,  0.004, -0.003,
         0.007,  0.002,  0.005, -0.001, -0.002, -0.006, -0.003,  0.004,
         0.005,  0.003, -0.002, -0.001, -0.009,  0.007,  0.005, -0.002,
         0.01 ,  0.004,  0.006, -0.007, -0.006],
       [ 0.005, -0.005,  0.   ,  0.   ,  0.002,  0.007, -0.009, -0.01 ,
         0.01 ,  0.002,  0.005,  0.005, -0.004, -0.009, -0.006,  0.001,
        -0.002,  0.001, -0.009,  0.01 ,  0.007,  0.   ,  0.005,  0.002,
         0.008,  0.   ,  0.009,  0.005, -0.004,  0.007,  0.006,  0.001,
        -0.01 , -0.008,  0.007, -0.008, -0.004,  0.008, -0.009,  0.007,
         0.006, -0.01 ,  0.006,  0.007,  0.006],
       [-0.007, -0.01 , -0.009,  0.007,  0.005,  0.004, -0.002,  0.004,
        -0.007, -0.002,  0.001, -0.003, -0.007, -0.002,  0.005,  0.01 ,
        -0.008, -0.002, -0.001, -0.002, -0.006, -0.009, -0.007, -0.004,
         0.002,  0.007, -0.003,  0.   , -0.005,  0.006, -0.003, -0.009,
        -0.006, -0.004,  0.008, -0.007,  0.004,  0.01 , -0.007, -0.008,
        -0.001,  0.004,  0.006, -0.007, -0.007]]), 'deltas': array([[0.],
       [0.],
       [0.],
       [0.],
       [0.],
       [0.],
       [0.],
       [0.],
       [0.],
       [0.],
       [0.]]), 'outputs': array([[0.],
       [0.],
       [0.],
       [0.],
       [0.],
       [0.],
       [0.],
       [0.],
       [0.],
       [0.],
       [0.]]), 'errors': array([[0.],
       [0.],
       [0.],
       [0.],
       [0.],
       [0.],
       [0.],
       [0.],
       [0.],
       [0.],
       [0.]])}, {'weights': array([[-0.003, -0.001, -0.007,  0.006,  0.008, -0.002, -0.008,  0.004,
         0.01 ,  0.005, -0.008],
       [ 0.005,  0.   ,  0.002,  0.005,  0.001, -0.01 ,  0.006, -0.005,
        -0.007, -0.002, -0.001],
       [ 0.005, -0.006, -0.009,  0.004,  0.005,  0.005,  0.01 , -0.003,
        -0.005, -0.001, -0.008],
       [ 0.009,  0.002, -0.001, -0.006, -0.004,  0.005, -0.006,  0.009,
         0.005,  0.002,  0.005],
       [-0.009, -0.009,  0.009,  0.009, -0.001, -0.001,  0.005, -0.002,
        -0.003,  0.006,  0.   ],
       [ 0.003,  0.007, -0.008,  0.008,  0.001, -0.007, -0.001,  0.009,
         0.002, -0.006,  0.009]]), 'deltas': array([[0.],
       [0.],
       [0.],
       [0.],
       [0.],
       [0.],
       [0.]]), 'outputs': array([[0.],
       [0.],
       [0.],
       [0.],
       [0.],
       [0.],
       [0.]]), 'errors': array([[0.],
       [0.],
       [0.],
       [0.],
       [0.],
       [0.],
       [0.]])}]
Training complete!
Training done. epoch: 26 , total error: 0.0019209839533605262
[{'weights': array([[-5.46608163e-01,  6.17786548e-01, -8.33153642e-01,
        -2.30738464e-01,  6.68821205e-01, -1.24961594e-01,
         9.90933958e-01,  3.29885830e-01, -1.49578750e+00,
        -3.39632113e-02, -1.07051406e+00, -9.72765844e-01,
        -9.63130181e-01,  1.09596846e+00,  1.60054910e+00,
         8.74169864e-01,  1.58619418e+00, -1.74514711e-01,
        -2.11935938e+00, -5.01382474e-01, -1.04605305e+00,
         1.36836890e+00,  8.85880780e-01, -5.75758623e-01,
        -9.67330517e-01,  1.77677001e+00, -1.10581112e+00,
        -1.41012392e+00,  4.11272510e-01, -7.15468616e-01,
        -1.14951335e+00,  6.56230399e-01,  1.04531622e+00,
        -1.57457167e-01,  2.06336151e+00, -1.53167627e+00,
        -1.34914520e+00,  2.07154274e-01,  2.86413173e-01,
        -1.09090319e+00,  3.18019173e-01,  2.59147112e-01,
         1.94844384e-01, -5.00000000e-03, -3.24892517e-01],
       [-3.33104099e-01,  6.68559190e-02, -3.06555168e-01,
        -6.44295339e-01,  3.42038165e-01, -3.98069058e-01,
         9.96968095e-01, -6.50460733e-01, -7.65118573e-01,
        -6.03802531e-02, -2.45771491e+00, -1.19921249e+00,
        -1.03627497e+00,  5.03970139e-01,  3.28717171e+00,
         1.19301037e+00,  2.75110623e+00, -3.35815518e+00,
        -1.34195488e+00, -1.21067065e-01,  2.63182342e-02,
         7.83993851e-02,  7.79327982e-01, -1.10998022e+00,
        -6.83125904e-01,  5.21193003e-01, -6.38320703e-01,
        -9.81993540e-01,  2.02060717e-01, -7.52349739e-01,
         1.43143931e+00, -1.19188830e+00,  9.74453873e-02,
        -4.55707182e-01, -1.54199701e-01, -2.08436136e-01,
        -9.35624497e-01,  2.47398031e-01,  1.72801780e-01,
        -8.21680288e-01, -1.38950624e-01, -1.99367302e-02,
         7.85071193e-02,  6.00000000e-03, -8.84060523e-01],
       [-4.91349694e-01,  2.79469030e-01, -3.68758610e-01,
        -7.57848304e-01,  3.75502965e-01, -3.39072917e-01,
         8.26349646e-01, -5.31380467e-01, -8.46023749e-01,
        -4.98571265e-02, -2.35324456e+00, -1.33353701e+00,
        -8.66874443e-01,  6.29667352e-01,  2.95600405e+00,
         1.22657252e+00,  2.50864223e+00, -3.00914269e+00,
        -1.43230839e+00, -2.20748295e-01, -2.56566489e-02,
         1.90065884e-01,  7.87708882e-01, -1.17502789e+00,
        -7.18074843e-01,  5.64394457e-01, -7.06517719e-01,
        -1.02828012e+00,  2.20418773e-01, -8.83485263e-01,
         1.31927366e+00, -1.04783892e+00,  1.86565481e-01,
        -5.03499574e-01, -2.07001697e-02, -3.58882067e-01,
        -9.85596907e-01,  2.10379452e-01,  1.96815079e-01,
        -8.60263917e-01, -2.17419783e-01, -3.27446844e-03,
         1.41973556e-01, -1.00000000e-02, -9.50984613e-01],
       [ 2.67387140e-01, -1.67600387e+00,  5.32559397e-01,
        -4.36529296e-01,  3.41766968e-01,  1.05352150e-01,
         1.94083415e-01, -6.53481459e-01, -5.29046248e-01,
        -8.47275207e-02, -1.33103440e+00, -3.60798841e-01,
        -7.55739881e-01,  2.54996108e-01,  1.20675735e+00,
         1.78728387e+00, -1.47921899e+00, -1.07595380e+00,
        -8.68436386e-01,  6.37505633e-01,  2.46540923e-01,
         3.47517721e-01, -6.52848790e-01, -7.00925319e-01,
        -2.44104200e-01, -7.17656530e-01, -2.28112273e-01,
        -2.74655856e-01,  2.50604996e-01, -4.98172719e-02,
        -8.95372767e-01,  3.12194573e-01,  2.42038536e-01,
        -6.05862733e-01, -4.60410954e-01, -5.68670674e-01,
        -6.58538328e-01,  5.00048840e-01,  2.09751453e-01,
         3.45620573e-01,  2.64197425e-01, -4.51235338e-01,
        -1.12840232e+00,  6.00000000e-03, -9.86819664e-01],
       [ 3.48043038e-01, -1.68236487e+00,  5.21841252e-01,
        -4.69505945e-01,  3.49680518e-01,  1.78334373e-01,
         2.37382916e-01, -6.68305972e-01, -5.55924579e-01,
        -8.37927421e-02, -1.23395897e+00, -3.07721898e-01,
        -7.30040944e-01,  2.35433732e-01,  1.13298207e+00,
         1.77147776e+00, -1.47059439e+00, -1.12820412e+00,
        -8.19008753e-01,  7.38023502e-01,  3.43386742e-01,
         3.07542135e-01, -6.32846445e-01, -7.04154598e-01,
        -2.24233838e-01, -7.59799067e-01, -1.87475459e-01,
        -2.52234939e-01,  3.02203462e-01,  4.66316725e-02,
        -9.18926383e-01,  3.44010366e-01,  2.70143043e-01,
        -6.33164701e-01, -4.57033145e-01, -5.69739003e-01,
        -6.37113536e-01,  5.35370494e-01,  2.24209186e-01,
         3.43032282e-01,  2.68915415e-01, -4.03763502e-01,
        -1.11649020e+00,  5.00000000e-03, -9.02306004e-01],
       [ 2.78533167e-01, -1.46493725e+00,  3.13758648e-01,
        -4.56047457e-01,  2.94605728e-01, -1.13746390e-02,
         7.22475241e-02, -6.74473539e-01, -3.05797920e-01,
        -9.56885861e-02, -1.46545986e+00, -4.14449657e-01,
        -7.26009228e-01,  2.07201171e-01,  1.38563041e+00,
         1.77607982e+00, -1.37902414e+00, -1.15302348e+00,
        -9.24255870e-01,  6.54136518e-01,  2.39217020e-01,
         5.53984471e-01, -8.51646379e-01, -7.03885635e-01,
        -2.75756638e-01, -7.08056367e-01, -2.59807364e-01,
        -3.35417133e-01,  2.68193703e-01, -5.71281480e-02,
        -6.97191951e-01,  1.58715282e-01,  1.67026000e-01,
        -5.99508344e-01, -4.24367796e-01, -5.59735374e-01,
        -7.01135384e-01,  4.99956811e-01,  1.62194583e-01,
         6.42280956e-01,  9.42426548e-02, -6.27196556e-01,
        -1.13941422e+00, -4.00000000e-03, -1.01508716e+00],
       [ 2.68868142e-01, -1.66509974e+00,  5.23544104e-01,
        -4.42334390e-01,  3.24374698e-01,  1.07092479e-01,
         1.74726199e-01, -6.63393307e-01, -5.12089036e-01,
        -8.49835227e-02, -1.33311810e+00, -3.40314356e-01,
        -7.51155733e-01,  2.45530043e-01,  1.19941096e+00,
         1.79290677e+00, -1.47264689e+00, -1.09407292e+00,
        -8.55331041e-01,  6.62496899e-01,  2.59265418e-01,
         3.77908830e-01, -6.56708616e-01, -6.98556548e-01,
        -2.37556272e-01, -7.34796478e-01, -2.24913288e-01,
        -2.79513850e-01,  2.50576428e-01, -4.07094337e-02,
        -8.58584933e-01,  3.03808840e-01,  2.34028527e-01,
        -6.13190188e-01, -4.59791490e-01, -5.66510398e-01,
        -6.50748732e-01,  4.99110494e-01,  2.02292939e-01,
         3.73659931e-01,  2.58802683e-01, -4.45194481e-01,
        -1.13691532e+00,  1.00000000e-02, -9.73647187e-01],
       [ 2.99150065e-01, -1.62842002e+00,  4.96238429e-01,
        -4.60541765e-01,  3.36308055e-01,  9.61070813e-02,
         1.55285812e-01, -6.34534992e-01, -4.71831371e-01,
        -9.52917684e-02, -1.33350633e+00, -3.68752416e-01,
        -7.55110439e-01,  2.08620030e-01,  1.27348392e+00,
         1.78707810e+00, -1.47775051e+00, -1.10296491e+00,
        -8.84323134e-01,  7.11695222e-01,  2.98206310e-01,
         4.22437540e-01, -7.44207996e-01, -6.95508089e-01,
        -2.30193002e-01, -7.37294614e-01, -2.08911101e-01,
        -2.85217528e-01,  2.94158006e-01, -2.82678475e-03,
        -8.22850768e-01,  2.40356162e-01,  2.35377477e-01,
        -6.17321323e-01, -4.49177923e-01, -5.68533242e-01,
        -6.72812996e-01,  5.27427148e-01,  2.05831776e-01,
         4.41520985e-01,  2.11088255e-01, -4.56397312e-01,
        -1.15847716e+00,  9.00000000e-03, -9.55265237e-01],
       [ 3.33996286e-01, -1.65407608e+00,  4.58236921e-01,
        -4.69120373e-01,  3.44870941e-01,  7.81905404e-02,
         1.94420298e-01, -6.20992607e-01, -4.96741397e-01,
        -8.79691395e-02, -1.32445937e+00, -3.77625851e-01,
        -7.40640103e-01,  2.25775444e-01,  1.26585757e+00,
         1.77347821e+00, -1.47169737e+00, -1.09800851e+00,
        -8.96480431e-01,  7.31615802e-01,  3.23734772e-01,
         4.00572908e-01, -7.14644021e-01, -7.12736187e-01,
        -2.44019777e-01, -7.37997750e-01, -2.13333639e-01,
        -3.01002758e-01,  2.96241843e-01,  8.44194226e-03,
        -8.48528668e-01,  2.56780846e-01,  2.39214361e-01,
        -6.13000786e-01, -4.44700600e-01, -5.89499327e-01,
        -6.82638554e-01,  5.42967140e-01,  2.13779037e-01,
         4.40404311e-01,  2.27465267e-01, -4.84104579e-01,
        -1.12585730e+00, -7.00000000e-03, -9.66092304e-01],
       [ 3.52992715e-01, -1.68629309e+00,  4.99255549e-01,
        -4.55963369e-01,  3.37565558e-01,  9.52326327e-02,
         2.12503166e-01, -6.33109117e-01, -5.35733664e-01,
        -9.33356558e-02, -1.30755854e+00, -3.62562430e-01,
        -7.42738554e-01,  2.33589960e-01,  1.21582693e+00,
         1.77483427e+00, -1.48977221e+00, -1.10734042e+00,
        -8.88333618e-01,  7.57169337e-01,  3.32501558e-01,
         3.63806865e-01, -6.75198352e-01, -7.11845208e-01,
        -2.41707501e-01, -7.62075818e-01, -1.98941808e-01,
        -2.86778953e-01,  3.03353941e-01,  3.70286839e-02,
        -8.80510665e-01,  2.81222627e-01,  2.28316766e-01,
        -6.24500049e-01, -4.29985331e-01, -6.03940177e-01,
        -6.72866734e-01,  5.51215257e-01,  1.95134347e-01,
         3.94347002e-01,  2.52679855e-01, -4.73648489e-01,
        -1.11882101e+00,  7.00000000e-03, -9.48442638e-01],
       [-7.00000000e-03, -1.00000000e-02, -9.00000000e-03,
         7.00000000e-03,  5.00000000e-03,  4.00000000e-03,
        -2.00000000e-03,  4.00000000e-03, -7.00000000e-03,
        -2.00000000e-03,  1.00000000e-03, -3.00000000e-03,
        -7.00000000e-03, -2.00000000e-03,  5.00000000e-03,
         1.00000000e-02, -8.00000000e-03, -2.00000000e-03,
        -1.00000000e-03, -2.00000000e-03, -6.00000000e-03,
        -9.00000000e-03, -7.00000000e-03, -4.00000000e-03,
         2.00000000e-03,  7.00000000e-03, -3.00000000e-03,
         0.00000000e+00, -5.00000000e-03,  6.00000000e-03,
        -3.00000000e-03, -9.00000000e-03, -6.00000000e-03,
        -4.00000000e-03,  8.00000000e-03, -7.00000000e-03,
         4.00000000e-03,  1.00000000e-02, -7.00000000e-03,
        -8.00000000e-03, -1.00000000e-03,  4.00000000e-03,
         6.00000000e-03, -7.00000000e-03, -7.00000000e-03]]), 'deltas': array([[3.78893197e-05],
       [1.92840854e-04],
       [2.36560499e-04],
       [3.77334414e-03],
       [3.85625396e-03],
       [3.61124344e-03],
       [3.74351808e-03],
       [3.62490124e-03],
       [3.70503398e-03],
       [3.75170485e-03],
       [0.00000000e+00]]), 'outputs': array([[0.99758437],
       [0.9875809 ],
       [0.98472108],
       [0.60005821],
       [0.56883677],
       [0.64255318],
       [0.60912659],
       [0.63947315],
       [0.61981752],
       [0.60671423],
       [1.        ]]), 'errors': 0.01572303023763299}, {'weights': array([[ 7.67545539e-01,  1.94734134e+00,  1.59484426e+00,
         7.28846479e-01,  6.86277432e-01,  6.64684184e-01,
         7.53678610e-01,  7.51711630e-01,  6.97563968e-01,
         7.01335828e-01, -3.45686840e+00],
       [ 2.83693664e+00, -1.20363412e+00, -1.29541163e-01,
        -5.54441271e-01, -5.41465166e-01, -4.45153975e-01,
        -6.17059808e-01, -6.34921734e-01, -5.49531300e-01,
        -6.03467694e-01, -2.57970431e+00],
       [ 3.55221590e-02,  3.65851254e-01,  4.22497950e-01,
        -2.56144196e-01, -3.03658843e-01, -1.71009927e-01,
        -2.51420789e-01, -2.45220221e-01, -2.35351747e-01,
        -2.50953041e-01, -2.94445166e+00],
       [ 2.74752104e-01, -1.09004452e+00, -1.09470178e+00,
        -1.48708470e-02,  1.51188525e-01, -8.07545411e-03,
         2.54714754e-03,  7.17124191e-02,  1.05607468e-01,
         1.29328340e-01, -1.87264520e+00],
       [ 4.14953662e-01, -1.01687765e+00, -9.54536755e-01,
        -4.77954922e-01, -4.73309785e-01, -4.99750144e-01,
        -4.77703962e-01, -4.82620271e-01, -4.81693830e-01,
        -4.72262713e-01, -2.08216177e+00],
       [-4.67572129e+00, -1.90411248e+00, -2.14503105e+00,
        -1.28488867e+00, -1.26935515e+00, -1.42346191e+00,
        -1.28404090e+00, -1.33388174e+00, -1.40258478e+00,
        -1.38382110e+00,  2.11950488e+00]]), 'deltas': array([[ 4.22190411e-04],
       [-8.69211292e-04],
       [-1.55661805e-03],
       [-8.54990066e-04],
       [-1.16672298e-05],
       [-2.11614360e-11]]), 'outputs': array([[9.79236025e-01],
       [2.99338099e-02],
       [4.02733023e-02],
       [2.96841052e-02],
       [3.42159135e-03],
       [4.60016667e-06]]), 'errors': array([[ 2.07639747e-02],
       [-2.99338099e-02],
       [-4.02733023e-02],
       [-2.96841052e-02],
       [-3.42159135e-03],
       [-4.60016667e-06]])}]
Accuracy: 51.162790697674424 %

Feedforward Neural Network AVG Accuracy (%): 54.6964663243733 %
