Namespace(error_threshold=0.01, max_epochs=1000, num_layers=2, num_nodes_per_hidden_layer=6, training_rate=0.5)

train_data group 0 length:  171
   0   1   2   3   4   5   6   7   8  ...  36  37  38  39  40  41  42  43  44
0   0   0   1   0   0   0   1   0   0 ...   0   0   0   1   0   0   0   0   0
1   0   1   0   0   0   0   1   0   0 ...   0   0   0   0   0   1   0   0   0
2   0   0   1   0   0   0   0   1   0 ...   0   0   0   1   0   0   0   0   0
3   0   1   0   0   0   0   1   0   0 ...   0   0   0   0   0   1   0   0   0
4   0   0   1   0   0   0   0   1   0 ...   0   0   0   1   0   0   0   0   0

[5 rows x 45 columns]
Initial Neural Network:
[{'weights': array([[-0.002, -0.004, -0.002, -0.002,  0.004,  0.008,  0.008,  0.004,
        -0.001,  0.005,  0.008,  0.01 , -0.008,  0.003, -0.008, -0.005,
         0.001, -0.01 ,  0.002, -0.001,  0.006,  0.001,  0.007,  0.01 ,
        -0.003, -0.008,  0.004,  0.01 , -0.008,  0.006,  0.006, -0.01 ,
         0.01 , -0.001, -0.006,  0.01 ,  0.007, -0.009, -0.008, -0.01 ,
         0.004,  0.007,  0.006, -0.007, -0.007],
       [-0.003, -0.009,  0.002,  0.008, -0.007, -0.007,  0.001, -0.007,
        -0.006, -0.001,  0.008, -0.002,  0.008, -0.005,  0.004, -0.008,
        -0.003,  0.005,  0.003,  0.004, -0.01 ,  0.003,  0.005, -0.003,
        -0.005, -0.007, -0.001,  0.008,  0.01 , -0.005, -0.01 ,  0.008,
         0.   , -0.007, -0.007, -0.007,  0.005,  0.008,  0.004,  0.009,
        -0.007, -0.005,  0.009,  0.01 , -0.003],
       [ 0.002,  0.008, -0.003,  0.003,  0.008, -0.008, -0.006,  0.007,
        -0.009, -0.001,  0.001,  0.004, -0.006,  0.004, -0.01 , -0.002,
         0.002,  0.007,  0.007,  0.006,  0.008,  0.009, -0.001, -0.003,
         0.005,  0.006,  0.01 ,  0.001, -0.008,  0.004,  0.004,  0.005,
         0.   ,  0.006, -0.007, -0.001, -0.008,  0.008, -0.004,  0.002,
        -0.007,  0.001,  0.007,  0.009, -0.009],
       [-0.008, -0.005, -0.003,  0.004, -0.009,  0.006, -0.003, -0.003,
         0.004,  0.01 ,  0.   , -0.002,  0.009,  0.002,  0.009, -0.008,
        -0.009, -0.009,  0.009,  0.008, -0.006, -0.005,  0.003,  0.009,
         0.007,  0.009,  0.004, -0.009,  0.001, -0.007, -0.01 ,  0.008,
         0.003,  0.006, -0.004, -0.009, -0.01 ,  0.003,  0.01 ,  0.005,
         0.005, -0.006, -0.006,  0.004,  0.006],
       [-0.004,  0.007,  0.005,  0.002, -0.007,  0.005,  0.   , -0.006,
         0.007, -0.009, -0.008, -0.008,  0.007,  0.005,  0.009,  0.005,
         0.009,  0.001,  0.001, -0.006, -0.008,  0.009, -0.008, -0.007,
        -0.002,  0.002,  0.004,  0.01 , -0.006,  0.009,  0.007, -0.004,
         0.009, -0.003, -0.007,  0.009, -0.01 ,  0.   , -0.01 , -0.007,
        -0.001,  0.003, -0.008, -0.002, -0.001],
       [-0.007, -0.009,  0.008, -0.008,  0.002,  0.003, -0.005, -0.004,
         0.   , -0.008,  0.007,  0.003, -0.008,  0.004, -0.009,  0.006,
         0.004, -0.005, -0.004, -0.01 , -0.008,  0.003, -0.006, -0.006,
        -0.008, -0.006,  0.005,  0.01 , -0.004, -0.005, -0.009,  0.004,
        -0.008,  0.003,  0.   ,  0.005,  0.002,  0.004, -0.01 ,  0.009,
         0.008, -0.005, -0.006,  0.009, -0.003],
       [-0.004,  0.009, -0.007, -0.007, -0.005, -0.004,  0.004, -0.001,
        -0.008, -0.009, -0.002, -0.01 , -0.01 ,  0.006, -0.007,  0.006,
        -0.01 ,  0.008,  0.008, -0.005, -0.008, -0.008,  0.002, -0.007,
        -0.003, -0.009,  0.002,  0.004, -0.01 ,  0.004, -0.007,  0.007,
         0.007, -0.003,  0.01 ,  0.01 ,  0.002, -0.002,  0.004,  0.005,
         0.003, -0.006, -0.003, -0.003,  0.004]]), 'deltas': array([[0.],
       [0.],
       [0.],
       [0.],
       [0.],
       [0.],
       [0.]]), 'outputs': array([[0.],
       [0.],
       [0.],
       [0.],
       [0.],
       [0.],
       [0.]]), 'errors': array([[0.],
       [0.],
       [0.],
       [0.],
       [0.],
       [0.],
       [0.]])}, {'weights': array([[ 0.006, -0.004, -0.007, -0.007,  0.009,  0.005,  0.001],
       [-0.006, -0.007, -0.008, -0.007,  0.003,  0.001,  0.002],
       [ 0.004, -0.001,  0.001, -0.008, -0.008, -0.004, -0.005],
       [ 0.008,  0.004, -0.001,  0.002,  0.008,  0.008,  0.009],
       [-0.01 ,  0.   , -0.007,  0.002, -0.007,  0.002,  0.007],
       [ 0.002,  0.005, -0.009,  0.   ,  0.   , -0.003,  0.002]]), 'deltas': array([[0.],
       [0.],
       [0.],
       [0.],
       [0.],
       [0.],
       [0.]]), 'outputs': array([[0.],
       [0.],
       [0.],
       [0.],
       [0.],
       [0.],
       [0.]]), 'errors': array([[0.],
       [0.],
       [0.],
       [0.],
       [0.],
       [0.],
       [0.]])}]
Training complete!
Training done. epoch: 38 , total error: 0.00759112784841948
[{'weights': array([[-4.09067310e-01, -1.23867526e+00,  6.74304639e-01,
        -3.32981460e-01,  6.84396362e-02, -2.39614749e-01,
        -4.70649766e-02, -1.21152266e+00,  2.21682693e-01,
         6.85399376e-02, -1.53849768e+00, -4.77344131e-01,
        -1.01928585e+00,  2.74218641e-02,  1.78072603e+00,
         1.67147257e+00, -1.44074735e+00, -6.00617927e-01,
        -9.95056131e-01,  1.19969081e-01, -7.28180581e-01,
         8.41727782e-01, -8.65782680e-01, -4.10258864e-01,
        -4.84854160e-02, -4.38519693e-01, -4.64808194e-01,
        -4.43620952e-01,  1.12969081e-01, -2.78299176e-01,
        -1.14736539e+00,  6.72225882e-01,  1.48650878e-01,
        -6.16191949e-01, -2.43324650e-01, -5.78772693e-01,
        -7.30752926e-01, -9.00000000e-03,  3.23870510e-01,
        -2.77894764e-01,  3.59788835e-01,  1.68815305e-01,
        -1.30154476e+00, -1.81144374e-01, -1.23897976e+00],
       [-5.80385404e-01, -1.23060445e+00,  5.98395979e-01,
        -1.85099937e-01, -6.49171434e-03, -3.61721004e-01,
         2.24936472e-01, -1.35359588e+00,  2.22165245e-02,
         5.29783611e-02, -1.64133743e+00, -5.27091410e-01,
        -1.04698938e+00,  4.44145035e-01,  1.38908766e+00,
         1.32610571e+00, -8.50807978e-01, -9.59078438e-01,
        -1.03997871e+00,  1.29573886e-01, -7.55096274e-01,
         6.79181402e-01, -1.02545906e+00, -2.16112360e-01,
        -8.76992311e-02, -5.42566991e-01, -4.80508899e-01,
        -4.97683522e-01,  1.35573886e-01, -3.04956652e-01,
        -1.29474601e+00,  6.88219988e-01,  9.70229773e-02,
        -5.94725828e-01, -3.22513528e-01, -6.10826838e-01,
        -7.71409694e-01,  8.00000000e-03,  3.04564533e-01,
        -5.67708095e-01,  3.11929485e-01,  2.80401962e-01,
        -1.21514395e+00, -1.88664932e-01, -1.39818553e+00],
       [-4.65643509e-01, -1.49257816e-01, -5.03722472e-01,
        -3.55558641e-01,  3.18054872e-02, -7.91012074e-01,
         3.04452308e-01, -9.26898165e-01, -1.48292500e-01,
         8.43734812e-02, -2.36371354e+00, -9.62801148e-01,
        -1.73799528e+00,  1.45500630e+00,  2.14212671e+00,
         7.35976408e-01,  1.61376716e+00, -2.37167062e+00,
        -1.65630787e+00,  2.37857973e-01, -1.00303239e+00,
         7.71959902e-01, -4.16049455e-01, -5.94146911e-01,
        -2.01108100e-01,  3.91787867e-02, -6.66701021e-01,
        -1.04771269e+00,  2.23857973e-01, -3.55469567e-01,
         5.57434341e-01, -8.34566855e-01, -2.02008486e-01,
        -6.06766383e-01,  2.43792810e-01, -9.17738042e-01,
        -1.24296535e+00,  8.00000000e-03,  4.36533633e-01,
         2.70622623e-02,  9.12994895e-01,  1.20766009e+00,
        -3.26530090e+00, -3.30793296e-01, -1.46937695e+00],
       [-5.08190119e-01, -1.00896796e-01, -7.78003315e-01,
         3.95479754e-01,  5.87248432e-01, -8.44921931e-01,
         2.79046435e-01,  2.73049239e-01, -2.97257968e-01,
         2.20722182e-01, -1.19402275e+00, -7.25165420e-01,
        -3.67592790e-01,  1.24986143e+00,  6.71557487e-01,
         6.37530230e-01,  4.98267567e-01,  3.69655185e-01,
        -2.34045807e+00,  4.42643042e-01,  1.82994643e-01,
         6.35545194e-01, -4.57857503e-01, -5.77550380e-01,
        -1.58493998e-01,  1.33574278e+00, -9.42383288e-01,
        -1.20736457e+00,  4.35643042e-01, -3.08018065e-01,
        -8.86496696e-01,  2.29658088e-01,  2.77016640e-01,
         3.04477990e-01,  1.95958117e+00, -1.24887887e+00,
        -1.55004367e+00,  3.00000000e-03,  4.42979325e-01,
        -2.05469008e-01,  7.73255531e-01,  7.04657621e-01,
        -1.64801590e+00, -5.79028497e-03, -3.77362044e-01],
       [-3.18142192e-01, -4.37238343e-01, -2.99437481e-01,
        -2.97454443e-01, -1.97515710e-01, -8.46024286e-01,
         1.32870405e+00, -1.82826776e+00, -2.56246156e-01,
         4.60459777e-02, -2.83976925e+00, -9.38258288e-01,
        -1.83968028e+00,  6.27509950e-01,  3.44240970e+00,
         1.80376406e-01,  2.21060537e+00, -2.65835817e+00,
        -1.46408566e+00,  1.88673886e-01, -1.11346556e+00,
         1.35799751e+00, -5.74352425e-01, -9.57674219e-01,
        -2.81293473e-01, -1.88322105e-01, -6.08593548e-01,
        -9.34546402e-01,  1.88673886e-01, -3.53873685e-01,
         6.62936425e-01, -6.08847198e-01, -3.42487181e-01,
        -8.92516530e-01,  1.13753052e-01, -8.36045796e-01,
        -1.19029805e+00,  0.00000000e+00,  3.41802621e-01,
         1.43589472e-01,  2.35132580e-01,  1.08585997e+00,
        -2.73368017e+00, -2.98690020e-01, -1.55378817e+00],
       [-4.78683680e-01, -1.22335159e+00,  6.36110042e-01,
        -2.93878981e-01,  3.05115225e-02, -3.22278278e-01,
         5.34177659e-03, -1.29060575e+00,  2.24765962e-01,
         5.34835994e-02, -1.60671450e+00, -5.07638487e-01,
        -1.05972611e+00,  1.53375033e-01,  1.70241138e+00,
         1.61623593e+00, -1.26248340e+00, -7.57509624e-01,
        -1.03296084e+00,  1.12425239e-01, -7.77244238e-01,
         8.34405909e-01, -9.49446477e-01, -3.85419999e-01,
        -6.25878852e-02, -4.75913668e-01, -4.72627686e-01,
        -4.80176574e-01,  1.18425239e-01, -2.98718848e-01,
        -1.18082704e+00,  6.65242842e-01,  9.86234497e-02,
        -6.14613097e-01, -2.56892975e-01, -5.95337104e-01,
        -7.61249711e-01,  4.00000000e-03,  2.95187100e-01,
        -3.18332990e-01,  3.57671572e-01,  1.64392416e-01,
        -1.32312604e+00, -1.80897649e-01, -1.31829269e+00],
       [-4.00000000e-03,  9.00000000e-03, -7.00000000e-03,
        -7.00000000e-03, -5.00000000e-03, -4.00000000e-03,
         4.00000000e-03, -1.00000000e-03, -8.00000000e-03,
        -9.00000000e-03, -2.00000000e-03, -1.00000000e-02,
        -1.00000000e-02,  6.00000000e-03, -7.00000000e-03,
         6.00000000e-03, -1.00000000e-02,  8.00000000e-03,
         8.00000000e-03, -5.00000000e-03, -8.00000000e-03,
        -8.00000000e-03,  2.00000000e-03, -7.00000000e-03,
        -3.00000000e-03, -9.00000000e-03,  2.00000000e-03,
         4.00000000e-03, -1.00000000e-02,  4.00000000e-03,
        -7.00000000e-03,  7.00000000e-03,  7.00000000e-03,
        -3.00000000e-03,  1.00000000e-02,  1.00000000e-02,
         2.00000000e-03, -2.00000000e-03,  4.00000000e-03,
         5.00000000e-03,  3.00000000e-03, -6.00000000e-03,
        -3.00000000e-03, -3.00000000e-03,  4.00000000e-03]]), 'deltas': array([[0.00235108],
       [0.00752769],
       [0.00870589],
       [0.00021309],
       [0.00977475],
       [0.00333395],
       [0.        ]]), 'outputs': array([[0.94563538],
       [0.79222997],
       [0.74420413],
       [0.99531871],
       [0.69043052],
       [0.92083181],
       [1.        ]]), 'errors': 0.045732762291699265}, {'weights': array([[ 1.41140155,  1.11227096,  1.07265102,  0.54597253,  2.25297897,
         1.40757049, -3.84243581],
       [-1.55378754, -0.45549317,  0.5889512 ,  3.54144752, -1.05075088,
        -1.39705813, -2.56120267],
       [-0.06855121, -0.40449876,  0.5453768 ,  0.39793048, -0.14581445,
        -0.14464759, -2.99727577],
       [-0.47954482, -0.48682551, -1.80198772,  1.05432873, -1.60886508,
        -0.49019296, -2.13138681],
       [-0.68639959, -0.7000835 , -1.06109595,  0.65856603, -1.23580493,
        -0.67516606, -2.25898813],
       [-1.71358208, -1.8029588 , -2.97236433, -5.55456695, -2.60124319,
        -1.79270245,  2.27890886]]), 'deltas': array([[ 4.83341722e-03],
       [-6.08385908e-03],
       [-3.06258787e-03],
       [-6.29961007e-05],
       [-3.86012001e-05],
       [-4.11212572e-11]]), 'outputs': array([[9.27823735e-01],
       [8.13807724e-02],
       [5.69883050e-02],
       [7.96882287e-03],
       [6.23243841e-03],
       [6.41260640e-06]]), 'errors': array([[ 7.21762649e-02],
       [-8.13807724e-02],
       [-5.69883050e-02],
       [-7.96882287e-03],
       [-6.23243841e-03],
       [-6.41260640e-06]])}]
neural_net output [0.13599551 0.72291121 0.09428984 0.05144337 0.05885273 0.00240232]
target: 0 prediction: 1
neural_net output [4.50497541e-01 6.27651388e-01 9.80661570e-02 1.34274740e-02
 2.26447412e-02 2.14822953e-04]
target: 0 prediction: 1
neural_net output [7.87445214e-01 2.16513657e-01 7.76963722e-02 9.39002756e-03
 1.12815205e-02 4.16017310e-05]
target: 0 prediction: 0
neural_net output [0.13599551 0.72291121 0.09428984 0.05144337 0.05885273 0.00240232]
target: 0 prediction: 1
neural_net output [9.47888934e-01 7.23215225e-02 5.60584102e-02 5.83901318e-03
 5.08076724e-03 4.51219176e-06]
target: 0 prediction: 0
neural_net output [0.19460498 0.50075506 0.08517912 0.02891844 0.03911264 0.00388266]
target: 0 prediction: 1
neural_net output [0.0915996  0.50053171 0.06748136 0.09350777 0.08119173 0.02111885]
target: 0 prediction: 1
neural_net output [4.03793029e-01 6.06391075e-01 9.42612650e-02 1.59300633e-02
 2.53079965e-02 3.46078094e-04]
target: 0 prediction: 1
neural_net output [0.13599551 0.72291121 0.09428984 0.05144337 0.05885273 0.00240232]
target: 0 prediction: 1
neural_net output [4.86310071e-01 5.63724459e-01 9.49325427e-02 1.14707523e-02
 2.01297283e-02 2.34201673e-04]
target: 0 prediction: 1
neural_net output [4.86310071e-01 5.63724459e-01 9.49325427e-02 1.14707523e-02
 2.01297283e-02 2.34201673e-04]
target: 0 prediction: 1
neural_net output [4.50497541e-01 6.27651388e-01 9.80661570e-02 1.34274740e-02
 2.26447412e-02 2.14822953e-04]
target: 0 prediction: 1
neural_net output [4.27653134e-01 6.04090635e-01 9.48307821e-02 1.46823557e-02
 2.39215167e-02 2.93900683e-04]
target: 0 prediction: 1
neural_net output [0.04782768 0.69807589 0.07253778 0.18233852 0.13300356 0.02459381]
target: 0 prediction: 1
neural_net output [4.27653134e-01 6.04090635e-01 9.48307821e-02 1.46823557e-02
 2.39215167e-02 2.93900683e-04]
target: 1 prediction: 1
neural_net output [4.86310071e-01 5.63724459e-01 9.49325427e-02 1.14707523e-02
 2.01297283e-02 2.34201673e-04]
target: 1 prediction: 1
neural_net output [0.03488501 0.5575991  0.06406222 0.21111256 0.14533592 0.08939115]
target: 1 prediction: 1
neural_net output [0.03857815 0.7041628  0.06861382 0.24327458 0.16011464 0.03446496]
target: 1 prediction: 1
neural_net output [5.04730786e-01 5.96376481e-01 9.73935120e-02 1.12174339e-02
 1.97772011e-02 1.68842331e-04]
target: 1 prediction: 1
neural_net output [5.04730786e-01 5.96376481e-01 9.73935120e-02 1.12174339e-02
 1.97772011e-02 1.68842331e-04]
target: 1 prediction: 1
neural_net output [0.04144094 0.70591749 0.07042878 0.21537668 0.14895472 0.03097526]
target: 1 prediction: 1
neural_net output [0.03603928 0.70155427 0.06870773 0.24140075 0.16175299 0.04135606]
target: 1 prediction: 1
neural_net output [0.04782768 0.69807589 0.07253778 0.18233852 0.13300356 0.02459381]
target: 1 prediction: 1
neural_net output [4.27653134e-01 6.04090635e-01 9.48307821e-02 1.46823557e-02
 2.39215167e-02 2.93900683e-04]
target: 1 prediction: 1
neural_net output [0.25714667 0.47697677 0.07356381 0.05721268 0.04805396 0.0013289 ]
target: 1 prediction: 1
neural_net output [0.02361814 0.13640491 0.05132664 0.12797901 0.10632864 0.75607269]
target: 1 prediction: 5
neural_net output [4.69057810e-01 6.17914966e-01 9.76617961e-02 1.26533583e-02
 2.16474045e-02 1.97771282e-04]
target: 1 prediction: 1
neural_net output [4.27653134e-01 6.04090635e-01 9.48307821e-02 1.46823557e-02
 2.39215167e-02 2.93900683e-04]
target: 1 prediction: 1
neural_net output [5.06363879e-01 5.96284711e-01 9.76078151e-02 1.10539310e-02
 1.96198873e-02 1.67427240e-04]
target: 1 prediction: 1
neural_net output [0.04342332 0.72665856 0.07353247 0.2005072  0.14294267 0.02448205]
target: 2 prediction: 1
neural_net output [4.27653134e-01 6.04090635e-01 9.48307821e-02 1.46823557e-02
 2.39215167e-02 2.93900683e-04]
target: 2 prediction: 1
neural_net output [4.27653134e-01 6.04090635e-01 9.48307821e-02 1.46823557e-02
 2.39215167e-02 2.93900683e-04]
target: 2 prediction: 1
neural_net output [0.05651667 0.59783683 0.06664835 0.1629264  0.11800134 0.03045089]
target: 3 prediction: 1
neural_net output [0.03346116 0.60549254 0.06529208 0.22361633 0.1532556  0.07920423]
target: 3 prediction: 1
neural_net output [0.02296343 0.11179568 0.05012979 0.12013878 0.10204865 0.81367423]
target: 3 prediction: 5
neural_net output [0.03327453 0.61996212 0.06572139 0.2272509  0.15541016 0.07494983]
target: 4 prediction: 1
neural_net output [0.03263396 0.58819998 0.06486022 0.21974703 0.15196589 0.09074911]
target: 4 prediction: 1
neural_net output [0.02140836 0.07990976 0.04816348 0.10932536 0.09637382 0.88992732]
target: 5 prediction: 5
neural_net output [0.0220802  0.09359545 0.04915199 0.11356359 0.09874812 0.85923253]
target: 5 prediction: 5
neural_net output [0.02159053 0.08477979 0.04848886 0.11129013 0.09748301 0.87992508]
target: 5 prediction: 5
neural_net output [0.02140836 0.07990976 0.04816348 0.10932536 0.09637382 0.88992732]
target: 5 prediction: 5
neural_net output [0.03804097 0.61114003 0.0655109  0.22384766 0.14931951 0.056868  ]
target: 5 prediction: 1
neural_net output [0.02159053 0.08477979 0.04848886 0.11129013 0.09748301 0.87992508]
target: 5 prediction: 5
Accuracy: 48.837209302325576 %

train_data group 1 length:  172
   0   1   2   3   4   5   6   7   8  ...  36  37  38  39  40  41  42  43  44
0   0   1   0   0   0   0   0   1   0 ...   0   0   0   1   0   0   0   0   0
1   0   1   0   0   0   0   1   0   0 ...   0   0   0   0   1   0   0   0   0
2   0   0   1   0   0   0   0   1   0 ...   0   0   0   1   0   0   0   0   0
3   0   1   0   0   0   0   0   1   0 ...   0   0   0   1   0   0   0   0   0
4   0   0   1   0   0   0   1   0   0 ...   0   0   0   0   1   0   0   0   0

[5 rows x 45 columns]
Initial Neural Network:
[{'weights': array([[-0.004, -0.005,  0.003, -0.008,  0.008, -0.01 ,  0.006, -0.002,
        -0.007, -0.002, -0.003, -0.009, -0.01 , -0.002,  0.001,  0.006,
         0.   , -0.006, -0.005, -0.009,  0.005,  0.01 , -0.009,  0.   ,
         0.007, -0.003,  0.008, -0.006, -0.005, -0.008,  0.001, -0.004,
         0.006, -0.002,  0.003,  0.   , -0.002, -0.008,  0.003, -0.006,
        -0.003,  0.006,  0.01 ,  0.003,  0.009],
       [ 0.   ,  0.006, -0.002, -0.008, -0.005,  0.01 ,  0.006, -0.01 ,
         0.007, -0.002, -0.004, -0.006, -0.006, -0.003,  0.003,  0.009,
         0.001,  0.009,  0.003,  0.005, -0.004,  0.008, -0.003, -0.002,
         0.01 ,  0.005,  0.007,  0.003,  0.001, -0.008, -0.002,  0.007,
        -0.01 , -0.01 ,  0.007, -0.005, -0.002,  0.005, -0.006, -0.004,
        -0.008, -0.008, -0.007,  0.009, -0.003],
       [-0.008,  0.003, -0.01 ,  0.001,  0.   ,  0.003, -0.004,  0.005,
        -0.001,  0.004, -0.007,  0.008,  0.002,  0.   ,  0.001,  0.007,
        -0.009,  0.009,  0.009,  0.005, -0.003, -0.005, -0.002, -0.004,
         0.   ,  0.007, -0.009, -0.005, -0.007,  0.001, -0.006, -0.008,
        -0.008,  0.009,  0.   ,  0.007,  0.   , -0.007,  0.003, -0.007,
         0.005,  0.01 ,  0.005, -0.002, -0.01 ],
       [ 0.001,  0.002, -0.005, -0.008,  0.004,  0.009,  0.004, -0.006,
        -0.005,  0.008, -0.004, -0.001,  0.004, -0.006,  0.008,  0.005,
         0.001,  0.004,  0.001,  0.004,  0.01 , -0.004, -0.005, -0.005,
        -0.009,  0.005, -0.002,  0.007, -0.007, -0.005,  0.003,  0.001,
         0.01 ,  0.01 , -0.006, -0.001,  0.004, -0.004,  0.005,  0.003,
         0.009, -0.009,  0.008, -0.008,  0.009],
       [ 0.007, -0.008,  0.001, -0.003,  0.009,  0.01 , -0.006, -0.004,
         0.005,  0.005,  0.008,  0.001, -0.009,  0.   , -0.01 ,  0.001,
         0.   ,  0.007, -0.008, -0.003, -0.008,  0.006, -0.01 ,  0.005,
         0.001,  0.004,  0.005, -0.002,  0.009, -0.006,  0.005,  0.004,
        -0.005, -0.01 ,  0.009,  0.004, -0.002, -0.009, -0.006,  0.002,
         0.   ,  0.005, -0.007,  0.009,  0.008],
       [ 0.006, -0.004,  0.01 ,  0.003,  0.006,  0.007,  0.004, -0.007,
         0.009, -0.002, -0.006,  0.004, -0.005, -0.007,  0.006, -0.001,
        -0.006, -0.008,  0.009, -0.001, -0.007,  0.01 ,  0.002,  0.008,
         0.009,  0.007, -0.007,  0.001, -0.008, -0.004, -0.006, -0.004,
        -0.009,  0.003,  0.   , -0.007, -0.009,  0.001, -0.003,  0.01 ,
        -0.002,  0.005,  0.006,  0.005, -0.003],
       [ 0.005,  0.006, -0.01 ,  0.003,  0.   ,  0.   ,  0.002,  0.008,
         0.005,  0.008, -0.007, -0.01 , -0.006, -0.001,  0.   , -0.003,
        -0.004, -0.001,  0.003, -0.002,  0.004,  0.002, -0.006, -0.004,
        -0.004, -0.002, -0.01 , -0.001, -0.008,  0.01 , -0.005, -0.006,
         0.009,  0.001,  0.007,  0.003,  0.001,  0.008, -0.009, -0.009,
        -0.008,  0.   , -0.004, -0.003,  0.01 ]]), 'deltas': array([[0.],
       [0.],
       [0.],
       [0.],
       [0.],
       [0.],
       [0.]]), 'outputs': array([[0.],
       [0.],
       [0.],
       [0.],
       [0.],
       [0.],
       [0.]]), 'errors': array([[0.],
       [0.],
       [0.],
       [0.],
       [0.],
       [0.],
       [0.]])}, {'weights': array([[ 0.007,  0.009,  0.005, -0.007,  0.009,  0.002, -0.007],
       [-0.008,  0.001,  0.004,  0.005, -0.008,  0.001, -0.006],
       [-0.007,  0.003,  0.01 , -0.008,  0.01 ,  0.006,  0.   ],
       [-0.004, -0.007, -0.008,  0.007, -0.003,  0.008,  0.   ],
       [-0.003,  0.008,  0.001, -0.002, -0.003, -0.006, -0.009],
       [ 0.   ,  0.006, -0.001,  0.006,  0.006, -0.008,  0.003]]), 'deltas': array([[0.],
       [0.],
       [0.],
       [0.],
       [0.],
       [0.],
       [0.]]), 'outputs': array([[0.],
       [0.],
       [0.],
       [0.],
       [0.],
       [0.],
       [0.]]), 'errors': array([[0.],
       [0.],
       [0.],
       [0.],
       [0.],
       [0.],
       [0.]])}]
Training complete!
Training done. epoch: 28 , total error: 0.0024727127250529085
[{'weights': array([[-3.32697019e-01,  9.42438695e-01, -1.83022378e+00,
         6.87282190e-01,  3.83612219e-01,  4.60971923e-01,
         1.17386768e+00, -3.26781408e-01, -1.46464588e+00,
        -2.00000000e-03, -2.00813449e+00,  2.47038296e-01,
        -9.32454057e-01,  7.90503284e-01,  1.73645927e+00,
         1.20500063e+00,  1.08735351e-01,  1.04866607e-01,
        -1.74882905e+00,  1.72638770e-01, -7.88182305e-01,
         9.73442449e-01, -1.35468681e-01, -1.33727925e-01,
        -4.66512293e-02,  1.88603064e+00, -7.07591092e-01,
        -1.08371690e+00, -2.44310342e-01, -3.30146699e-01,
        -2.29818616e+00,  6.43101633e-01,  1.27334842e+00,
         5.61295116e-01,  1.83081874e+00, -1.54078097e+00,
        -9.95697850e-01,  6.24947928e-01, -6.68755380e-02,
        -6.94748951e-01, -2.12120459e-01,  5.40399404e-01,
         1.32929857e-01,  9.99524578e-02, -1.34587691e-01],
       [-2.58935943e-01,  1.23442403e+00, -3.10135644e+00,
         9.97678388e-01,  3.69503542e-01,  5.31179544e-01,
         7.94400637e-01, -7.79410825e-01, -1.28285578e+00,
        -2.00000000e-03, -1.62038296e+00,  2.72121143e-01,
        -1.09059622e+00,  1.09452556e+00,  5.78646054e-01,
        -9.70417520e-01,  5.99819249e-01,  1.04495235e+00,
        -1.51692871e+00,  1.19888201e-01,  5.97227205e-02,
        -9.67777567e-01,  7.68206262e-02, -2.14826248e-01,
         3.05374046e-01,  1.52189362e+00, -8.69969930e-01,
        -1.14651327e+00, -2.39096836e-01, -3.26342057e-01,
        -2.07462465e+00, -7.34416197e-01,  1.34641000e+00,
         1.01628648e+00,  1.50754628e+00, -1.59961898e+00,
        -1.03779092e+00,  5.38926835e-01, -1.59749635e-01,
        -7.70730700e-01, -6.73751646e-01,  4.01457141e-01,
         2.50170985e-01,  2.51677981e-02, -7.52686422e-01],
       [-2.31824949e-01, -1.69040006e-01, -1.71294630e+00,
         1.06741110e+00,  3.95609565e-01,  1.01142979e+00,
        -3.82749936e-01, -5.33661758e-01, -7.28808682e-01,
         4.00000000e-03, -3.94988423e-01,  4.89413343e-01,
        -7.78640957e-01, -1.09867556e+00,  1.15010101e+00,
        -8.32329578e-01,  2.26114884e-01,  6.29511170e-01,
        -9.32372945e-01,  2.93285881e-01,  4.71747472e-01,
         4.02287912e-03, -3.25575617e-01, -5.77100460e-01,
        -2.23884863e-01,  6.20898602e-01, -3.73974717e-01,
        -6.64154525e-01, -2.33559948e-01,  3.21765586e-01,
        -2.07595936e+00, -1.63100337e+00,  1.36930682e+00,
         1.36709974e+00,  3.70274353e-01, -8.53658997e-01,
        -7.12988518e-01,  5.95523305e-01, -3.29407302e-02,
        -1.78755919e+00, -1.89896481e-01,  6.83662485e-01,
         7.18599752e-01, -5.05971514e-02, -6.46790588e-01],
       [-3.25952473e-01,  1.67332612e-01, -1.88622731e+00,
         1.07372972e+00,  3.99099478e-01,  9.96269584e-01,
        -8.66479399e-02, -6.43233628e-01, -8.30405987e-01,
         8.00000000e-03, -7.52639652e-01,  3.99373049e-01,
        -9.14044563e-01, -1.01185538e+00,  1.71414857e+00,
        -1.01911341e+00, -5.08978014e-01,  1.68806748e+00,
        -9.60777942e-01,  2.49783916e-01,  3.94465877e-01,
        -1.72094747e-01,  1.26866513e-01, -6.59108358e-01,
        -2.69147256e-01,  8.41634937e-01, -5.06802742e-01,
        -6.68001718e-01, -2.29848447e-01,  2.49199286e-01,
        -1.56246320e+00, -1.97307661e+00,  1.37283944e+00,
         1.36648312e+00,  6.69738559e-01, -9.41047115e-01,
        -7.51148010e-01,  5.54470763e-01, -1.00032168e-01,
        -1.69892434e+00, -5.76649402e-01,  1.16064833e+00,
         6.07444638e-01, -5.55371953e-02, -5.57017971e-01],
       [ 2.93466209e-01, -7.35800714e-01, -1.48237953e+00,
         1.08694603e+00,  3.98747750e-01,  1.00573807e+00,
        -7.39268062e-01,  1.44391750e-01, -8.50882012e-01,
         5.00000000e-03, -4.97776520e-01,  8.50036065e-01,
        -5.08797340e-01, -1.95005909e-01, -1.03476545e-01,
        -4.20301542e-01,  5.10576027e-02,  1.27436454e-01,
        -8.95087276e-01,  6.88874512e-01,  1.08947249e+00,
        -2.80981828e-01, -9.47045720e-01, -3.16014538e-01,
         3.54935061e-03,  7.05172353e-01, -2.78454826e-01,
        -6.05060142e-01, -2.50677635e-01,  6.51792589e-01,
        -2.64085551e+00, -8.85318109e-01,  1.20109445e+00,
         1.21626633e+00,  4.51421155e-01, -1.06281570e+00,
        -6.74253948e-01,  1.02702306e+00, -1.90394818e-01,
        -1.05594097e+00, -1.74321690e-01,  4.82242997e-01,
         3.74724942e-01, -6.27255300e-02, -4.37020249e-01],
       [ 2.53394929e-02, -3.59483167e-01, -1.62681723e+00,
         1.03401443e+00,  4.00288735e-01,  1.01353587e+00,
        -5.38565217e-01, -3.12665894e-01, -6.96962500e-01,
        -2.00000000e-03, -4.65902904e-01,  5.96050684e-01,
        -5.81089992e-01, -8.85475558e-01,  7.80760026e-01,
        -7.59174901e-01,  2.99881447e-01,  3.62405304e-01,
        -9.29246721e-01,  4.71477128e-01,  7.45408699e-01,
        -7.78143513e-02, -5.41092756e-01, -4.55263869e-01,
        -1.96895465e-01,  6.00408568e-01, -2.16155008e-01,
        -6.56934749e-01, -2.81976554e-01,  5.30478225e-01,
        -2.30961798e+00, -1.47105944e+00,  1.33184893e+00,
         1.35069252e+00,  2.79220376e-01, -8.88171448e-01,
        -7.08258595e-01,  8.34553564e-01, -8.30016408e-02,
        -1.51581263e+00, -1.03255939e-01,  5.02028935e-01,
         6.43133950e-01, -4.97520613e-02, -5.50657743e-01],
       [ 5.00000000e-03,  6.00000000e-03, -1.00000000e-02,
         3.00000000e-03,  0.00000000e+00,  0.00000000e+00,
         2.00000000e-03,  8.00000000e-03,  5.00000000e-03,
         8.00000000e-03, -7.00000000e-03, -1.00000000e-02,
        -6.00000000e-03, -1.00000000e-03,  0.00000000e+00,
        -3.00000000e-03, -4.00000000e-03, -1.00000000e-03,
         3.00000000e-03, -2.00000000e-03,  4.00000000e-03,
         2.00000000e-03, -6.00000000e-03, -4.00000000e-03,
        -4.00000000e-03, -2.00000000e-03, -1.00000000e-02,
        -1.00000000e-03, -8.00000000e-03,  1.00000000e-02,
        -5.00000000e-03, -6.00000000e-03,  9.00000000e-03,
         1.00000000e-03,  7.00000000e-03,  3.00000000e-03,
         1.00000000e-03,  8.00000000e-03, -9.00000000e-03,
        -9.00000000e-03, -8.00000000e-03,  0.00000000e+00,
        -4.00000000e-03, -3.00000000e-03,  1.00000000e-02]]), 'deltas': array([[0.00043353],
       [0.0003123 ],
       [0.00093889],
       [0.00077473],
       [0.00093113],
       [0.00101394],
       [0.        ]]), 'outputs': array([[0.97212318],
       [0.98008173],
       [0.93739055],
       [0.94896756],
       [0.93794441],
       [0.93199421],
       [1.        ]]), 'errors': 0.015997590360039275}, {'weights': array([[ 2.77066483, -0.41381732, -0.61887549, -0.69931096, -1.0744918 ,
        -0.60954074, -2.59381604],
       [ 1.12494695,  1.83439523,  1.10348924,  0.96718021,  1.13890955,
         1.00992992, -3.30224028],
       [ 0.56934242, -0.01344368, -0.41694228, -0.43637641, -0.49111187,
        -0.40473506, -2.70684805],
       [-0.48174747, -0.68560948, -0.29979362, -0.28795475,  0.50221669,
        -0.06063915, -1.81591909],
       [-0.36547567, -0.50248551, -0.69011687, -0.73027348, -0.63823625,
        -0.68525017, -2.32043471],
       [-4.22748039, -2.99143209, -2.03787486, -2.04727147, -2.20763541,
        -2.13429728,  2.16256519]]), 'deltas': array([[-1.71244440e-03],
       [ 7.60132747e-04],
       [-4.61245695e-04],
       [-1.81131955e-03],
       [-1.01270695e-05],
       [-7.74805784e-12]]), 'outputs': array([[4.22853743e-02],
       [9.72035722e-01],
       [2.17136668e-02],
       [4.35169961e-02],
       [3.18738947e-03],
       [2.78353721e-06]]), 'errors': array([[-4.22853743e-02],
       [ 2.79642778e-02],
       [-2.17136668e-02],
       [-4.35169961e-02],
       [-3.18738947e-03],
       [-2.78353721e-06]])}]
Accuracy: 52.38095238095239 %

train_data group 2 length:  172
   0   1   2   3   4   5   6   7   8  ...  36  37  38  39  40  41  42  43  44
0   0   1   0   0   0   0   0   1   0 ...   0   0   0   1   0   0   0   0   0
1   0   1   0   0   0   0   1   0   0 ...   0   0   0   0   1   0   0   0   0
2   0   0   1   0   0   0   0   1   0 ...   0   0   0   1   0   0   0   0   0
3   0   1   0   0   0   0   0   1   0 ...   0   0   0   1   0   0   0   0   0
4   0   0   1   0   0   0   1   0   0 ...   0   0   0   0   1   0   0   0   0

[5 rows x 45 columns]
Initial Neural Network:
[{'weights': array([[-0.007, -0.004,  0.005,  0.008, -0.01 , -0.005, -0.008,  0.006,
         0.006,  0.   , -0.004,  0.006, -0.01 ,  0.008, -0.003, -0.007,
        -0.005,  0.004,  0.   ,  0.001,  0.001, -0.005,  0.01 ,  0.009,
         0.003, -0.005,  0.003, -0.004, -0.001, -0.005, -0.006,  0.01 ,
         0.002, -0.008,  0.002,  0.006,  0.007, -0.01 , -0.006, -0.001,
         0.004,  0.002, -0.004,  0.001, -0.007],
       [ 0.01 , -0.008,  0.001, -0.01 , -0.003, -0.009, -0.006,  0.009,
        -0.006,  0.003, -0.009, -0.009, -0.005,  0.007,  0.003, -0.004,
         0.001, -0.008, -0.003, -0.01 , -0.004,  0.01 , -0.01 ,  0.01 ,
        -0.006,  0.008,  0.001,  0.008,  0.008,  0.002, -0.006,  0.004,
        -0.002,  0.005,  0.009, -0.009,  0.005,  0.007,  0.009,  0.004,
         0.002,  0.008,  0.004, -0.005,  0.005],
       [ 0.007, -0.007, -0.003,  0.006,  0.007,  0.   , -0.006, -0.01 ,
         0.007, -0.001,  0.003,  0.008,  0.01 ,  0.01 ,  0.   ,  0.002,
        -0.009,  0.004, -0.001,  0.002, -0.009,  0.004, -0.01 , -0.003,
         0.   ,  0.005,  0.007,  0.   , -0.006,  0.007,  0.006, -0.001,
        -0.008, -0.01 ,  0.007, -0.006, -0.006,  0.002,  0.01 ,  0.   ,
        -0.005,  0.009, -0.008, -0.003,  0.005],
       [-0.004,  0.001, -0.006,  0.01 ,  0.003, -0.003,  0.008, -0.004,
        -0.002,  0.01 , -0.01 ,  0.009,  0.004, -0.001,  0.   , -0.006,
         0.008, -0.005, -0.007, -0.01 , -0.001, -0.005, -0.003,  0.01 ,
         0.01 , -0.004,  0.006,  0.   , -0.002,  0.008,  0.007,  0.001,
         0.002,  0.   , -0.003,  0.008,  0.01 ,  0.008,  0.006, -0.009,
        -0.005, -0.008, -0.005,  0.   ,  0.003],
       [ 0.003,  0.007,  0.008,  0.006,  0.001,  0.01 ,  0.003,  0.006,
        -0.003,  0.004, -0.006,  0.009,  0.002,  0.004, -0.002,  0.007,
         0.006, -0.008, -0.01 , -0.005,  0.001, -0.003, -0.005,  0.008,
         0.01 , -0.007, -0.009, -0.002,  0.006,  0.007, -0.001,  0.006,
         0.006, -0.008, -0.002, -0.005,  0.007,  0.004, -0.005,  0.005,
        -0.002, -0.001, -0.008,  0.009,  0.   ],
       [-0.002, -0.009,  0.003, -0.002,  0.005,  0.009,  0.004,  0.   ,
         0.008, -0.006, -0.008,  0.   , -0.004,  0.001,  0.002,  0.008,
         0.001,  0.002,  0.   , -0.001,  0.008,  0.001, -0.004,  0.006,
        -0.009,  0.003, -0.008, -0.004,  0.007,  0.002, -0.01 , -0.004,
         0.005, -0.008,  0.   ,  0.003,  0.009,  0.   , -0.006, -0.01 ,
         0.007,  0.005, -0.009,  0.003,  0.003],
       [-0.005,  0.009,  0.008,  0.004,  0.007, -0.01 ,  0.009, -0.006,
         0.001,  0.003,  0.003,  0.01 , -0.01 , -0.009, -0.008,  0.004,
         0.01 , -0.01 , -0.002,  0.007, -0.006,  0.001,  0.001,  0.002,
         0.007,  0.01 , -0.008,  0.01 , -0.005, -0.002, -0.01 , -0.01 ,
         0.007,  0.01 , -0.006,  0.008,  0.008, -0.006, -0.003,  0.001,
        -0.001, -0.008,  0.004,  0.006,  0.002]]), 'deltas': array([[0.],
       [0.],
       [0.],
       [0.],
       [0.],
       [0.],
       [0.]]), 'outputs': array([[0.],
       [0.],
       [0.],
       [0.],
       [0.],
       [0.],
       [0.]]), 'errors': array([[0.],
       [0.],
       [0.],
       [0.],
       [0.],
       [0.],
       [0.]])}, {'weights': array([[-0.008,  0.   ,  0.007, -0.009,  0.006,  0.01 , -0.009],
       [ 0.002,  0.001, -0.009,  0.002,  0.009, -0.009,  0.   ],
       [ 0.006, -0.005, -0.007,  0.   , -0.001,  0.008,  0.005],
       [ 0.005, -0.001,  0.007, -0.006,  0.01 , -0.002, -0.007],
       [ 0.01 ,  0.003,  0.003, -0.002,  0.005, -0.001,  0.002],
       [-0.007,  0.008, -0.006, -0.004,  0.004,  0.005, -0.003]]), 'deltas': array([[0.],
       [0.],
       [0.],
       [0.],
       [0.],
       [0.],
       [0.]]), 'outputs': array([[0.],
       [0.],
       [0.],
       [0.],
       [0.],
       [0.],
       [0.]]), 'errors': array([[0.],
       [0.],
       [0.],
       [0.],
       [0.],
       [0.],
       [0.]])}]
Training complete!
Training done. epoch: 59 , total error: 0.006523151468135906
[{'weights': array([[-1.04377482e+00,  7.07442399e-01, -2.44535439e+00,
         1.57883647e+00,  4.99271792e-01,  1.02821403e+00,
        -8.36191578e-02, -9.67221446e-01, -8.10628220e-01,
         1.36676252e-01,  5.96908370e-01,  2.56629799e-01,
         3.49228813e-01, -4.25020220e+00,  2.34885667e+00,
        -2.09510474e+00,  1.21404646e+00,  9.01615124e-01,
        -1.12161845e+00,  3.98483058e-01,  4.90148638e-01,
         2.66611474e+00, -4.41046829e-01, -2.92956488e+00,
        -4.63230216e-01,  6.44321204e-01, -7.76306020e-01,
        -6.68500677e-01,  9.79069490e-02,  2.04995661e-01,
        -1.66607385e+00, -2.28686292e+00,  8.36737272e-01,
         2.20862529e+00,  5.54268743e-01, -7.73870186e-01,
        -9.43540991e-01,  4.38423834e-01,  2.81400564e-02,
        -4.50185469e+00,  1.78635221e-02,  2.55994792e+00,
         1.64824320e+00, -4.17778497e-01, -7.02578544e-01],
       [-4.16462900e-01, -7.50878409e-01, -8.35982287e-01,
         1.03071542e+00,  5.40550043e-01,  1.90973398e-02,
         6.06778501e-01, -9.13802465e-01, -8.73317443e-01,
         7.30185933e-01, -7.19609571e-01, -1.72536422e+00,
        -2.94942643e+00,  2.59597975e+00,  2.36336234e+00,
         9.78747841e-01,  1.59226447e+00, -2.35470194e-01,
        -2.70262218e+00, -7.89780688e-02, -1.52219585e+00,
         1.92673818e-01,  1.24887627e+00,  1.10079334e-01,
        -4.51491713e-01,  2.44203222e+00, -1.51893391e+00,
        -1.40113897e+00,  8.09825298e-02, -2.41268358e-01,
        -1.19748676e+00,  1.34121047e+00, -1.04375645e+00,
         7.22242965e-01,  1.85268144e+00, -1.19750507e+00,
        -1.56719812e+00,  3.59023009e-01,  1.51940601e-01,
        -1.86826817e+00,  2.60687472e+00, -2.69005281e-01,
         4.56278760e-01, -1.33493817e+00, -4.17058135e-01],
       [-5.55892092e-02, -2.31664915e+00, -9.51925886e-01,
         2.05832583e+00,  5.07422551e-01,  1.20716482e+00,
        -2.87719528e+00,  2.25352967e+00, -1.99068136e+00,
         6.28766279e-01,  1.48807811e+00,  5.12909307e-01,
         9.77145044e-01, -2.21953586e-02, -3.69335297e+00,
        -1.09271080e+00,  1.45600357e+00, -6.84295631e-01,
        -1.20325602e+00,  7.53843016e-01,  1.28966915e+00,
        -9.66785575e-01,  2.05516966e-02, -1.05486788e+00,
        -7.49832553e-02,  7.89286134e-01, -1.14057254e+00,
        -6.16927340e-01,  2.05797881e-01,  1.22862996e+00,
        -3.17865421e+00, -3.54494486e-01, -5.01591173e-01,
         2.03169405e+00,  8.27977410e-01, -1.09200747e+00,
        -9.04806934e-01,  6.94543202e-01, -2.87122074e-01,
        -2.32936473e+00,  1.95852952e+00, -2.77941603e-01,
         9.66134832e-02, -2.23252535e-01, -7.63415865e-01],
       [-8.95871176e-01,  8.31497614e-01, -3.51081782e+00,
         1.71859987e+00,  5.98819023e-01,  1.12382562e+00,
         8.34622742e-02, -1.69853316e+00, -1.07024022e+00,
         3.08713002e-01, -1.29229171e+00, -1.14059365e+00,
        -1.37578297e+00, -7.80203396e-02,  2.62691618e+00,
         4.63532782e-01, -5.18142122e+00,  4.70774148e+00,
        -1.47028389e+00,  1.98658350e-01,  2.26739888e-01,
        -5.82824841e-01, -3.16720086e-01, -2.93653884e-01,
        -2.84313565e-01,  8.34172376e-01, -1.43995058e+00,
        -6.88461105e-01,  3.24668242e-02,  5.24735506e-01,
        -1.25448470e-01, -3.83823178e+00, -7.33851813e-03,
         2.20251077e+00,  2.01704517e+00, -1.50604878e+00,
        -1.95945243e+00,  4.25644223e-01, -2.09960677e-01,
        -2.52742799e+00,  9.87403294e-02,  7.63951430e-01,
         1.73033048e+00, -1.35436673e+00, -1.25877249e+00],
       [-5.09092421e-01, -9.47712599e-01, -3.38073662e+00,
         3.46368092e+00,  5.27587510e-01,  5.31013993e-02,
         6.70786323e-01, -8.69486856e-01, -1.07277964e+00,
         3.67105558e-01, -2.21159338e-01, -9.97717564e-01,
        -7.04620047e-01,  4.68299390e-01,  5.90924343e-01,
        -3.04963985e+00,  3.40776296e+00,  1.14162870e+00,
        -2.50418312e+00,  1.23158088e-01,  1.32234678e+00,
        -3.54753118e+00,  1.36034851e+00,  1.05001408e+00,
        -1.04545141e+00,  2.20894770e+00, -1.39588318e+00,
        -1.77726743e+00,  8.09296834e-02,  3.68622007e-02,
        -5.95902310e-01, -1.60568991e+00, -6.29619164e-01,
         1.93307596e+00,  2.15200584e+00, -1.72684775e+00,
        -1.83359655e+00,  3.96635692e-01,  1.39529555e-01,
        -1.54057304e+00,  1.35638873e+00, -1.07004928e+00,
         1.70505642e+00, -1.31909605e+00, -8.71273216e-01],
       [-8.44139569e-01, -1.24708466e+00, -1.31927239e+00,
         2.31453317e+00,  5.07450889e-01,  1.10052796e+00,
        -2.62597701e+00,  2.42156131e+00, -1.63757394e+00,
         1.72949118e-01,  9.99358691e-01,  2.22133600e-01,
         1.20068567e+00, -7.20760162e-01, -2.29393036e+00,
        -1.61968873e+00,  1.86216429e+00, -1.51415489e-02,
        -1.12758120e+00,  3.26734624e-01,  1.58542732e+00,
         5.85355424e-01, -9.50279024e-01, -1.34074962e+00,
        -4.61266663e-01,  1.01993230e+00, -1.04200504e+00,
        -6.26945396e-01,  6.35055703e-02,  5.17968071e-01,
        -2.29333368e+00, -7.41029154e-01, -2.58413022e-01,
         2.17629522e+00,  9.01118974e-01, -9.14121875e-01,
        -9.14590697e-01,  4.19912231e-01, -6.98311950e-02,
        -3.03899168e+00,  1.25053313e+00,  3.13557598e-03,
         1.43431250e+00, -2.36502086e-01, -5.80512561e-01],
       [-5.00000000e-03,  9.00000000e-03,  8.00000000e-03,
         4.00000000e-03,  7.00000000e-03, -1.00000000e-02,
         9.00000000e-03, -6.00000000e-03,  1.00000000e-03,
         3.00000000e-03,  3.00000000e-03,  1.00000000e-02,
        -1.00000000e-02, -9.00000000e-03, -8.00000000e-03,
         4.00000000e-03,  1.00000000e-02, -1.00000000e-02,
        -2.00000000e-03,  7.00000000e-03, -6.00000000e-03,
         1.00000000e-03,  1.00000000e-03,  2.00000000e-03,
         7.00000000e-03,  1.00000000e-02, -8.00000000e-03,
         1.00000000e-02, -5.00000000e-03, -2.00000000e-03,
        -1.00000000e-02, -1.00000000e-02,  7.00000000e-03,
         1.00000000e-02, -6.00000000e-03,  8.00000000e-03,
         8.00000000e-03, -6.00000000e-03, -3.00000000e-03,
         1.00000000e-03, -1.00000000e-03, -8.00000000e-03,
         4.00000000e-03,  6.00000000e-03,  2.00000000e-03]]), 'deltas': array([[0.00615213],
       [0.00016924],
       [0.00047631],
       [0.00159099],
       [0.00013893],
       [0.0027852 ],
       [0.        ]]), 'outputs': array([[0.23863615],
       [0.9949766 ],
       [0.98572975],
       [0.95057071],
       [0.99588019],
       [0.90956773],
       [1.        ]]), 'errors': 0.03386080804868137}, {'weights': array([[-0.88096397,  4.34900991, -3.12602519, -3.36042786, -1.62006708,
        -1.18301081, -2.6822214 ],
       [ 2.01964801,  2.14057433,  2.40938747,  2.40401505,  2.66225455,
         2.10379027, -5.38648239],
       [-1.1157225 ,  1.3327344 , -0.90504124,  0.24988893, -0.63036479,
        -0.68593475, -2.83958385],
       [-0.87569807, -0.68807021,  1.78624922, -0.53216272, -0.36669465,
         0.02372271, -2.13741183],
       [-0.67825932, -0.50076652, -0.05145614, -0.16339765, -0.28800558,
        -0.44121766, -2.48661113],
       [-2.00996013, -6.30586596, -2.65692919, -2.56310189, -3.43730803,
        -2.45888629,  2.69065302]]), 'deltas': array([[-2.87366701e-07],
       [ 2.48470377e-06],
       [-5.85431821e-04],
       [-1.08060441e-02],
       [-2.93850193e-04],
       [-1.45797140e-13]]), 'outputs': array([[5.36209728e-04],
       [9.98422461e-01],
       [2.44976258e-02],
       [1.10201507e-01],
       [1.72922216e-02],
       [3.81833989e-07]]), 'errors': array([[-5.36209728e-04],
       [ 1.57753912e-03],
       [-2.44976258e-02],
       [-1.10201507e-01],
       [-1.72922216e-02],
       [-3.81833989e-07]])}]
Accuracy: 54.761904761904766 %

train_data group 3 length:  170
   0   1   2   3   4   5   6   7   8  ...  36  37  38  39  40  41  42  43  44
0   0   1   0   0   0   0   0   1   0 ...   0   0   0   1   0   0   0   0   0
1   0   1   0   0   0   0   1   0   0 ...   0   0   0   0   1   0   0   0   0
2   0   0   1   0   0   0   0   1   0 ...   0   0   0   1   0   0   0   0   0
3   0   1   0   0   0   0   0   1   0 ...   0   0   0   1   0   0   0   0   0
4   0   0   1   0   0   0   1   0   0 ...   0   0   0   0   1   0   0   0   0

[5 rows x 45 columns]
Initial Neural Network:
[{'weights': array([[-0.003,  0.008,  0.001,  0.009, -0.004,  0.   ,  0.004,  0.003,
        -0.003, -0.004,  0.01 ,  0.005,  0.007,  0.009,  0.01 , -0.004,
        -0.006,  0.002, -0.006,  0.008,  0.001, -0.005,  0.004, -0.002,
         0.01 ,  0.01 ,  0.   , -0.001, -0.007, -0.006,  0.002,  0.   ,
        -0.002, -0.001,  0.003,  0.009, -0.002,  0.009, -0.002, -0.004,
         0.004, -0.007, -0.008,  0.006,  0.006],
       [ 0.008, -0.002,  0.003,  0.006,  0.003,  0.007,  0.009,  0.009,
        -0.006, -0.006,  0.008, -0.008,  0.004, -0.01 ,  0.002, -0.003,
         0.01 ,  0.006, -0.004, -0.002,  0.001,  0.006,  0.001, -0.008,
         0.002, -0.002,  0.009, -0.005, -0.004, -0.009,  0.003, -0.009,
        -0.003, -0.005,  0.006,  0.007,  0.003, -0.001, -0.007,  0.004,
        -0.01 ,  0.002, -0.001,  0.009,  0.003],
       [ 0.004, -0.002, -0.002,  0.002, -0.006, -0.004, -0.009,  0.01 ,
        -0.007,  0.01 ,  0.009,  0.007,  0.008, -0.01 ,  0.004,  0.01 ,
         0.009, -0.003, -0.006, -0.005, -0.001,  0.005,  0.005,  0.008,
        -0.006, -0.003, -0.008, -0.001,  0.005, -0.006, -0.01 ,  0.005,
         0.01 ,  0.003,  0.004, -0.004,  0.   ,  0.003,  0.   ,  0.001,
        -0.003, -0.01 , -0.007,  0.006, -0.009],
       [ 0.01 ,  0.008,  0.006, -0.01 , -0.003, -0.005,  0.004, -0.005,
         0.005, -0.003, -0.006,  0.004, -0.004, -0.003, -0.005,  0.006,
        -0.009, -0.009, -0.002,  0.002, -0.009, -0.006, -0.006,  0.006,
         0.001, -0.001, -0.003,  0.004,  0.009,  0.006,  0.009, -0.009,
         0.008,  0.002,  0.004, -0.003,  0.005, -0.01 , -0.006, -0.007,
         0.002, -0.009, -0.01 ,  0.01 ,  0.004],
       [-0.002,  0.008, -0.001, -0.001, -0.002,  0.008, -0.01 ,  0.007,
         0.009,  0.004, -0.003, -0.01 , -0.009, -0.001,  0.004,  0.001,
         0.003,  0.001, -0.008, -0.001,  0.004,  0.002, -0.006,  0.006,
         0.008, -0.003, -0.007, -0.01 ,  0.007,  0.001,  0.006, -0.008,
        -0.008,  0.008,  0.   , -0.007,  0.002,  0.003,  0.003, -0.009,
         0.006,  0.007, -0.01 , -0.001,  0.   ],
       [ 0.   , -0.008,  0.002,  0.01 ,  0.005, -0.007, -0.009,  0.003,
        -0.007,  0.003,  0.004,  0.006,  0.005, -0.001, -0.008,  0.006,
         0.009, -0.003,  0.002,  0.005, -0.01 ,  0.01 ,  0.009,  0.008,
         0.01 , -0.005, -0.002,  0.01 ,  0.008, -0.008, -0.001,  0.009,
         0.   ,  0.009, -0.008, -0.002, -0.009,  0.009, -0.006, -0.005,
        -0.004, -0.004, -0.005, -0.002, -0.005],
       [-0.008, -0.002,  0.001, -0.009,  0.001,  0.003,  0.008, -0.01 ,
         0.   , -0.01 , -0.003,  0.003, -0.01 ,  0.01 , -0.007,  0.01 ,
         0.007, -0.009,  0.01 ,  0.007, -0.009,  0.008, -0.005,  0.   ,
        -0.004,  0.007, -0.006, -0.005,  0.   , -0.003, -0.001,  0.004,
        -0.008, -0.001,  0.004, -0.003, -0.008, -0.008, -0.002,  0.009,
        -0.001,  0.001, -0.008,  0.004, -0.007]]), 'deltas': array([[0.],
       [0.],
       [0.],
       [0.],
       [0.],
       [0.],
       [0.]]), 'outputs': array([[0.],
       [0.],
       [0.],
       [0.],
       [0.],
       [0.],
       [0.]]), 'errors': array([[0.],
       [0.],
       [0.],
       [0.],
       [0.],
       [0.],
       [0.]])}, {'weights': array([[ 0.007, -0.001, -0.009, -0.01 ,  0.007,  0.006, -0.006],
       [-0.008,  0.009, -0.009, -0.003,  0.001, -0.001, -0.005],
       [ 0.005,  0.001, -0.002,  0.003,  0.007, -0.002,  0.003],
       [ 0.003, -0.003,  0.007, -0.001, -0.003, -0.009,  0.001],
       [ 0.   ,  0.001,  0.003,  0.01 , -0.007,  0.003,  0.009],
       [ 0.008, -0.006,  0.002,  0.007, -0.007, -0.001,  0.005]]), 'deltas': array([[0.],
       [0.],
       [0.],
       [0.],
       [0.],
       [0.],
       [0.]]), 'outputs': array([[0.],
       [0.],
       [0.],
       [0.],
       [0.],
       [0.],
       [0.]]), 'errors': array([[0.],
       [0.],
       [0.],
       [0.],
       [0.],
       [0.],
       [0.]])}]
Training complete!
Training done. epoch: 69 , total error: 0.00361530159186591
[{'weights': array([[ 1.11863817e+00, -1.07368462e+00, -2.91282642e+00,
         1.18349617e+00,  4.86081436e-01,  1.07307008e+00,
         2.65573083e+00, -3.90980275e+00, -6.96885493e-01,
        -3.31407932e-01, -2.39859747e+00, -2.79333396e+00,
        -8.86599315e-02,  1.49750843e+00,  2.61478766e+00,
        -3.31780574e+00,  1.39949483e+00,  2.78280859e+00,
        -1.55408140e+00, -5.25711541e-01, -2.63177391e-01,
        -1.28391001e+00,  5.61881268e-01, -5.58024358e-01,
         3.41935223e-01, -4.50195567e-01, -1.58825133e-01,
        -1.00000000e-03, -5.97274568e-01,  1.12114457e-01,
         2.07191616e+00, -4.93357392e+00,  3.86366668e-01,
         1.14688137e+00,  3.62555002e-02, -1.66465298e-01,
        -1.45322833e+00,  3.93142862e-01, -2.00000000e-03,
        -1.85457442e+00,  3.77533777e+00, -3.25923442e-01,
         2.19991003e-01, -3.03312618e+00, -1.20329527e+00],
       [-2.58159482e-01,  7.72851888e-01, -3.97897790e+00,
         2.28250546e+00,  4.86510919e-01,  1.95322732e+00,
         4.82252312e-01, -1.16859361e+00, -1.59203922e+00,
        -3.75115908e-01, -2.33761861e+00, -1.36170951e+00,
         2.33653761e-01, -1.49503745e+00,  4.24344270e+00,
        -1.25339932e+00, -3.80342119e+00,  5.91255283e+00,
        -1.34963998e+00, -2.12361454e-01,  1.11880142e-01,
        -9.17223067e-01, -9.20849551e-01,  7.53617566e-01,
         2.61305800e-01, -2.80851591e-01, -2.01392436e-01,
        -5.00000000e-03, -2.28025084e-01,  3.31510462e-01,
        -1.55539487e-01, -4.01335517e+00,  1.29123772e+00,
         1.80987737e+00,  1.08172064e+00, -1.66512282e-01,
        -1.87567736e+00,  2.62199893e-01, -7.00000000e-03,
        -2.96318965e+00,  1.78362262e+00,  1.48574543e+00,
         1.29954417e+00, -2.31499168e+00, -7.10269111e-01],
       [ 2.07087074e+00, -1.69440094e+00, -2.70454155e+00,
         2.11862228e+00,  2.03464429e-01,  8.35413134e-02,
         1.94616033e+00,  2.91647466e-01, -1.54350498e+00,
        -7.79829166e-01,  3.74724079e-01, -1.56194569e+00,
        -1.81023134e+00,  2.05209558e+00,  9.61372334e-01,
        -7.46554388e-01,  3.10330045e+00,  1.51507240e+00,
        -2.98210751e+00, -8.86695985e-01, -1.46073202e+00,
        -2.68425877e+00,  4.45898901e+00, -2.60070432e+00,
         2.29572105e+00,  6.56319841e-01, -1.91366326e-01,
        -1.00000000e-03, -4.72938558e-01, -5.02608090e-01,
        -3.49505748e+00,  1.89752460e+00,  7.44041371e-01,
         1.35611455e+00,  2.25416310e+00, -9.82815865e-01,
        -1.68752349e+00,  4.17191217e-01,  0.00000000e+00,
        -2.75803550e+00,  4.42387629e+00,  2.01168850e-01,
         1.38881405e-01, -2.02087608e+00, -1.09850428e-02],
       [-3.05173815e-01, -2.28438987e+00, -8.50154609e-01,
         2.25920700e+00,  4.83798259e-01,  8.46783723e-01,
        -3.33394251e+00,  3.53524707e+00, -1.07735935e+00,
        -6.82441962e-01,  1.09411599e+00,  1.51177279e+00,
        -1.07818300e+00,  6.59017196e-01, -2.90843601e+00,
        -1.25101434e+00,  2.03236001e+00,  3.61033438e-01,
        -1.57731076e+00, -2.84781384e-01,  2.26841881e-01,
        -1.58977956e+00, -1.28429861e+00, -3.79416996e-01,
         2.30494026e+00, -1.83213520e-01, -2.83476781e-01,
         4.00000000e-03, -2.36022728e-01,  7.34979547e-02,
        -3.54592979e+00,  3.25491641e-02,  1.14738472e+00,
         1.60078493e+00,  6.28199970e-01, -2.42950042e-01,
        -1.32586340e+00,  2.28900438e-01, -6.00000000e-03,
        -1.80897908e+00,  1.19038641e+00, -5.53779500e-01,
         6.95152095e-01, -2.44492955e-01, -7.03713029e-01],
       [-2.95819489e-01, -1.72954150e+00, -1.37665499e+00,
         2.39111290e+00,  4.68822911e-01,  5.46429216e-01,
        -3.75131536e+00,  4.38303091e+00, -1.01992524e+00,
        -6.84299701e-01,  1.32482822e+00,  1.06277222e+00,
        -1.20075306e-01, -4.41185181e-01, -2.38942013e+00,
        -1.87874018e+00,  2.31375698e+00,  8.85414808e-01,
        -1.72505893e+00, -1.43452854e-01,  4.36207024e-01,
        -1.71631639e+00, -9.09639211e-01, -5.30736414e-01,
         2.19040482e+00, -2.10324916e-01, -9.17729610e-02,
        -1.00000000e-02, -2.44982292e-01,  2.76190406e-01,
        -3.30320831e+00, -3.02999233e-01,  1.11384082e+00,
         1.67109615e+00,  7.54061495e-01, -2.90476982e-01,
        -1.46134129e+00,  4.51676607e-01,  3.00000000e-03,
        -2.26407859e+00,  1.86049631e+00, -4.94987737e-01,
         6.02257482e-01, -2.54767635e-01, -5.44080169e-01],
       [ 4.55012173e-02, -2.88284976e+00, -1.07714528e+00,
         1.34522172e+00,  3.41314195e-01, -9.56361785e-01,
        -1.84250618e+00,  2.38668542e+00, -1.04090595e+00,
        -8.00869408e-01, -3.71997338e+00, -8.15566409e-01,
        -3.63574795e+00,  1.22996310e+00,  4.71036673e+00,
         4.73910737e+00, -9.47592020e-01, -4.91678824e-01,
        -4.42495949e+00, -1.09283494e+00, -1.28347332e+00,
         1.85525698e+00, -9.17523109e-01, -3.27155401e+00,
         1.40733556e+00, -9.42922615e-01, -9.81243995e-01,
         1.00000000e-02, -3.11791288e-01, -1.26420049e+00,
        -1.89585719e-02, -1.73557931e+00, -4.45442477e-01,
         1.23622295e+00,  9.30404407e-01, -1.11444361e+00,
        -2.37984141e+00,  3.16922708e-01, -6.00000000e-03,
         4.68552486e+00, -1.67421125e+00, -2.85531263e+00,
        -5.40521239e-01, -1.87243764e+00, -2.24195790e+00],
       [-8.00000000e-03, -2.00000000e-03,  1.00000000e-03,
        -9.00000000e-03,  1.00000000e-03,  3.00000000e-03,
         8.00000000e-03, -1.00000000e-02,  0.00000000e+00,
        -1.00000000e-02, -3.00000000e-03,  3.00000000e-03,
        -1.00000000e-02,  1.00000000e-02, -7.00000000e-03,
         1.00000000e-02,  7.00000000e-03, -9.00000000e-03,
         1.00000000e-02,  7.00000000e-03, -9.00000000e-03,
         8.00000000e-03, -5.00000000e-03,  0.00000000e+00,
        -4.00000000e-03,  7.00000000e-03, -6.00000000e-03,
        -5.00000000e-03,  0.00000000e+00, -3.00000000e-03,
        -1.00000000e-03,  4.00000000e-03, -8.00000000e-03,
        -1.00000000e-03,  4.00000000e-03, -3.00000000e-03,
        -8.00000000e-03, -8.00000000e-03, -2.00000000e-03,
         9.00000000e-03, -1.00000000e-03,  1.00000000e-03,
        -8.00000000e-03,  4.00000000e-03, -7.00000000e-03]]), 'deltas': array([[1.03193524e-02],
       [5.63562377e-03],
       [1.69742279e-04],
       [4.91611453e-03],
       [7.25743140e-03],
       [2.08248627e-05],
       [0.00000000e+00]]), 'outputs': array([[6.48356448e-01],
       [8.54244946e-01],
       [9.96235633e-01],
       [1.23986780e-01],
       [7.99429648e-01],
       [4.60305484e-04],
       [1.00000000e+00]]), 'errors': 0.045262230459082196}, {'weights': array([[ 0.67240061, -3.06149057, -0.58168513, -1.51836018, -1.55570473,
         1.24026403, -1.27952787],
       [ 2.62477314,  2.92942181,  0.89852753,  3.02582249,  2.3357166 ,
         1.28612848, -4.35151973],
       [-1.15297381, -0.09652282, -0.39217623, -1.24312554, -1.24657984,
         2.22264438, -3.06490549],
       [-3.80817633, -0.61589588,  3.4979303 , -1.07495499, -2.12442165,
        -3.80845395, -1.87311423],
       [-1.7161731 ,  0.11102879,  0.37088007, -0.18692113,  0.51777111,
        -0.2606096 , -2.53111532],
       [-3.30159855, -2.49898579, -5.24910333, -2.73107829, -2.80687372,
        -5.01065808,  2.08731536]]), 'deltas': array([[-1.75241424e-05],
       [ 2.19618058e-03],
       [-1.87653579e-05],
       [-1.43507013e-03],
       [-3.19665947e-03],
       [-2.05178784e-09]]), 'outputs': array([[4.19499293e-03],
       [9.51968887e-01],
       [4.34133387e-03],
       [3.86360434e-02],
       [5.82616886e-02],
       [4.52976907e-05]]), 'errors': array([[-4.19499293e-03],
       [ 4.80311125e-02],
       [-4.34133387e-03],
       [-3.86360434e-02],
       [-5.82616886e-02],
       [-4.52976907e-05]])}]
Accuracy: 45.45454545454545 %

train_data group 4 length:  171
   0   1   2   3   4   5   6   7   8  ...  36  37  38  39  40  41  42  43  44
0   0   1   0   0   0   0   0   1   0 ...   0   0   0   1   0   0   0   0   0
1   0   1   0   0   0   0   1   0   0 ...   0   0   0   0   1   0   0   0   0
2   0   0   1   0   0   0   0   1   0 ...   0   0   0   1   0   0   0   0   0
3   0   1   0   0   0   0   0   1   0 ...   0   0   0   1   0   0   0   0   0
4   0   0   1   0   0   0   1   0   0 ...   0   0   0   0   1   0   0   0   0

[5 rows x 45 columns]
Initial Neural Network:
[{'weights': array([[ 0.002,  0.002, -0.009, -0.004, -0.009, -0.001, -0.006,  0.009,
         0.008,  0.001, -0.006,  0.007, -0.004, -0.006, -0.003, -0.008,
         0.   ,  0.005, -0.005, -0.001, -0.003,  0.002, -0.001,  0.005,
         0.001, -0.009, -0.002,  0.004, -0.003,  0.001, -0.004,  0.007,
        -0.005,  0.004,  0.002,  0.006, -0.009,  0.005,  0.003, -0.001,
         0.006,  0.007,  0.004,  0.006,  0.008],
       [ 0.004,  0.004, -0.007,  0.001, -0.005,  0.007,  0.007,  0.005,
        -0.009, -0.006, -0.001, -0.001, -0.01 ,  0.   , -0.01 ,  0.009,
         0.01 , -0.003, -0.005,  0.008,  0.007,  0.007,  0.006, -0.005,
         0.003, -0.002,  0.001, -0.006,  0.007, -0.003,  0.004,  0.005,
         0.001,  0.005,  0.008,  0.01 , -0.004,  0.008, -0.004,  0.004,
         0.009, -0.002,  0.002,  0.004, -0.009],
       [ 0.009,  0.   ,  0.001, -0.004,  0.002,  0.01 , -0.004, -0.002,
         0.004,  0.01 , -0.005, -0.008,  0.003,  0.001, -0.01 , -0.003,
        -0.004,  0.005, -0.003,  0.009,  0.009, -0.01 ,  0.009, -0.008,
         0.006, -0.008, -0.009,  0.009,  0.005, -0.009, -0.008,  0.001,
         0.002, -0.002, -0.006, -0.008,  0.007,  0.01 , -0.005,  0.002,
        -0.002, -0.009, -0.007,  0.002,  0.001],
       [ 0.001,  0.003,  0.009,  0.   ,  0.01 , -0.008, -0.007,  0.004,
         0.008,  0.004,  0.006,  0.001, -0.005,  0.01 ,  0.006, -0.001,
        -0.008, -0.002, -0.008,  0.003,  0.008,  0.009,  0.008, -0.002,
         0.01 ,  0.   , -0.004,  0.01 ,  0.003,  0.009, -0.005,  0.003,
         0.007,  0.01 ,  0.002,  0.005,  0.007,  0.003, -0.002,  0.009,
         0.004, -0.007, -0.006,  0.007, -0.002],
       [ 0.   , -0.003, -0.007, -0.008, -0.006,  0.001,  0.007,  0.008,
         0.01 , -0.005, -0.004, -0.002, -0.007,  0.003,  0.006, -0.003,
        -0.005, -0.009, -0.007, -0.009,  0.   , -0.009, -0.004,  0.007,
         0.008, -0.004, -0.009, -0.001, -0.003, -0.003, -0.007, -0.006,
         0.004,  0.004, -0.007,  0.003, -0.002,  0.001, -0.01 ,  0.005,
         0.003, -0.004,  0.002, -0.003, -0.003],
       [ 0.002, -0.002,  0.002,  0.002, -0.01 ,  0.   , -0.006,  0.002,
         0.005,  0.005,  0.008,  0.006,  0.01 ,  0.009, -0.01 ,  0.008,
        -0.01 ,  0.008,  0.008, -0.002, -0.01 ,  0.   , -0.006,  0.002,
         0.008, -0.01 ,  0.005,  0.008,  0.008,  0.005, -0.006,  0.003,
         0.009,  0.001, -0.006, -0.004,  0.006,  0.004, -0.007, -0.009,
         0.004,  0.008, -0.007, -0.006,  0.009],
       [-0.01 ,  0.008,  0.   , -0.004, -0.008,  0.01 ,  0.   ,  0.01 ,
        -0.008,  0.   , -0.003, -0.01 ,  0.006,  0.005,  0.001,  0.009,
        -0.008, -0.007,  0.01 ,  0.01 , -0.005,  0.001,  0.006,  0.008,
        -0.01 , -0.007,  0.005,  0.001,  0.005, -0.002,  0.003, -0.009,
         0.007, -0.001, -0.007,  0.007,  0.01 ,  0.003, -0.001, -0.001,
         0.004, -0.005,  0.007, -0.01 ,  0.007]]), 'deltas': array([[0.],
       [0.],
       [0.],
       [0.],
       [0.],
       [0.],
       [0.]]), 'outputs': array([[0.],
       [0.],
       [0.],
       [0.],
       [0.],
       [0.],
       [0.]]), 'errors': array([[0.],
       [0.],
       [0.],
       [0.],
       [0.],
       [0.],
       [0.]])}, {'weights': array([[ 0.003, -0.007, -0.003,  0.008, -0.008, -0.002, -0.001],
       [-0.009,  0.002,  0.   , -0.007,  0.002,  0.   , -0.009],
       [ 0.005, -0.007, -0.008, -0.01 , -0.003, -0.007,  0.01 ],
       [-0.01 , -0.009, -0.01 , -0.008,  0.003,  0.003, -0.006],
       [-0.004, -0.009,  0.008, -0.001,  0.01 , -0.006,  0.007],
       [ 0.003,  0.004,  0.01 , -0.003, -0.006, -0.01 , -0.004]]), 'deltas': array([[0.],
       [0.],
       [0.],
       [0.],
       [0.],
       [0.],
       [0.]]), 'outputs': array([[0.],
       [0.],
       [0.],
       [0.],
       [0.],
       [0.],
       [0.]]), 'errors': array([[0.],
       [0.],
       [0.],
       [0.],
       [0.],
       [0.],
       [0.]])}]
Training complete!
Training done. epoch: 26 , total error: 0.006904200420329994
[{'weights': array([[ 4.19130630e-01, -1.00607873e+00, -1.16797174e-01,
        -5.48619750e-01,  3.61967018e-01, -2.41102672e-01,
         6.27867635e-01, -8.67236472e-01, -3.64031706e-01,
        -1.68947947e-02, -2.26963633e+00, -6.43294253e-01,
        -1.05069910e+00,  2.15692240e+00,  9.22309278e-01,
         8.52376993e-01,  1.88633105e+00, -2.94112834e+00,
        -1.19336549e+00,  5.14387775e-01,  4.26041816e-01,
        -3.25713975e-01, -4.88071597e-02, -3.48552152e-01,
        -5.71366537e-01,  5.16974283e-02, -4.73455543e-01,
        -7.56949095e-01,  2.96309200e-01, -3.56184800e-01,
         4.01645985e-01, -4.16533599e-01, -6.70480967e-02,
        -4.31277498e-01, -3.46248949e-01, -3.47084623e-01,
        -9.33148763e-01,  5.20540354e-01,  2.40543973e-01,
         1.52986835e+00, -1.99568842e-01, -1.36160965e+00,
        -8.25087866e-01,  6.00000000e-03, -8.64398009e-01],
       [-6.98115692e-01,  5.80211062e-01, -9.24496037e-01,
        -3.87292501e-02,  5.53781429e-01, -2.08771198e-01,
         7.46697779e-01,  1.51491938e-01, -1.25953300e+00,
         4.97659980e-02, -8.15945422e-01, -1.10379900e+00,
        -1.00930305e+00,  8.78652735e-01,  1.50404625e+00,
         8.25723636e-01,  8.27604560e-01, -9.35199482e-02,
        -1.82308236e+00, -2.42074375e-01, -8.36208403e-01,
         1.25168348e+00,  6.24205715e-01, -6.99813889e-01,
        -8.46215387e-01,  1.33483532e+00, -1.01833127e+00,
        -1.14887601e+00,  3.08023473e-01, -5.68425327e-01,
        -9.03074118e-01,  1.22873882e-01,  8.12661804e-01,
         2.36152702e-02,  1.62564683e+00, -1.26452004e+00,
        -1.36402388e+00,  2.74434750e-01,  2.22113849e-01,
        -1.09130295e+00,  2.64413844e-01,  8.89311971e-02,
         2.26609425e-01,  4.00000000e-03, -5.33348488e-01],
       [ 2.02903821e-01, -1.45029491e+00,  4.14228412e-01,
        -4.77002926e-01,  3.97059366e-01, -1.40319781e-02,
         1.65443546e-01, -3.59073852e-01, -7.02979645e-01,
         7.53568961e-03, -1.29801337e+00, -4.05901244e-01,
        -8.08140118e-01,  1.35863410e-01,  1.43608508e+00,
         1.51725455e+00, -1.12406538e+00, -1.00704963e+00,
        -9.65826491e-01,  6.62580713e-01,  3.42453069e-01,
         4.42989554e-01, -9.02482680e-01, -5.35831173e-01,
        -2.62235009e-01, -5.11647210e-01, -2.88580554e-01,
        -4.37114869e-01,  3.13236392e-01, -8.97475400e-03,
        -8.14415179e-01,  1.42666852e-01,  2.34514326e-01,
        -4.90897485e-01, -2.64099918e-01, -6.41122147e-01,
        -8.30616470e-01,  5.47867148e-01,  2.64865147e-01,
         3.06267154e-01, -2.32727502e-02, -3.82564598e-01,
        -8.37536046e-01,  2.00000000e-03, -9.20106240e-01],
       [-4.80042588e-01,  1.83796168e-01, -4.56011814e-01,
        -5.43357922e-01,  4.76628699e-01, -3.94727261e-01,
         6.08195125e-01, -1.38468046e-01, -8.93801869e-01,
        -2.21854063e-02, -2.12693220e+00, -1.12167194e+00,
        -1.11391475e+00,  8.62820430e-01,  2.67571100e+00,
         9.66569525e-01,  1.71459350e+00, -2.17395235e+00,
        -1.36594927e+00,  7.51139206e-04,  2.92906385e-04,
         4.75119809e-01,  5.89420931e-01, -1.17960931e+00,
        -6.94211793e-01,  5.63553681e-01, -7.16796176e-01,
        -8.70298265e-01,  1.90553303e-01, -8.08849994e-01,
         1.02749248e+00, -8.14476227e-01,  1.58365909e-01,
        -3.80519622e-01,  2.11894756e-01, -5.52963804e-01,
        -1.07495289e+00,  3.25022741e-01,  2.64011739e-01,
        -9.24375750e-01, -8.92678658e-02, -2.25175337e-02,
         1.94173693e-01,  7.00000000e-03, -8.43987457e-01],
       [ 7.62974333e-02, -1.43287845e+00,  4.31575438e-01,
        -4.57383784e-01,  3.71907396e-01, -4.16690553e-02,
         8.49748485e-02, -3.75798052e-01, -6.18091310e-01,
        -1.48983954e-02, -1.39105492e+00, -4.12018445e-01,
        -8.49968103e-01,  1.86688626e-01,  1.47587087e+00,
         1.54054394e+00, -1.07097002e+00, -1.01686831e+00,
        -9.89711192e-01,  5.17523622e-01,  2.29170278e-01,
         5.03310433e-01, -9.39002202e-01, -5.05376703e-01,
        -2.72583769e-01, -4.59843875e-01, -3.33726433e-01,
        -4.55533243e-01,  2.45621587e-01, -1.12435137e-01,
        -7.54345267e-01,  1.29968269e-01,  2.07419008e-01,
        -4.65088837e-01, -2.94506892e-01, -5.82744409e-01,
        -8.44210099e-01,  4.74960912e-01,  2.45018525e-01,
         3.29542480e-01, -6.02235672e-02, -4.06410618e-01,
        -8.43390258e-01, -3.00000000e-03, -9.89481964e-01],
       [ 2.89031197e-01, -1.44855533e+00,  4.35295469e-01,
        -5.08950207e-01,  3.87473022e-01,  2.40938367e-02,
         2.45781189e-01, -3.84116676e-01, -7.35750664e-01,
         1.62864624e-02, -1.19878928e+00, -3.40476215e-01,
        -7.42081462e-01,  7.80288251e-02,  1.38661229e+00,
         1.54304883e+00, -1.18911805e+00, -1.04248963e+00,
        -9.04744131e-01,  7.65597135e-01,  4.09920804e-01,
         4.03110094e-01, -8.98707940e-01, -5.60680552e-01,
        -1.99348257e-01, -5.82697180e-01, -2.06142487e-01,
        -3.92706211e-01,  3.52840028e-01,  1.08955615e-01,
        -8.54779203e-01,  1.77178931e-01,  2.63487274e-01,
        -5.22548467e-01, -2.70303009e-01, -6.38952571e-01,
        -7.95420400e-01,  5.89421722e-01,  2.68548408e-01,
         2.70120914e-01,  2.52518739e-02, -2.97320498e-01,
        -8.41758141e-01, -6.00000000e-03, -8.30705851e-01],
       [-1.00000000e-02,  8.00000000e-03,  0.00000000e+00,
        -4.00000000e-03, -8.00000000e-03,  1.00000000e-02,
         0.00000000e+00,  1.00000000e-02, -8.00000000e-03,
         0.00000000e+00, -3.00000000e-03, -1.00000000e-02,
         6.00000000e-03,  5.00000000e-03,  1.00000000e-03,
         9.00000000e-03, -8.00000000e-03, -7.00000000e-03,
         1.00000000e-02,  1.00000000e-02, -5.00000000e-03,
         1.00000000e-03,  6.00000000e-03,  8.00000000e-03,
        -1.00000000e-02, -7.00000000e-03,  5.00000000e-03,
         1.00000000e-03,  5.00000000e-03, -2.00000000e-03,
         3.00000000e-03, -9.00000000e-03,  7.00000000e-03,
        -1.00000000e-03, -7.00000000e-03,  7.00000000e-03,
         1.00000000e-02,  3.00000000e-03, -1.00000000e-03,
        -1.00000000e-03,  4.00000000e-03, -5.00000000e-03,
         7.00000000e-03, -1.00000000e-02,  7.00000000e-03]]), 'deltas': array([[0.00759877],
       [0.00155822],
       [0.00755719],
       [0.00115723],
       [0.00688952],
       [0.00810089],
       [0.        ]]), 'outputs': array([[0.76843753],
       [0.96207255],
       [0.77024522],
       [0.97212386],
       [0.79777078],
       [0.74556203],
       [1.        ]]), 'errors': 0.04270382899334095}, {'weights': array([[ 0.88095575,  1.1027147 ,  1.08334255,  2.0119131 ,  1.18453518,
         1.05550364, -3.68338659],
       [-0.84156982,  2.69610101, -0.86165792, -0.50228081, -0.88733959,
        -0.89007881, -2.35399736],
       [ 0.0452362 ,  0.25180817, -0.23796775,  0.59035793, -0.19280591,
        -0.34833984, -2.84613748],
       [-0.45982821, -0.06262859, -0.05398315, -1.12683407, -0.21468677,
         0.12707529, -1.75249219],
       [-0.92691667,  0.15166787, -0.59799386, -1.00119157, -0.61545639,
        -0.60202976, -2.03546787],
       [-2.14527612, -4.54438843, -1.97008358, -2.60533409, -1.93528271,
        -1.93526294,  2.09394423]]), 'deltas': array([[ 4.74379227e-03],
       [-2.46716087e-03],
       [-4.61240909e-03],
       [-1.05473043e-03],
       [-4.67117099e-05],
       [-3.00042042e-10]]), 'outputs': array([[9.28522969e-01],
       [5.09873853e-02],
       [7.04409860e-02],
       [3.30265696e-02],
       [6.85815414e-03],
       [1.73218717e-05]]), 'errors': array([[ 7.14770312e-02],
       [-5.09873853e-02],
       [-7.04409860e-02],
       [-3.30265696e-02],
       [-6.85815414e-03],
       [-1.73218717e-05]])}]
Accuracy: 53.48837209302325 %

Feedforward Neural Network AVG Accuracy (%): 50.984596798550285 %
