Namespace(error_threshold=0.01, max_epochs=1000, num_layers=2, num_nodes_per_hidden_layer=8, training_rate=0.5)

train_data group 0 length:  171
   0   1   2   3   4   5   6   7   8  ...  36  37  38  39  40  41  42  43  44
0   0   0   1   0   0   0   1   0   0 ...   0   0   0   1   0   0   0   0   0
1   0   1   0   0   0   0   1   0   0 ...   0   0   0   0   0   1   0   0   0
2   0   0   1   0   0   0   0   1   0 ...   0   0   0   1   0   0   0   0   0
3   0   1   0   0   0   0   1   0   0 ...   0   0   0   0   0   1   0   0   0
4   0   0   1   0   0   0   0   1   0 ...   0   0   0   1   0   0   0   0   0

[5 rows x 45 columns]
Initial Neural Network:
[{'weights': array([[ 0.004,  0.001,  0.   , -0.003, -0.01 , -0.006,  0.002,  0.008,
         0.008,  0.002, -0.002, -0.003, -0.007,  0.001, -0.008,  0.005,
         0.002,  0.003,  0.008,  0.001, -0.004, -0.003,  0.006, -0.001,
        -0.01 , -0.007, -0.006, -0.007, -0.001,  0.   , -0.003, -0.006,
         0.01 , -0.006, -0.008,  0.009,  0.006,  0.007, -0.006,  0.007,
         0.001, -0.008,  0.001, -0.009,  0.002],
       [-0.001,  0.007, -0.001, -0.009,  0.01 ,  0.005,  0.005,  0.006,
         0.005, -0.01 ,  0.008,  0.005,  0.002, -0.007, -0.002, -0.009,
        -0.002,  0.007, -0.007,  0.005, -0.002, -0.004,  0.009, -0.01 ,
        -0.006, -0.006, -0.005,  0.002,  0.005, -0.009, -0.001, -0.005,
        -0.008,  0.003,  0.005,  0.007, -0.001, -0.004,  0.003,  0.007,
        -0.005,  0.01 , -0.002,  0.009, -0.01 ],
       [-0.007,  0.006, -0.001, -0.002, -0.005, -0.006,  0.   , -0.008,
        -0.005,  0.006, -0.008,  0.005, -0.005,  0.008, -0.01 , -0.008,
        -0.002,  0.009,  0.007,  0.001,  0.007, -0.003,  0.006, -0.01 ,
         0.01 ,  0.001,  0.01 , -0.01 ,  0.003, -0.007,  0.007, -0.003,
        -0.002, -0.008, -0.002,  0.004,  0.003,  0.002, -0.003, -0.01 ,
        -0.006, -0.006, -0.005, -0.01 ,  0.009],
       [ 0.003, -0.007,  0.009,  0.007, -0.004,  0.008,  0.004, -0.007,
        -0.001,  0.01 , -0.004, -0.006,  0.008, -0.001,  0.006,  0.004,
         0.004,  0.007,  0.003,  0.   , -0.004, -0.009,  0.008, -0.007,
         0.003, -0.006,  0.001,  0.002, -0.009,  0.004,  0.003,  0.004,
         0.009, -0.002,  0.008,  0.   ,  0.004,  0.003, -0.004, -0.009,
         0.01 ,  0.007, -0.008,  0.   , -0.007],
       [-0.002, -0.009,  0.005,  0.007,  0.004,  0.01 ,  0.003,  0.006,
        -0.003,  0.   , -0.006,  0.002,  0.008,  0.003,  0.008, -0.006,
        -0.01 , -0.001,  0.009,  0.007,  0.001,  0.005,  0.002,  0.   ,
         0.004, -0.003, -0.006, -0.005,  0.002, -0.005, -0.005, -0.002,
         0.008,  0.   ,  0.008, -0.001,  0.006, -0.008,  0.001, -0.007,
         0.009, -0.005, -0.002,  0.003, -0.01 ],
       [ 0.003,  0.005,  0.001,  0.009, -0.005,  0.007,  0.006,  0.002,
        -0.005, -0.008,  0.003,  0.009, -0.004,  0.01 ,  0.007,  0.008,
         0.004,  0.002, -0.005, -0.003,  0.006, -0.004,  0.004,  0.003,
        -0.007, -0.008,  0.   , -0.005,  0.   ,  0.003,  0.001, -0.002,
         0.009, -0.003,  0.006,  0.002,  0.006, -0.008, -0.009, -0.002,
        -0.001,  0.004, -0.008, -0.009, -0.009],
       [ 0.01 ,  0.007,  0.009, -0.006,  0.   ,  0.01 , -0.007,  0.009,
         0.004,  0.   ,  0.008,  0.001,  0.004,  0.006, -0.002, -0.002,
        -0.001,  0.01 ,  0.005,  0.003, -0.004,  0.001, -0.001, -0.01 ,
         0.01 , -0.006, -0.008, -0.006, -0.002,  0.006,  0.002,  0.009,
         0.01 ,  0.005, -0.009,  0.007,  0.   , -0.001, -0.007,  0.   ,
        -0.008,  0.   ,  0.009, -0.003, -0.005],
       [ 0.   ,  0.008,  0.007, -0.009,  0.006, -0.007,  0.005,  0.007,
         0.004,  0.003, -0.008, -0.005, -0.008, -0.004, -0.01 , -0.001,
         0.008,  0.01 ,  0.004, -0.007,  0.006, -0.002,  0.006,  0.003,
         0.003, -0.007, -0.005, -0.006, -0.006,  0.009,  0.009,  0.   ,
         0.01 , -0.006,  0.005,  0.003,  0.008, -0.004, -0.005, -0.001,
        -0.004, -0.005, -0.008, -0.01 ,  0.009],
       [ 0.008, -0.006,  0.004,  0.005,  0.008, -0.009,  0.001,  0.   ,
         0.005,  0.007,  0.005, -0.006,  0.01 , -0.002,  0.005, -0.005,
         0.008,  0.004,  0.009, -0.006, -0.003, -0.006, -0.005, -0.007,
         0.   , -0.006, -0.01 , -0.004,  0.002,  0.003, -0.007,  0.01 ,
        -0.002,  0.002, -0.003,  0.001,  0.007, -0.009,  0.006, -0.002,
         0.008, -0.008, -0.001, -0.003,  0.004]]), 'deltas': array([[0.],
       [0.],
       [0.],
       [0.],
       [0.],
       [0.],
       [0.],
       [0.],
       [0.]]), 'outputs': array([[0.],
       [0.],
       [0.],
       [0.],
       [0.],
       [0.],
       [0.],
       [0.],
       [0.]]), 'errors': array([[0.],
       [0.],
       [0.],
       [0.],
       [0.],
       [0.],
       [0.],
       [0.],
       [0.]])}, {'weights': array([[ 0.009, -0.004, -0.01 , -0.004,  0.01 ,  0.009, -0.001,  0.006,
         0.006],
       [ 0.007, -0.009, -0.001,  0.008, -0.009,  0.007,  0.009, -0.004,
         0.002],
       [ 0.009, -0.005,  0.003, -0.003, -0.007, -0.01 , -0.005,  0.003,
         0.008],
       [ 0.   ,  0.002, -0.01 , -0.005, -0.006,  0.003, -0.001,  0.002,
        -0.005],
       [ 0.004,  0.003, -0.01 ,  0.008, -0.009,  0.005, -0.009, -0.003,
         0.002],
       [ 0.008, -0.006,  0.01 , -0.007, -0.008,  0.008, -0.005, -0.009,
        -0.007]]), 'deltas': array([[0.],
       [0.],
       [0.],
       [0.],
       [0.],
       [0.],
       [0.]]), 'outputs': array([[0.],
       [0.],
       [0.],
       [0.],
       [0.],
       [0.],
       [0.]]), 'errors': array([[0.],
       [0.],
       [0.],
       [0.],
       [0.],
       [0.],
       [0.]])}]
Training complete!
Training done. epoch: 90 , total error: 0.00424329410050494
[{'weights': array([[-2.44819408e-01, -1.11454164e+00, -3.69929299e-01,
         5.49673169e-01,  2.07679930e-01,  7.07314310e-01,
        -1.16053165e+00, -1.71701160e+00,  1.11084396e+00,
         1.09447741e-01, -8.45347751e-01, -5.28443747e-01,
        -1.34176574e+00,  1.96054121e-01,  1.53656587e+00,
         2.56452845e+00, -2.46460996e+00, -2.47911688e-01,
        -9.61020106e-01,  1.64076054e-01, -1.66217472e-01,
         5.33041068e-03,  2.72876920e-01, -1.95598543e+00,
         8.68058323e-01, -1.83614705e-01, -5.94443162e-01,
        -3.68955432e-01,  1.62076054e-01, -3.17919367e-01,
        -2.76680911e+00,  2.32079687e+00,  2.88827181e-01,
        -4.93832826e-01,  5.99167905e-02, -5.62875569e-01,
        -7.99352451e-01,  7.00000000e-03,  3.39373984e-01,
        -1.01499409e+00,  1.31151852e+00,  7.69225386e-01,
        -1.89546044e+00, -1.42226616e-01, -9.61937245e-01],
       [-2.26373814e-01, -2.47319134e+00,  2.23040351e+00,
        -7.34886124e-01,  2.18582570e-01, -4.86300767e-02,
        -1.06467533e+00, -7.49422461e-01,  7.04350920e-01,
         1.77911749e-01, -2.11461926e+00, -1.15341575e+00,
        -1.22264455e-01, -6.30596641e-01,  3.03543091e+00,
         1.43413226e+00, -3.38991112e+00,  1.80177066e+00,
        -1.03705442e+00,  1.93597415e-01, -4.88690024e-01,
         2.12877653e+00, -1.26937236e+00, -1.44722285e+00,
         7.20435080e-02, -1.51974537e-01, -6.60350611e-01,
        -3.76737466e-01,  1.93597415e-01, -2.87841448e-01,
        -3.38293874e-02,  6.42517935e-01, -1.83071072e-01,
        -1.14924123e+00,  2.44480464e-01, -6.38367797e-01,
        -9.24773584e-01, -4.00000000e-03,  3.41195717e-01,
        -6.95657662e-01,  4.71964719e-01,  2.20980596e+00,
        -2.22441047e+00, -7.34167746e-01, -1.00146520e+00],
       [-1.78014933e+00,  1.57636959e+00, -8.28380437e-01,
        -5.22582909e-01, -6.18978838e-01, -1.60373236e+00,
         3.14857710e+00, -2.93304050e+00, -9.03884435e-01,
         1.14358280e-01, -2.52959762e+00, -7.73046893e-01,
        -2.82027204e+00, -1.87291183e-01,  4.13548582e+00,
        -1.05151682e+00,  2.95009471e+00, -2.61028829e+00,
        -1.65484635e+00,  2.08834835e-01, -1.94977177e+00,
         4.12557380e+00,  1.39554349e-01, -3.37288272e+00,
        -1.09719558e+00, -1.17365008e-01, -7.17961861e-01,
        -1.53622988e+00,  2.10834835e-01, -4.18768746e-01,
         8.54736279e-01, -2.62008039e+00,  2.10171361e+00,
        -2.09532267e+00,  1.70754488e-03, -7.21134341e-01,
        -1.70592887e+00,  2.00000000e-03,  2.62633751e-01,
         3.90440992e-01,  2.95060420e-01,  2.43954001e+00,
        -5.07313329e+00, -2.53630043e-01, -2.15572192e+00],
       [ 1.36090381e+00, -1.44394340e+00, -2.76091565e-02,
        -1.78539333e+00, -1.73370809e-01, -1.45461974e+00,
         4.19208894e+00, -4.47459979e+00, -4.75043516e-01,
         1.48761216e-01, -3.06832836e+00, -1.41678596e+00,
        -1.77739870e+00,  5.80023455e+00, -1.61213441e+00,
        -3.79331748e-02,  2.73018042e+00, -3.52418044e+00,
        -2.02980499e+00,  8.02325294e-01, -9.92878949e-01,
         3.39659068e+00, -5.87742126e+00,  2.09567690e+00,
        -7.08380253e-01, -8.59309181e-01, -1.09345250e+00,
        -9.29976501e-01,  7.93325294e-01, -1.49365987e-01,
         1.60156661e-01, -2.79529393e-01,  2.48178245e-01,
        -2.03885241e+00,  3.92690295e-01, -6.17573536e-01,
        -2.10917728e+00,  3.00000000e-03,  2.64647638e-01,
         4.66202444e-01,  9.08978370e-01, -9.79701825e-01,
        -2.29614065e+00, -1.76751219e-01, -2.08441289e+00],
       [-2.13870868e-01, -9.88237448e-01, -2.87982021e-01,
         1.26624263e-01,  2.43232391e-01,  2.04194407e-01,
        -4.80107283e-01, -2.15693465e+00,  1.18226538e+00,
         1.41348461e-01, -1.55600382e+00, -6.09790313e-01,
        -1.65983325e+00, -1.13854309e-01,  2.82924801e+00,
         1.82062021e+00, -3.41531921e+00,  1.24174489e+00,
        -9.58245634e-01,  1.84966068e-01, -3.98854773e-01,
         6.31725914e-01,  2.00854112e-01, -1.62724191e+00,
         8.02829745e-02, -3.40979728e-01, -6.09703965e-01,
        -3.66516058e-01,  1.79966068e-01, -2.89389436e-01,
        -2.14030559e+00,  1.74362144e+00,  3.00982379e-01,
        -7.44142475e-01, -5.77317496e-02, -5.88560786e-01,
        -8.31842817e-01, -8.00000000e-03,  3.66901670e-01,
        -1.76603983e+00,  1.29138922e+00,  1.63758739e+00,
        -2.08533960e+00, -2.04830864e-01, -1.13523368e+00],
       [-2.03228839e-01, -1.97055976e+00, -7.15735071e-02,
         7.68694077e-01,  2.17617737e-01,  4.76420780e-02,
        -4.98230089e-01, -8.47054845e-01, -9.12680891e-02,
         1.18860651e-01, -1.12790497e+00, -7.54897895e-01,
        -5.33871637e-01, -1.26372837e-01,  1.29599705e+00,
         1.65588727e+00, -5.53561585e-01, -1.05035466e+00,
        -1.76343443e+00,  4.45413110e-01,  3.06812553e-01,
        -3.94827393e-01,  7.30505404e-02, -1.10453275e+00,
        -1.50553240e-01, -7.07573447e-02, -7.54509852e-01,
        -9.08196207e-01,  4.48413110e-01, -1.76236092e-01,
        -2.65706930e+00,  1.47037928e+00,  6.56438222e-01,
        -5.57562409e-01,  5.09702839e-01, -8.86627489e-01,
        -1.29184294e+00, -8.00000000e-03,  4.01717300e-01,
        -2.97422269e-01,  8.77540974e-01, -3.78857187e-02,
        -1.70864225e+00, -1.21641027e-01, -1.28105029e+00],
       [-9.30532518e-01, -6.58444034e-01, -1.02944834e-01,
         4.31471835e-01,  1.09736171e-01,  1.63868206e+00,
        -1.07089756e+00, -1.67607849e+00, -3.70679673e-02,
        -9.35141849e-03, -1.66515245e+00, -4.90324806e-01,
        -4.65183134e-01,  1.43057845e+00,  3.63685646e-02,
         1.17710146e+00, -4.46167079e+00,  3.01988085e+00,
        -1.09332283e+00,  2.02297936e-01, -3.71199970e-01,
        -5.03861621e-01,  1.78856054e+00, -3.43190445e+00,
         1.34369211e+00,  4.00118921e-01, -1.44089064e+00,
        -3.49239602e-01,  1.97297936e-01, -1.23694412e+00,
        -2.09989495e+00,  3.37380227e+00, -7.50577536e-01,
        -4.25099041e-01,  2.09737107e+00, -1.54689179e+00,
        -1.81853267e+00, -1.00000000e-03,  8.83400109e-02,
        -1.14518743e+00,  1.02024190e+00,  9.68434983e-01,
        -2.04009035e+00,  2.38875118e-02, -1.17571338e+00],
       [-1.07287253e+00,  1.09387674e+00, -2.31987519e+00,
         1.45326566e+00,  1.87896490e-01, -2.78117294e-01,
        -3.04040380e+00,  2.86500075e+00, -2.89821101e-01,
         8.56326174e-02, -1.42055791e+00, -9.05002755e-01,
        -1.34908495e+00, -3.97072468e-03,  2.97390751e+00,
         1.10264996e+00,  6.18571479e-01,  6.06892349e-01,
        -4.08320482e+00,  1.09938220e+00,  1.83074562e-01,
         3.56530674e+00, -2.93506654e+00, -3.86513512e-01,
        -1.08051008e+00,  1.56014088e+00, -1.55123391e+00,
        -1.80299800e+00,  1.10038220e+00, -3.48219091e-01,
        -2.65289369e+00,  1.43983052e+00, -1.65316774e-01,
         1.07889021e+00,  3.12432420e+00, -1.47846352e+00,
        -2.23066431e+00, -4.00000000e-03, -7.39051948e-02,
        -2.40061205e+00,  5.34054876e+00, -9.40761610e-01,
        -2.82003585e+00,  1.23151919e-01, -6.60708828e-01],
       [ 8.00000000e-03, -6.00000000e-03,  4.00000000e-03,
         5.00000000e-03,  8.00000000e-03, -9.00000000e-03,
         1.00000000e-03,  0.00000000e+00,  5.00000000e-03,
         7.00000000e-03,  5.00000000e-03, -6.00000000e-03,
         1.00000000e-02, -2.00000000e-03,  5.00000000e-03,
        -5.00000000e-03,  8.00000000e-03,  4.00000000e-03,
         9.00000000e-03, -6.00000000e-03, -3.00000000e-03,
        -6.00000000e-03, -5.00000000e-03, -7.00000000e-03,
         0.00000000e+00, -6.00000000e-03, -1.00000000e-02,
        -4.00000000e-03,  2.00000000e-03,  3.00000000e-03,
        -7.00000000e-03,  1.00000000e-02, -2.00000000e-03,
         2.00000000e-03, -3.00000000e-03,  1.00000000e-03,
         7.00000000e-03, -9.00000000e-03,  6.00000000e-03,
        -2.00000000e-03,  8.00000000e-03, -8.00000000e-03,
        -1.00000000e-03, -3.00000000e-03,  4.00000000e-03]]), 'deltas': array([[1.14584228e-03],
       [2.33219274e-05],
       [1.35960862e-04],
       [5.74044052e-04],
       [9.91749807e-04],
       [1.72784287e-03],
       [8.81834924e-04],
       [9.94719599e-05],
       [0.00000000e+00]]), 'outputs': array([[0.94215497],
       [0.99888952],
       [0.99349101],
       [0.97190794],
       [0.95036654],
       [0.90965801],
       [0.95613357],
       [0.99524628],
       [1.        ]]), 'errors': 0.02102502074730597}, {'weights': array([[ 1.85175092,  1.9312685 ,  3.74719926,  1.65191088,  2.12024127,
         0.62726439, -0.44630257,  0.90312342, -4.74354375],
       [-1.1481936 , -2.70788731,  0.9368444 , -0.441702  , -2.33928717,
         2.12848183,  1.85636267,  0.62449689, -1.80536196],
       [-1.09421287,  1.43342003,  0.23037271,  0.0236674 , -1.03162117,
         0.09166758, -0.1803058 ,  0.8869593 , -2.95740045],
       [-1.21868482, -0.54768682, -3.69783729,  0.56685659, -0.66673923,
        -0.59990836,  2.66163819, -1.5621223 , -1.73879158],
       [-0.37927017, -1.44177885, -3.13071965, -1.71358217, -0.37625068,
        -0.75567684, -0.80897979,  2.23604145, -2.23593233],
       [-1.52656341, -1.69352752, -4.03928178, -3.55055683, -1.5788474 ,
        -3.00581973, -4.02082596, -7.79373969,  2.04620099]]), 'deltas': array([[ 4.40891869e-07],
       [-2.25869820e-03],
       [-5.63268595e-03],
       [-1.37693538e-06],
       [-5.03002438e-08],
       [-6.61986502e-22]]), 'outputs': array([[9.99335782e-01],
       [4.87277881e-02],
       [7.81685411e-02],
       [1.17411838e-03],
       [2.24302316e-04],
       [2.57290983e-11]]), 'errors': array([[ 6.64217519e-04],
       [-4.87277881e-02],
       [-7.81685411e-02],
       [-1.17411838e-03],
       [-2.24302316e-04],
       [-2.57290983e-11]])}]
neural_net output [0.14172266 0.30852589 0.09629575 0.0063326  0.05928646 0.00378681]
target: 0 prediction: 1
neural_net output [8.06498301e-01 3.51859428e-01 1.30038277e-01 2.12134067e-03
 6.44743581e-03 2.49996157e-06]
target: 0 prediction: 0
neural_net output [8.62379422e-01 5.00442654e-02 3.63933062e-01 6.84976839e-04
 1.10306853e-02 6.99221088e-06]
target: 0 prediction: 0
neural_net output [0.14172266 0.30852589 0.09629575 0.0063326  0.05928646 0.00378681]
target: 0 prediction: 1
neural_net output [9.92633552e-01 6.18918190e-02 6.33249818e-02 1.81760758e-03
 2.47990463e-03 1.37830369e-09]
target: 0 prediction: 0
neural_net output [7.91699870e-01 3.24047373e-01 1.31380929e-01 1.91297482e-03
 7.62852719e-03 3.71199529e-06]
target: 0 prediction: 0
neural_net output [0.05890777 0.10572172 0.05157017 0.17561566 0.01463648 0.13999431]
target: 0 prediction: 3
neural_net output [0.63341052 0.21202047 0.06537675 0.00814014 0.00110201 0.00290659]
target: 0 prediction: 0
neural_net output [0.14172266 0.30852589 0.09629575 0.0063326  0.05928646 0.00378681]
target: 0 prediction: 1
neural_net output [0.29366072 0.30712725 0.06619711 0.00381563 0.00545433 0.05824908]
target: 0 prediction: 1
neural_net output [0.29366072 0.30712725 0.06619711 0.00381563 0.00545433 0.05824908]
target: 0 prediction: 1
neural_net output [8.06498301e-01 3.51859428e-01 1.30038277e-01 2.12134067e-03
 6.44743581e-03 2.49996157e-06]
target: 0 prediction: 0
neural_net output [0.64636669 0.21764782 0.06289545 0.00761069 0.00089272 0.00405494]
target: 0 prediction: 0
neural_net output [0.09378308 0.63834292 0.04989365 0.12157768 0.00449302 0.00708805]
target: 0 prediction: 1
neural_net output [0.64636669 0.21764782 0.06289545 0.00761069 0.00089272 0.00405494]
target: 1 prediction: 0
neural_net output [0.29366072 0.30712725 0.06619711 0.00381563 0.00545433 0.05824908]
target: 1 prediction: 1
neural_net output [0.03020655 0.30531314 0.09131291 0.03641607 0.4028242  0.00120544]
target: 1 prediction: 4
neural_net output [1.13351817e-01 1.53879662e-01 8.97920536e-02 1.80205218e-01
 1.50618858e-01 8.80280685e-06]
target: 1 prediction: 3
neural_net output [4.99461037e-01 4.38103143e-01 1.34812333e-01 9.50573492e-04
 3.81882432e-02 4.55140187e-05]
target: 1 prediction: 0
neural_net output [4.99461037e-01 4.38103143e-01 1.34812333e-01 9.50573492e-04
 3.81882432e-02 4.55140187e-05]
target: 1 prediction: 0
neural_net output [3.03579075e-01 4.23300191e-01 1.32023681e-01 1.92228319e-03
 7.37329653e-02 1.05428406e-04]
target: 1 prediction: 1
neural_net output [0.01231075 0.55793858 0.07732648 0.40321489 0.17086662 0.00076871]
target: 1 prediction: 1
neural_net output [0.09378308 0.63834292 0.04989365 0.12157768 0.00449302 0.00708805]
target: 1 prediction: 1
neural_net output [0.64636669 0.21764782 0.06289545 0.00761069 0.00089272 0.00405494]
target: 1 prediction: 0
neural_net output [9.92588685e-01 1.50208358e-02 7.94453741e-02 1.38256666e-03
 2.47068620e-03 1.22888248e-08]
target: 1 prediction: 0
neural_net output [0.00737796 0.43488383 0.04271479 0.66802891 0.04183625 0.10700599]
target: 1 prediction: 3
neural_net output [0.69641043 0.23489863 0.0749757  0.00556522 0.00138606 0.00074002]
target: 1 prediction: 0
neural_net output [0.64636669 0.21764782 0.06289545 0.00761069 0.00089272 0.00405494]
target: 1 prediction: 0
neural_net output [0.3457343  0.3211455  0.07871206 0.00276174 0.00846924 0.01126269]
target: 1 prediction: 0
neural_net output [7.21256276e-02 3.38055155e-01 1.37244304e-01 4.03983411e-02
 1.70959133e-01 1.06725685e-04]
target: 2 prediction: 1
neural_net output [0.64636669 0.21764782 0.06289545 0.00761069 0.00089272 0.00405494]
target: 2 prediction: 0
neural_net output [0.64636669 0.21764782 0.06289545 0.00761069 0.00089272 0.00405494]
target: 2 prediction: 0
neural_net output [0.05204679 0.11675    0.05723738 0.16519903 0.02352878 0.07846506]
target: 3 prediction: 3
neural_net output [0.011592   0.32695237 0.06777925 0.20861102 0.17407761 0.02828476]
target: 3 prediction: 1
neural_net output [0.00947172 0.14690562 0.05221686 0.1383181  0.09940565 0.83411922]
target: 3 prediction: 5
neural_net output [1.43914821e-02 6.42770367e-01 8.96417194e-02 3.39127131e-01
 2.87547795e-01 7.26997675e-05]
target: 4 prediction: 1
neural_net output [0.00936499 0.33903268 0.0600806  0.29704278 0.12370339 0.07067757]
target: 4 prediction: 1
neural_net output [0.0086334  0.14724865 0.04909024 0.15978947 0.09370605 0.87009203]
target: 5 prediction: 5
neural_net output [0.00885659 0.14240531 0.04973765 0.14583554 0.09652415 0.87726996]
target: 5 prediction: 5
neural_net output [0.0088427  0.14304318 0.05050608 0.14436882 0.10168878 0.86332499]
target: 5 prediction: 5
neural_net output [0.0086334  0.14724865 0.04909024 0.15978947 0.09370605 0.87009203]
target: 5 prediction: 5
neural_net output [1.44027191e-01 7.43464917e-02 1.35768702e-01 2.68180245e-01
 2.31643619e-02 1.52358154e-04]
target: 5 prediction: 3
neural_net output [0.0088427  0.14304318 0.05050608 0.14436882 0.10168878 0.86332499]
target: 5 prediction: 5
Accuracy: 39.53488372093023 %

train_data group 1 length:  172
   0   1   2   3   4   5   6   7   8  ...  36  37  38  39  40  41  42  43  44
0   0   1   0   0   0   0   0   1   0 ...   0   0   0   1   0   0   0   0   0
1   0   1   0   0   0   0   1   0   0 ...   0   0   0   0   1   0   0   0   0
2   0   0   1   0   0   0   0   1   0 ...   0   0   0   1   0   0   0   0   0
3   0   1   0   0   0   0   0   1   0 ...   0   0   0   1   0   0   0   0   0
4   0   0   1   0   0   0   1   0   0 ...   0   0   0   0   1   0   0   0   0

[5 rows x 45 columns]
Initial Neural Network:
[{'weights': array([[-0.001,  0.006,  0.007, -0.007,  0.001,  0.009, -0.009, -0.007,
        -0.007, -0.005,  0.004,  0.005,  0.009,  0.001, -0.004,  0.008,
        -0.006,  0.001, -0.007,  0.006, -0.001,  0.006, -0.003, -0.004,
         0.003,  0.003,  0.009, -0.007,  0.001,  0.002,  0.008, -0.009,
         0.005,  0.   , -0.008,  0.006, -0.002,  0.   , -0.01 ,  0.005,
        -0.009, -0.007,  0.008,  0.   ,  0.007],
       [-0.001,  0.   ,  0.007,  0.009,  0.009, -0.01 ,  0.003,  0.003,
         0.002, -0.01 ,  0.004, -0.007, -0.009,  0.01 ,  0.002, -0.007,
         0.004,  0.003, -0.005, -0.004,  0.003,  0.004, -0.006,  0.005,
        -0.003,  0.008, -0.009,  0.004, -0.01 , -0.007,  0.007, -0.005,
        -0.003, -0.008, -0.003, -0.009, -0.001,  0.008, -0.006,  0.001,
        -0.008,  0.004,  0.006,  0.007, -0.007],
       [ 0.005,  0.006,  0.009,  0.005, -0.002, -0.01 ,  0.01 ,  0.005,
        -0.003, -0.007,  0.008,  0.006, -0.003, -0.005, -0.01 ,  0.001,
         0.002,  0.005, -0.002, -0.006,  0.001, -0.009,  0.009, -0.006,
         0.009, -0.001, -0.002, -0.001,  0.008,  0.006,  0.002, -0.002,
        -0.01 , -0.007, -0.009,  0.002, -0.007,  0.   ,  0.01 ,  0.009,
        -0.007, -0.008, -0.01 ,  0.003,  0.003],
       [-0.01 ,  0.004,  0.002, -0.007, -0.001,  0.004,  0.009, -0.007,
        -0.004, -0.008,  0.004,  0.005,  0.01 , -0.002,  0.   ,  0.007,
        -0.006, -0.001,  0.003,  0.007, -0.004, -0.01 , -0.009, -0.001,
         0.002,  0.003,  0.001, -0.005, -0.003, -0.007, -0.002, -0.002,
         0.002,  0.009,  0.008, -0.004,  0.008,  0.008,  0.004,  0.009,
         0.01 , -0.002,  0.006, -0.008,  0.008],
       [-0.001,  0.008, -0.004, -0.006, -0.003, -0.007, -0.002, -0.004,
         0.002,  0.002, -0.006, -0.003, -0.003, -0.005,  0.01 , -0.007,
        -0.01 ,  0.001, -0.002, -0.003,  0.   ,  0.004,  0.009,  0.002,
         0.002, -0.001,  0.008,  0.001, -0.007,  0.002, -0.005, -0.01 ,
         0.01 ,  0.003, -0.007, -0.007,  0.004,  0.01 ,  0.   ,  0.005,
         0.   , -0.008, -0.001,  0.002,  0.002],
       [ 0.002,  0.002, -0.006,  0.003,  0.009,  0.002,  0.004,  0.009,
         0.01 ,  0.004, -0.006,  0.004, -0.006,  0.005, -0.002, -0.004,
        -0.001,  0.009,  0.009,  0.006, -0.005,  0.007,  0.007,  0.006,
         0.   ,  0.005,  0.004,  0.007,  0.   , -0.001, -0.001, -0.002,
         0.   ,  0.008, -0.001, -0.007,  0.009,  0.008,  0.   ,  0.004,
         0.003, -0.002,  0.006,  0.01 , -0.002],
       [-0.008, -0.009,  0.01 ,  0.002,  0.007,  0.007, -0.007,  0.003,
         0.004, -0.008,  0.01 , -0.003, -0.01 ,  0.005,  0.   , -0.009,
        -0.001, -0.007, -0.004,  0.01 , -0.003,  0.004,  0.006, -0.004,
        -0.004,  0.005, -0.01 , -0.002,  0.004,  0.007,  0.   ,  0.005,
         0.   , -0.002, -0.001, -0.008, -0.01 , -0.007, -0.009,  0.004,
        -0.007,  0.01 , -0.008,  0.002,  0.009],
       [ 0.002, -0.01 , -0.008,  0.   , -0.008, -0.001,  0.002, -0.003,
        -0.009,  0.002, -0.002,  0.006,  0.01 ,  0.008,  0.003,  0.005,
         0.005, -0.008, -0.007, -0.001,  0.009,  0.   , -0.001,  0.003,
         0.003,  0.008, -0.002,  0.001, -0.007,  0.004, -0.007,  0.006,
         0.004, -0.003,  0.007, -0.009, -0.002,  0.001,  0.006,  0.002,
         0.007,  0.007,  0.008,  0.   ,  0.004],
       [ 0.006, -0.007,  0.007, -0.006,  0.01 , -0.002,  0.007, -0.003,
         0.001, -0.001,  0.005,  0.005,  0.01 , -0.008, -0.005,  0.006,
        -0.01 , -0.001,  0.01 , -0.008,  0.004,  0.005,  0.01 ,  0.006,
        -0.006, -0.002, -0.002,  0.007, -0.009,  0.006,  0.004,  0.005,
        -0.005, -0.009, -0.01 , -0.004,  0.   , -0.006,  0.008,  0.007,
         0.008, -0.008,  0.006, -0.004, -0.006]]), 'deltas': array([[0.],
       [0.],
       [0.],
       [0.],
       [0.],
       [0.],
       [0.],
       [0.],
       [0.]]), 'outputs': array([[0.],
       [0.],
       [0.],
       [0.],
       [0.],
       [0.],
       [0.],
       [0.],
       [0.]]), 'errors': array([[0.],
       [0.],
       [0.],
       [0.],
       [0.],
       [0.],
       [0.],
       [0.],
       [0.]])}, {'weights': array([[-0.002, -0.006, -0.002,  0.004, -0.008,  0.003, -0.001, -0.005,
         0.006],
       [-0.002,  0.007,  0.004, -0.005, -0.009,  0.008,  0.003,  0.   ,
         0.008],
       [ 0.01 , -0.003,  0.003, -0.007,  0.   , -0.006, -0.009, -0.002,
        -0.005],
       [-0.005,  0.001,  0.007,  0.008, -0.006, -0.006,  0.   ,  0.   ,
         0.01 ],
       [ 0.004,  0.004, -0.005,  0.007, -0.005,  0.005,  0.001, -0.002,
         0.002],
       [ 0.008, -0.005,  0.006,  0.001, -0.002,  0.002,  0.002,  0.002,
         0.003]]), 'deltas': array([[0.],
       [0.],
       [0.],
       [0.],
       [0.],
       [0.],
       [0.]]), 'outputs': array([[0.],
       [0.],
       [0.],
       [0.],
       [0.],
       [0.],
       [0.]]), 'errors': array([[0.],
       [0.],
       [0.],
       [0.],
       [0.],
       [0.],
       [0.]])}]
Training complete!
Training done. epoch: 24 , total error: 0.0051073613769960485
[{'weights': array([[ 1.93457624e-01, -6.58817594e-01, -1.40071415e+00,
         1.17144361e+00,  3.07568578e-01,  9.66256370e-01,
        -8.56918419e-01,  4.93453826e-01, -1.00985371e+00,
        -5.00000000e-03, -4.78973029e-01,  1.12817643e+00,
        -6.71497660e-01, -1.53186128e-01, -2.02581543e-01,
        -4.41439452e-01,  2.99331573e-01, -7.77835509e-02,
        -7.93612856e-01,  6.22442354e-01,  7.93924292e-01,
        -7.31415034e-02, -5.01676686e-01, -6.11362775e-01,
         1.94742111e-04,  6.94378142e-01, -4.62202488e-01,
        -5.54006471e-01, -6.52311141e-02,  5.46978893e-01,
        -2.47712235e+00, -6.43231359e-01,  1.20489686e+00,
         9.81416022e-01,  6.74603070e-01, -1.01768564e+00,
        -6.45592720e-01,  7.89608047e-01, -2.07994692e-01,
        -7.43821918e-01, -2.59845037e-01,  3.39281573e-01,
         3.94133535e-01, -1.25810084e-01, -3.86061932e-01],
       [-4.56034160e-01,  1.11311665e-01, -1.62747789e+00,
         9.99198778e-01,  3.45748777e-01,  8.92346019e-01,
        -1.96520447e-01, -7.89435951e-01, -5.59642455e-01,
        -1.00000000e-02, -3.98210413e-01,  5.04192206e-01,
        -9.61522943e-01, -1.55774563e+00,  1.76203394e+00,
        -9.13069916e-01,  6.79621833e-01,  3.73498856e-01,
        -8.63276211e-01,  6.29726046e-02,  1.92868088e-01,
         2.62783507e-01,  7.44996422e-02, -8.47428965e-01,
        -3.30975106e-01,  6.01561101e-01, -5.70710111e-01,
        -6.04285069e-01, -8.48187553e-02,  1.50584580e-01,
        -1.78995930e+00, -1.35775543e+00,  1.34903638e+00,
         9.80840935e-01,  4.86654747e-01, -7.80103475e-01,
        -7.11176733e-01,  2.59371003e-01,  8.30016249e-02,
        -1.80745222e+00,  4.16308070e-02,  4.39902007e-01,
         8.42742710e-01, -1.58076141e-01, -6.58252834e-01],
       [-2.18058111e-01, -1.71928409e-01, -1.38861248e+00,
         9.87153725e-01,  3.17194104e-01,  9.10538001e-01,
        -3.63671063e-01, -4.68568120e-01, -5.73549988e-01,
        -7.00000000e-03, -3.42612771e-01,  6.89067655e-01,
        -6.83960713e-01, -1.01014733e+00,  8.46401990e-01,
        -7.35969649e-01,  6.77966278e-01,  1.43694569e-01,
        -8.10550221e-01,  2.27607852e-01,  4.78216174e-01,
         1.67224211e-01, -1.91367767e-01, -6.93082515e-01,
        -2.54241274e-01,  6.06006647e-01, -4.14737313e-01,
        -5.65053424e-01, -1.19467081e-01,  3.49618831e-01,
        -2.04722437e+00, -1.08638657e+00,  1.26145226e+00,
         1.01428869e+00,  4.30471025e-01, -7.57392520e-01,
        -6.59992171e-01,  4.65673862e-01,  1.99886336e-02,
        -1.29473836e+00, -4.47360887e-02,  3.54292446e-01,
         6.14750486e-01, -1.39819655e-01, -4.94251171e-01],
       [ 2.13742415e-01, -6.81724177e-01, -1.41215445e+00,
         1.17471285e+00,  3.05162319e-01,  9.57513120e-01,
        -8.50842814e-01,  5.28622509e-01, -1.02155386e+00,
        -8.00000000e-03, -4.80175690e-01,  1.15515077e+00,
        -6.75778609e-01, -1.52259991e-01, -2.18197523e-01,
        -4.37408748e-01,  3.02155693e-01, -1.03675681e-01,
        -7.87583030e-01,  6.48250717e-01,  7.99806611e-01,
        -9.12509617e-02, -5.24439521e-01, -6.14179798e-01,
         1.98026213e-02,  6.90739788e-01, -4.70846031e-01,
        -5.52525077e-01, -5.96297278e-02,  5.50855659e-01,
        -2.49282270e+00, -6.32298111e-01,  1.19752114e+00,
         9.88482966e-01,  6.95918717e-01, -1.03711713e+00,
        -6.34525711e-01,  8.11915360e-01, -2.00452287e-01,
        -7.15411819e-01, -2.50633953e-01,  3.42332267e-01,
         3.84037357e-01, -1.33584901e-01, -3.80261048e-01],
       [-2.89656555e-01, -6.89253563e-02, -1.44519555e+00,
         9.70623300e-01,  3.19536716e-01,  9.31934928e-01,
        -2.84629071e-01, -6.13565713e-01, -5.52357586e-01,
         2.00000000e-03, -3.20277937e-01,  6.32045585e-01,
        -7.15129097e-01, -1.30380823e+00,  1.19255224e+00,
        -8.16598034e-01,  8.04632153e-01,  1.01034946e-01,
        -8.17889872e-01,  2.00203367e-01,  3.93166243e-01,
         2.40823315e-01, -9.96027648e-02, -7.35763951e-01,
        -2.89240283e-01,  6.04347651e-01, -4.10917610e-01,
        -5.71081576e-01, -1.28965906e-01,  3.05237246e-01,
        -1.97240043e+00, -1.18322919e+00,  1.31920078e+00,
         1.02357416e+00,  4.29910021e-01, -7.52649834e-01,
        -6.59186263e-01,  4.39748175e-01,  3.45604597e-02,
        -1.46393738e+00,  4.33913188e-02,  3.40461486e-01,
         7.13928337e-01, -1.43461201e-01, -5.05617441e-01],
       [-3.99302782e-01,  1.36409202e+00, -3.05055694e+00,
         1.16057964e+00,  3.33629184e-01,  3.91941162e-01,
         9.28150333e-02,  5.45810720e-02, -1.11589614e+00,
         4.00000000e-03, -2.32948629e+00,  8.96427580e-02,
        -1.11190295e+00,  1.47270404e+00,  1.27248357e+00,
        -4.66886919e-01,  1.02037564e+00,  2.84539929e-01,
        -1.48478314e+00,  6.41956187e-02, -3.47601317e-02,
         5.83894837e-01, -8.76593164e-01, -5.23051774e-01,
         2.63951361e-01,  1.53034947e+00, -9.00222020e-01,
        -1.12667132e+00, -8.90149969e-02, -1.43392157e-01,
        -1.45344798e+00, -1.03174253e+00,  1.22872378e+00,
         8.02300017e-01,  1.73450260e+00, -1.66674102e+00,
        -1.02812507e+00,  3.56019056e-01,  1.17855642e-02,
        -1.49354004e-01, -7.94807274e-01,  5.36222170e-01,
        -2.98511548e-02, -1.42768607e-01, -6.03558871e-01],
       [-1.73458977e-01,  6.25934222e-01, -2.88299447e+00,
         1.49075877e+00,  3.19121693e-01,  7.58116866e-01,
         1.20306014e+00, -1.54410320e+00, -1.03271256e+00,
        -8.00000000e-03, -1.92454776e+00,  2.12341196e-01,
        -1.38205648e+00,  1.19224872e+00,  1.28137557e+00,
        -1.03255381e+00, -2.10862803e-01,  1.85911815e+00,
        -1.19687824e+00, -5.24620494e-02,  2.54825592e-01,
        -7.96027899e-01,  1.88697798e-01,  1.59648891e-01,
        -4.30783137e-01,  1.21342784e+00, -9.05449961e-01,
        -8.14493720e-01, -1.19122919e-01,  1.08553190e-01,
        -8.85076324e-01, -2.24272049e+00,  1.33107660e+00,
         1.07552827e+00,  1.38519183e+00, -1.33030478e+00,
        -9.79796915e-01,  2.13082162e-01,  5.41889504e-02,
        -1.81669406e+00, -5.40309218e-02,  8.39053050e-01,
         5.61246709e-01, -1.51213533e-01, -6.13638755e-01],
       [-4.40950569e-01,  9.26721059e-01, -1.93048682e+00,
         8.20440502e-01,  3.06880040e-01,  4.45137833e-01,
         1.17394528e+00, -2.39967940e-01, -1.68351096e+00,
         2.00000000e-03, -1.80154454e+00,  1.67945620e-01,
        -1.01434949e+00,  2.92237477e-01,  2.08731513e+00,
         1.42761902e+00, -2.52183969e-01,  2.18005079e-01,
        -1.78354538e+00,  9.07094477e-02, -1.11545278e+00,
         9.10588394e-01, -5.91968644e-02,  1.55682469e-01,
        -1.71017017e-01,  1.70280572e+00, -9.00552914e-01,
        -1.01586464e+00, -7.97839625e-02, -2.94657741e-01,
        -2.54073964e+00,  8.81404205e-01,  1.20042378e+00,
         4.64173598e-01,  2.12654647e+00, -1.68989647e+00,
        -1.07344194e+00,  3.96549246e-01, -5.01531010e-02,
        -5.12312703e-01, -3.14457620e-01,  5.53509191e-01,
         8.22540664e-02, -7.83887279e-02, -2.89395793e-01],
       [ 6.00000000e-03, -7.00000000e-03,  7.00000000e-03,
        -6.00000000e-03,  1.00000000e-02, -2.00000000e-03,
         7.00000000e-03, -3.00000000e-03,  1.00000000e-03,
        -1.00000000e-03,  5.00000000e-03,  5.00000000e-03,
         1.00000000e-02, -8.00000000e-03, -5.00000000e-03,
         6.00000000e-03, -1.00000000e-02, -1.00000000e-03,
         1.00000000e-02, -8.00000000e-03,  4.00000000e-03,
         5.00000000e-03,  1.00000000e-02,  6.00000000e-03,
        -6.00000000e-03, -2.00000000e-03, -2.00000000e-03,
         7.00000000e-03, -9.00000000e-03,  6.00000000e-03,
         4.00000000e-03,  5.00000000e-03, -5.00000000e-03,
        -9.00000000e-03, -1.00000000e-02, -4.00000000e-03,
         0.00000000e+00, -6.00000000e-03,  8.00000000e-03,
         7.00000000e-03,  8.00000000e-03, -8.00000000e-03,
         6.00000000e-03, -4.00000000e-03, -6.00000000e-03]]), 'deltas': array([[0.00478908],
       [0.00871642],
       [0.00957385],
       [0.00460422],
       [0.00984139],
       [0.00581006],
       [0.00887915],
       [0.000413  ],
       [0.        ]]), 'outputs': array([[0.8584521 ],
       [0.33017473],
       [0.58417458],
       [0.86493629],
       [0.51724026],
       [0.82028576],
       [0.65720026],
       [0.98940884],
       [1.        ]]), 'errors': 0.03941240566786091}, {'weights': array([[-7.87229627e-01, -3.48908128e-01, -4.20679427e-01,
        -7.97215432e-01, -4.69496181e-01,  5.98553036e-01,
        -5.28652905e-01,  1.75465517e+00, -2.50120452e+00],
       [ 9.72715477e-01,  8.63349731e-01,  8.30655738e-01,
         9.97839868e-01,  9.07685795e-01,  1.35589621e+00,
         1.12971437e+00,  1.02571538e+00, -2.86004228e+00],
       [-3.93310977e-01, -3.64793785e-01, -3.74726620e-01,
        -4.22471791e-01, -3.76546838e-01,  2.56169029e-01,
        -2.85417426e-01,  3.96196116e-01, -2.57813619e+00],
       [ 1.46437976e-01, -4.48907497e-01, -2.42174816e-01,
         1.94580753e-01, -3.13530707e-01, -9.95662062e-01,
        -6.03329547e-01, -3.32491258e-03, -1.79705841e+00],
       [-5.54657934e-01, -6.37234413e-01, -6.04875472e-01,
        -5.48835714e-01, -6.10188064e-01, -4.54301148e-01,
        -8.47573657e-01, -8.60705817e-02, -2.17545711e+00],
       [-1.61908808e+00, -1.61070934e+00, -1.56690139e+00,
        -1.65977710e+00, -1.57336502e+00, -2.51900096e+00,
        -1.93020293e+00, -3.76362893e+00,  1.98233034e+00]]), 'deltas': array([[-4.62435623e-03],
       [ 2.38990545e-03],
       [-1.01302762e-03],
       [-1.56738317e-03],
       [-4.27324174e-05],
       [-1.48833483e-09]]), 'outputs': array([[7.05357513e-02],
       [9.49839098e-01],
       [3.23558493e-02],
       [4.04153119e-02],
       [6.55854635e-03],
       [3.85796870e-05]]), 'errors': array([[-7.05357513e-02],
       [ 5.01609022e-02],
       [-3.23558493e-02],
       [-4.04153119e-02],
       [-6.55854635e-03],
       [-3.85796870e-05]])}]
Accuracy: 50.0 %

train_data group 2 length:  172
   0   1   2   3   4   5   6   7   8  ...  36  37  38  39  40  41  42  43  44
0   0   1   0   0   0   0   0   1   0 ...   0   0   0   1   0   0   0   0   0
1   0   1   0   0   0   0   1   0   0 ...   0   0   0   0   1   0   0   0   0
2   0   0   1   0   0   0   0   1   0 ...   0   0   0   1   0   0   0   0   0
3   0   1   0   0   0   0   0   1   0 ...   0   0   0   1   0   0   0   0   0
4   0   0   1   0   0   0   1   0   0 ...   0   0   0   0   1   0   0   0   0

[5 rows x 45 columns]
Initial Neural Network:
[{'weights': array([[ 0.007, -0.008, -0.003, -0.01 , -0.01 , -0.003, -0.002,  0.004,
        -0.01 , -0.008, -0.002,  0.005, -0.006,  0.009, -0.009,  0.008,
         0.009,  0.002,  0.003, -0.008,  0.004, -0.008,  0.004, -0.006,
         0.006, -0.008,  0.007, -0.01 , -0.002,  0.01 , -0.001, -0.004,
        -0.003,  0.008, -0.001, -0.003,  0.009, -0.005, -0.002, -0.007,
         0.005,  0.008, -0.007, -0.008, -0.005],
       [-0.003, -0.009,  0.004,  0.004,  0.008,  0.006,  0.   ,  0.008,
        -0.004,  0.003, -0.008,  0.009,  0.009, -0.004, -0.009,  0.008,
        -0.005, -0.005, -0.009,  0.005, -0.004, -0.002, -0.001,  0.001,
        -0.006,  0.009, -0.01 ,  0.009,  0.001, -0.001, -0.002, -0.007,
        -0.002, -0.007, -0.01 , -0.003,  0.004, -0.003,  0.006,  0.   ,
         0.009,  0.   , -0.01 , -0.007,  0.009],
       [ 0.008, -0.009,  0.009, -0.01 ,  0.004,  0.007, -0.008, -0.008,
         0.001, -0.003, -0.008,  0.006,  0.01 ,  0.004, -0.01 ,  0.007,
        -0.008,  0.004,  0.006,  0.003,  0.001, -0.01 ,  0.002,  0.004,
        -0.01 ,  0.004, -0.001, -0.001,  0.009, -0.009, -0.002,  0.006,
        -0.005, -0.005,  0.004,  0.007, -0.01 ,  0.001, -0.008,  0.009,
        -0.005, -0.003,  0.005,  0.003,  0.009],
       [-0.003,  0.003, -0.003, -0.008, -0.009, -0.004, -0.005, -0.008,
         0.005, -0.009, -0.001, -0.003,  0.005,  0.002,  0.002,  0.006,
         0.004,  0.002, -0.01 , -0.01 , -0.008,  0.006, -0.009,  0.006,
         0.01 , -0.006, -0.009, -0.005,  0.008,  0.001,  0.01 ,  0.008,
        -0.004, -0.005,  0.008,  0.005,  0.009,  0.002, -0.005, -0.008,
         0.003, -0.01 ,  0.002,  0.005, -0.01 ],
       [-0.001,  0.003, -0.009,  0.009,  0.005, -0.002, -0.001, -0.001,
         0.006, -0.004,  0.003, -0.003, -0.01 , -0.004,  0.002,  0.007,
         0.   ,  0.006,  0.001, -0.003, -0.001, -0.001,  0.005, -0.001,
         0.002, -0.004, -0.007, -0.004, -0.009,  0.004, -0.005, -0.007,
         0.006,  0.007,  0.004,  0.01 , -0.001, -0.006, -0.006, -0.008,
         0.001, -0.001,  0.009, -0.001,  0.004],
       [-0.001, -0.007,  0.002,  0.003, -0.009, -0.008,  0.   , -0.01 ,
         0.01 , -0.002, -0.009,  0.003,  0.008, -0.01 , -0.01 , -0.003,
         0.007,  0.008,  0.004, -0.002,  0.007,  0.01 ,  0.005,  0.009,
         0.   , -0.008,  0.004,  0.01 ,  0.004,  0.005, -0.008,  0.003,
         0.006,  0.01 , -0.001,  0.001, -0.002, -0.002, -0.004, -0.006,
        -0.008, -0.008,  0.008,  0.008, -0.001],
       [-0.007, -0.008,  0.006,  0.003, -0.007, -0.008,  0.004, -0.007,
        -0.002,  0.004, -0.009, -0.005,  0.01 , -0.001, -0.002, -0.006,
        -0.008,  0.006,  0.007, -0.01 , -0.003, -0.006,  0.003, -0.007,
        -0.004,  0.003,  0.007, -0.006, -0.008, -0.003, -0.006, -0.01 ,
         0.002,  0.009, -0.008, -0.01 , -0.006,  0.01 ,  0.001,  0.003,
         0.008, -0.003, -0.006,  0.001,  0.003],
       [-0.009,  0.001,  0.005,  0.008, -0.005, -0.01 , -0.004, -0.002,
        -0.001,  0.002,  0.001,  0.003,  0.001,  0.007, -0.009,  0.009,
        -0.004,  0.001, -0.009, -0.01 , -0.003,  0.009, -0.003, -0.01 ,
         0.008, -0.002, -0.003, -0.001,  0.001,  0.001,  0.001, -0.006,
         0.01 , -0.001, -0.004,  0.006, -0.003, -0.001,  0.   ,  0.003,
         0.002,  0.01 , -0.007, -0.01 , -0.006],
       [ 0.008,  0.005,  0.   ,  0.008,  0.003,  0.008,  0.01 ,  0.   ,
         0.009, -0.002,  0.002, -0.004, -0.004, -0.008,  0.001,  0.003,
        -0.004,  0.008,  0.002,  0.009,  0.003, -0.004,  0.008,  0.002,
         0.002, -0.009,  0.009,  0.003,  0.008, -0.009,  0.007, -0.008,
        -0.003,  0.01 , -0.004, -0.005,  0.006,  0.005,  0.005, -0.003,
         0.   ,  0.007, -0.01 , -0.007,  0.007]]), 'deltas': array([[0.],
       [0.],
       [0.],
       [0.],
       [0.],
       [0.],
       [0.],
       [0.],
       [0.]]), 'outputs': array([[0.],
       [0.],
       [0.],
       [0.],
       [0.],
       [0.],
       [0.],
       [0.],
       [0.]]), 'errors': array([[0.],
       [0.],
       [0.],
       [0.],
       [0.],
       [0.],
       [0.],
       [0.],
       [0.]])}, {'weights': array([[-0.006,  0.   ,  0.   ,  0.002,  0.003,  0.003,  0.009, -0.008,
        -0.006],
       [-0.002,  0.002,  0.009, -0.007, -0.001, -0.008,  0.005, -0.001,
        -0.001],
       [ 0.003,  0.003, -0.002,  0.009, -0.008,  0.006,  0.002,  0.   ,
         0.001],
       [ 0.004,  0.003,  0.004,  0.004, -0.009, -0.007,  0.01 , -0.01 ,
        -0.009],
       [-0.007,  0.003, -0.007, -0.001, -0.002,  0.   , -0.008, -0.006,
         0.005],
       [-0.006,  0.003,  0.007,  0.01 , -0.007,  0.01 , -0.002, -0.001,
        -0.008]]), 'deltas': array([[0.],
       [0.],
       [0.],
       [0.],
       [0.],
       [0.],
       [0.]]), 'outputs': array([[0.],
       [0.],
       [0.],
       [0.],
       [0.],
       [0.],
       [0.]]), 'errors': array([[0.],
       [0.],
       [0.],
       [0.],
       [0.],
       [0.],
       [0.]])}]
Training complete!
Training done. epoch: 42 , total error: 0.0028325724137664684
[{'weights': array([[ 2.23558535e+00, -2.77164739e+00,  6.55317302e-02,
        -5.28797195e-01,  2.12632570e-01,  8.58047641e-02,
         8.94785666e-01, -8.36656574e-01, -1.14439355e+00,
         2.18764759e-01, -1.40414396e+00, -7.55446709e-01,
        -7.74900821e-01,  9.67559227e-01,  1.20123733e+00,
         1.24564911e+00, -5.96501303e-01, -1.47570582e+00,
        -1.13624355e+00,  1.21410664e+00, -5.70710872e-01,
         9.09023363e-01, -5.53153315e-01, -3.47320683e-01,
        -2.00533425e-01, -5.16421913e-01, -3.98196548e-01,
        -4.25369627e-01,  5.64293156e-01,  3.42320417e-01,
        -1.20057901e+00,  4.98367559e-01,  1.26319667e-01,
        -5.19123563e-01, -5.97471671e-02, -9.05510488e-01,
        -8.86238823e-01,  8.23429058e-01,  2.63372487e-01,
        -5.55082691e-01,  1.41354070e-01, -5.58972151e-01,
         4.07634796e-01, -2.06628957e-01, -7.67694932e-01],
       [ 5.93648638e-01, -2.30578159e+00,  8.55230771e-01,
        -4.84122677e-01,  3.48153942e-01,  3.00714918e-01,
        -2.26078020e-02, -2.75727138e-01, -1.17442835e+00,
         1.88177452e-01, -1.22846869e+00, -6.50164009e-01,
        -8.08680808e-01, -3.72958261e-01,  2.06040085e+00,
         1.94089395e+00, -1.89723987e+00, -8.92102577e-01,
        -1.02047766e+00,  8.66055241e-01, -6.56945509e-01,
         1.03299035e+00, -7.71470442e-01, -4.02335593e-01,
        -2.11109721e-01, -6.30835712e-01, -3.63609415e-01,
        -3.62410540e-01,  3.68984749e-01,  2.07761928e-01,
        -1.38706155e+00,  3.68467233e-01,  3.03405405e-01,
        -5.08443938e-01, -3.95643112e-01, -7.83449915e-01,
        -8.42764641e-01,  6.52446101e-01,  3.66540650e-01,
        -5.19543190e-01,  2.11048846e-01, -4.14737389e-01,
        -1.04673150e-01, -1.76966035e-01, -9.87870919e-01],
       [ 2.40265572e+00, -2.61068253e+00, -3.05375367e-01,
        -9.52155989e-01,  1.68693118e-01, -7.59528299e-02,
         6.98977917e-01, -8.41229974e-01, -1.24366425e+00,
         1.52004092e-01, -2.37959774e+00, -1.11105710e+00,
        -7.98730577e-01,  2.82249347e+00,  1.70026890e-01,
        -6.44440965e-01,  2.71205748e+00, -2.80770499e+00,
        -1.74359456e+00,  1.19681798e+00, -5.87075336e-01,
         1.38415044e+00, -3.90250377e+00,  2.38922899e+00,
        -5.95665373e-01, -7.18652570e-01, -5.23237429e-01,
        -5.14448145e-01,  4.68473096e-01,  1.36002096e-01,
        -7.28737632e-03, -8.85103046e-01, -1.56169999e-01,
        -4.01306723e-01, -1.24457480e+00, -5.11417394e-02,
        -1.19585775e+00,  9.49651650e-01,  2.37057587e-01,
         6.06768772e-01, -9.18483672e-01, -3.26639512e-01,
        -4.22078823e-01, -2.29431814e-01, -1.28986505e+00],
       [-3.54994022e-01,  9.09969511e-02, -4.56095514e-01,
        -7.70768647e-01,  1.96004498e-01, -2.91980061e-01,
         5.93025732e-01, -2.52218860e-01, -1.46916211e+00,
         1.24478568e-01, -2.95082183e+00, -1.23274758e+00,
        -1.69690084e+00,  1.95031000e+00,  2.66030352e+00,
         2.73507535e-01,  2.34537512e+00, -2.32010525e+00,
        -1.77160242e+00,  1.89968282e-01, -1.40399441e+00,
         1.58847398e+00,  8.87191061e-01, -1.48642471e+00,
        -8.55102659e-01,  2.92181084e-01, -9.01627162e-01,
        -8.69066399e-01,  1.91655743e-01, -8.61878657e-01,
         1.04891041e+00, -6.89423354e-01, -3.79565473e-01,
        -3.82899658e-01, -1.26118139e-01, -6.99992523e-01,
        -1.21055390e+00,  5.19085578e-01,  2.61722252e-01,
        -4.78366762e-01, -3.82736233e-01, -5.55263400e-01,
         3.12588805e-01, -1.79079144e-01, -1.28485673e+00],
       [-5.41851570e-01,  8.17883329e-01, -1.31283956e+00,
        -7.96780127e-02,  5.85600465e-01, -3.35357623e-01,
         7.69889715e-01, -8.19371939e-02, -1.25047852e+00,
         3.57998278e-01, -9.85840222e-01, -1.35505332e+00,
        -6.12163519e-01,  1.17833144e+00,  1.22484028e+00,
         4.60095084e-01,  1.18723471e+00,  8.47063138e-01,
        -2.93109361e+00, -9.01846621e-02, -1.54756892e+00,
         1.77936539e+00,  6.69220920e-01, -5.09215628e-01,
        -9.25687105e-01,  1.75716350e+00, -1.47335077e+00,
        -1.22528656e+00,  3.79588484e-01, -5.84662775e-01,
        -1.14060183e+00,  1.76804709e-01,  8.38064285e-01,
         1.77510268e-01,  1.91878567e+00, -1.49434849e+00,
        -1.63613718e+00,  4.09337974e-01,  2.65476676e-01,
        -1.28946223e+00,  5.19276618e-01, -1.77434086e-01,
         3.22340139e-01,  8.73942109e-02, -5.33885348e-01],
       [ 4.43858032e-01, -2.17055416e+00,  5.57958492e-01,
        -1.60782279e-01,  3.66667617e-01,  3.62918786e-01,
         1.43802429e-01, -4.86847931e-01, -1.09005700e+00,
         1.09331413e-01, -1.15150908e+00, -5.60638092e-01,
        -7.53591078e-01, -2.74029559e-01,  1.77091550e+00,
         1.62820451e+00, -1.68335174e+00, -7.32802976e-01,
        -8.68112757e-01,  7.19210659e-01, -5.22928227e-01,
         7.94827605e-01, -5.69879597e-01, -3.70074857e-01,
        -2.51797227e-01, -5.91450364e-01, -3.22089322e-01,
        -3.24987013e-01,  2.97674396e-01,  9.57943454e-02,
        -1.67322828e+00,  6.57425967e-01,  4.10500141e-01,
        -4.25344476e-01, -4.46269679e-01, -7.28794434e-01,
        -7.75924054e-01,  5.65111561e-01,  4.27024303e-01,
        -9.32295255e-01,  4.38002473e-01, -2.85855938e-01,
        -4.15511291e-02, -1.35152453e-01, -9.51852303e-01],
       [-1.26677162e-01, -4.16494777e-01, -9.81820163e-02,
        -7.76417637e-01,  1.74971039e-01, -3.03658149e-01,
         7.05898250e-01, -3.59636252e-01, -1.41281290e+00,
         1.31408497e-01, -3.07147658e+00, -1.19423692e+00,
        -1.82902924e+00,  1.87665007e+00,  2.98129212e+00,
         2.27977152e-01,  3.00741487e+00, -3.28048777e+00,
        -1.66589967e+00,  4.70194870e-01, -1.23313104e+00,
         1.26865858e+00,  8.08228354e-01, -1.26475058e+00,
        -8.25805861e-01,  1.20132802e-01, -7.24337306e-01,
        -8.40020867e-01,  2.10424818e-01, -5.26948752e-01,
         7.60544471e-01, -6.55360715e-01, -4.42037934e-01,
        -3.73997623e-01, -3.57753285e-01, -6.02994456e-01,
        -1.24533298e+00,  7.00867557e-01,  2.62412607e-01,
         3.02114249e-02, -6.05604278e-01, -5.39091194e-01,
         1.24699180e-01, -2.37015686e-01, -1.22680055e+00],
       [ 3.22905283e-01, -2.20459353e+00,  7.25464440e-01,
        -2.37534399e-01,  3.75692331e-01,  3.54361296e-01,
        -1.81594933e-02, -3.74986682e-01, -1.12225153e+00,
         1.27970528e-01, -1.20740545e+00, -5.92414295e-01,
        -8.47067825e-01, -3.11269831e-01,  1.94309152e+00,
         1.80253551e+00, -1.83723940e+00, -6.92978514e-01,
        -9.16715365e-01,  6.13331891e-01, -6.78987576e-01,
         9.16856511e-01, -6.00105975e-01, -4.14780911e-01,
        -2.40047926e-01, -5.56009102e-01, -3.72371798e-01,
        -3.47005644e-01,  2.52320667e-01,  2.55938173e-02,
        -1.55755820e+00,  5.78040772e-01,  3.94866514e-01,
        -4.54008777e-01, -4.48254483e-01, -7.07638724e-01,
        -7.95696253e-01,  5.16843706e-01,  4.14679877e-01,
        -8.31890131e-01,  3.64488553e-01, -3.13725322e-01,
        -7.84119256e-02, -1.60527051e-01, -1.02406588e+00],
       [ 8.00000000e-03,  5.00000000e-03,  0.00000000e+00,
         8.00000000e-03,  3.00000000e-03,  8.00000000e-03,
         1.00000000e-02,  0.00000000e+00,  9.00000000e-03,
        -2.00000000e-03,  2.00000000e-03, -4.00000000e-03,
        -4.00000000e-03, -8.00000000e-03,  1.00000000e-03,
         3.00000000e-03, -4.00000000e-03,  8.00000000e-03,
         2.00000000e-03,  9.00000000e-03,  3.00000000e-03,
        -4.00000000e-03,  8.00000000e-03,  2.00000000e-03,
         2.00000000e-03, -9.00000000e-03,  9.00000000e-03,
         3.00000000e-03,  8.00000000e-03, -9.00000000e-03,
         7.00000000e-03, -8.00000000e-03, -3.00000000e-03,
         1.00000000e-02, -4.00000000e-03, -5.00000000e-03,
         6.00000000e-03,  5.00000000e-03,  5.00000000e-03,
        -3.00000000e-03,  0.00000000e+00,  7.00000000e-03,
        -1.00000000e-02, -7.00000000e-03,  7.00000000e-03]]), 'deltas': array([[0.00121141],
       [0.00347845],
       [0.00482965],
       [0.00271869],
       [0.00014698],
       [0.00464744],
       [0.00230922],
       [0.00428071],
       [0.        ]]), 'outputs': array([[0.93559027],
       [0.77742638],
       [0.59874305],
       [0.83876185],
       [0.99263419],
       [0.63716597],
       [0.86759798],
       [0.69250247],
       [1.        ]]), 'errors': 0.02010263787592044}, {'weights': array([[ 1.05306548,  1.1650381 ,  2.0697098 ,  1.69758834,  0.3935756 ,
         0.85576518,  1.99314403,  1.10702317, -4.11746524],
       [-0.97807615, -1.34103286, -1.57654702,  0.41942031,  3.56162103,
        -0.00982061, -1.05697615, -0.72471265, -2.90002645],
       [-0.14615585,  0.15347471, -0.43267753,  0.73063304,  0.20210486,
        -0.2573252 ,  0.10862757, -0.03780297, -3.29565292],
       [ 0.71479072, -0.03053469,  0.86487276, -2.24129396,  1.11233579,
        -0.18133598, -1.52332517, -0.38341986, -2.08962157],
       [-0.49713789, -0.5443028 , -0.6400383 , -1.07602812,  0.66021849,
        -0.62390649, -1.01100119, -0.61833137, -2.41651705],
       [-2.13336427, -1.79324863, -2.32627704, -2.38812972, -5.64115983,
        -1.54723848, -2.23188107, -1.55408623,  2.45826648]]), 'deltas': array([[ 4.11219594e-04],
       [-1.13968260e-03],
       [-2.84836587e-03],
       [-1.00521621e-03],
       [-1.25386714e-05],
       [-8.02114168e-13]]), 'outputs': array([[9.79510453e-01],
       [3.43544570e-02],
       [5.48982633e-02],
       [3.22287441e-02],
       [3.54729588e-03],
       [8.95608668e-07]]), 'errors': array([[ 2.04895473e-02],
       [-3.43544570e-02],
       [-5.48982633e-02],
       [-3.22287441e-02],
       [-3.54729588e-03],
       [-8.95608668e-07]])}]
Accuracy: 54.761904761904766 %

train_data group 3 length:  170
   0   1   2   3   4   5   6   7   8  ...  36  37  38  39  40  41  42  43  44
0   0   1   0   0   0   0   0   1   0 ...   0   0   0   1   0   0   0   0   0
1   0   1   0   0   0   0   1   0   0 ...   0   0   0   0   1   0   0   0   0
2   0   0   1   0   0   0   0   1   0 ...   0   0   0   1   0   0   0   0   0
3   0   1   0   0   0   0   0   1   0 ...   0   0   0   1   0   0   0   0   0
4   0   0   1   0   0   0   1   0   0 ...   0   0   0   0   1   0   0   0   0

[5 rows x 45 columns]
Initial Neural Network:
[{'weights': array([[ 0.007, -0.006, -0.01 ,  0.009,  0.004,  0.006, -0.01 , -0.01 ,
        -0.007, -0.007,  0.002,  0.001,  0.003,  0.009,  0.003, -0.005,
        -0.003,  0.008,  0.008, -0.01 , -0.001,  0.   ,  0.009,  0.006,
        -0.006,  0.009, -0.008, -0.01 , -0.005, -0.005, -0.006, -0.008,
         0.003,  0.009,  0.01 ,  0.003, -0.001, -0.009,  0.008, -0.001,
         0.001, -0.003,  0.003, -0.003, -0.001],
       [ 0.006, -0.005, -0.007, -0.004,  0.008, -0.01 ,  0.01 ,  0.008,
         0.009, -0.007,  0.002,  0.01 , -0.007,  0.007,  0.   ,  0.   ,
        -0.005,  0.009,  0.01 , -0.007, -0.005, -0.003,  0.006,  0.008,
         0.009,  0.   ,  0.009, -0.002, -0.007, -0.001, -0.002,  0.008,
        -0.01 , -0.003,  0.005,  0.01 ,  0.008, -0.01 , -0.002,  0.007,
        -0.007,  0.005,  0.003,  0.004, -0.002],
       [ 0.001,  0.001, -0.005, -0.009, -0.006, -0.005,  0.002,  0.004,
        -0.002,  0.002,  0.004,  0.002, -0.006,  0.005,  0.004, -0.003,
        -0.006,  0.003,  0.004,  0.007,  0.003, -0.005, -0.001,  0.   ,
        -0.001, -0.001,  0.001, -0.002, -0.009,  0.005,  0.001,  0.002,
         0.01 , -0.004, -0.007,  0.008,  0.001, -0.001,  0.   ,  0.005,
         0.003,  0.003, -0.006, -0.008,  0.   ],
       [-0.002,  0.005,  0.007, -0.008, -0.005, -0.001, -0.002,  0.003,
         0.005, -0.006, -0.006, -0.007, -0.009,  0.006,  0.   , -0.003,
         0.   , -0.003,  0.003,  0.006,  0.006, -0.001,  0.008,  0.   ,
        -0.004,  0.002,  0.007,  0.007, -0.004, -0.004,  0.007,  0.001,
        -0.002,  0.009,  0.002,  0.002,  0.009,  0.009,  0.   , -0.004,
        -0.008,  0.002,  0.008,  0.002, -0.002],
       [-0.004,  0.007, -0.01 , -0.002, -0.006, -0.005,  0.003, -0.002,
         0.009,  0.   ,  0.01 , -0.006, -0.004, -0.004,  0.003, -0.008,
        -0.001,  0.007,  0.009,  0.01 ,  0.01 , -0.005, -0.008, -0.005,
        -0.003,  0.004, -0.003, -0.009,  0.01 , -0.001,  0.002, -0.01 ,
        -0.006, -0.005, -0.006,  0.004,  0.005, -0.01 , -0.004, -0.003,
        -0.009, -0.002,  0.01 ,  0.01 , -0.01 ],
       [ 0.007, -0.009,  0.005,  0.005, -0.006, -0.003, -0.001, -0.004,
         0.006,  0.008, -0.003, -0.007,  0.007, -0.007,  0.001,  0.003,
         0.   ,  0.001,  0.001, -0.002,  0.   , -0.006, -0.008,  0.004,
         0.   ,  0.   ,  0.004,  0.009,  0.002, -0.007,  0.008, -0.002,
        -0.007, -0.001, -0.008,  0.01 , -0.008,  0.003,  0.005,  0.005,
        -0.009,  0.007, -0.009, -0.008, -0.01 ],
       [ 0.008, -0.006, -0.006, -0.009, -0.003, -0.001, -0.01 ,  0.001,
         0.   ,  0.007, -0.004,  0.005,  0.01 , -0.006,  0.001, -0.008,
        -0.001,  0.01 , -0.003, -0.002,  0.005,  0.002,  0.002, -0.008,
        -0.003,  0.006,  0.009,  0.007, -0.006,  0.003,  0.001,  0.01 ,
         0.008, -0.007,  0.002, -0.007, -0.009,  0.006, -0.002,  0.01 ,
         0.   ,  0.003,  0.001, -0.004,  0.006],
       [ 0.009,  0.006,  0.009,  0.003,  0.006,  0.007,  0.007,  0.004,
         0.004,  0.001, -0.004, -0.004, -0.004,  0.006, -0.008,  0.003,
        -0.001,  0.008,  0.004, -0.009,  0.   ,  0.004,  0.008, -0.009,
         0.004, -0.007,  0.004, -0.009, -0.007, -0.007,  0.006, -0.002,
         0.005, -0.01 , -0.009,  0.005,  0.001,  0.003,  0.001,  0.007,
        -0.004, -0.002,  0.008, -0.001, -0.004],
       [-0.004,  0.006, -0.009, -0.006, -0.001,  0.007,  0.008,  0.008,
         0.007,  0.003, -0.002, -0.008,  0.001, -0.009, -0.01 ,  0.008,
        -0.006,  0.01 ,  0.01 , -0.005, -0.009, -0.005,  0.007,  0.002,
         0.009,  0.002, -0.004, -0.002, -0.001,  0.006,  0.004,  0.006,
         0.004, -0.006,  0.007, -0.009,  0.009, -0.004,  0.002,  0.006,
        -0.01 ,  0.005, -0.009,  0.002,  0.01 ]]), 'deltas': array([[0.],
       [0.],
       [0.],
       [0.],
       [0.],
       [0.],
       [0.],
       [0.],
       [0.]]), 'outputs': array([[0.],
       [0.],
       [0.],
       [0.],
       [0.],
       [0.],
       [0.],
       [0.],
       [0.]]), 'errors': array([[0.],
       [0.],
       [0.],
       [0.],
       [0.],
       [0.],
       [0.],
       [0.],
       [0.]])}, {'weights': array([[ 0.   , -0.006,  0.008,  0.004,  0.007, -0.004,  0.008, -0.009,
         0.006],
       [ 0.01 , -0.009, -0.01 ,  0.009,  0.007, -0.01 , -0.01 ,  0.004,
         0.006],
       [-0.004,  0.009, -0.001,  0.009,  0.004, -0.004,  0.004, -0.005,
         0.003],
       [ 0.009,  0.01 , -0.009, -0.006, -0.005, -0.006,  0.   , -0.001,
         0.007],
       [ 0.005, -0.005, -0.007,  0.004,  0.008,  0.006, -0.005,  0.006,
        -0.004],
       [-0.004,  0.003, -0.003,  0.005,  0.003,  0.009, -0.006, -0.003,
        -0.001]]), 'deltas': array([[0.],
       [0.],
       [0.],
       [0.],
       [0.],
       [0.],
       [0.]]), 'outputs': array([[0.],
       [0.],
       [0.],
       [0.],
       [0.],
       [0.],
       [0.]]), 'errors': array([[0.],
       [0.],
       [0.],
       [0.],
       [0.],
       [0.],
       [0.]])}]
Training complete!
Training done. epoch: 49 , total error: 0.004972525084931632
[{'weights': array([[ 1.32694318e+00, -5.75349004e-01, -3.14229736e+00,
         1.18863183e+00,  3.75855757e-01,  8.65789948e-01,
         1.66697495e+00, -1.68255190e+00, -1.34316446e+00,
        -3.65264137e-01, -2.17163467e+00, -1.31020943e+00,
        -7.98125849e-02,  1.25569527e+00,  1.49374582e+00,
        -2.80518450e+00,  1.75276982e+00,  2.11374320e+00,
        -1.57020577e+00, -3.23338329e-01, -2.39951927e-01,
        -2.19305296e+00,  2.49020546e+00, -1.19492543e+00,
         3.15509264e-01, -3.06656976e-01, -1.94541352e-01,
        -1.00000000e-02, -3.33017266e-01,  1.87532988e-01,
         2.19716476e+00, -5.03582724e+00,  7.78359757e-01,
         1.03555414e+00,  1.28176901e+00, -5.39562322e-01,
        -1.85501147e+00,  2.85589189e-01,  8.00000000e-03,
        -1.80294204e+00,  2.53554747e+00, -3.39339223e-01,
         3.38883733e-01, -1.56536554e+00, -8.31215594e-01],
       [-6.52695489e-01, -1.62676183e+00, -1.40953919e+00,
         2.49685970e+00,  4.01311021e-01,  5.52602006e-01,
        -2.98616267e+00,  2.96097427e+00, -4.47272148e-01,
        -8.58967236e-01,  1.30929150e+00,  5.00357327e-01,
        -8.72997667e-01, -6.37122073e-01, -1.07635487e+00,
        -1.91700939e+00,  1.96267676e+00,  9.44099666e-01,
        -1.41745674e+00, -3.54136071e-01,  2.35211986e-01,
        -1.02195835e+00, -1.18553642e+00, -9.79189823e-01,
         2.17764683e+00, -2.22340704e-01, -4.53025656e-01,
        -2.00000000e-03, -1.11459423e-01,  2.55196292e-01,
        -2.70337200e+00, -6.66766079e-01,  7.62053993e-01,
         1.55606201e+00,  1.06187269e+00, -4.36561892e-01,
        -1.39041975e+00, -1.07168342e-02, -2.00000000e-03,
        -2.27950029e+00,  2.00694706e+00, -1.85980413e-01,
        -1.25467862e-03, -3.17037456e-01, -7.90825783e-01],
       [-5.13573078e-01, -2.28077421e+00, -6.88036059e-01,
         2.33001613e+00,  3.74588741e-01,  6.52477068e-01,
        -2.69650172e+00,  3.18623017e+00, -9.89860958e-01,
        -9.11123035e-01,  1.33144809e+00,  3.95927330e-01,
        -3.15158279e-01, -2.10682963e-01, -1.95231266e+00,
        -1.59735487e+00,  1.90061459e+00,  4.52223575e-01,
        -1.42469430e+00, -8.55674748e-02,  3.34419107e-01,
        -1.37601983e+00, -8.23500257e-01, -1.06951627e+00,
         2.17083877e+00, -4.73409598e-01, -1.62188181e-01,
        -2.00000000e-03, -1.33180701e-01, -1.98747605e-02,
        -2.88562105e+00, -1.61092489e-01,  7.89184937e-01,
         1.53162488e+00,  8.46377461e-01, -4.87082921e-01,
        -1.41493528e+00,  2.96862263e-01,  0.00000000e+00,
        -1.82642554e+00,  1.57096511e+00, -1.81562484e-01,
        -3.23604142e-02, -2.93395156e-01, -7.59778480e-01],
       [ 2.07731178e+00, -2.24021361e+00, -1.72325952e+00,
         1.90875658e+00,  2.17240228e-01,  1.13431528e+00,
         4.79250380e+00, -3.33571425e+00, -1.63228963e+00,
        -7.16979726e-01, -7.43538275e-01,  1.89276157e-01,
        -1.06987060e+00,  5.20340580e-01,  1.33062760e+00,
        -2.32948782e+00,  7.55239029e-01,  3.64176410e+00,
        -1.78236525e+00, -3.93145948e-02, -1.25468810e-01,
        -1.17381443e+00,  3.59062809e+00, -2.44915151e+00,
         4.09642124e-01,  4.58722174e-01, -1.68512272e-01,
         7.00000000e-03, -4.23744373e-02, -2.02434665e-01,
        -2.10987285e-01, -1.25162150e+00,  6.73706856e-01,
         1.24517205e+00,  2.17603221e+00, -4.23466718e-01,
        -1.85688055e+00,  3.69150528e-01,  0.00000000e+00,
        -3.79903052e+00,  3.84505436e+00,  5.93316656e-01,
         2.90898701e-01, -6.87403727e-01,  2.40835464e-01],
       [-5.66220176e-01, -2.40725740e+00, -2.86626294e-01,
         2.09367555e+00,  3.54132304e-01,  5.78254548e-01,
        -2.11445864e+00,  2.82320120e+00, -1.10362663e+00,
        -9.75666504e-01,  1.52678339e+00,  5.14410548e-01,
        -6.12697006e-01,  4.20104301e-01, -2.64689726e+00,
        -9.67027262e-01,  1.55709033e+00,  7.75945426e-02,
        -1.36456725e+00, -8.33863854e-02,  2.15670141e-01,
        -1.28698064e+00, -9.22887459e-01, -8.58744557e-01,
         2.04464649e+00, -4.85656331e-01, -1.68375229e-01,
        -9.00000000e-03, -1.32264465e-01, -2.69298919e-01,
        -3.13505846e+00,  3.46530372e-01,  8.34802380e-01,
         1.40572860e+00,  6.51917440e-01, -4.72738485e-01,
        -1.26373779e+00,  2.80262811e-01, -4.00000000e-03,
        -1.15910569e+00,  6.92946286e-01, -1.34947610e-01,
         3.28494372e-02, -2.23038452e-01, -8.07296025e-01],
       [-3.91328110e-01, -2.41808257e+00, -2.70092676e-01,
         2.02308790e+00,  3.50425388e-01,  5.80797796e-01,
        -1.91363067e+00,  2.77921813e+00, -1.13722222e+00,
        -1.01115310e+00,  1.56614437e+00,  5.44843071e-01,
        -5.84965663e-01,  4.60388202e-01, -2.70340005e+00,
        -8.19252326e-01,  1.55606352e+00, -1.21822531e-01,
        -1.38445735e+00,  6.44786242e-02,  3.04259625e-01,
        -1.29230323e+00, -1.00924251e+00, -6.89559207e-01,
         1.96885525e+00, -5.49121223e-01,  1.10588404e-02,
         9.00000000e-03, -1.63927689e-01, -1.99240868e-01,
        -3.22826077e+00,  4.82546857e-01,  8.43852237e-01,
         1.38411247e+00,  5.52293976e-01, -4.77970608e-01,
        -1.26168714e+00,  4.76373699e-01,  5.00000000e-03,
        -9.16140656e-01,  5.00171301e-01, -1.02834520e-01,
         2.05543658e-02, -2.23740562e-01, -7.17990071e-01],
       [-3.35649353e-01, -9.89484479e-01, -3.11989393e-02,
         8.83196340e-01,  2.40270119e-01,  5.17673766e-01,
         7.28223542e-01,  1.04515927e+00, -1.69751287e+00,
        -8.13410026e-01, -1.63587056e+00, -1.59700831e+00,
        -1.50217120e+00,  3.49203485e+00,  1.03214892e+00,
         1.73431672e+00,  2.66020657e+00, -1.27042481e+00,
        -2.80505839e+00, -5.39906402e-01, -1.08792328e+00,
         1.10916321e-01, -4.40392369e-01,  1.09200072e-01,
         1.08933294e+00,  3.71926922e-01, -3.35992650e-01,
         7.00000000e-03, -2.43800585e-01, -5.09760368e-01,
        -8.44430180e-01, -4.22410935e-01,  7.23774231e-01,
         8.50960938e-01,  1.94094525e+00, -7.72211758e-01,
        -1.80779443e+00,  4.14194629e-01, -2.00000000e-03,
        -2.28801318e-01,  2.46160155e+00, -1.28076445e+00,
         6.81123973e-01, -1.84002607e+00, -2.10866313e-01],
       [-2.49257813e-01,  8.92573691e-01, -3.65740514e+00,
         1.41783541e+00,  4.49364543e-01,  1.19156677e+00,
         1.68746235e+00, -1.68321806e+00, -2.02716085e+00,
        -3.25539512e-01, -1.53246497e+00, -1.43281082e+00,
        -1.03016524e+00, -1.82282155e+00,  4.62437328e+00,
        -1.50536640e+00, -4.40175843e+00,  6.28981338e+00,
        -1.38875803e+00, -1.68819819e-01, -1.41928570e-01,
        -2.60594328e-01, -1.42742055e+00,  3.86509848e-01,
         2.70544295e-01, -8.08777076e-01, -1.96986208e-01,
        -9.00000000e-03, -1.84126018e-01,  8.82351373e-02,
        -3.13782577e-01, -3.11916494e+00,  7.72210739e-01,
         1.38461234e+00,  9.31755811e-01, -2.39312623e-01,
        -2.11997419e+00,  2.47641701e-01,  1.00000000e-03,
        -2.74779930e+00,  1.15949915e+00,  1.33512710e+00,
         1.11296589e+00, -2.03168214e+00, -1.18388930e+00],
       [-4.00000000e-03,  6.00000000e-03, -9.00000000e-03,
        -6.00000000e-03, -1.00000000e-03,  7.00000000e-03,
         8.00000000e-03,  8.00000000e-03,  7.00000000e-03,
         3.00000000e-03, -2.00000000e-03, -8.00000000e-03,
         1.00000000e-03, -9.00000000e-03, -1.00000000e-02,
         8.00000000e-03, -6.00000000e-03,  1.00000000e-02,
         1.00000000e-02, -5.00000000e-03, -9.00000000e-03,
        -5.00000000e-03,  7.00000000e-03,  2.00000000e-03,
         9.00000000e-03,  2.00000000e-03, -4.00000000e-03,
        -2.00000000e-03, -1.00000000e-03,  6.00000000e-03,
         4.00000000e-03,  6.00000000e-03,  4.00000000e-03,
        -6.00000000e-03,  7.00000000e-03, -9.00000000e-03,
         9.00000000e-03, -4.00000000e-03,  2.00000000e-03,
         6.00000000e-03, -1.00000000e-02,  5.00000000e-03,
        -9.00000000e-03,  2.00000000e-03,  1.00000000e-02]]), 'deltas': array([[1.54827136e-03],
       [1.40689924e-03],
       [1.56877809e-03],
       [1.17118672e-06],
       [1.61843857e-03],
       [1.30656228e-03],
       [1.15233841e-03],
       [1.46128498e-03],
       [0.00000000e+00]]), 'outputs': array([[0.90171118],
       [0.91166063],
       [0.90024742],
       [0.99993295],
       [0.89668031],
       [0.91857865],
       [0.9289946 ],
       [0.09213819],
       [1.        ]]), 'errors': 0.01746929931901353}, {'weights': array([[-1.12964431, -0.90769182, -1.46413813, -0.3259927 , -1.77309168,
        -1.87620777,  3.78523294, -1.6763167 , -3.18166296],
       [ 2.49084747,  1.7603695 ,  1.43505342,  1.10272961,  1.7123976 ,
         1.64795943,  1.76920134,  2.13550031, -4.86497083],
       [-0.52294308, -0.70273155, -0.79397501, -1.22368051, -0.91561993,
        -0.96995563,  1.84759766, -0.43314755, -2.90504444],
       [-2.20658216, -0.90699016, -0.0780675 ,  2.35296666,  0.4440674 ,
         0.96677821, -1.6492363 ,  0.81314131, -1.55674234],
       [-0.78341347, -0.02942461,  0.10504237, -0.84168543,  0.06906289,
         0.11955465,  0.10475735, -0.42441402, -2.48595663],
       [-2.24813482, -1.79822735, -1.86618277, -2.95129097, -1.75620938,
        -1.87064444, -5.19461227, -2.37890364,  2.49727383]]), 'deltas': array([[-1.75978613e-06],
       [ 3.55990163e-06],
       [-6.20796995e-06],
       [-8.47944611e-03],
       [-5.31554486e-04],
       [-5.24217348e-13]]), 'outputs': array([[1.32745066e-03],
       [9.98111446e-01],
       [2.49469350e-03],
       [9.68981242e-02],
       [2.33291970e-02],
       [7.24028817e-07]]), 'errors': array([[-1.32745066e-03],
       [ 1.88855432e-03],
       [-2.49469350e-03],
       [-9.68981242e-02],
       [-2.33291970e-02],
       [-7.24028817e-07]])}]
Accuracy: 54.54545454545454 %

train_data group 4 length:  171
   0   1   2   3   4   5   6   7   8  ...  36  37  38  39  40  41  42  43  44
0   0   1   0   0   0   0   0   1   0 ...   0   0   0   1   0   0   0   0   0
1   0   1   0   0   0   0   1   0   0 ...   0   0   0   0   1   0   0   0   0
2   0   0   1   0   0   0   0   1   0 ...   0   0   0   1   0   0   0   0   0
3   0   1   0   0   0   0   0   1   0 ...   0   0   0   1   0   0   0   0   0
4   0   0   1   0   0   0   1   0   0 ...   0   0   0   0   1   0   0   0   0

[5 rows x 45 columns]
Initial Neural Network:
[{'weights': array([[ 0.006,  0.003,  0.008, -0.002,  0.006,  0.002, -0.005, -0.003,
        -0.008,  0.   ,  0.01 , -0.005,  0.009,  0.003,  0.002, -0.006,
         0.002,  0.   , -0.006,  0.008,  0.002,  0.005,  0.   ,  0.001,
         0.001,  0.004, -0.01 , -0.004,  0.003, -0.003, -0.006, -0.002,
        -0.009,  0.009, -0.005, -0.001, -0.009, -0.005, -0.006, -0.01 ,
         0.01 , -0.008, -0.007,  0.009, -0.003],
       [-0.009, -0.008,  0.008,  0.001,  0.004, -0.004,  0.001,  0.007,
         0.006,  0.   ,  0.005,  0.004, -0.005, -0.004,  0.001,  0.   ,
         0.005,  0.004,  0.008,  0.   , -0.009,  0.006, -0.007, -0.001,
        -0.001, -0.008, -0.003,  0.006, -0.009, -0.008, -0.006,  0.003,
        -0.002,  0.002, -0.001, -0.008,  0.007, -0.007,  0.006, -0.01 ,
        -0.008,  0.003, -0.003, -0.004,  0.   ],
       [-0.001, -0.007,  0.007,  0.004, -0.001,  0.004,  0.   ,  0.006,
        -0.007, -0.002, -0.004,  0.   , -0.005,  0.   , -0.002, -0.004,
         0.009,  0.007, -0.005, -0.003, -0.007, -0.01 , -0.002,  0.005,
         0.002, -0.008, -0.008,  0.002, -0.006,  0.009, -0.003,  0.002,
         0.01 ,  0.01 , -0.004, -0.004, -0.001,  0.006,  0.001,  0.009,
        -0.005, -0.007,  0.002,  0.009, -0.01 ],
       [-0.009,  0.002, -0.008, -0.007,  0.008, -0.002, -0.005,  0.007,
         0.002,  0.008, -0.006,  0.007, -0.005,  0.002, -0.006, -0.001,
        -0.009, -0.005,  0.004, -0.002,  0.001, -0.005, -0.001, -0.004,
        -0.002, -0.007,  0.008, -0.005, -0.001, -0.002,  0.009, -0.004,
        -0.007,  0.   ,  0.   , -0.004, -0.01 ,  0.   ,  0.007,  0.003,
         0.006, -0.006,  0.008,  0.01 , -0.001],
       [ 0.006,  0.001,  0.004, -0.005,  0.009, -0.003, -0.004,  0.004,
        -0.008,  0.01 ,  0.002,  0.004, -0.008,  0.007, -0.007, -0.005,
         0.003, -0.001, -0.002,  0.006,  0.004, -0.003,  0.009,  0.002,
         0.008, -0.005,  0.007,  0.007,  0.002,  0.004, -0.001, -0.002,
         0.001, -0.002,  0.003,  0.01 ,  0.004,  0.001, -0.009, -0.004,
         0.009, -0.005,  0.002,  0.004,  0.002],
       [ 0.009,  0.007, -0.004,  0.009, -0.003,  0.009, -0.007,  0.005,
         0.005, -0.006,  0.007, -0.009,  0.007, -0.002, -0.01 , -0.005,
         0.004, -0.005, -0.005,  0.007,  0.001,  0.005, -0.002, -0.005,
         0.009, -0.005,  0.003,  0.004, -0.007,  0.001, -0.001, -0.008,
         0.001, -0.006,  0.006,  0.004, -0.01 ,  0.002,  0.007, -0.006,
         0.004, -0.001, -0.003,  0.002, -0.007],
       [ 0.01 , -0.006, -0.009,  0.005, -0.008, -0.01 ,  0.   , -0.005,
         0.001,  0.002, -0.01 ,  0.   ,  0.005,  0.005,  0.   , -0.005,
         0.001,  0.009,  0.008,  0.005,  0.004,  0.008,  0.009, -0.008,
        -0.008,  0.001,  0.003,  0.   , -0.009, -0.005,  0.   ,  0.003,
         0.009,  0.003, -0.004, -0.009, -0.006,  0.003, -0.006, -0.002,
         0.004, -0.008,  0.005, -0.001, -0.006],
       [-0.002, -0.009, -0.002,  0.002, -0.001,  0.004,  0.002, -0.01 ,
         0.003,  0.009, -0.002, -0.003, -0.005,  0.01 ,  0.007,  0.002,
         0.006,  0.006, -0.003, -0.003,  0.   ,  0.004, -0.001,  0.001,
         0.008,  0.01 , -0.002,  0.004,  0.004, -0.003, -0.006, -0.008,
        -0.003, -0.002,  0.003, -0.007,  0.008, -0.005,  0.008, -0.005,
         0.   ,  0.006,  0.008,  0.009, -0.009],
       [-0.008, -0.002,  0.004, -0.008,  0.004, -0.003,  0.005, -0.01 ,
         0.003, -0.009, -0.005, -0.004,  0.004, -0.003,  0.003, -0.008,
        -0.009,  0.005,  0.006,  0.003,  0.01 ,  0.006, -0.001, -0.01 ,
        -0.003, -0.008,  0.009,  0.01 , -0.005,  0.01 ,  0.009, -0.007,
        -0.01 ,  0.003, -0.01 , -0.001,  0.   , -0.005, -0.008,  0.001,
         0.005,  0.005, -0.002, -0.003, -0.004]]), 'deltas': array([[0.],
       [0.],
       [0.],
       [0.],
       [0.],
       [0.],
       [0.],
       [0.],
       [0.]]), 'outputs': array([[0.],
       [0.],
       [0.],
       [0.],
       [0.],
       [0.],
       [0.],
       [0.],
       [0.]]), 'errors': array([[0.],
       [0.],
       [0.],
       [0.],
       [0.],
       [0.],
       [0.],
       [0.],
       [0.]])}, {'weights': array([[-0.009,  0.009, -0.006,  0.003,  0.004,  0.   ,  0.008, -0.004,
         0.008],
       [ 0.002, -0.009, -0.009,  0.01 , -0.01 ,  0.01 , -0.008,  0.005,
        -0.007],
       [ 0.   , -0.007, -0.008,  0.01 ,  0.002, -0.008,  0.003,  0.007,
         0.006],
       [ 0.001, -0.007,  0.   , -0.003,  0.003,  0.002,  0.007,  0.01 ,
        -0.007],
       [-0.01 , -0.001,  0.001,  0.008, -0.003, -0.005, -0.001,  0.004,
         0.001],
       [-0.002,  0.004,  0.008, -0.009, -0.008,  0.004, -0.004,  0.002,
         0.001]]), 'deltas': array([[0.],
       [0.],
       [0.],
       [0.],
       [0.],
       [0.],
       [0.]]), 'outputs': array([[0.],
       [0.],
       [0.],
       [0.],
       [0.],
       [0.],
       [0.]]), 'errors': array([[0.],
       [0.],
       [0.],
       [0.],
       [0.],
       [0.],
       [0.]])}]
Training complete!
Training done. epoch: 24 , total error: 0.006783166053187507
[{'weights': array([[ 3.19554360e-02, -6.17708951e-02, -1.88210997e+00,
         9.29192166e-01,  4.23316902e-01,  7.49095261e-01,
        -9.55624809e-02, -4.28558917e-01, -7.25541622e-01,
        -9.38486043e-02, -5.26750791e-01,  5.66502349e-02,
        -3.41019073e-01, -1.15353187e+00,  1.40323513e+00,
        -9.77948978e-01,  4.70186087e-01,  7.27564430e-01,
        -1.04283043e+00,  2.40612523e-01,  2.18232662e-01,
         2.97411027e-01, -9.16964864e-01,  1.82711490e-01,
        -3.52806678e-01,  3.82073982e-01, -3.77755497e-01,
        -5.80683291e-01, -1.10515582e-02,  1.03673333e-01,
        -1.18667190e+00, -1.19842686e+00,  7.30832076e-01,
         9.59176987e-01,  2.47205081e-01, -6.72167752e-01,
        -8.28215692e-01,  4.17464037e-01,  2.29297963e-01,
        -1.37166611e+00,  7.42594798e-01,  2.64073578e-02,
         7.24759497e-03,  9.00000000e-03, -5.83416364e-01],
       [ 7.47620591e-02, -4.64854539e-01, -1.46224858e+00,
         9.98541886e-01,  4.09199579e-01,  9.34632939e-01,
        -3.52479560e-01, -1.64281499e-01, -6.79895706e-01,
        -1.68575771e-01, -1.88378844e-01,  9.66798969e-02,
         5.43261914e-03, -4.68530379e-01,  1.15197111e-01,
        -6.49327604e-01,  1.84523071e-01,  6.31427073e-01,
        -9.81196437e-01,  3.90974302e-01,  3.40113212e-01,
         2.66011990e-01, -8.87923283e-01,  1.04723136e-01,
        -2.75524650e-01,  4.27045213e-01, -3.39253680e-01,
        -4.93045066e-01, -4.93460625e-02,  1.21418060e-01,
        -1.51338119e+00, -9.75622514e-01,  8.23847101e-01,
         1.09213894e+00,  3.22050234e-01, -7.46071820e-01,
        -7.75166007e-01,  5.78462669e-01,  1.77125327e-01,
        -9.37049856e-01,  5.31816997e-01, -8.64662768e-02,
         3.30995404e-02, -4.00000000e-03, -4.40599596e-01],
       [-6.66160545e-01, -3.46519270e-01, -5.70437030e-01,
         7.57311312e-01,  4.69033222e-01,  8.07672084e-02,
         5.40708072e-01,  3.81433973e-01, -1.10197585e+00,
        -2.58705711e-01, -1.12561956e+00, -3.95966251e-01,
        -1.32453107e+00,  2.12742525e+00,  3.48919326e-01,
         7.94085593e-01,  8.54414740e-01, -1.88380081e-01,
        -1.67556027e+00, -1.39332289e-01, -6.60841572e-01,
         3.26534301e-01,  6.88585328e-01, -7.42327940e-01,
         1.72775714e-02,  1.59980133e+00, -1.04473493e+00,
        -1.02050706e+00,  8.66683544e-02, -6.79560487e-01,
        -6.34369427e-01,  9.89730186e-02,  2.98821321e-01,
         5.85363264e-01,  1.78478863e+00, -1.45395884e+00,
        -1.18926648e+00,  2.95417334e-01,  2.02247044e-01,
        -1.59299375e+00,  1.17916718e+00, -2.66838164e-01,
         3.20892421e-01,  9.00000000e-03, -3.68772311e-01],
       [ 2.52190986e-01, -6.43775879e-01, -1.52449720e+00,
         1.03101043e+00,  4.10635678e-01,  9.30885345e-01,
        -9.06893519e-02, -3.93040851e-01, -7.09438961e-01,
        -1.88152162e-01, -2.77703562e-01,  2.31046144e-02,
         2.92159389e-02, -1.22691224e-01, -1.20361748e-01,
        -4.56574524e-01, -2.94270842e-01,  7.05229413e-01,
        -9.80451295e-01,  5.52631267e-01,  5.11056837e-01,
         7.40326359e-03, -1.03342654e+00,  3.50181130e-01,
        -3.06650675e-01,  3.16228639e-01, -3.04201185e-01,
        -4.72089681e-01, -5.37375492e-03,  2.11334304e-01,
        -1.41305714e+00, -1.13627351e+00,  7.98409477e-01,
         1.07515089e+00,  2.80164548e-01, -8.21094485e-01,
        -7.87233177e-01,  7.09231674e-01,  1.51495458e-01,
        -6.07482821e-01,  3.19234742e-01, -1.22881185e-01,
        -3.83067181e-02,  1.00000000e-02, -4.61435981e-01],
       [-2.61725648e-01, -7.24948837e-02, -2.02019271e+00,
         1.25966404e+00,  4.46797000e-01,  1.04194448e+00,
         4.90742764e-01, -1.06017291e+00, -1.03724488e+00,
        -9.92216647e-02, -1.16256628e+00, -1.79189155e-01,
        -4.74151239e-01, -3.97121258e-01,  1.54807573e+00,
        -1.31946542e+00, -1.54281610e+00,  3.32246097e+00,
        -1.24581485e+00,  1.23683196e-01, -1.15390677e-01,
        -4.36275558e-01,  6.60823961e-03,  3.09825627e-01,
        -4.07719835e-01,  7.17259283e-01, -8.06950512e-01,
        -6.70273922e-01,  1.08012947e-01,  9.90453834e-02,
        -3.75952959e-01, -2.02555437e+00,  4.14242431e-01,
         1.22526731e+00,  1.11632579e+00, -1.09627980e+00,
        -1.12245451e+00,  3.19838826e-01,  1.28617489e-01,
        -2.09882346e+00,  8.12042065e-01,  7.14787288e-01,
        -8.89580978e-02,  4.00000000e-03, -6.60952203e-01],
       [ 2.95583287e-01, -6.46540831e-01, -1.42137204e+00,
         1.02025843e+00,  4.00194029e-01,  9.68414168e-01,
        -2.43532810e-01, -1.46297103e-01, -7.24012529e-01,
        -2.18448851e-01, -1.68088463e-01,  5.00026426e-02,
         2.33854769e-01, -2.75217352e-01, -2.17428721e-01,
        -5.49595238e-01, -1.71934652e-02,  5.04015290e-01,
        -9.76192409e-01,  6.65088698e-01,  5.96007008e-01,
         1.65019543e-01, -9.97260623e-01,  1.56886959e-01,
        -2.82530011e-01,  3.45699335e-01, -2.67524590e-01,
        -4.63222384e-01,  1.01705148e-02,  2.65993572e-01,
        -1.53977641e+00, -1.00936945e+00,  8.11927246e-01,
         1.08834792e+00,  3.04129609e-01, -8.39725871e-01,
        -7.65590004e-01,  7.95203864e-01,  1.45105277e-01,
        -7.74794585e-01,  4.82885072e-01, -7.61898490e-02,
        -7.77776293e-03,  2.00000000e-03, -3.76877124e-01],
       [ 1.31162318e-01, -3.21067022e-01, -1.61820676e+00,
         9.67743184e-01,  3.96354519e-01,  8.24637760e-01,
        -2.64797021e-01, -2.06502217e-01, -6.72302418e-01,
        -1.29049864e-01, -3.30048147e-01,  7.41732910e-02,
        -5.29856918e-02, -7.20410230e-01,  5.93257018e-01,
        -7.87433693e-01,  3.42119349e-01,  6.42074206e-01,
        -1.00201428e+00,  3.87240659e-01,  3.50479146e-01,
         3.28438856e-01, -9.55111642e-01,  1.72286493e-01,
        -3.27106613e-01,  4.27471957e-01, -3.00136960e-01,
        -5.20809212e-01, -4.75395449e-02,  1.75746724e-01,
        -1.38061038e+00, -1.06488199e+00,  8.20763913e-01,
         1.02296797e+00,  3.06665961e-01, -7.30980540e-01,
        -8.02969306e-01,  5.82540416e-01,  1.86729709e-01,
        -1.02238930e+00,  6.50032872e-01, -8.78985132e-02,
         2.32411837e-02, -1.00000000e-03, -4.42013760e-01],
       [-6.88918416e-01, -8.29123381e-02, -9.31539390e-01,
         7.29663475e-01,  4.72022907e-01,  2.40612385e-02,
         6.81211055e-01,  1.40087988e-01, -1.07623251e+00,
        -2.50811539e-01, -9.73059552e-01, -4.59283614e-01,
        -1.20836677e+00,  2.12652838e+00,  3.14977927e-02,
         5.18710850e-01,  9.50170679e-01, -6.60181528e-02,
        -1.69005204e+00, -1.94495099e-01, -7.35110957e-01,
        -2.97410443e-02,  1.05377768e+00, -6.90967432e-01,
        -7.56420060e-02,  1.51183924e+00, -1.06423955e+00,
        -1.02170592e+00,  1.00422462e-01, -7.28131677e-01,
        -9.46648554e-01,  2.76639577e-01,  3.27022307e-01,
         5.59434583e-01,  1.73004320e+00, -1.44383220e+00,
        -1.21385841e+00,  2.47567747e-01,  1.97395896e-01,
        -1.75819310e+00,  1.18615596e+00, -2.06469787e-01,
         2.97823161e-01,  9.00000000e-03, -4.98683763e-01],
       [-8.00000000e-03, -2.00000000e-03,  4.00000000e-03,
        -8.00000000e-03,  4.00000000e-03, -3.00000000e-03,
         5.00000000e-03, -1.00000000e-02,  3.00000000e-03,
        -9.00000000e-03, -5.00000000e-03, -4.00000000e-03,
         4.00000000e-03, -3.00000000e-03,  3.00000000e-03,
        -8.00000000e-03, -9.00000000e-03,  5.00000000e-03,
         6.00000000e-03,  3.00000000e-03,  1.00000000e-02,
         6.00000000e-03, -1.00000000e-03, -1.00000000e-02,
        -3.00000000e-03, -8.00000000e-03,  9.00000000e-03,
         1.00000000e-02, -5.00000000e-03,  1.00000000e-02,
         9.00000000e-03, -7.00000000e-03, -1.00000000e-02,
         3.00000000e-03, -1.00000000e-02, -1.00000000e-03,
         0.00000000e+00, -5.00000000e-03, -8.00000000e-03,
         1.00000000e-03,  5.00000000e-03,  5.00000000e-03,
        -2.00000000e-03, -3.00000000e-03, -4.00000000e-03]]), 'deltas': array([[0.01138057],
       [0.00623217],
       [0.00577438],
       [0.00422748],
       [0.01100524],
       [0.00482046],
       [0.0085514 ],
       [0.00849475],
       [0.        ]]), 'outputs': array([[0.48319879],
       [0.83652763],
       [0.85113512],
       [0.8965334 ],
       [0.59229308],
       [0.87977262],
       [0.74972223],
       [0.75219902],
       [1.        ]]), 'errors': 0.04557374280840451}, {'weights': array([[-0.19750566, -0.40818393,  1.8513961 , -0.50579714, -0.75506651,
        -0.65089261, -0.25626945,  1.52090624, -3.19084432],
       [ 0.87208466,  0.72385116,  1.06436957,  0.73123368,  1.41070353,
         0.72562929,  0.76855794,  1.31179653, -3.12321376],
       [-0.48841468, -0.4355432 ,  0.34131782, -0.4173406 , -0.18369309,
        -0.46141481, -0.42695094,  0.35052384, -2.8085022 ],
       [-0.28466061, -0.05711124, -0.54033871,  0.09950959, -0.52228207,
         0.2302833 , -0.10504812, -0.48843102, -1.90832922],
       [-0.61752206, -0.52733599, -0.4448115 , -0.52161771, -0.73770353,
        -0.51368516, -0.55909829, -0.32255564, -2.11176331],
       [-1.584209  , -1.52597053, -3.01378916, -1.56981514, -1.96594928,
        -1.61290568, -1.58445194, -3.16764529,  2.14020623]]), 'deltas': array([[-4.78209693e-03],
       [ 5.44651660e-03],
       [-2.81073075e-04],
       [-2.09822646e-03],
       [-2.72097360e-05],
       [-1.94732427e-09]]), 'outputs': array([[7.17766084e-02],
       [9.23190719e-01],
       [1.69087973e-02],
       [4.69203874e-02],
       [5.22998956e-03],
       [4.41294710e-05]]), 'errors': array([[-7.17766084e-02],
       [ 7.68092812e-02],
       [-1.69087973e-02],
       [-4.69203874e-02],
       [-5.22998956e-03],
       [-4.41294710e-05]])}]
Accuracy: 58.139534883720934 %

Feedforward Neural Network AVG Accuracy (%): 51.39635558240209 %
