Namespace(error_threshold=0.01, max_epochs=1000, num_layers=2, num_nodes_per_hidden_layer=9, training_rate=0.5)

train_data group 0 length:  171
   0   1   2   3   4   5   6   7   8  ...  36  37  38  39  40  41  42  43  44
0   0   0   1   0   0   0   1   0   0 ...   0   0   0   1   0   0   0   0   0
1   0   1   0   0   0   0   1   0   0 ...   0   0   0   0   0   1   0   0   0
2   0   0   1   0   0   0   0   1   0 ...   0   0   0   1   0   0   0   0   0
3   0   1   0   0   0   0   1   0   0 ...   0   0   0   0   0   1   0   0   0
4   0   0   1   0   0   0   0   1   0 ...   0   0   0   1   0   0   0   0   0

[5 rows x 45 columns]
Initial Neural Network:
[{'weights': array([[ 0.009, -0.006,  0.006,  0.008,  0.005, -0.003, -0.008, -0.009,
        -0.01 ,  0.004, -0.001,  0.01 , -0.007,  0.007, -0.002,  0.004,
         0.01 , -0.003, -0.006, -0.003, -0.009,  0.002,  0.01 ,  0.001,
         0.006,  0.006,  0.001,  0.001,  0.002,  0.008,  0.   , -0.004,
         0.004, -0.002,  0.01 , -0.004,  0.001,  0.006,  0.006, -0.003,
         0.006,  0.008,  0.005,  0.003, -0.004],
       [-0.001,  0.004, -0.007, -0.01 , -0.001, -0.002,  0.   , -0.001,
        -0.006,  0.009,  0.007,  0.008,  0.009,  0.006,  0.005,  0.002,
        -0.009,  0.008,  0.007,  0.006,  0.01 , -0.009,  0.003, -0.004,
         0.006,  0.005,  0.007, -0.002, -0.01 ,  0.007, -0.005, -0.009,
         0.001,  0.007, -0.008,  0.004, -0.006, -0.01 ,  0.   , -0.006,
        -0.003, -0.002, -0.004,  0.   ,  0.009],
       [-0.002,  0.001, -0.009, -0.008,  0.002, -0.005,  0.006, -0.007,
         0.004, -0.005,  0.006, -0.01 ,  0.003,  0.008,  0.   ,  0.009,
        -0.001, -0.004, -0.003,  0.006, -0.004,  0.004,  0.003, -0.008,
         0.   ,  0.   , -0.005,  0.003,  0.009, -0.002,  0.001, -0.01 ,
        -0.004,  0.003,  0.005, -0.01 ,  0.005,  0.005,  0.005, -0.006,
         0.007, -0.007, -0.009,  0.005, -0.005],
       [ 0.005, -0.003, -0.009,  0.009,  0.01 ,  0.   ,  0.007,  0.003,
        -0.004, -0.004,  0.009,  0.005,  0.008,  0.003,  0.006, -0.002,
        -0.006, -0.01 , -0.006, -0.005,  0.004, -0.004, -0.006,  0.008,
        -0.001,  0.008,  0.001,  0.008, -0.004,  0.001,  0.001,  0.005,
         0.   ,  0.005,  0.003,  0.007, -0.009, -0.009, -0.009, -0.008,
        -0.007, -0.004,  0.009,  0.002, -0.001],
       [ 0.009,  0.003,  0.009, -0.003, -0.001,  0.009, -0.002,  0.007,
        -0.004, -0.007,  0.008,  0.008, -0.002,  0.01 , -0.004, -0.001,
        -0.01 , -0.002,  0.003, -0.009, -0.002, -0.002,  0.009,  0.   ,
         0.001, -0.01 ,  0.004,  0.   ,  0.009,  0.005,  0.008,  0.005,
        -0.002,  0.003,  0.004,  0.01 ,  0.004,  0.01 ,  0.002,  0.005,
        -0.009,  0.002,  0.004,  0.004,  0.009],
       [-0.008, -0.005, -0.006, -0.001,  0.003, -0.006, -0.007, -0.003,
        -0.003,  0.002,  0.001,  0.003,  0.004,  0.007,  0.001,  0.006,
         0.01 , -0.001,  0.005, -0.01 ,  0.007,  0.008,  0.003,  0.   ,
        -0.008, -0.004, -0.001, -0.003,  0.009,  0.005, -0.006, -0.001,
         0.01 , -0.009, -0.009,  0.003,  0.002, -0.008,  0.005, -0.005,
         0.001,  0.001,  0.   ,  0.007,  0.006],
       [ 0.006,  0.001,  0.006,  0.007, -0.01 , -0.003,  0.007, -0.01 ,
        -0.007, -0.009,  0.007,  0.01 , -0.005, -0.008, -0.01 ,  0.007,
         0.002, -0.003, -0.006, -0.003,  0.006,  0.002,  0.003, -0.003,
         0.008, -0.003,  0.   , -0.007,  0.008,  0.004,  0.004, -0.005,
         0.004,  0.01 , -0.006, -0.002, -0.007, -0.001,  0.009,  0.   ,
        -0.009,  0.004,  0.005,  0.007,  0.007],
       [ 0.01 ,  0.003, -0.008, -0.002,  0.01 ,  0.003,  0.001,  0.006,
         0.002,  0.002,  0.002, -0.01 , -0.004,  0.002,  0.003,  0.009,
        -0.001,  0.   ,  0.007,  0.006,  0.001,  0.009,  0.01 ,  0.   ,
         0.001,  0.002, -0.005, -0.003,  0.01 ,  0.   , -0.008,  0.   ,
        -0.003, -0.003, -0.004, -0.003, -0.006, -0.003, -0.001, -0.009,
         0.006,  0.008, -0.008,  0.003, -0.001],
       [-0.005, -0.007,  0.008,  0.009,  0.005, -0.003, -0.009,  0.007,
        -0.009,  0.004, -0.007,  0.   ,  0.005, -0.007,  0.003, -0.007,
         0.006, -0.008,  0.   , -0.004,  0.007, -0.009, -0.006,  0.009,
        -0.01 ,  0.004,  0.009, -0.008, -0.008,  0.   , -0.006,  0.   ,
        -0.001, -0.002,  0.006, -0.01 ,  0.   , -0.01 , -0.002, -0.007,
         0.006,  0.002,  0.01 ,  0.006,  0.006],
       [-0.002, -0.009, -0.001,  0.001,  0.009,  0.005,  0.004,  0.006,
         0.009, -0.007, -0.001, -0.01 ,  0.007, -0.002,  0.009,  0.   ,
         0.   ,  0.004,  0.   ,  0.006, -0.006, -0.009, -0.01 , -0.008,
        -0.004, -0.005,  0.007, -0.004,  0.006, -0.006,  0.001,  0.009,
        -0.001, -0.008,  0.01 , -0.001,  0.001,  0.002, -0.01 , -0.002,
         0.01 ,  0.003, -0.005,  0.   ,  0.01 ]]), 'deltas': array([[0.],
       [0.],
       [0.],
       [0.],
       [0.],
       [0.],
       [0.],
       [0.],
       [0.],
       [0.]]), 'outputs': array([[0.],
       [0.],
       [0.],
       [0.],
       [0.],
       [0.],
       [0.],
       [0.],
       [0.],
       [0.]]), 'errors': array([[0.],
       [0.],
       [0.],
       [0.],
       [0.],
       [0.],
       [0.],
       [0.],
       [0.],
       [0.]])}, {'weights': array([[ 0.009,  0.01 ,  0.001, -0.002,  0.006, -0.007,  0.004,  0.009,
        -0.007,  0.003],
       [-0.007,  0.007,  0.005,  0.003,  0.002,  0.   ,  0.006,  0.008,
        -0.002,  0.001],
       [-0.007,  0.001,  0.001,  0.001, -0.001, -0.009, -0.001, -0.003,
         0.006,  0.008],
       [-0.001,  0.001,  0.004,  0.009,  0.005, -0.002,  0.003, -0.004,
        -0.001,  0.004],
       [ 0.008,  0.01 , -0.005, -0.003, -0.002,  0.009,  0.003, -0.006,
        -0.004, -0.001],
       [ 0.001, -0.009, -0.001, -0.004,  0.007,  0.006,  0.003, -0.001,
         0.006, -0.005]]), 'deltas': array([[0.],
       [0.],
       [0.],
       [0.],
       [0.],
       [0.],
       [0.]]), 'outputs': array([[0.],
       [0.],
       [0.],
       [0.],
       [0.],
       [0.],
       [0.]]), 'errors': array([[0.],
       [0.],
       [0.],
       [0.],
       [0.],
       [0.],
       [0.]])}]
Training complete!
Training done. epoch: 36 , total error: 0.0046125338162436354
[{'weights': array([[-3.50512875e-01,  1.15927660e-01, -8.76526494e-01,
         3.22840782e-01,  4.77630749e-01, -1.10895631e+00,
         2.96426326e-01,  5.07690564e-01, -3.38525848e-01,
         2.84725085e-01, -1.33384738e+00, -8.10461501e-01,
        -2.00388037e-01,  1.28416228e+00,  7.34894465e-01,
         8.78637926e-01,  7.79369269e-01,  1.62449283e-01,
        -2.58542288e+00,  4.34326228e-01,  8.86388610e-02,
         9.79001276e-01, -4.37989314e-01, -7.03912582e-01,
        -2.48378420e-01,  1.34318575e+00, -9.64104601e-01,
        -1.14104756e+00,  4.39326228e-01, -2.39053288e-01,
        -1.09402430e+00,  5.69025277e-01,  3.08034187e-01,
         1.29377942e-01,  2.22169496e+00, -1.28041675e+00,
        -1.57926350e+00,  6.00000000e-03,  3.18345107e-01,
        -6.36206984e-01,  4.94475885e-01,  6.84903619e-01,
        -9.21877491e-01,  6.50647929e-02, -3.36640178e-01],
       [-3.18574278e-01, -1.16069160e+00,  6.22453711e-01,
        -4.01253656e-01,  4.96545352e-02, -2.61162186e-01,
        -1.01712684e-01, -1.36408170e+00,  4.40664916e-01,
         9.28803719e-02, -1.39025011e+00, -4.68654883e-01,
        -9.70728581e-01, -4.12998332e-02,  1.71252213e+00,
         1.93195770e+00, -1.82609447e+00, -4.69444843e-01,
        -9.07068110e-01,  9.12384354e-02, -7.49883670e-01,
         9.15753084e-01, -6.14205508e-01, -6.67933085e-01,
        -7.11421045e-02, -4.32718394e-01, -4.46125521e-01,
        -3.89805805e-01,  7.52384354e-02, -2.77006714e-01,
        -1.33856339e+00,  9.17687544e-01,  1.56091664e-01,
        -6.50620392e-01, -2.62662235e-01, -5.31157564e-01,
        -6.85261840e-01, -1.00000000e-02,  2.75670355e-01,
        -1.12232148e-01,  6.00737592e-01, -6.58796862e-02,
        -1.55469438e+00, -7.63426586e-02, -1.18441128e+00],
       [-8.41183507e-01,  6.55120447e-01, -7.04546768e-01,
        -2.97635108e-01, -1.53107259e-01, -9.58134354e-01,
         4.34542031e-01, -6.26781255e-01, -2.97007034e-01,
         1.15028416e-01, -2.64391354e+00, -9.19454923e-01,
        -1.74097282e+00,  1.12145063e+00,  2.86453845e+00,
         1.27468370e+00,  2.25980909e+00, -3.35175130e+00,
        -1.73667057e+00,  2.35576887e-01, -1.02134111e+00,
         7.74632430e-01,  4.97153624e-01, -1.30058080e+00,
        -2.80216340e-01,  1.25687291e-01, -7.08002825e-01,
        -9.74613548e-01,  2.38576887e-01, -3.55397522e-01,
         1.44974243e+00, -1.43782470e+00, -1.65771926e-01,
        -8.28100473e-01,  4.51344561e-01, -9.47723803e-01,
        -1.20579453e+00,  5.00000000e-03,  3.81821572e-01,
        -1.17163031e+00,  9.92290221e-01,  8.61814499e-01,
        -1.77851375e+00, -2.39312855e-01, -1.33035220e+00],
       [-4.10378812e-01, -1.22636196e+00,  5.62475459e-01,
        -2.59699598e-01,  2.32206305e-02, -3.48964240e-01,
         1.40895209e-01, -1.45089710e+00,  2.82666364e-01,
         5.55554827e-02, -1.48200120e+00, -5.08010902e-01,
        -1.01853340e+00,  1.95080631e-01,  1.52172058e+00,
         1.74429539e+00, -1.51529492e+00, -6.82219582e-01,
        -9.82898217e-01,  8.43730427e-02, -7.59215710e-01,
         7.92920751e-01, -6.33690748e-01, -6.05886680e-01,
        -1.15871896e-01, -5.08780456e-01, -4.60950431e-01,
        -4.25386440e-01,  8.53730427e-02, -3.12021905e-01,
        -1.54954609e+00,  1.05039725e+00,  1.16243399e-01,
        -6.15816937e-01, -3.07642262e-01, -5.56401429e-01,
        -7.13733883e-01, -9.00000000e-03,  2.47033291e-01,
        -3.80415427e-01,  6.47626161e-01, -1.01344259e-01,
        -1.41699452e+00, -7.96162356e-02, -1.32374428e+00],
       [-3.60228529e-01, -1.18639894e+00,  5.67380166e-01,
        -3.21411646e-01,  2.65659467e-02, -3.16958314e-01,
         4.40468999e-02, -1.43896867e+00,  3.63621456e-01,
         6.01656339e-02, -1.44175406e+00, -4.85739891e-01,
        -1.00731622e+00,  9.22817217e-02,  1.57143544e+00,
         1.81351884e+00, -1.66535949e+00, -5.89133178e-01,
        -9.46500871e-01,  7.73817066e-02, -7.65479146e-01,
         8.19527365e-01, -5.85676662e-01, -6.53156308e-01,
        -1.00308247e-01, -5.12274335e-01, -4.58530928e-01,
        -4.12669441e-01,  9.53817066e-02, -3.03983587e-01,
        -1.49748746e+00,  1.03594410e+00,  1.19772963e-01,
        -6.26339015e-01, -2.91803295e-01, -5.41523068e-01,
        -6.91024981e-01,  1.00000000e-02,  2.53258346e-01,
        -2.88270642e-01,  6.55737733e-01, -1.03072068e-01,
        -1.47351276e+00, -7.59752607e-02, -1.28209300e+00],
       [-3.43029355e-01, -1.15991919e+00,  5.96099859e-01,
        -3.75727837e-01,  4.89265017e-02, -2.81653461e-01,
        -7.35388594e-02, -1.39705499e+00,  4.39680573e-01,
         7.89167150e-02, -1.40818888e+00, -4.75669786e-01,
        -9.85423320e-01, -8.21408002e-03,  1.67684604e+00,
         1.90865002e+00, -1.76813390e+00, -5.06772063e-01,
        -9.14779340e-01,  7.43852713e-02, -7.56339858e-01,
         9.11658920e-01, -6.16679929e-01, -6.49877948e-01,
        -9.54112037e-02, -4.59575019e-01, -4.54384081e-01,
        -3.95076190e-01,  9.33852713e-02, -2.87082095e-01,
        -1.36912098e+00,  9.44706286e-01,  1.55021836e-01,
        -6.61175068e-01, -2.77550354e-01, -5.30777141e-01,
        -6.83243598e-01, -8.00000000e-03,  2.75921075e-01,
        -1.41400951e-01,  6.08424166e-01, -7.31785242e-02,
        -1.53685571e+00, -6.96390012e-02, -1.21065002e+00],
       [-3.33943207e-01, -1.15364368e+00,  5.64150526e-01,
        -3.40175324e-01,  2.73311823e-02, -2.89995035e-01,
        -8.76952318e-03, -1.43416061e+00,  4.00625712e-01,
         6.40189532e-02, -1.41997348e+00, -4.72893369e-01,
        -9.90261753e-01,  3.81915309e-02,  1.59265656e+00,
         1.84338605e+00, -1.70935323e+00, -5.41474267e-01,
        -9.27378575e-01,  8.55395171e-02, -7.49943201e-01,
         8.46526299e-01, -5.90745087e-01, -6.50049816e-01,
        -8.60687007e-02, -4.87689944e-01, -4.50808039e-01,
        -4.06322040e-01,  9.65395171e-02, -2.85249569e-01,
        -1.45587640e+00,  1.00878777e+00,  1.38823908e-01,
        -6.35766219e-01, -2.97794148e-01, -5.36963254e-01,
        -6.89403512e-01, -1.00000000e-03,  2.71880408e-01,
        -2.32781336e-01,  6.30941437e-01, -8.16234485e-02,
        -1.48447704e+00, -7.13401210e-02, -1.23928051e+00],
       [-5.30967631e-01, -1.28348008e+00,  5.90359304e-01,
        -1.53467452e-01, -3.27055887e-02, -4.20106989e-01,
         3.76340638e-01, -1.57303631e+00,  1.66958356e-01,
         4.05828577e-02, -1.66436726e+00, -5.96536424e-01,
        -1.10868011e+00,  6.68178362e-01,  1.27114398e+00,
         1.46981441e+00, -8.82151765e-01, -1.04697667e+00,
        -1.06464001e+00,  1.21692578e-01, -7.22211738e-01,
         8.42409274e-01, -9.20786849e-01, -4.37990507e-01,
        -1.63681630e-01, -5.33738875e-01, -5.00504829e-01,
        -5.10710324e-01,  1.25692578e-01, -3.41229393e-01,
        -1.39317428e+00,  8.14985348e-01,  7.12727110e-02,
        -5.89115837e-01, -3.10114002e-01, -6.19275818e-01,
        -7.72635028e-01, -3.00000000e-03,  2.64763397e-01,
        -5.92272847e-01,  5.15810664e-01,  1.31022454e-01,
        -1.38199394e+00, -9.58277787e-02, -1.42426145e+00],
       [-1.74352713e-01, -3.48913138e-01, -4.96331028e-01,
        -2.35730874e-01, -3.88941266e-01, -9.55239410e-01,
         2.02989486e+00, -2.29438381e+00, -4.90178121e-01,
         4.56374626e-02, -3.25473996e+00, -8.48566844e-01,
        -2.02101221e+00,  2.37710538e-01,  4.22633945e+00,
        -4.89576660e-01,  3.22324473e+00, -3.30266105e+00,
        -1.26380622e+00,  1.65530176e-01, -1.22381960e+00,
         2.01476099e+00, -6.10187621e-01, -1.31926872e+00,
        -5.24754070e-01, -4.20396470e-01, -5.43527448e-01,
        -8.54875277e-01,  1.61530176e-01, -3.41359809e-01,
         1.47069008e+00, -1.12811711e+00, -5.33806457e-01,
        -1.13067572e+00, -9.12342790e-02, -6.92880667e-01,
        -1.14513915e+00, -1.00000000e-02,  2.68985076e-01,
         4.82066208e-01, -1.82893148e-01,  1.34639549e+00,
        -3.11916779e+00, -1.63669777e-01, -1.64826902e+00],
       [-2.00000000e-03, -9.00000000e-03, -1.00000000e-03,
         1.00000000e-03,  9.00000000e-03,  5.00000000e-03,
         4.00000000e-03,  6.00000000e-03,  9.00000000e-03,
        -7.00000000e-03, -1.00000000e-03, -1.00000000e-02,
         7.00000000e-03, -2.00000000e-03,  9.00000000e-03,
         0.00000000e+00,  0.00000000e+00,  4.00000000e-03,
         0.00000000e+00,  6.00000000e-03, -6.00000000e-03,
        -9.00000000e-03, -1.00000000e-02, -8.00000000e-03,
        -4.00000000e-03, -5.00000000e-03,  7.00000000e-03,
        -4.00000000e-03,  6.00000000e-03, -6.00000000e-03,
         1.00000000e-03,  9.00000000e-03, -1.00000000e-03,
        -8.00000000e-03,  1.00000000e-02, -1.00000000e-03,
         1.00000000e-03,  2.00000000e-03, -1.00000000e-02,
        -2.00000000e-03,  1.00000000e-02,  3.00000000e-03,
        -5.00000000e-03,  0.00000000e+00,  1.00000000e-02]]), 'deltas': array([[4.02290998e-05],
       [3.80720258e-03],
       [6.68930971e-03],
       [6.12749109e-03],
       [5.52778862e-03],
       [4.19016317e-03],
       [5.09620088e-03],
       [7.20407172e-03],
       [7.03776811e-03],
       [0.00000000e+00]]), 'outputs': array([[0.99861949],
       [0.84573381],
       [0.64410278],
       [0.7000461 ],
       [0.74610873],
       [0.82620282],
       [0.77451682],
       [0.44409516],
       [0.59393812],
       [1.        ]]), 'errors': 0.029181091558945813}, {'weights': array([[ 0.3683784 ,  0.85034862,  1.10300919,  1.03016777,  0.98914079,
         0.9031701 ,  0.93203612,  0.85525104,  2.64650143, -3.61739041],
       [ 3.37128819, -1.06083104, -0.12953181, -0.7230449 , -1.00064854,
        -1.05530401, -0.96853618,  0.0564886 , -0.99166417, -2.98826236],
       [ 0.37097244,  0.06792254,  1.31913211, -0.13649604, -0.04515342,
         0.03843051, -0.01987952, -0.3031944 , -0.74595026, -3.01372777],
       [ 1.29771151, -0.40682165, -2.21524837, -0.39453424, -0.39728849,
        -0.41054732, -0.38826995, -0.46683792, -1.40510645, -2.13738806],
       [ 0.87002479, -0.53563835, -1.05334443, -0.5731427 , -0.5684313 ,
        -0.54312741, -0.55268655, -0.63087146, -1.35912016, -2.40255693],
       [-5.63912382, -1.2410557 , -2.39715107, -1.33413137, -1.2655465 ,
        -1.24184563, -1.2575996 , -1.45383801, -1.64069145,  2.39599404]]), 'deltas': array([[ 1.94057987e-03],
       [-2.93847835e-04],
       [-6.25445832e-03],
       [-5.79336859e-05],
       [-1.80534921e-05],
       [-1.44947085e-10]]), 'outputs': array([[9.54920174e-01],
       [1.72921516e-02],
       [8.25672324e-02],
       [7.64066397e-03],
       [4.25801514e-03],
       [1.20394697e-05]]), 'errors': array([[ 4.50798256e-02],
       [-1.72921516e-02],
       [-8.25672324e-02],
       [-7.64066397e-03],
       [-4.25801514e-03],
       [-1.20394697e-05]])}]
neural_net output [0.29641607 0.42140865 0.14847445 0.0236924  0.03720799 0.0019126 ]
target: 0 prediction: 1
neural_net output [0.60899714 0.32009218 0.11325258 0.01165324 0.01933154 0.00074269]
target: 0 prediction: 0
neural_net output [9.25133180e-01 4.82952002e-02 1.05284081e-01 4.99655646e-03
 5.56156444e-03 4.40160363e-05]
target: 0 prediction: 0
neural_net output [0.29641607 0.42140865 0.14847445 0.0236924  0.03720799 0.0019126 ]
target: 0 prediction: 1
neural_net output [9.93712361e-01 6.25091678e-03 9.08866087e-02 1.72312703e-03
 1.13185833e-03 7.79424898e-07]
target: 0 prediction: 0
neural_net output [0.50931662 0.24019516 0.10329508 0.01332375 0.0211957  0.00252375]
target: 0 prediction: 0
neural_net output [0.40718085 0.34550477 0.12061677 0.01898936 0.02885056 0.0018653 ]
target: 0 prediction: 0
neural_net output [0.58761935 0.30342892 0.10451413 0.01295091 0.02025953 0.00101773]
target: 0 prediction: 0
neural_net output [0.29641607 0.42140865 0.14847445 0.0236924  0.03720799 0.0019126 ]
target: 0 prediction: 1
neural_net output [0.62270514 0.28525731 0.10997979 0.0106965  0.01803394 0.00088011]
target: 0 prediction: 0
neural_net output [0.62270514 0.28525731 0.10997979 0.0106965  0.01803394 0.00088011]
target: 0 prediction: 0
neural_net output [0.60899714 0.32009218 0.11325258 0.01165324 0.01933154 0.00074269]
target: 0 prediction: 0
neural_net output [0.61032455 0.30512379 0.11050877 0.01147119 0.0190095  0.00084005]
target: 0 prediction: 0
neural_net output [0.06184599 0.51676063 0.0822785  0.16832393 0.12131849 0.02350859]
target: 0 prediction: 1
neural_net output [0.61032455 0.30512379 0.11050877 0.01147119 0.0190095  0.00084005]
target: 1 prediction: 0
neural_net output [0.62270514 0.28525731 0.10997979 0.0106965  0.01803394 0.00088011]
target: 1 prediction: 0
neural_net output [0.03746941 0.31103308 0.05944929 0.21361586 0.13248301 0.16359814]
target: 1 prediction: 1
neural_net output [0.04560262 0.54069108 0.06681038 0.27804166 0.15887233 0.02904429]
target: 1 prediction: 1
neural_net output [0.63278892 0.30260583 0.1111332  0.01095987 0.01817224 0.00070167]
target: 1 prediction: 0
neural_net output [0.63278892 0.30260583 0.1111332  0.01095987 0.01817224 0.00070167]
target: 1 prediction: 0
neural_net output [0.04695356 0.5627915  0.06884923 0.25002456 0.15375225 0.03129256]
target: 1 prediction: 1
neural_net output [0.03797517 0.56533159 0.06607339 0.28980158 0.17140528 0.04221566]
target: 1 prediction: 1
neural_net output [0.06184599 0.51676063 0.0822785  0.16832393 0.12131849 0.02350859]
target: 1 prediction: 1
neural_net output [0.61032455 0.30512379 0.11050877 0.01147119 0.0190095  0.00084005]
target: 1 prediction: 0
neural_net output [5.46579017e-01 1.32300884e-01 1.07132509e-01 2.84542432e-02
 2.25704757e-02 4.17788380e-04]
target: 1 prediction: 0
neural_net output [0.02931221 0.11050456 0.05152439 0.14296895 0.10198225 0.69727851]
target: 1 prediction: 5
neural_net output [0.61467706 0.31783584 0.11120718 0.01162876 0.01915857 0.00074629]
target: 1 prediction: 0
neural_net output [0.61032455 0.30512379 0.11050877 0.01147119 0.0190095  0.00084005]
target: 1 prediction: 0
neural_net output [0.62758204 0.30914834 0.11133802 0.01111016 0.01847179 0.00071422]
target: 1 prediction: 0
neural_net output [0.04551648 0.57375584 0.07652614 0.23594966 0.15265323 0.02799285]
target: 2 prediction: 1
neural_net output [0.61032455 0.30512379 0.11050877 0.01147119 0.0190095  0.00084005]
target: 2 prediction: 0
neural_net output [0.61032455 0.30512379 0.11050877 0.01147119 0.0190095  0.00084005]
target: 2 prediction: 0
neural_net output [0.06000032 0.4867028  0.06056751 0.22179742 0.13156771 0.03448578]
target: 3 prediction: 1
neural_net output [0.03647132 0.45768025 0.06290956 0.25835198 0.15625556 0.08207529]
target: 3 prediction: 1
neural_net output [0.02817749 0.07719033 0.0494507  0.1251195  0.09289071 0.81630445]
target: 3 prediction: 5
neural_net output [0.03631282 0.50773902 0.06413645 0.27373138 0.16436378 0.0642203 ]
target: 4 prediction: 1
neural_net output [0.0355715  0.45903478 0.06330515 0.25646563 0.15698445 0.08718605]
target: 4 prediction: 1
neural_net output [0.02639908 0.05028561 0.04710903 0.10717806 0.0838263  0.90898889]
target: 5 prediction: 5
neural_net output [0.02748373 0.05817701 0.04920737 0.10821131 0.08514449 0.8796787 ]
target: 5 prediction: 5
neural_net output [0.02642727 0.05239871 0.0472763  0.1089303  0.08480751 0.90364459]
target: 5 prediction: 5
neural_net output [0.02639908 0.05028561 0.04710903 0.10717806 0.0838263  0.90898889]
target: 5 prediction: 5
neural_net output [0.04987434 0.40710496 0.06346583 0.24112744 0.136502   0.04542729]
target: 5 prediction: 1
neural_net output [0.02642727 0.05239871 0.0472763  0.1089303  0.08480751 0.90364459]
target: 5 prediction: 5
Accuracy: 46.51162790697674 %

train_data group 1 length:  172
   0   1   2   3   4   5   6   7   8  ...  36  37  38  39  40  41  42  43  44
0   0   1   0   0   0   0   0   1   0 ...   0   0   0   1   0   0   0   0   0
1   0   1   0   0   0   0   1   0   0 ...   0   0   0   0   1   0   0   0   0
2   0   0   1   0   0   0   0   1   0 ...   0   0   0   1   0   0   0   0   0
3   0   1   0   0   0   0   0   1   0 ...   0   0   0   1   0   0   0   0   0
4   0   0   1   0   0   0   1   0   0 ...   0   0   0   0   1   0   0   0   0

[5 rows x 45 columns]
Initial Neural Network:
[{'weights': array([[-0.001,  0.009, -0.006,  0.005,  0.005, -0.01 ,  0.003,  0.008,
         0.004, -0.001, -0.008,  0.008, -0.002,  0.007,  0.001, -0.001,
         0.009,  0.003,  0.004, -0.005,  0.004,  0.005,  0.001, -0.009,
         0.01 , -0.009, -0.005,  0.   , -0.004,  0.008, -0.005, -0.006,
         0.01 ,  0.001,  0.002, -0.001, -0.004,  0.01 ,  0.002, -0.008,
         0.005,  0.008, -0.001, -0.001,  0.004],
       [-0.007, -0.002,  0.004,  0.01 , -0.007,  0.002,  0.007, -0.001,
         0.01 , -0.01 ,  0.003, -0.007,  0.01 ,  0.003, -0.002, -0.003,
         0.007, -0.003, -0.005,  0.01 ,  0.008,  0.   ,  0.006, -0.005,
         0.01 , -0.008, -0.009,  0.005, -0.007,  0.008,  0.005, -0.008,
         0.001, -0.002, -0.006, -0.007, -0.004,  0.01 , -0.005,  0.001,
        -0.007,  0.004, -0.008, -0.007, -0.004],
       [ 0.01 ,  0.008, -0.001,  0.003,  0.008,  0.009, -0.007,  0.01 ,
         0.005,  0.   , -0.004, -0.001,  0.01 ,  0.007, -0.005,  0.008,
        -0.01 ,  0.003, -0.005,  0.   , -0.005,  0.006,  0.006, -0.007,
        -0.003, -0.01 , -0.001,  0.004,  0.007, -0.008, -0.003,  0.004,
         0.004,  0.001, -0.001, -0.008, -0.01 ,  0.009, -0.01 , -0.001,
         0.005, -0.007, -0.005,  0.   , -0.001],
       [ 0.005,  0.009,  0.002,  0.005,  0.005,  0.005,  0.009, -0.004,
        -0.009, -0.001, -0.003,  0.003, -0.008, -0.006, -0.008,  0.   ,
         0.001, -0.004, -0.001,  0.008, -0.004,  0.006, -0.002,  0.   ,
         0.003, -0.002,  0.002,  0.009, -0.005, -0.01 ,  0.007, -0.002,
        -0.01 , -0.01 , -0.007, -0.002, -0.009, -0.001, -0.005, -0.002,
         0.009, -0.006,  0.002,  0.005,  0.009],
       [ 0.   , -0.008,  0.008, -0.004, -0.007,  0.008, -0.008, -0.003,
         0.004,  0.   , -0.009,  0.01 ,  0.007, -0.009, -0.006,  0.008,
        -0.002, -0.007,  0.001, -0.007, -0.009, -0.004, -0.008,  0.007,
         0.006, -0.007, -0.001,  0.   ,  0.004,  0.003,  0.007,  0.008,
         0.009,  0.008, -0.008,  0.009,  0.009, -0.007,  0.01 ,  0.004,
        -0.001,  0.001,  0.005,  0.007,  0.009],
       [-0.009, -0.01 ,  0.01 , -0.005,  0.009,  0.006, -0.006,  0.002,
        -0.002, -0.009,  0.01 ,  0.007, -0.005,  0.006,  0.009, -0.008,
         0.006,  0.002, -0.009,  0.008, -0.009, -0.003, -0.007,  0.001,
        -0.003,  0.005,  0.003,  0.005, -0.005, -0.01 , -0.002,  0.003,
         0.002, -0.01 ,  0.01 , -0.004, -0.006,  0.007,  0.004, -0.007,
        -0.006,  0.005,  0.002,  0.004,  0.006],
       [-0.002, -0.005,  0.002, -0.009,  0.009,  0.008,  0.003, -0.01 ,
        -0.01 ,  0.001,  0.001,  0.01 , -0.009,  0.005,  0.004, -0.007,
         0.007, -0.006,  0.007,  0.01 , -0.005,  0.008,  0.002,  0.001,
         0.005, -0.007, -0.004,  0.   ,  0.004,  0.008, -0.006, -0.005,
         0.004,  0.   , -0.009,  0.005, -0.005,  0.003, -0.005, -0.01 ,
        -0.002,  0.   ,  0.006,  0.005, -0.002],
       [-0.01 ,  0.003,  0.002,  0.007, -0.008,  0.01 ,  0.009,  0.009,
        -0.01 , -0.004, -0.001, -0.003, -0.003,  0.005,  0.007, -0.007,
        -0.002,  0.009,  0.002, -0.006,  0.005, -0.002,  0.   , -0.006,
         0.005,  0.001, -0.001, -0.003,  0.01 , -0.002, -0.007,  0.007,
        -0.002,  0.002, -0.002, -0.007, -0.006,  0.006, -0.006, -0.002,
        -0.007,  0.006, -0.007, -0.006, -0.008],
       [ 0.009, -0.01 , -0.002, -0.005,  0.009, -0.009, -0.006, -0.004,
         0.008, -0.002, -0.008,  0.006, -0.002, -0.006,  0.01 ,  0.   ,
         0.009,  0.004, -0.005,  0.01 , -0.005,  0.009,  0.009, -0.007,
        -0.007,  0.007, -0.003, -0.008,  0.004,  0.002,  0.005, -0.004,
        -0.008,  0.   , -0.006, -0.008, -0.005,  0.001,  0.008, -0.009,
         0.004,  0.005,  0.005, -0.01 ,  0.007],
       [-0.001,  0.004, -0.001, -0.01 , -0.008,  0.005, -0.008, -0.007,
        -0.01 ,  0.01 , -0.007,  0.003,  0.002,  0.005, -0.004,  0.002,
         0.005,  0.008, -0.009,  0.007, -0.001,  0.003, -0.01 , -0.007,
         0.009,  0.01 , -0.002, -0.006,  0.01 ,  0.003, -0.009, -0.003,
         0.001,  0.006, -0.002,  0.002, -0.002, -0.002,  0.006,  0.   ,
        -0.005, -0.009, -0.005,  0.003,  0.003]]), 'deltas': array([[0.],
       [0.],
       [0.],
       [0.],
       [0.],
       [0.],
       [0.],
       [0.],
       [0.],
       [0.]]), 'outputs': array([[0.],
       [0.],
       [0.],
       [0.],
       [0.],
       [0.],
       [0.],
       [0.],
       [0.],
       [0.]]), 'errors': array([[0.],
       [0.],
       [0.],
       [0.],
       [0.],
       [0.],
       [0.],
       [0.],
       [0.],
       [0.]])}, {'weights': array([[ 0.005,  0.007, -0.005, -0.007,  0.007, -0.003,  0.005,  0.002,
         0.01 , -0.001],
       [ 0.002,  0.006,  0.006, -0.006, -0.001,  0.009,  0.   , -0.006,
         0.   , -0.003],
       [ 0.004,  0.007, -0.01 ,  0.004,  0.005, -0.009, -0.009, -0.004,
         0.007,  0.   ],
       [-0.001, -0.006,  0.002, -0.001,  0.002,  0.006,  0.009, -0.009,
        -0.008,  0.01 ],
       [ 0.01 , -0.003, -0.001, -0.003,  0.003,  0.01 ,  0.001, -0.008,
         0.008, -0.003],
       [-0.005,  0.009,  0.008, -0.008, -0.01 ,  0.001,  0.01 , -0.009,
         0.006, -0.005]]), 'deltas': array([[0.],
       [0.],
       [0.],
       [0.],
       [0.],
       [0.],
       [0.]]), 'outputs': array([[0.],
       [0.],
       [0.],
       [0.],
       [0.],
       [0.],
       [0.]]), 'errors': array([[0.],
       [0.],
       [0.],
       [0.],
       [0.],
       [0.],
       [0.]])}]
Training complete!
Training done. epoch: 44 , total error: 0.009854269363902426
[{'weights': array([[-6.04265667e-01, -1.18249831e+00, -8.04755862e-01,
         9.51061879e-01,  4.93735066e-01,  7.50840228e-01,
        -5.45041805e-01,  9.79402614e-01, -2.33892393e+00,
        -1.00000000e-03, -2.43721978e+00,  1.32997639e+00,
        -1.85919006e+00, -1.23344850e-01,  1.93705541e+00,
         2.13697044e+00, -5.56800037e-01, -7.64437288e-01,
        -2.17224413e+00,  2.07788119e-01, -1.11537645e+00,
         1.99199230e+00, -2.19178418e+00, -4.61602647e-01,
         6.29048073e-01,  1.18822106e+00, -8.22373228e-01,
        -1.32760342e+00, -2.14967302e-01, -1.82753477e-01,
        -5.03012638e+00,  1.72685551e+00,  1.48729897e+00,
         8.48002476e-01,  8.00556287e-01, -1.65358108e+00,
        -1.01589030e+00,  7.42314890e-01, -2.31226931e-02,
        -2.07092848e-01, -1.71567182e+00,  2.82467516e-01,
         5.56972395e-01, -7.23981392e-02, -1.15472290e+00],
       [-6.30436718e-01,  5.74338727e-02, -1.61278883e+00,
         1.12963063e+00,  3.98358093e-01,  1.45022936e+00,
         4.98300125e-01, -1.95310867e+00, -6.33223764e-01,
        -1.00000000e-02,  3.92690066e-01,  1.29247179e+00,
        -3.71445484e-01, -2.97540913e+00,  1.01288981e+00,
        -9.11344253e-01,  1.52885419e+00, -7.93853366e-01,
        -7.65561577e-01,  2.92102053e-01,  3.96205883e-01,
         1.29814472e+00, -6.44421200e-01, -1.23198710e+00,
        -4.54745253e-01,  6.96130820e-01, -2.19286108e-01,
        -8.15273329e-01, -3.36374334e-01,  2.42456247e-01,
        -2.72638515e+00, -1.86147406e+00,  1.44452779e+00,
         2.24907223e+00,  5.46971887e-02, -7.92793100e-01,
        -5.96684301e-01,  7.45558077e-01, -7.85808166e-02,
        -3.00767213e+00,  9.56456117e-01, -1.58787096e-01,
         1.73291741e+00, -1.95717256e-01, -6.59802951e-01],
       [-6.63004146e-01,  1.12404584e-01, -1.59566225e+00,
         1.06840231e+00,  4.13820463e-01,  1.44068989e+00,
         3.74452042e-01, -1.86238937e+00, -6.27791614e-01,
         0.00000000e+00,  3.13071915e-01,  1.54817379e+00,
        -5.38220229e-01, -2.88890626e+00,  8.80841729e-01,
        -9.87835563e-01,  1.55057482e+00, -6.87835542e-01,
        -7.95672347e-01,  2.24729582e-01,  3.43456001e-01,
         1.25638617e+00, -6.05516817e-01, -1.23865069e+00,
        -4.50713718e-01,  7.52321530e-01, -3.03631995e-01,
        -8.37917642e-01, -3.02810941e-01,  2.04718252e-01,
        -2.87169572e+00, -1.73180982e+00,  1.42675217e+00,
         2.27799607e+00,  1.51749356e-01, -8.23649596e-01,
        -6.21018974e-01,  6.71430521e-01, -9.05503546e-02,
        -2.91376234e+00,  8.83950489e-01, -1.59949116e-01,
         1.69763387e+00, -2.07911952e-01, -6.93039048e-01],
       [-6.56178229e-01,  7.22472169e-02, -1.66407147e+00,
         1.16235946e+00,  4.13380655e-01,  1.45346315e+00,
         5.64012300e-01, -2.07766577e+00, -6.37072051e-01,
        -1.00000000e-03,  4.69644274e-01,  1.30283291e+00,
        -4.58507591e-01, -3.12827046e+00,  1.09403850e+00,
        -9.25226629e-01,  1.57665034e+00, -8.07133835e-01,
        -7.57470016e-01,  2.18917773e-01,  3.00850720e-01,
         1.37740889e+00, -6.77019728e-01, -1.23765054e+00,
        -4.58851712e-01,  6.78557535e-01, -2.72090116e-01,
        -8.09711634e-01, -2.91018153e-01,  1.64035269e-01,
        -2.72430138e+00, -1.84779737e+00,  1.45218669e+00,
         2.23261443e+00,  6.22187971e-02, -7.66889915e-01,
        -5.93897136e-01,  6.19107966e-01, -4.28020795e-02,
        -3.11512422e+00,  1.03398746e+00, -2.04133029e-01,
         1.77471015e+00, -1.79702730e-01, -6.89262368e-01],
       [-8.07088203e-02, -1.18811543e+00, -2.61927069e-01,
         4.64976315e-01,  3.90488345e-01,  1.12712514e+00,
        -1.52805111e+00,  1.24811792e+00, -1.51047860e+00,
         0.00000000e+00,  7.98610741e-01,  2.10119030e+00,
        -1.78260137e+00,  9.43389851e-01, -2.73187619e+00,
        -3.55307405e-01,  6.52043740e-01, -1.15402820e+00,
        -8.52748650e-01,  1.03875385e+00,  1.27279928e+00,
        -5.30993321e-01, -1.19886283e+00, -1.55024609e+00,
         1.33501630e+00,  7.11212298e-01, -6.63207684e-01,
        -8.10083250e-01,  9.37919779e-02,  9.60393935e-01,
        -4.79287002e+00, -6.25119643e-02,  1.48397185e+00,
         1.78172955e+00,  5.27174640e-01, -1.15772700e+00,
        -5.70236116e-01,  1.07571342e+00, -5.26211602e-01,
        -1.10460089e+00, -2.32824897e-02,  4.83927426e-02,
         5.54385085e-01, -1.23181103e-01, -6.55286658e-01],
       [-2.62567370e-01,  8.19467756e-01, -4.22374373e+00,
         2.65413170e+00,  3.83131707e-01,  7.97407026e-01,
         1.33865399e+00, -1.42930328e+00, -1.33133767e+00,
        -9.00000000e-03, -2.63233038e+00, -1.20281179e-01,
        -2.24131328e+00,  1.74788250e+00,  2.64846241e+00,
        -1.19972942e+00,  8.39017159e-01,  1.49829716e+00,
        -1.44665860e+00, -3.16506240e-01,  1.70559211e+00,
        -3.18864067e+00,  9.41543124e-01,  6.77958197e-01,
        -7.82032693e-01,  2.04655249e+00, -1.03512937e+00,
        -1.16057424e+00, -4.67428813e-01, -2.97058700e-01,
        -1.33612212e+00, -2.57284129e+00,  1.66109067e+00,
         1.90335150e+00,  2.31069815e+00, -2.22694312e+00,
        -1.04134910e+00,  3.81723123e-01, -3.77089826e-02,
        -2.50373920e+00,  4.65024066e-01,  3.65268613e-01,
         1.37738304e+00, -3.30516447e-01, -6.18579935e-01],
       [-5.38332638e-01, -8.42018334e-01, -2.21482380e-01,
         6.33047225e-01,  4.03094330e-01,  1.20908731e+00,
        -1.60219678e+00,  1.20355694e+00, -1.38013927e+00,
         1.00000000e-03,  5.21661462e-01,  2.11324974e+00,
        -1.69089570e+00,  6.98154612e-01, -2.19186191e+00,
        -3.63200481e-01,  8.42236104e-01, -9.78287396e-01,
        -7.94658306e-01,  7.44218282e-01,  1.35465267e+00,
        -2.88710854e-01, -1.05318779e+00, -1.44503863e+00,
         8.82592799e-01,  9.06874389e-01, -4.20137594e-01,
        -7.89555168e-01, -2.64873425e-01,  7.36116409e-01,
        -4.42494374e+00, -2.37791697e-01,  1.42426049e+00,
         1.94266675e+00,  3.83964896e-01, -1.02020778e+00,
        -5.87645184e-01,  1.13349283e+00, -4.81296563e-01,
        -1.25196022e+00, -5.76196601e-02,  9.87032921e-02,
         7.77911227e-01, -1.28726432e-01, -5.62691797e-01],
       [-8.33732112e-01,  2.20507567e-01, -2.36239322e+00,
         1.09136921e+00,  4.47864890e-01,  1.13883093e+00,
         3.74148899e-01, -1.51218501e+00, -1.41317849e+00,
        -4.00000000e-03, -2.40564188e+00, -5.17381453e-01,
        -1.76397547e+00,  2.99946717e-01,  2.96166842e+00,
        -1.86710654e+00, -3.93629806e+00,  5.45571924e+00,
        -1.05531796e+00, -3.13803523e-02,  9.10622203e-02,
        -1.04257275e+00,  9.38066598e-01, -1.12185805e+00,
        -2.93081683e-01,  6.76164975e-01, -1.24446924e+00,
        -7.30591644e-01, -1.24487761e-01,  2.40561722e-01,
        -9.20484126e-01, -3.83675432e+00,  1.32255511e+00,
         1.76173795e+00,  2.36985043e+00, -2.47302779e+00,
        -1.20359024e+00,  3.10977702e-01, -4.49593773e-01,
        -2.83822271e+00, -1.13117494e+00,  1.96608486e+00,
         7.73741048e-01, -2.16811931e-01, -1.43838367e+00],
       [-1.69238976e+00,  2.68636892e+00, -3.99708744e+00,
         1.24732306e+00,  5.19329618e-01,  2.15363473e-01,
         8.91536445e-01, -2.99907074e-01, -2.05544845e+00,
        -2.00000000e-03, -3.48522214e+00,  3.03752623e-01,
        -1.03937459e+00,  6.39197448e-01,  2.34419106e+00,
        -9.39016164e-01,  1.60285778e+00,  4.65448384e-01,
        -2.42875794e+00,  8.00123358e-02, -1.07830763e+00,
         8.55158247e-01, -1.43314194e+00,  6.61641210e-01,
        -2.43805493e-01,  2.10092927e+00, -1.16618976e+00,
        -1.90204784e+00, -2.70147274e-01, -3.71305457e-01,
        -4.34527044e+00,  1.00876664e+00,  1.34828449e+00,
         1.11706916e+00,  1.80779872e+00, -1.87465243e+00,
        -1.53985536e+00,  6.38389942e-01, -2.79136477e-01,
         2.55713779e+00, -4.20194641e+00,  1.15135986e+00,
        -6.04526295e-01, -1.44480556e-01, -1.23045560e+00],
       [-1.00000000e-03,  4.00000000e-03, -1.00000000e-03,
        -1.00000000e-02, -8.00000000e-03,  5.00000000e-03,
        -8.00000000e-03, -7.00000000e-03, -1.00000000e-02,
         1.00000000e-02, -7.00000000e-03,  3.00000000e-03,
         2.00000000e-03,  5.00000000e-03, -4.00000000e-03,
         2.00000000e-03,  5.00000000e-03,  8.00000000e-03,
        -9.00000000e-03,  7.00000000e-03, -1.00000000e-03,
         3.00000000e-03, -1.00000000e-02, -7.00000000e-03,
         9.00000000e-03,  1.00000000e-02, -2.00000000e-03,
        -6.00000000e-03,  1.00000000e-02,  3.00000000e-03,
        -9.00000000e-03, -3.00000000e-03,  1.00000000e-03,
         6.00000000e-03, -2.00000000e-03,  2.00000000e-03,
        -2.00000000e-03, -2.00000000e-03,  6.00000000e-03,
         0.00000000e+00, -5.00000000e-03, -9.00000000e-03,
        -5.00000000e-03,  3.00000000e-03,  3.00000000e-03]]), 'deltas': array([[2.57971107e-05],
       [2.73205775e-02],
       [2.90686593e-02],
       [2.51783752e-02],
       [4.36502256e-06],
       [9.45747172e-06],
       [2.21914777e-05],
       [3.01819039e-02],
       [3.01529404e-02],
       [0.00000000e+00]]), 'outputs': array([[2.13653430e-04],
       [6.54199410e-01],
       [5.96451119e-01],
       [7.03753609e-01],
       [3.61449970e-05],
       [9.99921683e-01],
       [1.83785841e-04],
       [4.90790187e-01],
       [5.18017971e-01],
       [1.00000000e+00]]), 'errors': 0.12076859040934496}, {'weights': array([[ 3.06868931, -0.85800396, -0.90323712, -0.82267857, -2.27818447,
         2.27854976, -1.43565621, -1.95337623, -0.39893469, -1.63076035],
       [ 0.58684608,  1.19760824,  1.13874497,  1.27276286,  1.87686053,
         2.13844708,  1.35818666,  1.72504508,  1.95486019, -4.06055793],
       [ 1.15773769, -0.56376198, -0.55821919, -0.57840631, -0.93774501,
        -0.12946009, -0.82804008, -0.06941902,  0.07688566, -2.42107273],
       [-1.63620671, -0.56973045, -0.60826062, -0.70908098,  2.08454112,
        -0.8901729 ,  1.3932073 , -0.1526269 , -1.18857689, -1.86239469],
       [-0.28688905, -0.59049445, -0.55877688, -0.60037332,  0.09495392,
        -1.71777754, -0.16541529, -0.44142274,  1.05522008, -2.36880093],
       [-4.5922851 , -1.54975798, -1.59305444, -1.52641444, -2.36879649,
        -3.25990885, -2.16161576, -2.08817426, -3.83980773,  1.85023657]]), 'deltas': array([[-9.28511068e-03],
       [ 7.79707325e-03],
       [-6.22675487e-04],
       [-8.41607724e-05],
       [-5.43866569e-05],
       [-3.28782066e-07]]), 'outputs': array([[1.01665724e-01],
       [9.07297612e-01],
       [2.52749214e-02],
       [9.21648819e-03],
       [7.40217797e-03],
       [5.73559719e-04]]), 'errors': array([[-0.10166572],
       [ 0.09270239],
       [-0.02527492],
       [-0.00921649],
       [-0.00740218],
       [-0.00057356]])}]
Accuracy: 50.0 %

train_data group 2 length:  172
   0   1   2   3   4   5   6   7   8  ...  36  37  38  39  40  41  42  43  44
0   0   1   0   0   0   0   0   1   0 ...   0   0   0   1   0   0   0   0   0
1   0   1   0   0   0   0   1   0   0 ...   0   0   0   0   1   0   0   0   0
2   0   0   1   0   0   0   0   1   0 ...   0   0   0   1   0   0   0   0   0
3   0   1   0   0   0   0   0   1   0 ...   0   0   0   1   0   0   0   0   0
4   0   0   1   0   0   0   1   0   0 ...   0   0   0   0   1   0   0   0   0

[5 rows x 45 columns]
Initial Neural Network:
[{'weights': array([[-0.005, -0.002, -0.006, -0.005,  0.   ,  0.003,  0.004,  0.003,
        -0.01 , -0.003, -0.003, -0.003,  0.008, -0.005, -0.01 , -0.005,
         0.004,  0.003, -0.009, -0.01 ,  0.008, -0.003, -0.007,  0.004,
         0.01 ,  0.004, -0.004, -0.003, -0.004, -0.002,  0.006,  0.   ,
         0.003,  0.007, -0.007, -0.006,  0.   ,  0.   , -0.01 ,  0.007,
         0.009, -0.005,  0.005, -0.005, -0.008],
       [ 0.004, -0.004,  0.007, -0.003,  0.005,  0.005, -0.001, -0.007,
        -0.005, -0.001,  0.01 ,  0.01 , -0.006,  0.001,  0.   , -0.002,
         0.008,  0.005,  0.   ,  0.001, -0.002, -0.005, -0.009,  0.008,
         0.005, -0.002,  0.005,  0.007, -0.005,  0.007, -0.002, -0.009,
        -0.007, -0.002,  0.002, -0.004, -0.003,  0.001,  0.009,  0.008,
         0.01 ,  0.002,  0.009, -0.006, -0.008],
       [-0.004,  0.003, -0.003, -0.007,  0.001,  0.003, -0.008,  0.002,
         0.009,  0.   ,  0.007,  0.007, -0.007,  0.008, -0.01 , -0.003,
        -0.005,  0.006,  0.002,  0.004, -0.009,  0.004,  0.002,  0.006,
        -0.009, -0.008, -0.004,  0.   , -0.008,  0.006, -0.002, -0.001,
         0.008,  0.01 , -0.008,  0.007, -0.007, -0.006,  0.008,  0.006,
        -0.007, -0.002, -0.006, -0.003,  0.007],
       [-0.01 ,  0.   ,  0.005,  0.004, -0.009, -0.008, -0.002, -0.001,
        -0.005,  0.009,  0.002,  0.01 , -0.004,  0.001,  0.   , -0.006,
        -0.002, -0.007, -0.008, -0.005,  0.004,  0.006, -0.005, -0.004,
         0.003,  0.007,  0.009,  0.009, -0.006,  0.007,  0.004,  0.01 ,
         0.009, -0.009, -0.006,  0.   ,  0.004,  0.004,  0.007,  0.01 ,
         0.006, -0.003,  0.01 , -0.001,  0.006],
       [ 0.   ,  0.001, -0.001,  0.01 ,  0.006, -0.005,  0.004, -0.009,
        -0.007, -0.007,  0.002, -0.009,  0.01 ,  0.004,  0.007,  0.01 ,
         0.005, -0.005, -0.005,  0.002, -0.002, -0.002, -0.005, -0.005,
         0.001, -0.009, -0.001,  0.006,  0.004,  0.005, -0.002, -0.003,
         0.006,  0.001, -0.005, -0.007,  0.004,  0.009,  0.005,  0.007,
        -0.004, -0.008, -0.01 , -0.002,  0.003],
       [ 0.003,  0.   , -0.003, -0.001, -0.008, -0.01 , -0.004, -0.003,
        -0.009, -0.01 , -0.008,  0.002, -0.01 , -0.002, -0.003,  0.002,
        -0.01 ,  0.008, -0.006,  0.01 ,  0.003, -0.004,  0.005,  0.009,
         0.01 ,  0.004, -0.007,  0.001, -0.009, -0.008, -0.003,  0.002,
         0.008,  0.003,  0.004,  0.01 ,  0.006, -0.007,  0.005,  0.006,
         0.01 ,  0.009, -0.006,  0.   ,  0.   ],
       [ 0.003,  0.002, -0.002, -0.008,  0.001, -0.01 ,  0.001, -0.01 ,
        -0.01 ,  0.003,  0.003, -0.008,  0.008, -0.005,  0.005,  0.006,
        -0.007, -0.008,  0.007,  0.001, -0.006, -0.002, -0.01 ,  0.003,
         0.001, -0.005, -0.002,  0.009,  0.006,  0.008, -0.007,  0.   ,
        -0.008, -0.006,  0.005, -0.01 ,  0.002, -0.005, -0.007, -0.006,
        -0.006, -0.001, -0.005, -0.002,  0.009],
       [-0.005, -0.005,  0.005,  0.003,  0.001, -0.006, -0.003, -0.009,
        -0.002, -0.006, -0.004,  0.004, -0.001,  0.   , -0.003,  0.007,
        -0.004,  0.007, -0.004,  0.001, -0.001, -0.01 , -0.004, -0.009,
        -0.003, -0.009, -0.006,  0.004,  0.002,  0.002, -0.005,  0.006,
        -0.005,  0.008,  0.006, -0.007, -0.002,  0.004,  0.008,  0.   ,
         0.002,  0.006,  0.01 ,  0.005, -0.002],
       [ 0.   ,  0.007,  0.008, -0.005,  0.006,  0.01 , -0.002, -0.009,
        -0.006, -0.001,  0.008, -0.006,  0.003,  0.01 ,  0.006,  0.009,
        -0.008, -0.005,  0.   , -0.007, -0.001,  0.002,  0.   ,  0.005,
        -0.002,  0.   , -0.005, -0.005,  0.003, -0.001, -0.01 , -0.008,
        -0.003, -0.01 , -0.01 , -0.003, -0.007,  0.   , -0.004,  0.006,
         0.006,  0.001, -0.008, -0.008,  0.007],
       [-0.002,  0.009, -0.003,  0.009, -0.001, -0.005,  0.002, -0.005,
         0.007,  0.005,  0.003, -0.007, -0.003,  0.008,  0.006, -0.008,
         0.007, -0.001, -0.002, -0.001, -0.001,  0.001, -0.003,  0.006,
        -0.009, -0.007, -0.003,  0.002,  0.   ,  0.006, -0.01 ,  0.005,
        -0.006,  0.001, -0.003, -0.002,  0.002, -0.005, -0.004,  0.009,
         0.008, -0.008,  0.007,  0.002,  0.002]]), 'deltas': array([[0.],
       [0.],
       [0.],
       [0.],
       [0.],
       [0.],
       [0.],
       [0.],
       [0.],
       [0.]]), 'outputs': array([[0.],
       [0.],
       [0.],
       [0.],
       [0.],
       [0.],
       [0.],
       [0.],
       [0.],
       [0.]]), 'errors': array([[0.],
       [0.],
       [0.],
       [0.],
       [0.],
       [0.],
       [0.],
       [0.],
       [0.],
       [0.]])}, {'weights': array([[-0.003,  0.007, -0.002, -0.007,  0.003,  0.008, -0.009, -0.001,
        -0.002, -0.002],
       [-0.005, -0.005,  0.001, -0.001, -0.01 , -0.009,  0.004, -0.003,
         0.01 , -0.002],
       [ 0.005, -0.004, -0.001,  0.009, -0.001,  0.008,  0.007, -0.01 ,
        -0.002,  0.007],
       [ 0.002,  0.   ,  0.008, -0.006, -0.003,  0.002, -0.002,  0.005,
         0.003, -0.007],
       [-0.004,  0.004,  0.   , -0.008,  0.006, -0.007, -0.008, -0.006,
        -0.003, -0.005],
       [ 0.007,  0.   , -0.006,  0.003, -0.009,  0.006,  0.002,  0.006,
        -0.006,  0.009]]), 'deltas': array([[0.],
       [0.],
       [0.],
       [0.],
       [0.],
       [0.],
       [0.]]), 'outputs': array([[0.],
       [0.],
       [0.],
       [0.],
       [0.],
       [0.],
       [0.]]), 'errors': array([[0.],
       [0.],
       [0.],
       [0.],
       [0.],
       [0.],
       [0.]])}]
Training complete!
Training done. epoch: 42 , total error: 0.0072771326749512645
[{'weights': array([[ 2.00868660e+00, -2.58479645e+00, -1.86056157e-01,
        -8.60948992e-01,  1.76951814e-01, -1.32201024e-01,
         5.37808634e-01, -7.53532829e-01, -1.27467307e+00,
         1.91435103e-01, -2.47141195e+00, -1.15324298e+00,
        -1.39720640e+00,  3.26091110e+00,  3.19787041e-01,
        -1.98844202e-01,  2.69611005e+00, -2.99580260e+00,
        -1.42933786e+00,  4.82711424e-01, -1.20245442e+00,
         1.71898678e+00, -3.81384851e+00,  2.43786786e+00,
        -5.56714901e-01, -3.57498850e-01, -7.04786169e-01,
        -6.50062687e-01,  2.77184521e-01, -2.93311292e-01,
         1.27088139e-01, -6.70491434e-01, -2.27974541e-01,
        -3.49474057e-01, -1.47391611e+00,  4.17622141e-01,
        -1.04529071e+00,  4.08070681e-01,  2.42350818e-01,
         3.45266095e-01, -8.57264729e-01, -1.64729947e-01,
        -5.30017202e-01, -2.10417402e-01, -1.43616318e+00],
       [ 1.56662908e+00, -2.59565484e+00,  1.06636486e-01,
        -3.61691261e-01,  2.97150406e-01,  1.72921356e-01,
         5.75071533e-01, -8.22057506e-01, -1.14861168e+00,
         2.17746169e-01, -1.31326346e+00, -6.56807110e-01,
        -7.97517362e-01,  3.26861537e-01,  1.45979626e+00,
         1.28440483e+00, -1.07475281e+00, -1.30828891e+00,
        -8.92247581e-01,  1.00695433e+00, -5.63586586e-01,
         7.66341614e-01, -5.60161093e-01, -4.71096077e-01,
        -1.70427989e-01, -6.41317494e-01, -3.45095131e-01,
        -4.05436232e-01,  4.00918727e-01,  1.01543050e-01,
        -1.55468444e+00,  7.65864498e-01,  1.90960865e-01,
        -5.12614101e-01, -4.58798677e-01, -8.49322591e-01,
        -7.66209447e-01,  7.07900919e-01,  3.75499666e-01,
        -8.99092303e-01,  3.14156914e-01, -5.31343610e-01,
         2.98974079e-01, -1.55625210e-01, -1.00393013e+00],
       [ 9.84489234e-01, -2.40527703e+00,  2.80081764e-01,
        -2.69968146e-01,  3.66657591e-01,  2.66148880e-01,
         2.65370967e-01, -6.03187852e-01, -1.14231600e+00,
         1.85967420e-01, -1.28643509e+00, -6.34155286e-01,
        -7.31223618e-01, -1.99960136e-01,  1.82275754e+00,
         1.51652674e+00, -1.52595240e+00, -1.09079168e+00,
        -8.52153885e-01,  9.22354628e-01, -5.20331644e-01,
         7.68617368e-01, -6.76766708e-01, -4.19992134e-01,
        -1.91543471e-01, -6.92901036e-01, -3.00532374e-01,
        -3.78019180e-01,  3.17436002e-01,  9.23360118e-02,
        -1.63509766e+00,  7.22068159e-01,  2.91716006e-01,
        -4.84039111e-01, -6.10686500e-01, -8.15731998e-01,
        -7.42355905e-01,  6.89901594e-01,  4.38856221e-01,
        -8.63832118e-01,  3.05534138e-01, -3.95614695e-01,
         5.00801308e-02, -1.42184045e-01, -1.02701659e+00],
       [ 1.82419574e+00, -2.89907432e+00,  2.25129343e-01,
        -6.17640533e-01,  1.77391997e-01,  6.52767024e-02,
         1.32729766e+00, -1.75183810e+00, -1.08757779e+00,
         1.59843742e-01, -1.48451922e+00, -6.69425489e-01,
        -1.32149135e+00,  3.01771780e+00, -8.13279513e-01,
        -1.85593364e-01,  6.25041731e-01, -1.46964150e+00,
        -9.22557199e-01,  6.44752563e-01, -6.16040198e-01,
         4.58597888e-01,  1.04621081e-01, -9.65483101e-01,
        -2.57693444e-01, -5.88736620e-01, -5.24141437e-01,
        -4.28340486e-01,  2.80220770e-01, -2.94006464e-01,
        -1.00942437e+00,  2.57051279e-01,  1.73333052e-01,
        -3.85951271e-01, -5.70044248e-01, -7.08715405e-01,
        -7.81527246e-01,  4.79975196e-01,  3.09313930e-01,
        -2.28975115e+00,  2.21951225e+00, -1.29486089e+00,
         2.51705838e-01, -1.44603822e-01, -1.27399777e+00],
       [-9.11207417e-02, -7.05818381e-01,  2.11368660e-02,
        -6.22399459e-01,  9.33859700e-02, -3.42384500e-01,
         7.34219517e-01, -5.30472298e-01, -1.40927029e+00,
         2.03091827e-01, -3.21582597e+00, -1.04245961e+00,
        -2.14242047e+00,  1.66118353e+00,  3.43270678e+00,
         5.86626010e-02,  3.29393041e+00, -3.45135766e+00,
        -1.54017042e+00,  3.25119324e-01, -1.38957012e+00,
         1.11335500e+00,  7.18279873e-01, -1.13426388e+00,
        -6.41616619e-01,  1.74271650e-01, -8.36377717e-01,
        -9.20083148e-01,  2.61373469e-01, -6.76038435e-01,
         7.83119824e-01, -6.34595339e-01, -4.23581154e-01,
        -3.62720643e-01, -4.08108089e-01, -5.14031277e-01,
        -1.13415704e+00,  4.50580220e-01,  2.90900441e-01,
        -1.25276775e-01, -1.13138264e+00, -2.26458766e-01,
         2.78691449e-01, -1.33389013e-01, -1.31781575e+00],
       [-3.33442484e-01,  5.44684510e-01, -1.26731595e+00,
        -1.46783148e-01,  6.72597150e-01, -2.70321553e-01,
         7.91569690e-01, -2.18473608e-01, -1.32510364e+00,
         4.65069187e-01, -1.09502594e+00, -1.18191214e+00,
        -1.16151213e+00,  1.55603315e+00,  1.34015713e+00,
         3.75189102e-01,  1.16367222e+00,  9.54636872e-01,
        -2.89526896e+00, -1.15489152e-01, -1.54691173e+00,
         1.57972472e+00,  4.17738154e-01, -2.62211734e-01,
        -6.86599327e-01,  1.93635690e+00, -1.46991063e+00,
        -1.34065607e+00,  3.41949873e-01, -6.38265123e-01,
        -1.18228298e+00,  1.73461380e-01,  1.03020941e+00,
         9.76173929e-02,  2.08131403e+00, -1.64494673e+00,
        -1.78777849e+00,  3.21688926e-01,  5.26462344e-01,
        -1.03334444e+00,  2.03244566e-01, -2.74221665e-01,
         3.39529400e-01,  2.62532224e-01, -5.21259919e-01],
       [ 1.35216677e+00, -2.48129468e+00,  6.29396686e-01,
        -6.73641641e-01,  3.29793949e-01,  2.11233883e-01,
         1.68191791e-01, -2.88748626e-01, -1.21750586e+00,
         2.61249899e-01, -1.18013102e+00, -6.42839119e-01,
        -5.78368836e-01, -5.32737960e-01,  2.09749802e+00,
         1.82185156e+00, -1.84562836e+00, -1.29422960e+00,
        -8.75599284e-01,  1.35302677e+00, -3.16944335e-01,
         9.88212661e-01, -9.95793317e-01, -4.13866867e-01,
        -1.15187056e-01, -8.27321344e-01, -1.68913008e-01,
        -3.73232386e-01,  5.37887824e-01,  4.38610507e-01,
        -1.19778488e+00,  2.79012731e-01,  2.39679056e-01,
        -6.12096331e-01, -4.91086753e-01, -9.20754089e-01,
        -7.46262576e-01,  9.18753717e-01,  3.84770787e-01,
        -3.20066957e-01,  4.12521042e-02, -4.32789025e-01,
        -5.42301936e-03, -1.42552017e-01, -8.30578914e-01],
       [ 1.17225266e+00, -2.44829315e+00,  7.05826612e-01,
        -6.63400917e-01,  3.91142189e-01,  2.79164182e-01,
         5.91769513e-02, -2.22887878e-01, -1.22454264e+00,
         2.41616785e-01, -1.14626692e+00, -6.28059807e-01,
        -5.84297975e-01, -6.39164496e-01,  2.15231660e+00,
         1.86800234e+00, -1.95916172e+00, -1.15386603e+00,
        -8.61958717e-01,  1.27251152e+00, -3.13388524e-01,
         9.49861447e-01, -9.48915799e-01, -4.32812137e-01,
        -1.23217592e-01, -7.97963512e-01, -1.59819605e-01,
        -3.71847635e-01,  4.79158147e-01,  3.91514893e-01,
        -1.19185293e+00,  2.47994594e-01,  3.09489437e-01,
        -5.92618604e-01, -5.53075124e-01, -9.01183689e-01,
        -7.35325227e-01,  9.00591663e-01,  4.56519772e-01,
        -3.36178383e-01,  4.17167355e-02, -3.65727518e-01,
        -2.56406245e-02, -1.32642815e-01, -8.43472605e-01],
       [-7.79780954e-01,  1.40104967e+00, -6.00537627e-01,
        -1.48206100e+00,  2.94477374e-01, -5.66184105e-01,
         1.48585302e+00, -1.33893028e+00, -1.08535224e+00,
         3.13761068e-01, -1.94946842e+00, -1.79656304e+00,
        -1.28844940e+00,  1.42752486e+00,  2.44510345e+00,
         1.86715015e-01,  5.30119778e-01,  5.59361616e-01,
        -2.41846014e+00, -5.15888139e-02, -1.98578191e+00,
         5.37934888e-01,  7.25109490e-01,  3.54703800e-01,
        -8.10818810e-01,  9.17070659e-01, -1.24667385e+00,
        -1.13750728e+00,  2.77257924e-01, -1.30204492e+00,
         5.28402787e-01,  2.33342201e-01,  1.04918956e-01,
        -7.79471566e-01,  1.10490319e+00, -1.45321218e+00,
        -1.69247277e+00,  3.51610712e-01,  4.82318507e-01,
        -6.36581834e-02, -9.66747291e-01, -5.73777537e-01,
         1.05040717e-01,  3.13289753e-01, -1.17585254e+00],
       [-2.00000000e-03,  9.00000000e-03, -3.00000000e-03,
         9.00000000e-03, -1.00000000e-03, -5.00000000e-03,
         2.00000000e-03, -5.00000000e-03,  7.00000000e-03,
         5.00000000e-03,  3.00000000e-03, -7.00000000e-03,
        -3.00000000e-03,  8.00000000e-03,  6.00000000e-03,
        -8.00000000e-03,  7.00000000e-03, -1.00000000e-03,
        -2.00000000e-03, -1.00000000e-03, -1.00000000e-03,
         1.00000000e-03, -3.00000000e-03,  6.00000000e-03,
        -9.00000000e-03, -7.00000000e-03, -3.00000000e-03,
         2.00000000e-03,  0.00000000e+00,  6.00000000e-03,
        -1.00000000e-02,  5.00000000e-03, -6.00000000e-03,
         1.00000000e-03, -3.00000000e-03, -2.00000000e-03,
         2.00000000e-03, -5.00000000e-03, -4.00000000e-03,
         9.00000000e-03,  8.00000000e-03, -8.00000000e-03,
         7.00000000e-03,  2.00000000e-03,  2.00000000e-03]]), 'deltas': array([[1.41024136e-05],
       [5.81653635e-03],
       [5.54975503e-03],
       [1.08740449e-02],
       [6.67663242e-03],
       [1.89817479e-04],
       [5.60210918e-03],
       [5.43955061e-03],
       [6.05441265e-04],
       [0.00000000e+00]]), 'outputs': array([[2.92557125e-04],
       [8.59680694e-01],
       [8.67291450e-01],
       [6.56467142e-01],
       [8.33964928e-01],
       [9.96047734e-01],
       [8.65810375e-01],
       [8.70389729e-01],
       [9.87281937e-01],
       [1.00000000e+00]]), 'errors': 0.04821807237516208}, {'weights': array([[ 1.98460899,  0.93688397,  0.86874014,  1.35980569,  2.83658779,
         0.3999586 ,  0.93307212,  0.98332179,  0.97388365, -4.08197362],
       [-1.56211602, -0.42753898, -0.52824982, -0.55300804, -0.84994566,
         3.42200872, -0.95251031, -0.90404936, -0.16092405, -2.73041588],
       [-0.36386328, -0.27515371, -0.12182899, -0.50880695,  0.26637497,
         0.15057079,  0.07006346,  0.08458817,  0.74589798, -3.41535068],
       [-0.49945072,  0.27002206,  0.00829898, -0.15490449, -2.04043001,
         1.14908156,  0.80287648,  0.59664331, -1.06561304, -2.04957338],
       [-0.70655844, -0.49375285, -0.52243349, -0.61396231, -1.07796624,
         0.50322732, -0.41676733, -0.43567858, -0.39259915, -2.42331974],
       [-1.84625407, -1.66797034, -1.54164086, -1.48372417, -2.19616316,
        -4.99691332, -1.88481944, -1.82019882, -2.98227032,  2.78161783]]), 'deltas': array([[ 5.08340594e-04],
       [-2.21314180e-03],
       [-2.88618017e-03],
       [-7.82430263e-03],
       [-2.82356352e-05],
       [-7.90396097e-13]]), 'outputs': array([[9.77191987e-01],
       [4.82210398e-02],
       [5.52724124e-02],
       [9.28728420e-02],
       [5.32793380e-03],
       [8.89042631e-07]]), 'errors': array([[ 2.28080128e-02],
       [-4.82210398e-02],
       [-5.52724124e-02],
       [-9.28728420e-02],
       [-5.32793380e-03],
       [-8.89042631e-07]])}]
Accuracy: 54.761904761904766 %

train_data group 3 length:  170
   0   1   2   3   4   5   6   7   8  ...  36  37  38  39  40  41  42  43  44
0   0   1   0   0   0   0   0   1   0 ...   0   0   0   1   0   0   0   0   0
1   0   1   0   0   0   0   1   0   0 ...   0   0   0   0   1   0   0   0   0
2   0   0   1   0   0   0   0   1   0 ...   0   0   0   1   0   0   0   0   0
3   0   1   0   0   0   0   0   1   0 ...   0   0   0   1   0   0   0   0   0
4   0   0   1   0   0   0   1   0   0 ...   0   0   0   0   1   0   0   0   0

[5 rows x 45 columns]
Initial Neural Network:
[{'weights': array([[-0.003, -0.01 ,  0.002, -0.009,  0.006, -0.007, -0.007, -0.009,
        -0.001, -0.001, -0.004,  0.002, -0.004,  0.004,  0.003, -0.002,
         0.007,  0.008,  0.006, -0.001, -0.002, -0.004, -0.005, -0.01 ,
        -0.01 ,  0.   , -0.002,  0.005,  0.003, -0.008, -0.009, -0.001,
         0.   , -0.001,  0.007, -0.004, -0.002, -0.003, -0.009,  0.009,
         0.009, -0.001, -0.005,  0.007, -0.007],
       [-0.006, -0.003,  0.01 , -0.002, -0.003, -0.003,  0.002, -0.005,
         0.008,  0.   ,  0.003,  0.007,  0.002, -0.01 ,  0.006,  0.003,
        -0.003,  0.   , -0.004, -0.007,  0.   ,  0.001, -0.004,  0.009,
         0.   , -0.002, -0.005, -0.006,  0.001, -0.01 , -0.01 ,  0.001,
         0.008, -0.005,  0.008, -0.002, -0.003,  0.008,  0.005, -0.007,
        -0.002, -0.005, -0.002, -0.003, -0.002],
       [-0.01 , -0.002, -0.005, -0.002, -0.006,  0.01 ,  0.01 , -0.005,
         0.009,  0.007,  0.007, -0.002, -0.01 ,  0.006, -0.009, -0.004,
        -0.008, -0.01 ,  0.001, -0.004, -0.003, -0.004, -0.008,  0.   ,
        -0.007,  0.01 , -0.006, -0.01 ,  0.006,  0.007, -0.009,  0.008,
         0.006,  0.009,  0.   ,  0.   ,  0.007, -0.009, -0.001,  0.003,
        -0.007,  0.   ,  0.008,  0.007,  0.006],
       [-0.007, -0.007,  0.   ,  0.01 , -0.003, -0.006, -0.008, -0.002,
         0.006, -0.002,  0.003,  0.006,  0.003,  0.006, -0.006, -0.005,
        -0.007, -0.001, -0.004, -0.003,  0.008,  0.005,  0.003,  0.009,
         0.009, -0.003, -0.007,  0.006,  0.001, -0.005,  0.002,  0.003,
         0.005,  0.   ,  0.003,  0.002, -0.009, -0.009, -0.01 , -0.008,
         0.   ,  0.003,  0.006,  0.007,  0.001],
       [-0.004,  0.001, -0.01 , -0.009,  0.009, -0.001, -0.005,  0.003,
         0.001,  0.008, -0.009, -0.008,  0.005,  0.002,  0.007,  0.006,
         0.002, -0.01 , -0.01 , -0.01 ,  0.002,  0.001,  0.008,  0.009,
         0.006,  0.01 , -0.004, -0.003,  0.007,  0.001, -0.004,  0.   ,
         0.003,  0.001, -0.006,  0.006,  0.003,  0.007,  0.006,  0.008,
        -0.003,  0.002, -0.007, -0.002, -0.004],
       [ 0.002, -0.004,  0.004,  0.008,  0.005, -0.007,  0.002, -0.001,
         0.003, -0.01 , -0.008,  0.003,  0.   ,  0.   ,  0.006, -0.007,
         0.002, -0.01 ,  0.003,  0.001,  0.006,  0.01 ,  0.007,  0.004,
         0.009,  0.006, -0.003,  0.001, -0.002, -0.006, -0.008, -0.003,
         0.006, -0.009,  0.003, -0.002,  0.001,  0.006,  0.003, -0.005,
        -0.01 , -0.009, -0.009,  0.002,  0.003],
       [ 0.008,  0.008,  0.007,  0.007,  0.001, -0.008,  0.   , -0.005,
        -0.009,  0.004, -0.006,  0.01 ,  0.009, -0.006,  0.003,  0.008,
        -0.004, -0.009,  0.005,  0.009,  0.01 , -0.009, -0.001, -0.007,
         0.005,  0.003, -0.001,  0.005, -0.001, -0.005,  0.   , -0.009,
         0.005, -0.006, -0.009, -0.007, -0.007, -0.001,  0.008, -0.005,
        -0.002,  0.   ,  0.006,  0.   ,  0.008],
       [-0.002, -0.004,  0.005,  0.005, -0.007,  0.006, -0.001,  0.01 ,
        -0.007,  0.003, -0.01 ,  0.009, -0.01 ,  0.002, -0.008, -0.003,
        -0.007,  0.007,  0.005,  0.01 , -0.008,  0.007,  0.004, -0.005,
        -0.006,  0.006,  0.002,  0.005, -0.009,  0.01 , -0.004, -0.002,
        -0.008, -0.006, -0.009, -0.002, -0.009,  0.007, -0.008,  0.004,
         0.007, -0.005, -0.004, -0.008,  0.002],
       [ 0.001, -0.002,  0.005,  0.002,  0.002,  0.006, -0.002,  0.008,
         0.01 , -0.002,  0.008,  0.009,  0.009,  0.005,  0.   ,  0.   ,
         0.003, -0.01 ,  0.   , -0.004,  0.009,  0.009, -0.002,  0.009,
        -0.008,  0.002,  0.002,  0.004,  0.003, -0.007,  0.007, -0.01 ,
        -0.003,  0.   , -0.002,  0.   , -0.003,  0.002, -0.01 , -0.009,
        -0.002,  0.004, -0.008,  0.003, -0.004],
       [-0.004,  0.006, -0.001, -0.008,  0.01 , -0.007,  0.003,  0.001,
        -0.006, -0.006,  0.006,  0.004, -0.004, -0.005,  0.   , -0.005,
        -0.005,  0.004, -0.006,  0.002, -0.008, -0.004, -0.007,  0.009,
        -0.006, -0.002, -0.009, -0.006, -0.008,  0.007, -0.008,  0.   ,
        -0.004,  0.008,  0.007, -0.007, -0.002, -0.008, -0.006, -0.006,
         0.008,  0.002,  0.004, -0.003,  0.007]]), 'deltas': array([[0.],
       [0.],
       [0.],
       [0.],
       [0.],
       [0.],
       [0.],
       [0.],
       [0.],
       [0.]]), 'outputs': array([[0.],
       [0.],
       [0.],
       [0.],
       [0.],
       [0.],
       [0.],
       [0.],
       [0.],
       [0.]]), 'errors': array([[0.],
       [0.],
       [0.],
       [0.],
       [0.],
       [0.],
       [0.],
       [0.],
       [0.],
       [0.]])}, {'weights': array([[ 0.008,  0.003, -0.001,  0.01 , -0.001,  0.   ,  0.004,  0.002,
         0.002, -0.01 ],
       [ 0.009,  0.009,  0.   ,  0.005,  0.008, -0.009,  0.01 , -0.005,
        -0.007, -0.009],
       [-0.01 ,  0.009, -0.005, -0.007, -0.009, -0.008, -0.001, -0.006,
        -0.008, -0.003],
       [-0.01 ,  0.001, -0.007,  0.009,  0.   , -0.008,  0.006,  0.002,
         0.006, -0.009],
       [-0.002, -0.009, -0.009,  0.004,  0.   , -0.003,  0.003,  0.005,
        -0.009, -0.007],
       [ 0.001, -0.001, -0.007, -0.002, -0.008, -0.01 , -0.005,  0.009,
        -0.007, -0.01 ]]), 'deltas': array([[0.],
       [0.],
       [0.],
       [0.],
       [0.],
       [0.],
       [0.]]), 'outputs': array([[0.],
       [0.],
       [0.],
       [0.],
       [0.],
       [0.],
       [0.]]), 'errors': array([[0.],
       [0.],
       [0.],
       [0.],
       [0.],
       [0.],
       [0.]])}]
Training complete!
Training done. epoch: 43 , total error: 0.002777068171768311
[{'weights': array([[ 3.48773897e-01, -1.75609019e+00,  6.49000258e-01,
        -1.56469515e-01, -1.23288972e-01,  6.99031480e-02,
         7.34064449e-01, -6.56503085e-01, -9.49501333e-01,
        -2.47037699e-01, -1.12554294e+00, -4.42169387e-01,
        -7.24242403e-01,  4.55629063e-01,  8.13251150e-01,
         1.43355687e+00, -1.00827753e+00, -6.59601866e-01,
        -1.25833638e+00,  4.86584377e-01, -5.84548713e-01,
         4.43788608e-01, -3.34556268e-01, -7.54789236e-01,
         1.75031087e-01, -1.23059500e+00,  1.53698039e-01,
         5.00000000e-03,  5.38224399e-02, -1.07926242e-01,
        -1.56649155e+00,  3.55855924e-01,  8.13118708e-02,
         1.94175480e-01, -4.68597462e-01, -7.76799554e-02,
        -1.09477410e+00,  6.14977000e-01, -9.00000000e-03,
        -7.49330882e-01,  1.03084212e+00, -4.32461394e-01,
        -5.95564520e-01, -2.58559844e-01, -1.03107452e+00],
       [ 5.53715313e-01, -1.84753395e+00,  9.23352998e-01,
        -3.19246081e-01, -1.19838663e-01,  7.21180688e-02,
         5.98521833e-01, -2.61860893e-01, -9.09545532e-01,
        -3.02783861e-01, -1.07117202e+00, -4.35686002e-01,
        -5.20291960e-01, -2.87570192e-01,  1.51716979e+00,
         1.83660848e+00, -1.57291271e+00, -6.38674180e-01,
        -1.26257077e+00,  8.20998786e-01, -4.16537096e-01,
         7.11971060e-01, -5.29904584e-01, -6.88428856e-01,
         1.23349091e-01, -1.33379147e+00,  4.03098766e-01,
        -6.00000000e-03,  1.19142317e-01,  9.32966540e-02,
        -1.43589928e+00,  2.71740618e-01,  6.98435044e-02,
         1.79468113e-01, -4.84137762e-01, -1.04640574e-01,
        -1.09960223e+00,  8.93830180e-01,  5.00000000e-03,
         1.03874468e-01,  9.30031774e-01, -4.79486498e-01,
        -1.13701827e+00, -2.41951858e-01, -8.07550386e-01],
       [ 2.67573935e-01, -1.69019585e+00,  6.26100973e-01,
        -1.37144787e-01, -1.39822072e-01,  1.00906268e-01,
         7.41266252e-01, -6.98774272e-01, -9.17061048e-01,
        -2.43824997e-01, -1.10372369e+00, -4.52953348e-01,
        -7.52357866e-01,  4.75578363e-01,  7.76968741e-01,
         1.40911488e+00, -9.58610629e-01, -6.92772790e-01,
        -1.26168758e+00,  4.30468320e-01, -6.31351296e-01,
         4.39530771e-01, -3.50758400e-01, -7.11078903e-01,
         1.83170030e-01, -1.19192997e+00,  1.03830547e-01,
        -1.00000000e-02,  4.96116297e-02, -1.45927515e-01,
        -1.57373444e+00,  3.88647537e-01,  8.80415823e-02,
         2.15485037e-01, -4.55732969e-01, -7.34774916e-02,
        -1.08361376e+00,  5.62336426e-01, -1.00000000e-03,
        -7.72577137e-01,  9.86838590e-01, -4.44527970e-01,
        -5.53980410e-01, -2.53240870e-01, -1.04248780e+00],
       [ 4.40437960e-01, -1.80338769e+00,  7.14588879e-01,
        -2.15169092e-01, -1.27553129e-01,  8.53623300e-02,
         6.66027169e-01, -5.28197292e-01, -9.42403432e-01,
        -2.76871842e-01, -1.08640442e+00, -4.36974281e-01,
        -6.00250752e-01,  6.32994896e-02,  1.08824689e+00,
         1.54797512e+00, -1.30408963e+00, -6.36491306e-01,
        -1.26086461e+00,  6.49387357e-01, -4.90850855e-01,
         4.67218991e-01, -4.05933381e-01, -6.81704469e-01,
         1.61186647e-01, -1.35249221e+00,  2.77439218e-01,
         6.00000000e-03,  8.19699254e-02,  9.01551697e-04,
        -1.67290462e+00,  4.16194256e-01,  8.23740148e-02,
         1.94351735e-01, -5.51611831e-01, -8.87753085e-02,
        -1.09839252e+00,  7.41696588e-01, -1.00000000e-02,
        -4.42260497e-01,  1.00097141e+00, -4.54903629e-01,
        -8.34736061e-01, -2.45154288e-01, -9.83083067e-01],
       [ 2.01366729e-01,  2.66399368e-01, -1.29537112e-01,
         2.10354726e-01, -5.75004905e-01,  5.52775582e-01,
         1.29534282e+00,  1.04412137e-01, -1.43894387e+00,
        -5.21007858e-01, -1.55234318e+00, -3.15936554e-01,
        -1.20357523e+00,  1.48994422e+00,  1.56548955e+00,
         7.08939462e-01,  1.15505850e+00,  9.79234225e-01,
        -2.88743945e+00,  8.78607181e-03, -1.44322926e+00,
         1.53004100e+00, -5.08957710e-01,  9.55348233e-02,
         3.39189952e-01, -1.33281330e-01,  2.45439281e-02,
        -3.00000000e-03,  1.08316209e-01, -3.43593830e-01,
        -6.98760169e-02,  4.70928600e-01,  1.87273274e-01,
        -2.57153219e-01,  1.53742072e+00, -3.53602638e-01,
        -2.21758183e+00,  1.03034255e+00,  6.00000000e-03,
        -4.79844084e-01,  7.78320633e-01, -6.97961884e-01,
         4.05995507e-01, -2.19313655e-02, -1.74211931e-02],
       [ 3.62844139e-01, -2.22381476e-01, -1.17278129e-01,
        -3.93806450e-01, -5.88701713e-01,  2.85061839e-01,
         1.46918872e+00, -1.60643473e+00, -8.12703216e-01,
        -3.22436246e-01, -2.68464926e+00, -7.15420825e-01,
        -2.54187336e+00,  6.25406599e-01,  4.34321322e+00,
        -2.94271602e-02,  3.76044569e+00, -3.06693087e+00,
        -1.70624225e+00,  5.68309597e-02, -1.25855059e+00,
         1.35720662e+00, -4.78429933e-01, -9.15285546e-01,
         3.56735817e-01, -7.04394224e-01, -3.01642035e-01,
         1.00000000e-03,  3.27126293e-02, -9.75287616e-01,
         1.35809708e+00, -4.65899364e-01, -7.51394117e-01,
        -1.59839611e-01, -3.01254842e-01,  4.28465156e-01,
        -1.47583964e+00,  3.82305701e-01,  3.00000000e-03,
         7.30467026e-01, -1.02634570e+00,  8.01244012e-01,
        -1.11307403e+00, -3.97614940e-01, -9.71323629e-01],
       [ 5.34319679e-01, -1.49409996e+00,  9.76427197e-02,
        -1.16363244e-02, -2.79490342e-01,  7.52924715e-02,
         1.69765523e+00, -1.78253603e+00, -9.60101708e-01,
        -2.32574190e-01, -1.22780847e+00, -4.23026350e-01,
        -6.64445397e-01,  2.86762816e+00, -1.72661217e+00,
         6.36985861e-02,  8.57612409e-01, -1.32542849e+00,
        -1.28748242e+00,  5.16335693e-01, -5.84451731e-01,
        -5.85013395e-02,  4.64151592e-01, -1.22078073e+00,
         2.13317985e-01, -1.40399430e+00,  1.62417040e-01,
         5.00000000e-03,  5.83130333e-02, -3.83875394e-02,
        -1.29232614e+00, -3.11884960e-02,  9.97477431e-02,
         6.28902070e-02, -6.77392123e-01, -4.66033234e-02,
        -1.12105023e+00,  6.36781450e-01,  8.00000000e-03,
        -3.46511623e+00,  1.96770829e+00,  2.50753220e-01,
         3.28220855e-01, -2.66830356e-01, -1.17626422e+00],
       [-2.73716254e-01,  1.06152733e+00,  2.69552458e-03,
        -5.59907867e-01, -6.24067448e-01,  2.55799333e-01,
         1.93198697e+00, -1.26290796e+00, -7.78170949e-01,
        -5.26176112e-01, -1.43118324e+00, -3.46548061e-01,
        -2.83607720e+00,  1.70476516e+00,  2.50157463e+00,
        -1.20079265e-02,  1.55530342e+00,  5.72047317e-01,
        -2.38519394e+00, -1.08617587e-01, -1.88179055e+00,
         1.39434342e+00, -8.37404085e-01,  4.96679537e-01,
         4.29702968e-01, -1.63413242e-01, -2.30949455e-01,
         5.00000000e-03,  2.89398383e-03, -7.57079773e-01,
         1.09731704e+00, -2.33746259e-01, -2.42945279e-01,
        -2.64014442e-01,  1.03459813e+00, -7.45115724e-02,
        -1.97982332e+00,  6.16268051e-01, -8.00000000e-03,
        -8.30929768e-01,  8.56722001e-01, -6.81234270e-01,
         3.26071427e-01, -6.70981030e-02, -3.88468713e-01],
       [ 5.99186661e-01, -1.76066492e+00,  7.91656735e-01,
        -2.95837909e-01, -1.33363243e-01,  6.19630345e-02,
         6.44059511e-01, -3.09277159e-01, -8.91000185e-01,
        -2.92767876e-01, -1.09943602e+00, -4.27119093e-01,
        -3.99606585e-01, -1.16067212e-01,  1.26620624e+00,
         1.63670418e+00, -1.37647075e+00, -7.21961370e-01,
        -1.28985177e+00,  9.33557026e-01, -2.75428172e-01,
         6.01253720e-01, -5.78431916e-01, -6.42269397e-01,
         1.04853092e-01, -1.40794338e+00,  4.65313870e-01,
         4.00000000e-03,  1.42606838e-01,  2.02931943e-01,
        -1.44988186e+00,  2.14594649e-01,  4.19045316e-02,
         1.70428063e-01, -5.85710322e-01, -6.88905268e-02,
        -1.13199796e+00,  9.76576134e-01, -1.00000000e-02,
        -7.48935576e-02,  9.17767237e-01, -4.57719300e-01,
        -9.66357809e-01, -2.37819245e-01, -8.11022674e-01],
       [-4.00000000e-03,  6.00000000e-03, -1.00000000e-03,
        -8.00000000e-03,  1.00000000e-02, -7.00000000e-03,
         3.00000000e-03,  1.00000000e-03, -6.00000000e-03,
        -6.00000000e-03,  6.00000000e-03,  4.00000000e-03,
        -4.00000000e-03, -5.00000000e-03,  0.00000000e+00,
        -5.00000000e-03, -5.00000000e-03,  4.00000000e-03,
        -6.00000000e-03,  2.00000000e-03, -8.00000000e-03,
        -4.00000000e-03, -7.00000000e-03,  9.00000000e-03,
        -6.00000000e-03, -2.00000000e-03, -9.00000000e-03,
        -6.00000000e-03, -8.00000000e-03,  7.00000000e-03,
        -8.00000000e-03,  0.00000000e+00, -4.00000000e-03,
         8.00000000e-03,  7.00000000e-03, -7.00000000e-03,
        -2.00000000e-03, -8.00000000e-03, -6.00000000e-03,
        -6.00000000e-03,  8.00000000e-03,  2.00000000e-03,
         4.00000000e-03, -3.00000000e-03,  7.00000000e-03]]), 'deltas': array([[1.95134123e-03],
       [8.65493802e-04],
       [2.04653723e-03],
       [1.68545782e-03],
       [6.74758862e-05],
       [2.31287938e-03],
       [3.88431437e-03],
       [1.60182424e-04],
       [1.75736440e-03],
       [0.00000000e+00]]), 'outputs': array([[0.87457069],
       [0.94871518],
       [0.86735767],
       [0.89401793],
       [0.99619227],
       [0.84637976],
       [0.32212648],
       [0.99091259],
       [0.8888545 ],
       [1.        ]]), 'errors': 0.01778849788753376}, {'weights': array([[ 0.87427354,  0.90616567,  0.82509946,  0.84020411,  1.01048133,
         2.48339837,  1.48351219,  1.14059074,  0.63609971, -4.08503509],
       [-0.53238782, -1.32818001, -0.49273081, -0.78687331,  2.69169677,
        -1.58034594, -0.69659325,  1.00119654, -0.80184599, -2.53136705],
       [-0.36104924, -0.0775831 , -0.37913215, -0.26530084,  0.58366783,
        -0.27453655, -0.59798349,  0.74516081, -0.1782654 , -3.34598766],
       [-0.1474603 ,  0.35804356, -0.1728399 ,  0.08194848,  0.51100527,
        -1.71350789, -0.1723721 , -0.30761756,  0.57009535, -2.01463647],
       [-0.60362483, -0.56560915, -0.61125843, -0.57667261,  1.56917245,
        -1.73948765, -0.63882491, -1.86212853, -0.59449358, -1.92869348],
       [-1.56880274, -1.68953048, -1.54091575, -1.60258087, -5.24243115,
        -2.05491767, -1.59123585, -3.33200736, -1.71472413,  2.28151533]]), 'deltas': array([[ 1.81225030e-04],
       [-3.25336310e-04],
       [-7.40525413e-04],
       [-3.99582690e-03],
       [-2.13038189e-06],
       [-2.03513031e-14]]), 'outputs': array([[9.86445844e-01],
       [1.82035267e-02],
       [2.75960309e-02],
       [6.53863779e-02],
       [1.46064992e-03],
       [1.42658004e-07]]), 'errors': array([[ 1.35541556e-02],
       [-1.82035267e-02],
       [-2.75960309e-02],
       [-6.53863779e-02],
       [-1.46064992e-03],
       [-1.42658004e-07]])}]
Accuracy: 52.27272727272727 %

train_data group 4 length:  171
   0   1   2   3   4   5   6   7   8  ...  36  37  38  39  40  41  42  43  44
0   0   1   0   0   0   0   0   1   0 ...   0   0   0   1   0   0   0   0   0
1   0   1   0   0   0   0   1   0   0 ...   0   0   0   0   1   0   0   0   0
2   0   0   1   0   0   0   0   1   0 ...   0   0   0   1   0   0   0   0   0
3   0   1   0   0   0   0   0   1   0 ...   0   0   0   1   0   0   0   0   0
4   0   0   1   0   0   0   1   0   0 ...   0   0   0   0   1   0   0   0   0

[5 rows x 45 columns]
Initial Neural Network:
[{'weights': array([[ 0.005, -0.008,  0.006,  0.004, -0.002, -0.006, -0.001, -0.006,
        -0.003,  0.003, -0.009,  0.002,  0.001,  0.01 , -0.008,  0.002,
        -0.005, -0.003, -0.009,  0.003, -0.008,  0.009, -0.001,  0.003,
         0.005,  0.005,  0.004,  0.006,  0.01 ,  0.008, -0.005,  0.002,
         0.007, -0.01 , -0.006,  0.003,  0.008, -0.01 , -0.005,  0.004,
        -0.002,  0.005,  0.002, -0.004, -0.006],
       [-0.008, -0.009,  0.004, -0.002, -0.003,  0.009,  0.004, -0.001,
         0.003,  0.001, -0.003, -0.004,  0.008, -0.007, -0.009,  0.006,
         0.008,  0.005,  0.   ,  0.003, -0.001, -0.006, -0.009, -0.004,
        -0.002, -0.006,  0.004,  0.005,  0.   ,  0.009,  0.008, -0.009,
         0.003, -0.005, -0.001, -0.005,  0.005,  0.003, -0.003, -0.007,
         0.006,  0.009,  0.008, -0.006, -0.001],
       [ 0.004, -0.009,  0.009, -0.007, -0.006,  0.01 , -0.004,  0.   ,
         0.002, -0.002, -0.006, -0.003,  0.008, -0.004,  0.003,  0.01 ,
        -0.009, -0.01 ,  0.01 ,  0.   , -0.006,  0.007,  0.007,  0.008,
        -0.007,  0.007,  0.002, -0.005,  0.003,  0.005, -0.004, -0.009,
         0.004, -0.008, -0.003,  0.001,  0.005,  0.008, -0.007,  0.002,
        -0.01 ,  0.008, -0.001, -0.008,  0.003],
       [-0.006,  0.008, -0.005, -0.001,  0.005, -0.005,  0.007, -0.004,
         0.009,  0.002, -0.007,  0.005, -0.004,  0.01 ,  0.007, -0.007,
         0.007,  0.006,  0.003, -0.006,  0.006,  0.005,  0.008, -0.01 ,
        -0.004, -0.007,  0.006,  0.004, -0.002,  0.003, -0.004,  0.   ,
         0.006,  0.002, -0.006,  0.008,  0.   , -0.005, -0.006,  0.003,
        -0.006, -0.006,  0.003, -0.009,  0.   ],
       [-0.007, -0.007, -0.005,  0.   , -0.006,  0.003, -0.002,  0.002,
         0.003, -0.008,  0.002,  0.007,  0.003, -0.001, -0.001, -0.002,
         0.   ,  0.009,  0.002,  0.008, -0.005, -0.006,  0.001, -0.008,
        -0.002, -0.003, -0.002,  0.006,  0.003,  0.009,  0.008,  0.   ,
         0.002, -0.002, -0.005,  0.001,  0.01 ,  0.002, -0.006,  0.008,
        -0.008,  0.004, -0.002,  0.003, -0.003],
       [ 0.009, -0.001, -0.007, -0.008,  0.009,  0.009, -0.005,  0.005,
        -0.001,  0.002,  0.009, -0.001, -0.009,  0.005, -0.01 , -0.009,
         0.003, -0.001,  0.01 ,  0.01 , -0.008,  0.005,  0.   ,  0.004,
         0.006, -0.004,  0.005,  0.004, -0.006,  0.001, -0.004, -0.006,
         0.002,  0.007,  0.001, -0.01 , -0.007, -0.004,  0.004,  0.006,
         0.009,  0.009,  0.007,  0.004, -0.01 ],
       [ 0.006,  0.007,  0.006, -0.007,  0.005, -0.003, -0.004,  0.007,
         0.   ,  0.002, -0.005, -0.003, -0.006,  0.005,  0.009, -0.001,
         0.008, -0.007,  0.006, -0.007,  0.001,  0.007,  0.001, -0.007,
         0.005, -0.007, -0.005,  0.008,  0.01 , -0.005, -0.01 , -0.008,
        -0.001,  0.009,  0.009, -0.006, -0.01 , -0.009,  0.01 , -0.001,
        -0.01 , -0.003, -0.006, -0.005,  0.   ],
       [ 0.002, -0.007,  0.003, -0.009, -0.001,  0.005, -0.005,  0.009,
         0.009,  0.001, -0.004, -0.005, -0.004, -0.01 ,  0.001,  0.004,
        -0.01 , -0.006,  0.002, -0.007,  0.004, -0.005,  0.005,  0.008,
         0.008, -0.001,  0.006,  0.002,  0.007,  0.002, -0.009,  0.008,
        -0.002, -0.007,  0.   ,  0.004,  0.007,  0.003,  0.004,  0.006,
        -0.009,  0.008, -0.008,  0.   , -0.01 ],
       [ 0.008, -0.006, -0.008, -0.009,  0.004,  0.008,  0.   ,  0.001,
        -0.007,  0.001, -0.002, -0.007,  0.01 ,  0.008, -0.001, -0.005,
         0.005, -0.001,  0.005, -0.005, -0.002,  0.   , -0.005, -0.004,
        -0.002, -0.006,  0.004,  0.007, -0.009, -0.002,  0.006, -0.008,
         0.01 ,  0.009, -0.007,  0.005,  0.007,  0.   , -0.008,  0.002,
         0.001, -0.008, -0.004, -0.003,  0.004],
       [ 0.007, -0.008, -0.009, -0.009, -0.001, -0.008, -0.006, -0.007,
         0.001,  0.003, -0.001, -0.009,  0.01 , -0.007, -0.007, -0.002,
         0.006,  0.009,  0.009,  0.   ,  0.002,  0.005,  0.002,  0.006,
         0.   , -0.001, -0.004,  0.   ,  0.006,  0.01 , -0.008,  0.008,
         0.01 , -0.008,  0.005, -0.009,  0.005, -0.001,  0.007, -0.003,
        -0.001, -0.004, -0.007,  0.008, -0.01 ]]), 'deltas': array([[0.],
       [0.],
       [0.],
       [0.],
       [0.],
       [0.],
       [0.],
       [0.],
       [0.],
       [0.]]), 'outputs': array([[0.],
       [0.],
       [0.],
       [0.],
       [0.],
       [0.],
       [0.],
       [0.],
       [0.],
       [0.]]), 'errors': array([[0.],
       [0.],
       [0.],
       [0.],
       [0.],
       [0.],
       [0.],
       [0.],
       [0.],
       [0.]])}, {'weights': array([[-0.002,  0.01 ,  0.006,  0.009, -0.004, -0.009, -0.007, -0.007,
        -0.002, -0.007],
       [ 0.004, -0.003, -0.005,  0.002, -0.008, -0.005,  0.004, -0.007,
        -0.007, -0.009],
       [-0.002, -0.008,  0.002, -0.007, -0.002, -0.002, -0.001,  0.009,
        -0.004, -0.01 ],
       [ 0.001, -0.009,  0.001,  0.   , -0.008, -0.003,  0.003, -0.009,
         0.004,  0.002],
       [-0.01 ,  0.   , -0.003,  0.009,  0.01 , -0.001,  0.005,  0.007,
         0.01 , -0.006],
       [-0.001, -0.002, -0.005, -0.002, -0.01 , -0.007,  0.01 ,  0.002,
         0.008, -0.007]]), 'deltas': array([[0.],
       [0.],
       [0.],
       [0.],
       [0.],
       [0.],
       [0.]]), 'outputs': array([[0.],
       [0.],
       [0.],
       [0.],
       [0.],
       [0.],
       [0.]]), 'errors': array([[0.],
       [0.],
       [0.],
       [0.],
       [0.],
       [0.],
       [0.]])}]
Training complete!
Training done. epoch: 32 , total error: 0.004794950387286262
[{'weights': array([[ 4.53701656e-01, -1.73576843e+00,  4.24680383e-01,
        -4.33837994e-01,  2.47372564e-01,  2.95392256e-02,
         1.61739434e-01, -8.81111772e-01, -3.97165297e-01,
         2.51465860e-02, -1.56642075e+00, -2.26091602e-01,
        -7.94996617e-01,  3.15240487e-01,  1.21941666e+00,
         1.81804364e+00, -1.41039430e+00, -1.35186889e+00,
        -8.33298370e-01,  7.16666095e-01,  2.83209671e-01,
         4.61114292e-01, -7.64632987e-01, -8.29824590e-01,
        -1.90718209e-01, -8.76065120e-01, -1.86528118e-01,
        -3.23215569e-01,  3.61956985e-01, -1.12712585e-02,
        -9.47091592e-01,  4.85607589e-01,  1.72823995e-01,
        -7.46920556e-01, -4.62452108e-01, -5.39600813e-01,
        -7.20192993e-01,  4.92613972e-01,  1.70780120e-01,
         6.48942692e-01,  2.18190222e-01, -4.44802888e-01,
        -1.46218185e+00, -4.00000000e-03, -1.05485182e+00],
       [ 4.54999621e-01, -1.73775616e+00,  4.01599300e-01,
        -4.32699497e-01,  2.48447082e-01,  2.55963424e-02,
         1.58799249e-01, -8.38662646e-01, -3.95084310e-01,
         1.79417080e-02, -1.59113627e+00, -2.47381621e-01,
        -7.68603018e-01,  3.14312910e-01,  1.23039834e+00,
         1.80196662e+00, -1.36927993e+00, -1.35423351e+00,
        -8.44599194e-01,  7.40736354e-01,  3.15493818e-01,
         4.77636601e-01, -8.10625334e-01, -8.37612180e-01,
        -2.14302561e-01, -8.89211107e-01, -1.73374136e-01,
        -3.38319674e-01,  3.56495260e-01,  5.54877562e-03,
        -9.11312951e-01,  4.28181565e-01,  1.71085332e-01,
        -7.34912378e-01, -4.65685819e-01, -5.49174831e-01,
        -7.36621731e-01,  5.29958189e-01,  1.73114535e-01,
         6.97274164e-01,  2.05839481e-01, -4.64172172e-01,
        -1.47035113e+00, -6.00000000e-03, -1.04840966e+00],
       [ 4.20371233e-01, -1.63669996e+00,  3.50232460e-01,
        -4.50336659e-01,  2.40789928e-01,  2.33877369e-02,
         5.99021377e-02, -8.91149050e-01, -2.65453159e-01,
         1.26693347e-02, -1.63133788e+00, -2.45146293e-01,
        -7.88734346e-01,  2.66916310e-01,  1.32965921e+00,
         1.79046146e+00, -1.33996219e+00, -1.36876562e+00,
        -8.50541510e-01,  7.03164855e-01,  2.69215142e-01,
         6.14268678e-01, -9.16364773e-01, -8.09773548e-01,
        -2.14988498e-01, -8.69340005e-01, -1.86886934e-01,
        -3.44943575e-01,  3.41527515e-01, -3.26906196e-02,
        -8.24104266e-01,  3.55725692e-01,  1.63469449e-01,
        -7.41043254e-01, -4.70942924e-01, -5.36044751e-01,
        -7.42002712e-01,  5.21456673e-01,  1.64890716e-01,
         8.19768517e-01,  1.27640179e-01, -4.79104387e-01,
        -1.53594731e+00, -8.00000000e-03, -1.06364300e+00],
       [-1.31757138e+00,  1.19754438e+00, -5.73284353e-01,
        -9.08777383e-01,  5.25663022e-01, -2.33186597e-01,
         7.67867165e-01, -6.09731501e-01, -1.04955577e+00,
         5.61809959e-02, -2.41655933e+00, -1.85744722e+00,
         2.50714341e-02,  1.03138816e+00,  2.15112125e+00,
         8.99829939e-01,  1.83795247e+00, -1.58825401e+00,
        -1.50804019e+00, -7.15913923e-01, -1.10794983e-01,
         6.34243573e-01,  1.62799961e+00, -2.22428178e+00,
        -9.99592121e-01,  5.51451516e-01, -7.77077880e-01,
        -1.14237909e+00,  2.91579752e-01, -1.27795795e+00,
         1.02631439e+00, -7.71993681e-01,  7.14467025e-01,
        -7.61255487e-01,  3.29548933e-01, -8.32315966e-01,
        -1.13989255e+00,  2.08934392e-01,  3.47299488e-01,
        -5.85077759e-01, -8.70554606e-01,  3.64939865e-01,
         7.26679424e-03, -9.00000000e-03, -1.07742571e+00],
       [ 3.83112972e-01, -1.67565977e+00,  3.51887757e-01,
        -4.18998186e-01,  2.35101232e-01, -9.97738966e-03,
         1.09551376e-01, -8.93496388e-01, -3.09193206e-01,
         1.55961460e-03, -1.65052880e+00, -2.54827981e-01,
        -8.04731531e-01,  3.25379898e-01,  1.29515242e+00,
         1.81454964e+00, -1.35035325e+00, -1.34247459e+00,
        -8.56390338e-01,  6.52112554e-01,  2.36312496e-01,
         5.37060861e-01, -8.32186363e-01, -8.33542411e-01,
        -2.27200576e-01, -8.51290080e-01, -2.24331624e-01,
        -3.46260422e-01,  3.26326134e-01, -6.99623090e-02,
        -8.86514684e-01,  4.39646530e-01,  1.54432198e-01,
        -7.20157727e-01, -4.56429294e-01, -5.34221754e-01,
        -7.41498606e-01,  4.75251666e-01,  1.59341995e-01,
         7.26888532e-01,  1.66918296e-01, -5.04046150e-01,
        -1.48731667e+00,  3.00000000e-03, -1.10255599e+00],
       [ 3.98555451e-01, -1.76140074e+00,  4.26125135e-01,
        -4.17639826e-01,  2.62199211e-01,  1.99728468e-02,
         1.81674937e-01, -8.69005481e-01, -4.30733002e-01,
         1.39299269e-02, -1.60141783e+00, -2.50644656e-01,
        -8.14875933e-01,  3.58499468e-01,  1.20827818e+00,
         1.82525453e+00, -1.40407479e+00, -1.31239139e+00,
        -8.40356972e-01,  6.50407858e-01,  2.44776632e-01,
         4.17503508e-01, -7.10748513e-01, -8.28065916e-01,
        -2.10626483e-01, -8.47875695e-01, -2.18530862e-01,
        -3.43812015e-01,  3.15057800e-01, -7.95102152e-02,
        -1.00178553e+00,  5.21433018e-01,  1.74947762e-01,
        -7.09245806e-01, -4.57149387e-01, -5.53445908e-01,
        -7.44142564e-01,  4.63775723e-01,  1.80801365e-01,
         5.88110362e-01,  2.42277387e-01, -4.70406721e-01,
        -1.42314180e+00,  4.00000000e-03, -1.10416077e+00],
       [-7.63611608e-01,  5.29570443e-01, -6.71174567e-01,
        -1.31824871e-01,  6.28412760e-01, -1.04410289e-01,
         4.98290998e-01,  5.38495528e-01, -1.48245081e+00,
         1.26446730e-01, -7.16651357e-01, -8.05216077e-01,
        -1.09494270e+00,  5.30127834e-01,  1.66105446e+00,
         8.80523915e-01,  2.02005223e+00, -6.14609121e-01,
        -1.97141161e+00, -7.41183255e-01, -1.18467894e+00,
         1.79564679e+00,  9.01789572e-01, -8.70227529e-01,
        -1.06115774e+00,  1.69079488e+00, -1.07037991e+00,
        -1.46942964e+00,  4.29386830e-01, -7.67792529e-01,
        -1.71804915e+00,  1.00292477e+00,  1.14613738e+00,
        -1.03848316e-01,  1.81487638e+00, -1.42524902e+00,
        -1.30954356e+00,  2.03902400e-01,  2.84385960e-01,
        -9.92324572e-01,  5.02182221e-03,  3.41606048e-01,
         2.00068859e-01, -5.00000000e-03, -4.25627843e-01],
       [ 5.75291925e-01, -1.76351114e+00,  4.28727531e-01,
        -4.86961772e-01,  2.62938662e-01,  7.11954989e-02,
         2.14272784e-01, -8.41618889e-01, -4.37860916e-01,
         4.14967262e-02, -1.46485488e+00, -2.17045079e-01,
        -7.74569278e-01,  2.63210376e-01,  1.19974406e+00,
         1.80676035e+00, -1.44996199e+00, -1.38571946e+00,
        -8.06633963e-01,  8.47040266e-01,  3.97889139e-01,
         4.22123858e-01, -7.68121377e-01, -8.36416708e-01,
        -1.66989707e-01, -9.38402057e-01, -1.29571077e-01,
        -3.14059819e-01,  4.24518157e-01,  1.02693740e-01,
        -9.74873028e-01,  4.86924512e-01,  1.85338742e-01,
        -7.79598761e-01, -4.37602031e-01, -5.74329230e-01,
        -7.09900573e-01,  5.76242364e-01,  1.92074675e-01,
         6.56842128e-01,  2.31076914e-01, -3.95238724e-01,
        -1.46719511e+00,  0.00000000e+00, -9.81514795e-01],
       [-3.76540774e-01, -1.91245742e-01, -1.76151762e-01,
        -4.76782936e-01,  2.66212219e-01, -2.29326722e-01,
         7.75585824e-01, -6.88924037e-01, -8.10145676e-01,
         1.23016159e-02, -2.68702941e+00, -1.05788559e+00,
        -1.28544955e+00,  3.35466547e-01,  3.75938901e+00,
         1.28980270e+00,  2.91032380e+00, -3.67834608e+00,
        -1.22976947e+00, -2.36519935e-01,  1.43772300e-01,
         2.07915005e-02,  9.30402679e-01, -1.33304207e+00,
        -7.18433405e-01,  3.83152073e-01, -5.65595956e-01,
        -9.66148622e-01,  2.01083510e-01, -8.56720375e-01,
         1.56294281e+00, -1.34788521e+00,  1.75539413e-01,
        -4.62385634e-01, -3.81430192e-01, -4.80747814e-02,
        -9.17816090e-01,  2.43452810e-01,  1.57359259e-01,
        -8.91929948e-01, -1.30568374e-01, -1.63920127e-02,
         8.63813402e-02, -3.00000000e-03, -9.39508995e-01],
       [ 7.00000000e-03, -8.00000000e-03, -9.00000000e-03,
        -9.00000000e-03, -1.00000000e-03, -8.00000000e-03,
        -6.00000000e-03, -7.00000000e-03,  1.00000000e-03,
         3.00000000e-03, -1.00000000e-03, -9.00000000e-03,
         1.00000000e-02, -7.00000000e-03, -7.00000000e-03,
        -2.00000000e-03,  6.00000000e-03,  9.00000000e-03,
         9.00000000e-03,  0.00000000e+00,  2.00000000e-03,
         5.00000000e-03,  2.00000000e-03,  6.00000000e-03,
         0.00000000e+00, -1.00000000e-03, -4.00000000e-03,
         0.00000000e+00,  6.00000000e-03,  1.00000000e-02,
        -8.00000000e-03,  8.00000000e-03,  1.00000000e-02,
        -8.00000000e-03,  5.00000000e-03, -9.00000000e-03,
         5.00000000e-03, -1.00000000e-03,  7.00000000e-03,
        -3.00000000e-03, -1.00000000e-03, -4.00000000e-03,
        -7.00000000e-03,  8.00000000e-03, -1.00000000e-02]]), 'deltas': array([[0.00797475],
       [0.0078246 ],
       [0.00712079],
       [0.0018655 ],
       [0.00768476],
       [0.00812623],
       [0.00033071],
       [0.00798745],
       [0.00061437],
       [0.        ]]), 'outputs': array([[0.57706869],
       [0.6026382 ],
       [0.67909309],
       [0.9392128 ],
       [0.62171383],
       [0.53610298],
       [0.98977419],
       [0.5745036 ],
       [0.98083016],
       [1.        ]]), 'errors': 0.03267529699636732}, {'weights': array([[ 0.85236751,  0.81046404,  0.86856957,  1.09815497,  0.79502089,
         0.78869739,  0.55557108,  0.78493966,  2.46779524, -3.88064665],
       [-0.66940633, -0.58865069, -0.71546805,  0.67352057, -0.54004863,
        -0.51268615,  2.89179075, -0.78866329, -1.98110083, -2.44134948],
       [-0.25814695, -0.24795258, -0.22487361,  0.59979725, -0.22656062,
        -0.24530955,  0.11207103, -0.27895147,  0.43783934, -3.10214664],
       [ 0.34223887,  0.38675298,  0.29226371, -1.32057385,  0.15019658,
         0.15521646,  0.3544793 ,  0.71688156, -1.42144719, -1.77762518],
       [-0.51594325, -0.51594972, -0.51730134, -0.77666235, -0.51554369,
        -0.52257005,  0.58599618, -0.46692668, -1.28681441, -2.18629752],
       [-1.51049833, -1.55148782, -1.53032556, -2.70815804, -1.50634958,
        -1.49734552, -4.94133001, -1.57168799, -1.70654202,  2.23606372]]), 'deltas': array([[ 1.93943810e-03],
       [-1.54292465e-03],
       [-2.70420774e-03],
       [-2.90493099e-03],
       [-1.90851334e-05],
       [-1.83689745e-11]]), 'outputs': array([[9.54933759e-01],
       [4.00919841e-02],
       [5.34500679e-02],
       [5.54570882e-02],
       [4.37824855e-03],
       [4.28591335e-06]]), 'errors': array([[ 4.50662414e-02],
       [-4.00919841e-02],
       [-5.34500679e-02],
       [-5.54570882e-02],
       [-4.37824855e-03],
       [-4.28591335e-06]])}]
Accuracy: 53.48837209302325 %

Feedforward Neural Network AVG Accuracy (%): 51.4069264069264 %
