Namespace(error_threshold=0.001, max_epochs=1000, num_layers=2, num_nodes_per_hidden_layer=9, training_rate=0.5)

train_data group 0 length:  349
   0   1   2   3   4   5   6   7   8  ...  40  41  42  43  44  45  46  47  48
0   1   0   0   0   1   0   1   0   0 ...   1   0   1   0   0   0   1   0   0
1   1   0   0   0   0   1   1   0   0 ...   1   0   1   0   0   0   1   0   0
2   1   0   0   0   1   0   1   0   0 ...   1   0   1   0   0   0   1   0   0
3   1   0   0   0   1   0   1   0   0 ...   1   0   1   0   0   1   0   0   0
4   1   0   0   1   0   0   1   0   0 ...   1   0   1   0   0   1   0   0   0

[5 rows x 49 columns]
Initial Neural Network:
[{'weights': array([[-0.008, -0.003, -0.001,  0.004, -0.006, -0.001,  0.007, -0.005,
         0.004, -0.008,  0.006,  0.002,  0.002, -0.008,  0.007,  0.008,
        -0.005, -0.006, -0.005, -0.009, -0.002, -0.009, -0.007,  0.003,
        -0.001, -0.002, -0.008, -0.01 ,  0.003,  0.002,  0.002,  0.004,
        -0.008, -0.009, -0.002, -0.005, -0.009, -0.003, -0.007,  0.004,
         0.007,  0.   ,  0.002,  0.004, -0.003, -0.006,  0.008,  0.008,
         0.006],
       [ 0.009,  0.009, -0.005,  0.004,  0.001,  0.007, -0.007, -0.004,
        -0.002, -0.005, -0.008,  0.006,  0.009, -0.004, -0.009, -0.008,
        -0.009, -0.007, -0.001, -0.007,  0.003, -0.004,  0.008,  0.001,
         0.002,  0.005,  0.01 , -0.001, -0.009, -0.007, -0.003,  0.002,
         0.01 ,  0.005,  0.003,  0.002,  0.009,  0.003, -0.009, -0.008,
        -0.001, -0.007, -0.009,  0.002, -0.004,  0.009,  0.01 , -0.007,
         0.004],
       [ 0.01 , -0.006, -0.005,  0.009,  0.002,  0.006,  0.004, -0.002,
         0.   ,  0.01 ,  0.   ,  0.005,  0.001, -0.005, -0.003,  0.01 ,
         0.005, -0.006,  0.009,  0.002,  0.002, -0.006,  0.01 , -0.009,
        -0.002,  0.01 ,  0.008, -0.003, -0.01 ,  0.006, -0.001,  0.003,
         0.005,  0.008, -0.007, -0.007, -0.008,  0.001,  0.006,  0.008,
        -0.001, -0.006,  0.005, -0.004, -0.005, -0.006, -0.008, -0.009,
         0.004],
       [ 0.007,  0.   ,  0.001,  0.007,  0.01 ,  0.002, -0.006,  0.001,
        -0.002,  0.005, -0.001, -0.002,  0.007,  0.01 , -0.007,  0.003,
        -0.009, -0.005, -0.003,  0.007,  0.01 , -0.001, -0.005, -0.002,
        -0.008, -0.004,  0.   , -0.005, -0.006,  0.003,  0.01 , -0.003,
         0.   ,  0.006,  0.004,  0.008,  0.   ,  0.002,  0.003, -0.005,
        -0.002, -0.001, -0.001,  0.002,  0.   , -0.002, -0.009,  0.008,
        -0.004],
       [ 0.001,  0.001, -0.005,  0.01 ,  0.005, -0.008,  0.001, -0.01 ,
        -0.01 , -0.004,  0.01 ,  0.007,  0.004,  0.001,  0.003, -0.005,
         0.001,  0.007,  0.002, -0.006,  0.01 , -0.001,  0.   , -0.006,
         0.01 ,  0.   , -0.007, -0.007,  0.006, -0.004, -0.006, -0.002,
        -0.002, -0.004, -0.005, -0.005, -0.005, -0.01 ,  0.   , -0.008,
        -0.006, -0.001, -0.005, -0.001, -0.009, -0.007,  0.009, -0.004,
        -0.008],
       [-0.007, -0.004, -0.005,  0.   , -0.01 ,  0.004, -0.004, -0.01 ,
         0.007,  0.004,  0.002,  0.003,  0.009, -0.004, -0.002,  0.009,
         0.002, -0.003,  0.006, -0.01 , -0.002, -0.002, -0.01 ,  0.009,
         0.005,  0.006,  0.003,  0.008, -0.004,  0.005,  0.003, -0.008,
        -0.006,  0.002,  0.001, -0.006, -0.001, -0.008, -0.004,  0.001,
         0.001,  0.006, -0.006,  0.002,  0.008, -0.002, -0.005, -0.001,
         0.002],
       [-0.005,  0.01 , -0.006, -0.001, -0.003, -0.005,  0.009,  0.008,
        -0.01 ,  0.001,  0.009, -0.01 ,  0.003,  0.006, -0.005, -0.009,
        -0.002,  0.006,  0.004, -0.005,  0.008,  0.005,  0.003,  0.   ,
        -0.008, -0.008,  0.005, -0.001, -0.002,  0.006,  0.01 , -0.009,
         0.005,  0.003,  0.01 ,  0.006,  0.   ,  0.005, -0.007,  0.005,
        -0.008,  0.004, -0.008,  0.006, -0.004,  0.002, -0.007,  0.003,
        -0.005],
       [-0.005, -0.009, -0.002, -0.005,  0.006,  0.003,  0.005, -0.004,
        -0.003, -0.009,  0.003, -0.009,  0.01 ,  0.006, -0.003,  0.001,
         0.004,  0.01 ,  0.   , -0.008, -0.005, -0.004, -0.005,  0.002,
        -0.006,  0.007,  0.001, -0.008, -0.003, -0.003,  0.001, -0.001,
         0.006, -0.008, -0.01 ,  0.008,  0.003, -0.003, -0.006,  0.002,
         0.006,  0.006,  0.003, -0.003, -0.008, -0.007,  0.002,  0.005,
        -0.003],
       [-0.007,  0.007, -0.008, -0.007,  0.   , -0.002, -0.01 ,  0.   ,
         0.005,  0.009, -0.001,  0.002, -0.003,  0.002, -0.007, -0.002,
         0.004, -0.006,  0.001,  0.01 ,  0.005, -0.009,  0.006, -0.003,
         0.001, -0.008,  0.003, -0.006, -0.008, -0.003,  0.007,  0.008,
         0.002,  0.007, -0.003, -0.009,  0.002, -0.002,  0.002, -0.006,
         0.007,  0.007,  0.003,  0.006, -0.007,  0.003, -0.002,  0.007,
         0.009],
       [ 0.006, -0.005, -0.001,  0.007, -0.008,  0.   , -0.01 , -0.01 ,
         0.003, -0.005,  0.009,  0.008, -0.005,  0.01 , -0.01 , -0.006,
         0.009,  0.002,  0.004, -0.009, -0.006,  0.01 ,  0.005,  0.01 ,
        -0.006, -0.004,  0.004,  0.006, -0.003, -0.002, -0.004, -0.006,
        -0.007,  0.009, -0.002, -0.008,  0.004,  0.008,  0.001, -0.009,
         0.009,  0.009,  0.006, -0.003, -0.002, -0.01 , -0.008,  0.002,
         0.009]]), 'deltas': array([[0.],
       [0.],
       [0.],
       [0.],
       [0.],
       [0.],
       [0.],
       [0.],
       [0.],
       [0.]]), 'outputs': array([[0.],
       [0.],
       [0.],
       [0.],
       [0.],
       [0.],
       [0.],
       [0.],
       [0.],
       [0.]]), 'errors': array([[0.],
       [0.],
       [0.],
       [0.],
       [0.],
       [0.],
       [0.],
       [0.],
       [0.],
       [0.]])}, {'weights': array([[ 0.008,  0.009, -0.005,  0.002,  0.002, -0.007, -0.008, -0.003,
        -0.005, -0.004],
       [ 0.002,  0.01 , -0.003, -0.005, -0.003,  0.002, -0.005, -0.008,
         0.001, -0.01 ]]), 'deltas': array([[0.],
       [0.],
       [0.]]), 'outputs': array([[0.],
       [0.],
       [0.]]), 'errors': array([[0.],
       [0.],
       [0.]])}]
Training complete!
Training done. epoch: 5 , total error: 0.0001359220576041065
[{'weights': array([[ 4.16351679e-02,  1.76031453e-02, -6.18341322e-02,
        -2.29994264e-01,  6.37978134e-01, -4.01579689e-01,
        -6.07303452e-01,  8.42871108e-01, -2.20163474e-01,
         2.36219888e+00, -2.43255730e+00,  7.97626046e-02,
         3.06030292e-01, -2.76081271e-01, -1.95448395e-02,
        -2.44844132e-01,  2.97803111e-01, -4.65547978e-02,
         2.04185264e-01, -2.09430042e-01, -1.35104066e-03,
         3.70950499e-01,  1.63439582e-01, -5.37985900e-01,
        -4.66196761e-01,  4.06666586e-01,  5.79343566e-02,
         6.65460169e-01, -5.56586800e-01, -1.04469188e-01,
        -7.28561936e-01,  5.67611500e-01,  1.68354616e-01,
         8.57513381e-01,  2.76677660e-02, -8.91776966e-01,
        -2.28508081e-01,  4.77759378e-01, -2.58847116e-01,
         3.72356653e-01, -5.32851028e-02, -2.98667369e-01,
        -2.57332794e-01,  2.25530349e-01,  4.42066261e-02,
        -1.84700360e-01, -2.77721583e-01,  4.81826125e-01,
         1.54041810e-02],
       [ 6.31070544e-02,  2.23589640e-02, -6.89935685e-02,
        -2.29098530e-01,  6.50311561e-01, -4.05740581e-01,
        -6.33546926e-01,  8.52840202e-01, -2.28820826e-01,
         2.37248123e+00, -2.45779727e+00,  8.17884882e-02,
         3.03200839e-01, -2.65184970e-01, -3.85434197e-02,
        -2.65073512e-01,  2.95690252e-01, -5.11442896e-02,
         2.17132487e-01, -2.16634377e-01, -2.02565998e-03,
         3.89109574e-01,  1.65295740e-01, -5.45932864e-01,
        -4.64050362e-01,  4.01251008e-01,  8.32718032e-02,
         6.81110700e-01, -5.77860683e-01, -1.16777567e-01,
        -7.30587093e-01,  5.63102028e-01,  1.79957515e-01,
         8.71640751e-01,  3.75319784e-02, -8.95700280e-01,
        -2.19663505e-01,  4.85455708e-01, -2.59319753e-01,
         3.54912746e-01, -5.58047843e-02, -3.11635512e-01,
        -2.73376323e-01,  2.31693377e-01,  3.41553965e-02,
        -1.72192678e-01, -2.85515036e-01,  4.73180165e-01,
         7.47244988e-03],
       [ 6.30686359e-02,  6.36131324e-03, -6.87107675e-02,
        -2.18774019e-01,  6.43338864e-01, -4.05845664e-01,
        -6.20633410e-01,  8.51143477e-01, -2.26790886e-01,
         2.39007977e+00, -2.45469311e+00,  8.13325249e-02,
         2.91674331e-01, -2.64571366e-01, -3.23837830e-02,
        -2.49754570e-01,  3.10338789e-01, -4.98650376e-02,
         2.22397891e-01, -2.05394072e-01, -2.28463791e-03,
         3.86175060e-01,  1.66902978e-01, -5.56358857e-01,
        -4.66629301e-01,  4.03310155e-01,  8.10383277e-02,
         6.75882447e-01, -5.77565373e-01, -1.03597892e-01,
        -7.26608225e-01,  5.60227890e-01,  1.75099517e-01,
         8.73672842e-01,  2.65806256e-02, -9.04534286e-01,
        -2.36122294e-01,  4.80661591e-01, -2.43820116e-01,
         3.68244032e-01, -5.36991475e-02, -3.11825703e-01,
        -2.65597985e-01,  2.30720575e-01,  3.25965915e-02,
        -1.88847943e-01, -3.01668057e-01,  4.69235181e-01,
         5.71918159e-03],
       [ 6.16989109e-02,  1.16773919e-02, -6.18988950e-02,
        -2.28237279e-01,  6.60680550e-01, -4.09965864e-01,
        -6.40874156e-01,  8.65898817e-01, -2.28547254e-01,
         2.38998909e+00, -2.45879641e+00,  7.42847328e-02,
         3.00290333e-01, -2.50239827e-01, -3.65730982e-02,
        -2.58968661e-01,  3.00465141e-01, -4.90190720e-02,
         2.22522760e-01, -2.09281927e-01,  4.23657477e-03,
         3.98411010e-01,  1.50255325e-01, -5.53188927e-01,
        -4.74423173e-01,  3.95186669e-01,  7.07139118e-02,
         6.89399510e-01, -5.87201768e-01, -1.06720335e-01,
        -7.15585015e-01,  5.58569335e-01,  1.67493088e-01,
         8.75397582e-01,  4.13799929e-02, -8.95300167e-01,
        -2.32470241e-01,  4.85125342e-01, -2.44177693e-01,
         3.58662318e-01, -5.26325287e-02, -3.10552382e-01,
        -2.73015611e-01,  2.44696858e-01,  3.27961607e-02,
        -1.91075550e-01, -3.02988887e-01,  4.94541844e-01,
        -5.22592270e-04],
       [ 5.31167384e-02,  2.05696623e-02, -6.83875583e-02,
        -2.22626561e-01,  6.46447638e-01, -4.08522234e-01,
        -6.13173024e-01,  8.37112878e-01, -2.34641011e-01,
         2.36842655e+00, -2.43163790e+00,  8.45101903e-02,
         3.07471562e-01, -2.68771641e-01, -2.24010792e-02,
        -2.55388554e-01,  2.99725743e-01, -3.30383463e-02,
         2.11360424e-01, -2.07977513e-01,  1.09159311e-02,
         3.79473123e-01,  1.67644430e-01, -5.45818710e-01,
        -4.57540781e-01,  4.04316416e-01,  6.45232071e-02,
         6.68488852e-01, -5.55575164e-01, -1.09614846e-01,
        -7.36859057e-01,  5.61266717e-01,  1.73891183e-01,
         8.63264789e-01,  2.54982153e-02, -8.94464162e-01,
        -2.25900059e-01,  4.69036358e-01, -2.49837457e-01,
         3.59446523e-01, -6.29176406e-02, -3.03230040e-01,
        -2.67617362e-01,  2.23342278e-01,  3.75739253e-02,
        -1.83160917e-01, -2.78086316e-01,  4.67546075e-01,
         2.98842324e-04],
       [ 4.72373891e-02,  8.13988164e-03, -6.37696922e-02,
        -2.32485380e-01,  6.41609698e-01, -4.07516739e-01,
        -6.34784779e-01,  8.51055941e-01, -2.15663584e-01,
         2.38788972e+00, -2.45349959e+00,  8.22174535e-02,
         3.04810663e-01, -2.64072354e-01, -3.01307304e-02,
        -2.50653009e-01,  3.11303145e-01, -4.50425579e-02,
         2.21725885e-01, -2.14227235e-01, -5.89107145e-03,
         3.92715253e-01,  1.52629088e-01, -5.40736762e-01,
        -4.62212801e-01,  4.14230015e-01,  6.95903644e-02,
         6.96134908e-01, -5.76657062e-01, -1.02870268e-01,
        -7.22508754e-01,  5.53744270e-01,  1.65372063e-01,
         8.70525649e-01,  3.72545229e-02, -9.03172593e-01,
        -2.32928348e-01,  4.76974506e-01, -2.49438580e-01,
         3.67242875e-01, -5.18724852e-02, -2.99762811e-01,
        -2.70359672e-01,  2.37507627e-01,  4.44596241e-02,
        -1.87303843e-01, -2.94625481e-01,  4.81536903e-01,
         9.60757855e-03],
       [ 5.51533771e-02,  1.53020504e-02, -7.10680395e-02,
        -2.38751430e-01,  6.47336891e-01, -4.17198073e-01,
        -6.32411539e-01,  8.76559655e-01, -2.36760727e-01,
         2.38320938e+00, -2.44849727e+00,  6.56752803e-02,
         2.95220340e-01, -2.56615181e-01, -3.42177712e-02,
        -2.71009835e-01,  3.04055454e-01, -3.76582312e-02,
         2.26432959e-01, -2.21645448e-01,  2.59987737e-03,
         4.03086759e-01,  1.55198631e-01, -5.49898002e-01,
        -4.79742319e-01,  3.90501042e-01,  7.86286648e-02,
         6.92972508e-01, -5.86341639e-01, -1.03243481e-01,
        -7.14905528e-01,  5.48977408e-01,  1.72315508e-01,
         8.73540838e-01,  4.11442587e-02, -8.95297709e-01,
        -2.37233681e-01,  4.86282986e-01, -2.50661917e-01,
         3.68151261e-01, -6.06302003e-02, -3.06133673e-01,
        -2.88046538e-01,  2.52443370e-01,  2.99905559e-02,
        -1.89538898e-01, -3.02940465e-01,  4.90866751e-01,
        -4.61261195e-03],
       [ 4.42196548e-02,  1.23338639e-02, -6.34114366e-02,
        -2.35814225e-01,  6.50665597e-01, -4.01709290e-01,
        -6.16392865e-01,  8.51445540e-01, -2.27910593e-01,
         2.36136972e+00, -2.43589532e+00,  6.86676740e-02,
         3.12808967e-01, -2.61070612e-01, -2.95962722e-02,
        -2.49743411e-01,  3.05151934e-01, -3.12664408e-02,
         2.14610837e-01, -2.12758152e-01, -5.71060234e-03,
         3.80052636e-01,  1.63253820e-01, -5.41164374e-01,
        -4.73803829e-01,  4.14993972e-01,  6.99519391e-02,
         6.71818236e-01, -5.66803315e-01, -1.09872839e-01,
        -7.28396614e-01,  5.64987763e-01,  1.78550934e-01,
         8.62374683e-01,  2.33559192e-02, -8.86588521e-01,
        -2.16642397e-01,  4.75744124e-01, -2.55959645e-01,
         3.69193383e-01, -5.04598190e-02, -2.95591482e-01,
        -2.62065259e-01,  2.28507768e-01,  3.46995725e-02,
        -1.85716568e-01, -2.86826786e-01,  4.81685436e-01,
         6.14208206e-03],
       [ 5.51933321e-02,  1.20083931e-02, -7.20683844e-02,
        -2.41485947e-01,  6.53878996e-01, -4.18259708e-01,
        -6.46504443e-01,  8.65983585e-01, -2.21345802e-01,
         2.39775121e+00, -2.46320458e+00,  7.85867182e-02,
         2.90911208e-01, -2.58436699e-01, -3.73411686e-02,
        -2.60267919e-01,  3.09881597e-01, -5.04803379e-02,
         2.28436215e-01, -2.08419520e-01, -8.83354902e-04,
         3.97015439e-01,  1.55905465e-01, -5.55787563e-01,
        -4.69263593e-01,  3.91401020e-01,  7.69959131e-02,
         6.89431590e-01, -5.90256031e-01, -1.13042219e-01,
        -7.17393245e-01,  5.68605291e-01,  1.68921295e-01,
         8.75144062e-01,  3.42234891e-02, -9.11234210e-01,
        -2.30562638e-01,  4.82174947e-01, -2.46478967e-01,
         3.57025949e-01, -4.15744609e-02, -3.04318147e-01,
        -2.70882132e-01,  2.48404637e-01,  2.76108365e-02,
        -1.85997017e-01, -2.98519938e-01,  4.95650296e-01,
         1.21333408e-02],
       [ 6.00000000e-03, -5.00000000e-03, -1.00000000e-03,
         7.00000000e-03, -8.00000000e-03,  0.00000000e+00,
        -1.00000000e-02, -1.00000000e-02,  3.00000000e-03,
        -5.00000000e-03,  9.00000000e-03,  8.00000000e-03,
        -5.00000000e-03,  1.00000000e-02, -1.00000000e-02,
        -6.00000000e-03,  9.00000000e-03,  2.00000000e-03,
         4.00000000e-03, -9.00000000e-03, -6.00000000e-03,
         1.00000000e-02,  5.00000000e-03,  1.00000000e-02,
        -6.00000000e-03, -4.00000000e-03,  4.00000000e-03,
         6.00000000e-03, -3.00000000e-03, -2.00000000e-03,
        -4.00000000e-03, -6.00000000e-03, -7.00000000e-03,
         9.00000000e-03, -2.00000000e-03, -8.00000000e-03,
         4.00000000e-03,  8.00000000e-03,  1.00000000e-03,
        -9.00000000e-03,  9.00000000e-03,  9.00000000e-03,
         6.00000000e-03, -3.00000000e-03, -2.00000000e-03,
        -1.00000000e-02, -8.00000000e-03,  2.00000000e-03,
         9.00000000e-03]]), 'deltas': array([[5.84392102e-06],
       [5.70680271e-06],
       [5.64310086e-06],
       [5.50466012e-06],
       [5.93979397e-06],
       [5.70181093e-06],
       [5.75738787e-06],
       [5.73582748e-06],
       [5.23825907e-06],
       [0.00000000e+00]]), 'outputs': array([[0.99511487],
       [0.99523004],
       [0.99528354],
       [0.99539978],
       [0.99503432],
       [0.99523423],
       [0.99518755],
       [0.99520566],
       [0.9956234 ],
       [1.        ]]), 'errors': 0.001202138793968372}, {'weights': array([[-0.78637251, -0.80182439, -0.81986003, -0.80351749, -0.79511424,
        -0.80921589, -0.80856707, -0.7986469 , -0.81921495,  2.76757669],
       [ 0.79816493,  0.82266247,  0.81373103,  0.80236281,  0.7959163 ,
         0.80602269,  0.79739973,  0.78945396,  0.81709546, -2.76757528]]), 'deltas': array([[-0.0001344 ],
       [ 0.00013427]]), 'outputs': array([[0.01166129],
       [0.98834417]]), 'errors': array([[-0.01166129],
       [ 0.01165583]])}]
neural_net output [0.93117514 0.06882573]
target: 0 prediction: 0
neural_net output [0.89357426 0.10642623]
target: 0 prediction: 0
neural_net output [0.929115  0.0708861]
target: 0 prediction: 0
neural_net output [0.88721729 0.11278232]
target: 0 prediction: 0
neural_net output [0.11825022 0.88181921]
target: 0 prediction: 1
neural_net output [0.93845315 0.0615474 ]
target: 0 prediction: 0
neural_net output [0.93034816 0.06965202]
target: 0 prediction: 0
neural_net output [0.92671536 0.07328884]
target: 0 prediction: 0
neural_net output [0.92960037 0.07040105]
target: 0 prediction: 0
neural_net output [0.91200667 0.08799501]
target: 0 prediction: 0
neural_net output [0.93084645 0.06915392]
target: 0 prediction: 0
neural_net output [0.92817684 0.07182532]
target: 0 prediction: 0
neural_net output [0.68939494 0.31064895]
target: 0 prediction: 0
neural_net output [0.92325696 0.07674372]
target: 0 prediction: 0
neural_net output [0.92414276 0.07585687]
target: 0 prediction: 0
neural_net output [0.92325696 0.07674372]
target: 0 prediction: 0
neural_net output [0.91293456 0.08706839]
target: 0 prediction: 0
neural_net output [0.91960718 0.08039754]
target: 0 prediction: 0
neural_net output [0.92325696 0.07674372]
target: 0 prediction: 0
neural_net output [0.92108632 0.07891411]
target: 0 prediction: 0
neural_net output [0.93199045 0.06800982]
target: 0 prediction: 0
neural_net output [0.89357426 0.10642623]
target: 0 prediction: 0
neural_net output [0.93612879 0.06387211]
target: 0 prediction: 0
neural_net output [0.88985547 0.11014753]
target: 0 prediction: 0
neural_net output [0.929115  0.0708861]
target: 0 prediction: 0
neural_net output [0.91326874 0.0867338 ]
target: 0 prediction: 0
neural_net output [0.93791962 0.06208088]
target: 0 prediction: 0
neural_net output [0.92108632 0.07891411]
target: 0 prediction: 0
neural_net output [0.81902567 0.18096097]
target: 0 prediction: 0
neural_net output [0.90369465 0.09629902]
target: 0 prediction: 0
neural_net output [0.89357426 0.10642623]
target: 0 prediction: 0
neural_net output [0.9245551  0.07544535]
target: 0 prediction: 0
neural_net output [0.93650048 0.06350004]
target: 0 prediction: 0
neural_net output [0.01545692 0.98455   ]
target: 1 prediction: 1
neural_net output [0.011784   0.98822156]
target: 1 prediction: 1
neural_net output [0.01307351 0.98693221]
target: 1 prediction: 1
neural_net output [0.01148248 0.98852291]
target: 1 prediction: 1
neural_net output [0.01132138 0.98868395]
target: 1 prediction: 1
neural_net output [0.01192213 0.98808339]
target: 1 prediction: 1
neural_net output [0.01138788 0.98861748]
target: 1 prediction: 1
neural_net output [0.03287272 0.96714295]
target: 1 prediction: 1
neural_net output [0.01135882 0.98864653]
target: 1 prediction: 1
neural_net output [0.01176538 0.98824006]
target: 1 prediction: 1
neural_net output [0.01313786 0.98686828]
target: 1 prediction: 1
neural_net output [0.01249035 0.98751532]
target: 1 prediction: 1
neural_net output [0.0132771  0.98672927]
target: 1 prediction: 1
neural_net output [0.01386953 0.9861365 ]
target: 1 prediction: 1
neural_net output [0.01227933 0.98772654]
target: 1 prediction: 1
neural_net output [0.01731311 0.98269385]
target: 1 prediction: 1
neural_net output [0.01140458 0.98860077]
target: 1 prediction: 1
neural_net output [0.01547912 0.98452804]
target: 1 prediction: 1
neural_net output [0.01844066 0.98156814]
target: 1 prediction: 1
neural_net output [0.01174873 0.98825673]
target: 1 prediction: 1
neural_net output [0.37522161 0.62477483]
target: 1 prediction: 1
neural_net output [0.0121751  0.98783046]
target: 1 prediction: 1
neural_net output [0.01151403 0.98849137]
target: 1 prediction: 1
neural_net output [0.01135803 0.98864731]
target: 1 prediction: 1
neural_net output [0.01194275 0.9880627 ]
target: 1 prediction: 1
neural_net output [0.14463748 0.8553807 ]
target: 1 prediction: 1
neural_net output [0.01174204 0.98826343]
target: 1 prediction: 1
neural_net output [0.01547912 0.98452804]
target: 1 prediction: 1
neural_net output [0.0184783  0.98152943]
target: 1 prediction: 1
neural_net output [0.01128624 0.98871908]
target: 1 prediction: 1
neural_net output [0.01150665 0.98849874]
target: 1 prediction: 1
neural_net output [0.01521392 0.98479289]
target: 1 prediction: 1
neural_net output [0.0126254 0.9873805]
target: 1 prediction: 1
neural_net output [0.01131847 0.98868686]
target: 1 prediction: 1
neural_net output [0.01216724 0.98783831]
target: 1 prediction: 1
neural_net output [0.01283436 0.98717155]
target: 1 prediction: 1
neural_net output [0.01198076 0.98802481]
target: 1 prediction: 1
neural_net output [0.05097177 0.94905061]
target: 1 prediction: 1
neural_net output [0.0189728  0.98103394]
target: 1 prediction: 1
neural_net output [0.01134467 0.98866068]
target: 1 prediction: 1
neural_net output [0.01171476 0.98829071]
target: 1 prediction: 1
neural_net output [0.01185481 0.98815065]
target: 1 prediction: 1
neural_net output [0.02316568 0.97684575]
target: 1 prediction: 1
neural_net output [0.01184479 0.98816077]
target: 1 prediction: 1
neural_net output [0.01455468 0.98545211]
target: 1 prediction: 1
neural_net output [0.01529638 0.98471057]
target: 1 prediction: 1
neural_net output [0.01558345 0.98442339]
target: 1 prediction: 1
neural_net output [0.37117999 0.62889024]
target: 1 prediction: 1
neural_net output [0.25511774 0.74492123]
target: 1 prediction: 1
neural_net output [0.01176538 0.98824006]
target: 1 prediction: 1
neural_net output [0.56681048 0.43322546]
target: 1 prediction: 0
neural_net output [0.0180434  0.98196504]
target: 1 prediction: 1
neural_net output [0.01369992 0.9863063 ]
target: 1 prediction: 1
Accuracy: 97.67441860465115 %

train_data group 1 length:  348
   0   1   2   3   4   5   6   7   8  ...  40  41  42  43  44  45  46  47  48
0   1   0   0   1   0   0   1   0   0 ...   1   0   1   0   0   0   1   0   0
1   1   0   0   0   1   0   1   0   0 ...   1   0   1   0   0   0   1   0   0
2   1   0   0   0   1   0   1   0   0 ...   1   0   1   0   0   0   1   0   0
3   1   0   0   0   1   0   1   0   0 ...   1   0   1   0   0   1   0   0   0
4   0   1   0   1   0   0   1   0   0 ...   1   0   1   0   0   0   1   0   0

[5 rows x 49 columns]
Initial Neural Network:
[{'weights': array([[-0.005,  0.001,  0.004, -0.009, -0.006, -0.004, -0.01 ,  0.005,
        -0.002, -0.009,  0.002,  0.001,  0.007, -0.006, -0.003, -0.003,
        -0.01 ,  0.006,  0.01 ,  0.002,  0.003,  0.005, -0.005,  0.   ,
         0.007,  0.001,  0.002, -0.002,  0.009, -0.006, -0.004, -0.005,
        -0.003, -0.001,  0.006, -0.007,  0.002,  0.002,  0.009,  0.008,
        -0.007,  0.009,  0.007, -0.01 , -0.005,  0.008, -0.001, -0.008,
         0.001],
       [ 0.001,  0.006,  0.004, -0.006, -0.001, -0.01 , -0.01 ,  0.003,
        -0.007, -0.003,  0.007,  0.007, -0.008,  0.01 , -0.005, -0.005,
         0.008, -0.003, -0.006,  0.   ,  0.001,  0.001, -0.005,  0.009,
         0.001, -0.004, -0.004,  0.002, -0.009,  0.009,  0.01 ,  0.   ,
        -0.008,  0.008, -0.002, -0.01 , -0.005, -0.005,  0.003,  0.   ,
        -0.009,  0.006, -0.004, -0.01 ,  0.004, -0.004, -0.004,  0.003,
         0.006],
       [ 0.008,  0.007,  0.009,  0.004,  0.003, -0.001, -0.006, -0.002,
         0.   ,  0.006,  0.002,  0.008,  0.001,  0.008, -0.002,  0.002,
        -0.01 ,  0.004,  0.001, -0.006, -0.002, -0.001, -0.004,  0.007,
         0.002, -0.008, -0.01 ,  0.   , -0.004,  0.006,  0.005,  0.001,
         0.01 ,  0.   , -0.006, -0.002, -0.006,  0.001, -0.005,  0.002,
        -0.006, -0.004, -0.003,  0.005, -0.003,  0.002, -0.004, -0.002,
        -0.008],
       [-0.009,  0.009, -0.006, -0.009, -0.007,  0.008, -0.005,  0.003,
         0.008,  0.002,  0.002, -0.001, -0.003,  0.   , -0.007,  0.003,
        -0.002,  0.006,  0.008, -0.01 ,  0.002, -0.008, -0.007,  0.008,
        -0.007, -0.006, -0.001,  0.003, -0.008,  0.002, -0.005,  0.001,
         0.003, -0.009,  0.007, -0.002,  0.001, -0.009,  0.003, -0.002,
         0.003,  0.001, -0.009,  0.008, -0.007,  0.01 ,  0.   ,  0.004,
        -0.003],
       [-0.006,  0.002, -0.01 , -0.007, -0.009, -0.005, -0.008, -0.007,
        -0.005, -0.003, -0.002, -0.004,  0.004,  0.01 ,  0.005, -0.001,
        -0.008, -0.009,  0.002,  0.008, -0.01 , -0.002, -0.004,  0.   ,
         0.   ,  0.007,  0.007, -0.001,  0.001,  0.01 , -0.003,  0.009,
         0.006,  0.004,  0.005, -0.004, -0.006,  0.   ,  0.001,  0.005,
        -0.005, -0.009,  0.003,  0.009,  0.002,  0.004, -0.005, -0.01 ,
         0.   ],
       [ 0.005, -0.003, -0.001,  0.005, -0.003,  0.004,  0.01 ,  0.008,
         0.006, -0.004,  0.007, -0.001, -0.001,  0.002,  0.001, -0.007,
        -0.008, -0.001, -0.007, -0.002,  0.   , -0.001, -0.003,  0.002,
        -0.007,  0.004, -0.01 ,  0.007, -0.009, -0.009, -0.005,  0.008,
        -0.007, -0.009, -0.003,  0.009,  0.008, -0.002,  0.006,  0.009,
        -0.009, -0.003,  0.006,  0.008,  0.003,  0.007, -0.004, -0.009,
         0.003],
       [-0.01 , -0.001,  0.009, -0.006,  0.003,  0.   , -0.002, -0.004,
         0.005, -0.003, -0.004, -0.005, -0.009, -0.008,  0.009,  0.009,
         0.   ,  0.007,  0.004, -0.002,  0.009,  0.   , -0.003, -0.003,
        -0.002,  0.   , -0.003,  0.004, -0.004, -0.001,  0.008, -0.006,
        -0.008, -0.002,  0.   , -0.005, -0.005, -0.002,  0.   , -0.002,
         0.009,  0.001, -0.004, -0.009,  0.007,  0.007, -0.004, -0.006,
        -0.006],
       [-0.01 ,  0.009,  0.   , -0.007, -0.01 ,  0.002,  0.007, -0.008,
         0.01 , -0.01 ,  0.004,  0.01 , -0.001, -0.006,  0.   ,  0.008,
         0.004,  0.001, -0.004, -0.001,  0.004, -0.003,  0.009,  0.008,
        -0.008, -0.004,  0.01 , -0.007, -0.01 ,  0.007, -0.005,  0.008,
         0.005,  0.007,  0.002, -0.007, -0.002,  0.006,  0.008, -0.002,
        -0.008,  0.009, -0.002,  0.01 ,  0.003,  0.   ,  0.003, -0.003,
         0.009],
       [ 0.003,  0.002, -0.005, -0.009, -0.005, -0.005,  0.009, -0.002,
        -0.008, -0.003, -0.006, -0.009, -0.006,  0.006,  0.008,  0.008,
        -0.001,  0.005, -0.01 ,  0.01 ,  0.001, -0.005,  0.003,  0.009,
         0.007, -0.006, -0.003,  0.002,  0.008,  0.01 ,  0.002,  0.006,
        -0.006, -0.01 ,  0.003, -0.004, -0.002,  0.009,  0.002, -0.002,
        -0.009, -0.003,  0.   , -0.007,  0.002, -0.001,  0.009, -0.007,
        -0.005],
       [-0.01 ,  0.003, -0.003, -0.002,  0.002, -0.008, -0.005,  0.007,
         0.01 ,  0.003,  0.   ,  0.009,  0.001, -0.009,  0.008, -0.001,
        -0.002, -0.01 ,  0.006,  0.   ,  0.003,  0.004, -0.005, -0.005,
         0.008,  0.009, -0.008, -0.002, -0.007, -0.01 ,  0.008, -0.001,
         0.005, -0.007, -0.001,  0.01 , -0.001, -0.001, -0.01 , -0.008,
        -0.008,  0.01 , -0.003,  0.006, -0.006, -0.003, -0.001,  0.001,
         0.005]]), 'deltas': array([[0.],
       [0.],
       [0.],
       [0.],
       [0.],
       [0.],
       [0.],
       [0.],
       [0.],
       [0.]]), 'outputs': array([[0.],
       [0.],
       [0.],
       [0.],
       [0.],
       [0.],
       [0.],
       [0.],
       [0.],
       [0.]]), 'errors': array([[0.],
       [0.],
       [0.],
       [0.],
       [0.],
       [0.],
       [0.],
       [0.],
       [0.],
       [0.]])}, {'weights': array([[-0.008, -0.01 , -0.003,  0.004,  0.009, -0.007, -0.008,  0.001,
         0.008, -0.01 ],
       [-0.01 ,  0.003,  0.004, -0.005, -0.009,  0.009, -0.01 ,  0.004,
         0.001, -0.006]]), 'deltas': array([[0.],
       [0.],
       [0.]]), 'outputs': array([[0.],
       [0.],
       [0.]]), 'errors': array([[0.],
       [0.],
       [0.]])}]
Training complete!
Training done. epoch: 4 , total error: 0.0008884135110462303
[{'weights': array([[-3.63264310e-01,  2.77880263e-01, -8.51604289e-02,
        -3.36700002e-01,  5.99529576e-01, -4.52374051e-01,
        -8.57721951e-01,  8.79384520e-01, -1.99207046e-01,
         2.25894457e+00, -2.27187542e+00, -1.63613618e-01,
         4.35636347e-01, -5.32631159e-01, -7.55496642e-02,
        -3.55920740e-01,  3.47294576e-01, -1.68918312e-01,
         6.90320540e-01, -7.53685940e-01, -9.21790766e-02,
         9.21431943e-02,  2.41510431e-01, -5.04198102e-01,
        -6.54368075e-01,  6.66157686e-01, -1.72334088e-01,
         3.12125932e-01, -2.71778245e-01, -2.09892164e-01,
        -1.24275438e+00,  9.49509545e-01,  1.10700355e-01,
         6.99972833e-01, -4.78315426e-01, -3.94201883e-01,
         1.34940197e-01, -3.48803386e-01,  5.63187123e-02,
        -1.23503826e-01,  3.51207005e-02, -7.21613514e-02,
        -7.33431407e-01,  7.20704890e-01, -1.65817960e-01,
        -1.43909758e-01, -1.08777105e-01,  8.11423859e-02,
        -1.69544477e-01],
       [-3.54291487e-01,  2.82447925e-01, -8.59100575e-02,
        -3.33941067e-01,  6.07758807e-01, -4.59571360e-01,
        -8.58719425e-01,  8.82615311e-01, -2.06649506e-01,
         2.26372822e+00, -2.26190058e+00, -1.59581254e-01,
         4.20549092e-01, -5.13012291e-01, -7.92904216e-02,
        -3.58192900e-01,  3.69432765e-01, -1.79993486e-01,
         6.85486958e-01, -7.60410122e-01, -9.88304564e-02,
         9.85687900e-02,  2.36918888e-01, -4.99241298e-01,
        -6.55038339e-01,  6.57232848e-01, -1.77948129e-01,
         3.18781208e-01, -2.88317918e-01, -1.97216911e-01,
        -1.22901308e+00,  9.56634993e-01,  1.05624469e-01,
         7.14993530e-01, -4.85492325e-01, -4.02254825e-01,
         1.25374528e-01, -3.51916696e-01,  5.07885482e-02,
        -1.27632866e-01,  3.49987955e-02, -7.91195491e-02,
        -7.40716940e-01,  7.28242067e-01, -1.66278747e-01,
        -1.54896409e-01, -1.09792939e-01,  9.09357279e-02,
        -1.62753620e-01],
       [-3.49042624e-01,  2.83512366e-01, -7.96182840e-02,
        -3.23132861e-01,  6.09151656e-01, -4.49167338e-01,
        -8.52624853e-01,  8.73164355e-01, -1.97688044e-01,
         2.27549217e+00, -2.27321226e+00, -1.55428449e-01,
         4.29627604e-01, -5.17305113e-01, -7.44710330e-02,
        -3.54494669e-01,  3.52107972e-01, -1.70761844e-01,
         6.83122858e-01, -7.61133813e-01, -9.81375871e-02,
         9.05622381e-02,  2.40354217e-01, -4.98064997e-01,
        -6.58286150e-01,  6.57826065e-01, -1.84688457e-01,
         3.11158807e-01, -2.80627444e-01, -1.97679905e-01,
        -1.22846501e+00,  9.51664189e-01,  1.23652278e-01,
         7.04177754e-01, -4.89303614e-01, -3.92022683e-01,
         1.24805078e-01, -3.50088294e-01,  4.61346741e-02,
        -1.30273356e-01,  3.82784917e-02, -8.51536777e-02,
        -7.43834719e-01,  7.40917928e-01, -1.67231752e-01,
        -1.52230571e-01, -1.06744237e-01,  8.58262661e-02,
        -1.77148542e-01],
       [-3.65649122e-01,  2.89279334e-01, -9.25964650e-02,
        -3.40719640e-01,  6.09848427e-01, -4.40095040e-01,
        -8.56372670e-01,  8.85573343e-01, -1.86166926e-01,
         2.27465442e+00, -2.27130997e+00, -1.63310706e-01,
         4.28131314e-01, -5.22251707e-01, -7.88458592e-02,
        -3.52118475e-01,  3.64577750e-01, -1.68425527e-01,
         6.97956667e-01, -7.67313178e-01, -9.36097423e-02,
         8.76083781e-02,  2.39714325e-01, -4.97288956e-01,
        -6.70169230e-01,  6.66760743e-01, -1.73557767e-01,
         3.22511697e-01, -2.87277112e-01, -2.01200838e-01,
        -1.24396856e+00,  9.66148459e-01,  1.13853847e-01,
         7.02192053e-01, -4.75252665e-01, -3.93905641e-01,
         1.35885841e-01, -3.57998499e-01,  5.41464045e-02,
        -1.30913200e-01,  5.06287642e-02, -8.06818171e-02,
        -7.41899829e-01,  7.44295741e-01, -1.73362165e-01,
        -1.46072487e-01, -1.00890056e-01,  9.79962900e-02,
        -1.65966253e-01],
       [-3.61835518e-01,  2.76631445e-01, -1.00916769e-01,
        -3.35107543e-01,  5.97387212e-01, -4.55400512e-01,
        -8.53054625e-01,  8.64648338e-01, -2.03714555e-01,
         2.26829349e+00, -2.27853417e+00, -1.70880161e-01,
         4.33346647e-01, -5.17145739e-01, -6.93217503e-02,
        -3.56264693e-01,  3.51649420e-01, -1.85505569e-01,
         6.84326533e-01, -7.49940397e-01, -1.06506978e-01,
         8.69334767e-02,  2.40722785e-01, -5.05777104e-01,
        -6.61571767e-01,  6.68947892e-01, -1.65496968e-01,
         3.09719308e-01, -2.76286555e-01, -1.95553595e-01,
        -1.23632372e+00,  9.58320066e-01,  1.17882808e-01,
         7.05114933e-01, -4.79733134e-01, -3.92502641e-01,
         1.28847369e-01, -3.55469159e-01,  4.95009472e-02,
        -1.28991681e-01,  3.84163036e-02, -9.05454656e-02,
        -7.37440141e-01,  7.41946144e-01, -1.62626845e-01,
        -1.49081736e-01, -1.09418971e-01,  7.53798639e-02,
        -1.72120843e-01],
       [-3.55712702e-01,  2.70482331e-01, -8.73881530e-02,
        -3.22891990e-01,  5.96059250e-01, -4.40785784e-01,
        -8.40472929e-01,  8.77478765e-01, -1.86624360e-01,
         2.26439708e+00, -2.27033226e+00, -1.65683336e-01,
         4.26658677e-01, -5.30903442e-01, -6.73737590e-02,
        -3.61558721e-01,  3.44690341e-01, -1.72750143e-01,
         6.63127854e-01, -7.54614545e-01, -9.11318327e-02,
         8.28699198e-02,  2.40894992e-01, -4.99383435e-01,
        -6.73042520e-01,  6.72006393e-01, -1.85582396e-01,
         3.06961487e-01, -2.81980950e-01, -2.09599060e-01,
        -1.23433459e+00,  9.48430352e-01,  1.08285712e-01,
         6.85740124e-01, -4.87712012e-01, -3.74646636e-01,
         1.40279258e-01, -3.60028623e-01,  5.81308415e-02,
        -1.26351392e-01,  3.05002006e-02, -8.07673319e-02,
        -7.33505058e-01,  7.36544747e-01, -1.59658212e-01,
        -1.44305945e-01, -1.08468589e-01,  7.31560106e-02,
        -1.70618524e-01],
       [-3.67019464e-01,  2.76338015e-01, -7.71400744e-02,
        -3.29946773e-01,  6.06319932e-01, -4.45194682e-01,
        -8.47832176e-01,  8.70077323e-01, -1.89066670e-01,
         2.27107271e+00, -2.28213152e+00, -1.66762719e-01,
         4.22664203e-01, -5.35991775e-01, -6.04939506e-02,
        -3.44010095e-01,  3.59135643e-01, -1.64947070e-01,
         6.83301590e-01, -7.54652256e-01, -8.34708566e-02,
         8.99846287e-02,  2.42422993e-01, -5.04229144e-01,
        -6.64007893e-01,  6.71533838e-01, -1.78347468e-01,
         3.13113292e-01, -2.78107564e-01, -2.01827251e-01,
        -1.22988455e+00,  9.47744644e-01,  1.10318380e-01,
         7.00420206e-01, -4.85560140e-01, -3.87681589e-01,
         1.30951967e-01, -3.57438097e-01,  5.36646064e-02,
        -1.32524698e-01,  5.17312081e-02, -7.70280326e-02,
        -7.42944203e-01,  7.28021350e-01, -1.56898670e-01,
        -1.47103898e-01, -1.03851909e-01,  8.21342848e-02,
        -1.71821523e-01],
       [-3.62997054e-01,  2.82168591e-01, -8.94131324e-02,
        -3.32767988e-01,  5.93910137e-01, -4.45383744e-01,
        -8.33801434e-01,  8.59361205e-01, -1.85801367e-01,
         2.26318946e+00, -2.27426253e+00, -1.54168524e-01,
         4.28068033e-01, -5.33945525e-01, -7.03641037e-02,
        -3.45956115e-01,  3.61581850e-01, -1.71867330e-01,
         6.76099163e-01, -7.56316008e-01, -9.00247500e-02,
         8.78934787e-02,  2.52043352e-01, -4.95178426e-01,
        -6.69741873e-01,  6.66658376e-01, -1.68158098e-01,
         3.00168350e-01, -2.84305611e-01, -1.95104334e-01,
        -1.23443700e+00,  9.52605907e-01,  1.20589497e-01,
         7.07084521e-01, -4.85079186e-01, -3.89246930e-01,
         1.32248297e-01, -3.47212156e-01,  5.77222646e-02,
        -1.35537610e-01,  3.75810901e-02, -7.22850750e-02,
        -7.41285000e-01,  7.42908828e-01, -1.59865423e-01,
        -1.51614906e-01, -9.99373957e-02,  8.23107062e-02,
        -1.60241595e-01],
       [-3.52968446e-01,  2.67948590e-01, -9.70772328e-02,
        -3.24004614e-01,  5.77837176e-01, -4.54929651e-01,
        -8.28716965e-01,  8.54968668e-01, -2.09348792e-01,
         2.27262514e+00, -2.29432522e+00, -1.78397006e-01,
         4.26821173e-01, -5.36047816e-01, -6.48704462e-02,
        -3.40553087e-01,  3.41441382e-01, -1.70985384e-01,
         6.51482279e-01, -7.38466839e-01, -9.41125293e-02,
         7.38936866e-02,  2.47865940e-01, -4.96856716e-01,
        -6.63099751e-01,  6.57583819e-01, -1.78581158e-01,
         2.94063572e-01, -2.61039446e-01, -1.95121215e-01,
        -1.22020313e+00,  9.30037643e-01,  1.10068396e-01,
         6.74728667e-01, -4.84655778e-01, -3.83169978e-01,
         1.31284191e-01, -3.46042110e-01,  4.16608303e-02,
        -1.39060694e-01,  2.83629147e-02, -8.53993104e-02,
        -7.45511233e-01,  7.17814510e-01, -1.59400366e-01,
        -1.48887632e-01, -9.38770903e-02,  6.16676327e-02,
        -1.87097089e-01],
       [-1.00000000e-02,  3.00000000e-03, -3.00000000e-03,
        -2.00000000e-03,  2.00000000e-03, -8.00000000e-03,
        -5.00000000e-03,  7.00000000e-03,  1.00000000e-02,
         3.00000000e-03,  0.00000000e+00,  9.00000000e-03,
         1.00000000e-03, -9.00000000e-03,  8.00000000e-03,
        -1.00000000e-03, -2.00000000e-03, -1.00000000e-02,
         6.00000000e-03,  0.00000000e+00,  3.00000000e-03,
         4.00000000e-03, -5.00000000e-03, -5.00000000e-03,
         8.00000000e-03,  9.00000000e-03, -8.00000000e-03,
        -2.00000000e-03, -7.00000000e-03, -1.00000000e-02,
         8.00000000e-03, -1.00000000e-03,  5.00000000e-03,
        -7.00000000e-03, -1.00000000e-03,  1.00000000e-02,
        -1.00000000e-03, -1.00000000e-03, -1.00000000e-02,
        -8.00000000e-03, -8.00000000e-03,  1.00000000e-02,
        -3.00000000e-03,  6.00000000e-03, -6.00000000e-03,
        -3.00000000e-03, -1.00000000e-03,  1.00000000e-03,
         5.00000000e-03]]), 'deltas': array([[0.00016159],
       [0.00015951],
       [0.00015922],
       [0.00015033],
       [0.00016099],
       [0.00016225],
       [0.00015854],
       [0.00015739],
       [0.00017489],
       [0.        ]]), 'outputs': array([[0.97364126],
       [0.97398923],
       [0.97403826],
       [0.97552545],
       [0.97374231],
       [0.97353105],
       [0.97415151],
       [0.97434432],
       [0.97140676],
       [1.        ]]), 'errors': 0.006296370751783955}, {'weights': array([[-0.72560388, -0.7250963 , -0.72474365, -0.71835852, -0.71648559,
        -0.72476785, -0.72325061, -0.7175235 , -0.70966486,  2.8289127 ],
       [ 0.71064439,  0.72113932,  0.72877193,  0.72034976,  0.71951939,
         0.72981842,  0.70825738,  0.72556077,  0.72171445, -2.82900127]]), 'deltas': array([[-0.00086207],
       [ 0.0008618 ]]), 'outputs': array([[0.0298086 ],
       [0.97019606]]), 'errors': array([[-0.0298086 ],
       [ 0.02980394]])}]
Accuracy: 97.70114942528735 %

train_data group 2 length:  348
   0   1   2   3   4   5   6   7   8  ...  40  41  42  43  44  45  46  47  48
0   1   0   0   1   0   0   1   0   0 ...   1   0   1   0   0   0   1   0   0
1   1   0   0   0   1   0   1   0   0 ...   1   0   1   0   0   0   1   0   0
2   1   0   0   0   1   0   1   0   0 ...   1   0   1   0   0   0   1   0   0
3   1   0   0   0   1   0   1   0   0 ...   1   0   1   0   0   1   0   0   0
4   0   1   0   1   0   0   1   0   0 ...   1   0   1   0   0   0   1   0   0

[5 rows x 49 columns]
Initial Neural Network:
[{'weights': array([[-0.003,  0.   , -0.003,  0.003,  0.005, -0.004,  0.003, -0.001,
         0.003,  0.002, -0.007, -0.01 ,  0.008,  0.002,  0.   , -0.002,
         0.   ,  0.01 ,  0.   , -0.006,  0.005,  0.004, -0.001,  0.007,
         0.001,  0.005,  0.008, -0.01 , -0.008,  0.002,  0.009, -0.001,
         0.009, -0.003,  0.002, -0.006, -0.007,  0.008,  0.006, -0.005,
         0.007, -0.008,  0.004,  0.01 , -0.003,  0.   ,  0.009,  0.004,
        -0.003],
       [ 0.003,  0.004, -0.004, -0.01 , -0.007, -0.003, -0.003, -0.005,
        -0.005, -0.006,  0.001, -0.01 , -0.006,  0.008, -0.007,  0.004,
         0.006, -0.006, -0.008, -0.009, -0.004,  0.008, -0.006,  0.002,
        -0.01 , -0.006,  0.004,  0.009, -0.003, -0.005,  0.01 , -0.004,
         0.009,  0.   ,  0.01 ,  0.007, -0.006, -0.008,  0.01 ,  0.007,
        -0.01 , -0.002,  0.01 ,  0.01 ,  0.009,  0.01 ,  0.001,  0.009,
         0.006],
       [-0.009,  0.004,  0.008,  0.001,  0.002, -0.008, -0.006,  0.003,
         0.   ,  0.   , -0.008,  0.008, -0.004, -0.004, -0.004,  0.002,
         0.005,  0.007,  0.008, -0.009,  0.002,  0.009,  0.004, -0.003,
         0.001,  0.   , -0.006,  0.006,  0.   , -0.01 , -0.006, -0.003,
        -0.001, -0.007, -0.005, -0.01 , -0.001,  0.004,  0.006, -0.004,
        -0.001,  0.006,  0.003, -0.001, -0.009, -0.009,  0.005,  0.008,
         0.007],
       [ 0.006,  0.003,  0.005,  0.   , -0.001,  0.01 ,  0.009,  0.   ,
         0.004,  0.002,  0.   , -0.003, -0.009,  0.009,  0.01 , -0.008,
        -0.006,  0.   ,  0.002,  0.004,  0.002, -0.006,  0.006,  0.   ,
         0.002,  0.004,  0.008,  0.001,  0.004,  0.003,  0.001, -0.009,
        -0.002,  0.   ,  0.01 ,  0.008, -0.002, -0.004, -0.01 , -0.004,
        -0.008, -0.007, -0.001,  0.01 , -0.001,  0.004, -0.009, -0.007,
        -0.002],
       [ 0.   , -0.009, -0.005, -0.006,  0.001, -0.007,  0.009, -0.009,
        -0.001,  0.003, -0.005,  0.006,  0.007,  0.004,  0.   , -0.003,
         0.005,  0.004,  0.002, -0.006,  0.006,  0.005,  0.003, -0.005,
         0.001, -0.001, -0.001,  0.001, -0.01 ,  0.006, -0.007,  0.005,
        -0.005, -0.001,  0.002, -0.009,  0.01 , -0.007, -0.01 , -0.001,
         0.009,  0.002,  0.003, -0.004, -0.004, -0.007, -0.006,  0.008,
        -0.001],
       [ 0.005,  0.01 ,  0.01 , -0.002, -0.001,  0.01 ,  0.008,  0.008,
         0.01 ,  0.002,  0.006, -0.002, -0.001,  0.01 , -0.009,  0.004,
         0.007, -0.003,  0.004,  0.005, -0.005, -0.004,  0.01 ,  0.008,
         0.   , -0.003, -0.006, -0.008,  0.01 ,  0.   , -0.003,  0.007,
         0.009,  0.006, -0.006, -0.01 ,  0.009,  0.006, -0.008, -0.001,
        -0.008,  0.005,  0.   , -0.004,  0.009, -0.002,  0.001, -0.008,
         0.007],
       [ 0.008, -0.001, -0.009, -0.004,  0.007,  0.   ,  0.004,  0.009,
         0.006,  0.003,  0.009,  0.01 ,  0.009, -0.006,  0.001,  0.008,
         0.002,  0.003,  0.008,  0.002, -0.001, -0.007, -0.006,  0.008,
        -0.005,  0.003, -0.003,  0.006, -0.007, -0.004, -0.001, -0.005,
         0.008,  0.   ,  0.002, -0.007,  0.008, -0.007, -0.005,  0.006,
         0.005,  0.009,  0.   , -0.007,  0.009,  0.003, -0.004,  0.003,
         0.004],
       [-0.004, -0.003, -0.004,  0.009,  0.001, -0.009, -0.002,  0.   ,
         0.003, -0.002, -0.006, -0.007, -0.003,  0.005,  0.01 ,  0.007,
        -0.002,  0.002,  0.004, -0.006,  0.007,  0.003, -0.007,  0.003,
        -0.008,  0.001, -0.006,  0.004,  0.   ,  0.007,  0.004,  0.002,
        -0.01 , -0.008,  0.001,  0.006,  0.001, -0.006, -0.003, -0.003,
        -0.004,  0.005, -0.003, -0.006,  0.   ,  0.009, -0.006, -0.005,
         0.003],
       [ 0.006, -0.005,  0.005, -0.003,  0.009,  0.006, -0.007,  0.   ,
        -0.006, -0.008, -0.003, -0.009,  0.   , -0.008,  0.   ,  0.002,
        -0.004, -0.002, -0.01 ,  0.003, -0.008,  0.008, -0.009,  0.006,
         0.01 , -0.001,  0.004, -0.003, -0.01 ,  0.   , -0.007,  0.007,
         0.005,  0.003, -0.009, -0.004, -0.001, -0.005,  0.002,  0.   ,
         0.007,  0.004,  0.004,  0.001,  0.004, -0.003,  0.01 , -0.01 ,
         0.   ],
       [-0.006,  0.   ,  0.007,  0.007,  0.007, -0.002, -0.01 , -0.004,
         0.009, -0.009, -0.007, -0.007,  0.   ,  0.002,  0.003, -0.01 ,
         0.01 , -0.007, -0.005,  0.009,  0.001,  0.001,  0.005,  0.004,
        -0.009,  0.003,  0.006, -0.005, -0.002,  0.008,  0.007, -0.004,
         0.004, -0.005,  0.01 , -0.001, -0.002,  0.001,  0.001, -0.005,
         0.01 ,  0.009, -0.002,  0.001, -0.006, -0.01 , -0.004, -0.008,
        -0.008]]), 'deltas': array([[0.],
       [0.],
       [0.],
       [0.],
       [0.],
       [0.],
       [0.],
       [0.],
       [0.],
       [0.]]), 'outputs': array([[0.],
       [0.],
       [0.],
       [0.],
       [0.],
       [0.],
       [0.],
       [0.],
       [0.],
       [0.]]), 'errors': array([[0.],
       [0.],
       [0.],
       [0.],
       [0.],
       [0.],
       [0.],
       [0.],
       [0.],
       [0.]])}, {'weights': array([[-0.002,  0.007,  0.008, -0.003, -0.01 ,  0.009,  0.   , -0.01 ,
        -0.009,  0.005],
       [ 0.005, -0.004, -0.005, -0.01 , -0.009, -0.009, -0.001,  0.   ,
         0.01 , -0.004]]), 'deltas': array([[0.],
       [0.],
       [0.]]), 'outputs': array([[0.],
       [0.],
       [0.]]), 'errors': array([[0.],
       [0.],
       [0.]])}]
Training complete!
Training done. epoch: 2 , total error: 0.0006913004193925255
[{'weights': array([[-2.59664985e-01,  1.64891340e-01,  1.01170958e-01,
        -3.99914929e-01,  4.37075318e-01, -2.07630766e-02,
        -8.46434619e-01,  7.58108297e-01,  1.05723636e-01,
         1.84026370e+00, -1.75308655e+00, -8.97798325e-02,
         4.71285050e-01, -4.43217640e-01, -5.67009699e-03,
        -1.43231674e-01,  2.68975764e-01, -1.05346776e-01,
         2.59482681e-01, -1.20729332e-01, -1.27356036e-01,
         1.04178916e-01,  3.11802364e-01, -3.93583966e-01,
        -6.14150259e-01,  7.05359463e-01, -6.48118912e-02,
         3.28528819e-01, -1.79058155e-01, -1.53073350e-01,
        -8.23785151e-01,  9.93050071e-01, -1.39867606e-01,
         4.40595726e-01, -1.21083190e-01, -3.14115223e-01,
         5.14947364e-02,  1.08686110e-01, -1.40783534e-01,
         3.26911957e-01, -2.01359138e-01, -1.19155506e-01,
        -1.32601143e-01,  5.05462571e-01, -3.49464114e-01,
        -1.33981032e-02, -1.22135116e-01,  1.60930533e-01,
         9.39731307e-03],
       [-2.55346257e-01,  1.66292552e-01,  9.92768479e-02,
        -4.13255306e-01,  4.21273445e-01, -2.07949954e-02,
        -8.57086357e-01,  7.54564413e-01,  9.67450873e-02,
         1.82256983e+00, -1.74021601e+00, -9.01306716e-02,
         4.53287033e-01, -4.38740998e-01, -1.23228914e-02,
        -1.39064616e-01,  2.70705664e-01, -1.20417905e-01,
         2.48032988e-01, -1.24848579e-01, -1.36961265e-01,
         1.05967225e-01,  3.04169717e-01, -3.98913798e-01,
        -6.27605049e-01,  6.90323740e-01, -6.74955478e-02,
         3.43013682e-01, -1.75165743e-01, -1.59624796e-01,
        -8.26474019e-01,  9.88694558e-01, -1.39997395e-01,
         4.40109161e-01, -1.15128475e-01, -3.00757543e-01,
         5.12815074e-02,  8.98558223e-02, -1.37914186e-01,
         3.39263560e-01, -2.21345425e-01, -1.15694992e-01,
        -1.23905990e-01,  4.97859873e-01, -3.37730740e-01,
        -2.36346231e-03, -1.29566239e-01,  1.59152845e-01,
         1.32231438e-02],
       [-2.63370609e-01,  1.62898254e-01,  1.14307404e-01,
        -4.07332304e-01,  4.36268885e-01, -2.31015322e-02,
        -8.66472542e-01,  7.67950785e-01,  1.06356805e-01,
         1.83158994e+00, -1.75099243e+00, -6.97624616e-02,
         4.55058543e-01, -4.48394959e-01, -7.82853588e-03,
        -1.41102471e-01,  2.72945258e-01, -1.07007738e-01,
         2.69617758e-01, -1.29884410e-01, -1.27898299e-01,
         1.11470457e-01,  3.11423625e-01, -4.02059032e-01,
        -6.16145000e-01,  6.99690323e-01, -7.77102740e-02,
         3.40976899e-01, -1.70694733e-01, -1.63447117e-01,
        -8.45300485e-01,  9.94447746e-01, -1.48312212e-01,
         4.34043170e-01, -1.29006931e-01, -3.16201189e-01,
         5.46256294e-02,  1.03950681e-01, -1.38741262e-01,
         3.27447471e-01, -2.09849817e-01, -1.05762604e-01,
        -1.33303249e-01,  4.91941544e-01, -3.54803246e-01,
        -1.84959894e-02, -1.33699406e-01,  1.67030444e-01,
         1.78350488e-02],
       [-2.51737550e-01,  1.68100164e-01,  1.09329543e-01,
        -4.00853899e-01,  4.27382780e-01, -5.83672280e-03,
        -8.35380012e-01,  7.54242132e-01,  1.05830038e-01,
         1.83636189e+00, -1.74309663e+00, -8.25730981e-02,
         4.55170523e-01, -4.37549208e-01,  4.07084330e-03,
        -1.48826431e-01,  2.61300221e-01, -1.14781632e-01,
         2.58927586e-01, -1.08995432e-01, -1.30239996e-01,
         9.17886193e-02,  3.18929847e-01, -3.99026308e-01,
        -6.14236091e-01,  7.03952271e-01, -6.40240214e-02,
         3.38539448e-01, -1.67110162e-01, -1.51737128e-01,
        -8.27504152e-01,  9.79436764e-01, -1.50240454e-01,
         4.42482953e-01, -1.13144065e-01, -2.99646730e-01,
         5.48073805e-02,  9.86640278e-02, -1.57779250e-01,
         3.28561203e-01, -2.17597886e-01, -1.18271159e-01,
        -1.32125486e-01,  4.98958725e-01, -3.47141081e-01,
        -1.22697079e-02, -1.34778990e-01,  1.46740856e-01,
         9.69215816e-03],
       [-2.59519214e-01,  1.57876551e-01,  1.01372031e-01,
        -4.10722790e-01,  4.34912745e-01, -2.24605878e-02,
        -8.47700475e-01,  7.56564671e-01,  1.03865172e-01,
         1.83983853e+00, -1.74951472e+00, -7.25944427e-02,
         4.70658609e-01, -4.42391612e-01, -3.53762867e-03,
        -1.42726914e-01,  2.72938039e-01, -1.10481758e-01,
         2.59525195e-01, -1.18963291e-01, -1.24832536e-01,
         1.05465339e-01,  3.15441857e-01, -4.04177828e-01,
        -6.17405281e-01,  7.03032640e-01, -7.28979914e-02,
         3.33588095e-01, -1.74665069e-01, -1.48193658e-01,
        -8.40636759e-01,  9.99213949e-01, -1.51847822e-01,
         4.43654186e-01, -1.21986722e-01, -3.15938096e-01,
         6.85408620e-02,  9.08133868e-02, -1.52624881e-01,
         3.31240310e-01, -1.98981077e-01, -1.08529865e-01,
        -1.30540679e-01,  4.90636951e-01, -3.51366904e-01,
        -1.78733494e-02, -1.37321711e-01,  1.63924428e-01,
         1.27293677e-02],
       [-2.54432428e-01,  1.69541745e-01,  1.13704898e-01,
        -4.06228187e-01,  4.23591062e-01, -6.54866077e-03,
        -8.44114933e-01,  7.61413968e-01,  1.12515179e-01,
         1.82993859e+00, -1.73887656e+00, -8.12478238e-02,
         4.56848136e-01, -4.39250072e-01, -1.37838492e-02,
        -1.41332098e-01,  2.70151392e-01, -1.17005080e-01,
         2.58058368e-01, -1.13650559e-01, -1.36593595e-01,
         9.04534380e-02,  3.18610288e-01, -3.91249512e-01,
        -6.20874375e-01,  6.92886854e-01, -7.71982648e-02,
         3.28388972e-01, -1.68722024e-01, -1.53852734e-01,
        -8.35422664e-01,  9.91230441e-01, -1.38993563e-01,
         4.42870875e-01, -1.33284915e-01, -3.15771746e-01,
         6.20267039e-02,  1.05181374e-01, -1.56393864e-01,
         3.26793267e-01, -2.20179560e-01, -1.06799493e-01,
        -1.32085136e-01,  4.78577120e-01, -3.37677770e-01,
        -1.56303652e-02, -1.34179182e-01,  1.44623762e-01,
         1.08142144e-02],
       [-2.53987978e-01,  1.62756436e-01,  9.49345500e-02,
        -4.08179474e-01,  4.34369219e-01, -1.74867372e-02,
        -8.49278876e-01,  7.66202168e-01,  1.07779717e-01,
         1.83031045e+00, -1.73246272e+00, -7.01447213e-02,
         4.65526109e-01, -4.51023194e-01, -4.79990754e-03,
        -1.37451104e-01,  2.67942877e-01, -1.11788765e-01,
         2.64182153e-01, -1.15071976e-01, -1.34407169e-01,
         9.30610498e-02,  3.02105887e-01, -3.94463929e-01,
        -6.21717935e-01,  6.97780496e-01, -7.53595526e-02,
         3.36542576e-01, -1.77067321e-01, -1.58772247e-01,
        -8.38129957e-01,  9.87499049e-01, -1.41666084e-01,
         4.37966044e-01, -1.22051666e-01, -3.15211370e-01,
         6.33962338e-02,  8.96897842e-02, -1.51383010e-01,
         3.36295484e-01, -2.06263218e-01, -1.04329258e-01,
        -1.32144570e-01,  4.79389860e-01, -3.39542283e-01,
        -7.84896535e-03, -1.36544012e-01,  1.52095985e-01,
         9.70300787e-03],
       [-2.60218024e-01,  1.60682635e-01,  1.00467157e-01,
        -3.98570061e-01,  4.35655742e-01, -2.41539126e-02,
        -8.57429028e-01,  7.63308078e-01,  1.07052718e-01,
         1.83044723e+00, -1.74685961e+00, -8.66558591e-02,
         4.57488213e-01, -4.38920317e-01,  5.36387138e-03,
        -1.36831080e-01,  2.67912788e-01, -1.12149941e-01,
         2.61738337e-01, -1.20262863e-01, -1.24543706e-01,
         1.01721269e-01,  3.05396725e-01, -3.96186227e-01,
        -6.23224076e-01,  6.99796018e-01, -7.76401746e-02,
         3.39564042e-01, -1.69621649e-01, -1.47010625e-01,
        -8.32417087e-01,  9.97158468e-01, -1.56809613e-01,
         4.33007824e-01, -1.21787501e-01, -3.00288556e-01,
         5.80270815e-02,  9.25291121e-02, -1.46624426e-01,
         3.29270472e-01, -2.12878717e-01, -1.06459987e-01,
        -1.35446415e-01,  4.85056171e-01, -3.46677988e-01,
        -4.29469974e-03, -1.35355366e-01,  1.49581833e-01,
         1.49317678e-02],
       [-2.51697087e-01,  1.58363651e-01,  1.07494095e-01,
        -4.08612858e-01,  4.42753504e-01, -1.39799866e-02,
        -8.65740555e-01,  7.65949007e-01,  9.49522071e-02,
         1.82311047e+00, -1.74440474e+00, -9.05450733e-02,
         4.56144685e-01, -4.51377094e-01, -4.60693196e-03,
        -1.41537893e-01,  2.62434704e-01, -1.16736152e-01,
         2.50317173e-01, -1.17569018e-01, -1.39587496e-01,
         1.09701610e-01,  2.97026274e-01, -3.93567225e-01,
        -6.04394018e-01,  6.92643486e-01, -6.70888094e-02,
         3.31329037e-01, -1.81721107e-01, -1.54447271e-01,
        -8.43731840e-01,  1.00109587e+00, -1.44203368e-01,
         4.41201964e-01, -1.31083250e-01, -3.11958054e-01,
         5.67059878e-02,  9.07515798e-02, -1.43296908e-01,
         3.31403618e-01, -2.04120886e-01, -1.08122072e-01,
        -1.28175464e-01,  4.87665408e-01, -3.42329285e-01,
        -8.12328294e-03, -1.31263789e-01,  1.44547731e-01,
         8.16065909e-03],
       [-6.00000000e-03,  0.00000000e+00,  7.00000000e-03,
         7.00000000e-03,  7.00000000e-03, -2.00000000e-03,
        -1.00000000e-02, -4.00000000e-03,  9.00000000e-03,
        -9.00000000e-03, -7.00000000e-03, -7.00000000e-03,
         0.00000000e+00,  2.00000000e-03,  3.00000000e-03,
        -1.00000000e-02,  1.00000000e-02, -7.00000000e-03,
        -5.00000000e-03,  9.00000000e-03,  1.00000000e-03,
         1.00000000e-03,  5.00000000e-03,  4.00000000e-03,
        -9.00000000e-03,  3.00000000e-03,  6.00000000e-03,
        -5.00000000e-03, -2.00000000e-03,  8.00000000e-03,
         7.00000000e-03, -4.00000000e-03,  4.00000000e-03,
        -5.00000000e-03,  1.00000000e-02, -1.00000000e-03,
        -2.00000000e-03,  1.00000000e-03,  1.00000000e-03,
        -5.00000000e-03,  1.00000000e-02,  9.00000000e-03,
        -2.00000000e-03,  1.00000000e-03, -6.00000000e-03,
        -1.00000000e-02, -4.00000000e-03, -8.00000000e-03,
        -8.00000000e-03]]), 'deltas': array([[0.00030985],
       [0.00032457],
       [0.00032633],
       [0.00031035],
       [0.0003119 ],
       [0.00031477],
       [0.00031628],
       [0.00031844],
       [0.00032831],
       [0.        ]]), 'outputs': array([[0.93885795],
       [0.93574037],
       [0.93536635],
       [0.93875258],
       [0.93842537],
       [0.93781711],
       [0.93749829],
       [0.93704105],
       [0.9349445 ],
       [1.        ]]), 'errors': 0.0053977203661212505}, {'weights': array([[-0.70580813, -0.68738028, -0.7017861 , -0.70079715, -0.71513795,
        -0.6969341 , -0.7029371 , -0.70987081, -0.7101394 ,  2.3179309 ],
       [ 0.71240116,  0.69395307,  0.70837843,  0.69137542,  0.69971513,
         0.70057267,  0.70555251,  0.70343408,  0.71471357, -2.31770002]]), 'deltas': array([[-0.00067282],
       [ 0.00067343]]), 'outputs': array([[0.02628653],
       [0.97370134]]), 'errors': array([[-0.02628653],
       [ 0.02629866]])}]
Accuracy: 96.55172413793103 %

train_data group 3 length:  348
   0   1   2   3   4   5   6   7   8  ...  40  41  42  43  44  45  46  47  48
0   1   0   0   1   0   0   1   0   0 ...   1   0   1   0   0   0   1   0   0
1   1   0   0   0   1   0   1   0   0 ...   1   0   1   0   0   0   1   0   0
2   1   0   0   0   1   0   1   0   0 ...   1   0   1   0   0   0   1   0   0
3   1   0   0   0   1   0   1   0   0 ...   1   0   1   0   0   1   0   0   0
4   0   1   0   1   0   0   1   0   0 ...   1   0   1   0   0   0   1   0   0

[5 rows x 49 columns]
Initial Neural Network:
[{'weights': array([[-0.007, -0.004,  0.008, -0.007,  0.008, -0.005,  0.   , -0.001,
         0.009,  0.008, -0.01 ,  0.005, -0.001,  0.003, -0.008, -0.008,
         0.002, -0.009, -0.007,  0.008, -0.003,  0.005,  0.009,  0.006,
        -0.01 , -0.007, -0.009,  0.008,  0.003, -0.004, -0.009, -0.005,
        -0.007, -0.003, -0.01 ,  0.007, -0.003,  0.009,  0.005, -0.004,
        -0.002,  0.007, -0.004,  0.006, -0.004,  0.007,  0.005,  0.006,
         0.001],
       [-0.007, -0.004,  0.007, -0.01 ,  0.002,  0.008, -0.009, -0.004,
         0.007,  0.005,  0.001,  0.009,  0.01 ,  0.002,  0.002, -0.002,
         0.009, -0.001, -0.004,  0.01 ,  0.005, -0.003,  0.004,  0.008,
        -0.008,  0.004,  0.001,  0.01 , -0.006,  0.01 , -0.01 , -0.004,
         0.004, -0.003, -0.004,  0.   ,  0.005, -0.003, -0.007, -0.003,
        -0.006,  0.003, -0.001, -0.002,  0.004,  0.   , -0.004, -0.009,
        -0.01 ],
       [ 0.001, -0.001, -0.005, -0.001,  0.009,  0.003, -0.006, -0.006,
        -0.006,  0.01 ,  0.009, -0.005, -0.006, -0.002, -0.01 ,  0.   ,
         0.006,  0.   , -0.002,  0.01 ,  0.01 , -0.005, -0.001,  0.001,
        -0.005,  0.003,  0.   ,  0.001,  0.001,  0.01 ,  0.003,  0.006,
        -0.002,  0.009, -0.003,  0.001,  0.003, -0.004, -0.01 , -0.008,
         0.   ,  0.003,  0.003,  0.01 , -0.002, -0.005, -0.007, -0.001,
         0.006],
       [ 0.005, -0.003, -0.006, -0.01 , -0.008,  0.003, -0.008, -0.001,
         0.007, -0.001,  0.006,  0.   , -0.001, -0.01 ,  0.006,  0.002,
         0.009,  0.006,  0.005,  0.004, -0.002, -0.009, -0.007, -0.01 ,
        -0.008,  0.003, -0.001, -0.002,  0.005,  0.005, -0.003,  0.003,
         0.002, -0.003, -0.001,  0.002,  0.01 , -0.004,  0.   , -0.004,
         0.005,  0.005,  0.004,  0.006, -0.004,  0.009,  0.003,  0.007,
         0.006],
       [-0.007,  0.005, -0.001, -0.004, -0.006, -0.008,  0.007, -0.01 ,
         0.001,  0.002, -0.001,  0.003, -0.005,  0.004, -0.004,  0.   ,
        -0.001,  0.005,  0.003, -0.006,  0.006, -0.006, -0.005,  0.007,
        -0.007, -0.002,  0.007,  0.001,  0.001, -0.006, -0.006, -0.006,
         0.002,  0.004, -0.007,  0.006,  0.005,  0.01 , -0.009,  0.007,
        -0.001, -0.002, -0.006, -0.002, -0.008,  0.004,  0.008, -0.007,
        -0.005],
       [-0.009, -0.006, -0.005, -0.004, -0.001, -0.002, -0.008, -0.003,
         0.004,  0.   , -0.005,  0.   , -0.007, -0.005,  0.   ,  0.007,
        -0.01 , -0.005, -0.008, -0.004,  0.007,  0.008, -0.003, -0.004,
         0.008, -0.01 ,  0.002,  0.007, -0.006, -0.009,  0.004,  0.   ,
         0.005, -0.005, -0.005, -0.006, -0.009,  0.002,  0.001, -0.002,
        -0.006, -0.009,  0.005,  0.002, -0.003, -0.002, -0.001, -0.002,
         0.003],
       [-0.002, -0.003, -0.005,  0.003,  0.006, -0.009, -0.002, -0.005,
        -0.01 , -0.002, -0.003,  0.008,  0.002,  0.004,  0.002,  0.001,
        -0.008,  0.006,  0.005, -0.008,  0.001,  0.007,  0.003,  0.004,
         0.01 , -0.01 ,  0.005, -0.009,  0.003, -0.001,  0.   ,  0.005,
        -0.004,  0.001, -0.004, -0.003, -0.006, -0.005,  0.006, -0.008,
         0.004, -0.002,  0.001,  0.008,  0.003,  0.007,  0.004,  0.003,
        -0.009],
       [ 0.008,  0.001,  0.006,  0.004, -0.001, -0.006,  0.003, -0.003,
        -0.004, -0.01 ,  0.005,  0.01 , -0.009, -0.003,  0.009,  0.008,
         0.004,  0.006, -0.002,  0.004,  0.005, -0.006,  0.005, -0.008,
        -0.004, -0.01 ,  0.008, -0.006, -0.009,  0.001, -0.001,  0.001,
         0.004,  0.006, -0.005, -0.009,  0.004, -0.01 ,  0.007, -0.001,
         0.003, -0.002, -0.005,  0.   ,  0.004,  0.01 , -0.004,  0.008,
         0.   ],
       [ 0.001,  0.001, -0.01 ,  0.007,  0.006, -0.005,  0.   ,  0.01 ,
        -0.008,  0.001,  0.008, -0.005, -0.007,  0.01 ,  0.   ,  0.006,
        -0.008,  0.008, -0.01 ,  0.005,  0.008,  0.007,  0.005,  0.008,
         0.01 , -0.005,  0.005,  0.005, -0.003,  0.01 , -0.001,  0.007,
        -0.002, -0.002, -0.005, -0.002,  0.009, -0.004,  0.   ,  0.004,
         0.002, -0.007,  0.009,  0.004,  0.007, -0.005,  0.004,  0.008,
         0.006],
       [ 0.005,  0.005, -0.005,  0.   , -0.005, -0.01 , -0.003, -0.009,
         0.01 ,  0.009,  0.01 ,  0.006, -0.008, -0.007,  0.002,  0.002,
         0.001,  0.008,  0.005,  0.007,  0.005,  0.002, -0.003, -0.01 ,
        -0.002, -0.006, -0.007, -0.009,  0.005, -0.005,  0.004,  0.001,
         0.   ,  0.004,  0.006,  0.002, -0.004, -0.004, -0.001,  0.001,
         0.   , -0.005,  0.006,  0.001, -0.006,  0.009,  0.   , -0.009,
        -0.002]]), 'deltas': array([[0.],
       [0.],
       [0.],
       [0.],
       [0.],
       [0.],
       [0.],
       [0.],
       [0.],
       [0.]]), 'outputs': array([[0.],
       [0.],
       [0.],
       [0.],
       [0.],
       [0.],
       [0.],
       [0.],
       [0.],
       [0.]]), 'errors': array([[0.],
       [0.],
       [0.],
       [0.],
       [0.],
       [0.],
       [0.],
       [0.],
       [0.],
       [0.]])}, {'weights': array([[-0.003,  0.01 , -0.007, -0.003,  0.004,  0.008,  0.002,  0.006,
         0.006, -0.007],
       [ 0.   , -0.008,  0.008,  0.008, -0.007,  0.003, -0.008, -0.01 ,
         0.006, -0.005]]), 'deltas': array([[0.],
       [0.],
       [0.]]), 'outputs': array([[0.],
       [0.],
       [0.]]), 'errors': array([[0.],
       [0.],
       [0.]])}]
Training complete!
Training done. epoch: 3 , total error: 0.0002527455714318397
[{'weights': array([[-8.13606871e-02,  1.33001631e-01,  2.27309371e-02,
        -4.34696021e-01,  5.53295447e-01, -4.52275445e-02,
        -1.19424722e+00,  9.39957916e-01,  3.39661182e-01,
         1.94233915e+00, -2.08206329e+00,  2.20096018e-01,
         4.11756286e-01, -3.62241770e-01,  2.18573646e-02,
        -3.21352216e-01,  3.54385161e-01,  2.93389365e-02,
         4.23045804e-01, -4.19281725e-01,  7.16078031e-02,
         1.86012722e-01,  2.31438470e-01, -3.20079310e-01,
        -7.81958786e-01,  5.44323845e-01,  2.89006822e-01,
         4.22363759e-01, -3.69618633e-01,  3.16267557e-02,
        -7.60562854e-01,  9.14565732e-01, -9.76309973e-02,
         7.51025566e-01, -2.34477841e-01, -4.45175844e-01,
        -1.48863928e-01,  1.87437156e-01,  4.97986541e-02,
         2.36258759e-01, -1.24493954e-01, -3.33929240e-02,
        -1.88758825e-01,  3.65095680e-01, -1.00964974e-01,
        -1.45621633e-02, -2.38437356e-01,  3.48371401e-01,
         7.83718812e-02],
       [-8.33951210e-02,  1.36677234e-01,  2.06680807e-02,
        -4.36659265e-01,  5.48176035e-01, -3.35665766e-02,
        -1.19771250e+00,  9.32877762e-01,  3.36784930e-01,
         1.93251069e+00, -2.06404017e+00,  2.24479666e-01,
         4.21362892e-01, -3.61368641e-01,  3.19559424e-02,
        -3.13543817e-01,  3.59923671e-01,  3.75703390e-02,
         4.22127590e-01, -4.13126587e-01,  7.99491907e-02,
         1.77339383e-01,  2.26616282e-01, -3.17005472e-01,
        -7.75934742e-01,  5.52798808e-01,  2.98086128e-01,
         4.22229627e-01, -3.75584944e-01,  4.53055095e-02,
        -7.60891000e-01,  9.14149591e-01, -8.53083974e-02,
         7.49923425e-01, -2.31916086e-01, -4.47057145e-01,
        -1.38741154e-01,  1.75321184e-01,  3.63701627e-02,
         2.38237429e-01, -1.29426009e-01, -3.68612275e-02,
        -1.82135478e-01,  3.53375685e-01, -9.22900129e-02,
        -2.17035811e-02, -2.45814559e-01,  3.32468334e-01,
         6.79501931e-02],
       [-7.80825981e-02,  1.36741565e-01,  1.04609457e-02,
        -4.32527832e-01,  5.55369865e-01, -3.77221200e-02,
        -1.20007221e+00,  9.32923685e-01,  3.23268438e-01,
         1.93951140e+00, -2.06273767e+00,  2.11346184e-01,
         4.05760492e-01, -3.69610887e-01,  1.99703070e-02,
        -3.15352581e-01,  3.57055957e-01,  3.84165365e-02,
         4.23890888e-01, -4.16584620e-01,  8.48136445e-02,
         1.71826698e-01,  2.21654831e-01, -3.24361617e-01,
        -7.75606001e-01,  5.50567650e-01,  2.97158264e-01,
         4.14717334e-01, -3.73554123e-01,  4.49567023e-02,
        -7.53730045e-01,  9.25193209e-01, -9.03432521e-02,
         7.60452860e-01, -2.31965768e-01, -4.47367179e-01,
        -1.44762181e-01,  1.72468807e-01,  3.54132870e-02,
         2.32122195e-01, -1.26097693e-01, -3.69045894e-02,
        -1.81169843e-01,  3.64040674e-01, -9.77509177e-02,
        -2.73394901e-02, -2.52426381e-01,  3.40885784e-01,
         8.01199124e-02],
       [-7.53111508e-02,  1.38003276e-01,  8.50376120e-03,
        -4.43249924e-01,  5.43042782e-01, -3.95969719e-02,
        -1.20779715e+00,  9.43063004e-01,  3.37930032e-01,
         1.92412209e+00, -2.05977220e+00,  2.15845996e-01,
         4.10016220e-01, -3.75315677e-01,  3.54953428e-02,
        -3.10374180e-01,  3.58158804e-01,  4.44112628e-02,
         4.29415079e-01, -4.21705577e-01,  7.44863845e-02,
         1.67845895e-01,  2.15217091e-01, -3.33867100e-01,
        -7.79203879e-01,  5.52927601e-01,  2.95472164e-01,
         4.15136338e-01, -3.72198338e-01,  4.02578865e-02,
        -7.63085687e-01,  9.28080521e-01, -8.77989469e-02,
         7.49967590e-01, -2.33985748e-01, -4.42785956e-01,
        -1.37119263e-01,  1.75317508e-01,  4.29976418e-02,
         2.37161834e-01, -1.22155306e-01, -3.38106416e-02,
        -1.78174503e-01,  3.57987466e-01, -9.86170762e-02,
        -1.10206023e-02, -2.45205525e-01,  3.50422013e-01,
         8.11958862e-02],
       [-8.22332353e-02,  1.43498243e-01,  1.45948478e-02,
        -4.31090199e-01,  5.39056477e-01, -4.71064228e-02,
        -1.17969424e+00,  9.26378118e-01,  3.30175978e-01,
         1.93945423e+00, -2.07553038e+00,  2.18936003e-01,
         4.10339555e-01, -3.62362155e-01,  2.58824560e-02,
        -3.14190289e-01,  3.53636943e-01,  4.34132015e-02,
         4.22202491e-01, -4.22353770e-01,  8.20111343e-02,
         1.68117806e-01,  2.25022683e-01, -3.18280633e-01,
        -7.76845283e-01,  5.48810446e-01,  3.04894693e-01,
         4.17114991e-01, -3.72046194e-01,  2.97910590e-02,
        -7.54533821e-01,  9.08718595e-01, -8.53249178e-02,
         7.52870092e-01, -2.29488187e-01, -4.41522049e-01,
        -1.37519575e-01,  1.86118719e-01,  3.62607119e-02,
         2.47839127e-01, -1.23961166e-01, -4.10181059e-02,
        -1.90456375e-01,  3.55825588e-01, -1.02509357e-01,
        -2.05992971e-02, -2.30029557e-01,  3.34488709e-01,
         7.38598558e-02],
       [-7.78247555e-02,  1.27486916e-01,  1.13596049e-02,
        -4.29704588e-01,  5.46045788e-01, -4.23194348e-02,
        -1.19943266e+00,  9.41890078e-01,  3.31564343e-01,
         1.93513145e+00, -2.07487212e+00,  2.15762433e-01,
         4.07515354e-01, -3.68276718e-01,  2.97831303e-02,
        -3.09889520e-01,  3.49326580e-01,  3.35847056e-02,
         4.18451504e-01, -4.25363725e-01,  8.29339864e-02,
         1.84771608e-01,  2.25181973e-01, -3.27931815e-01,
        -7.57708979e-01,  5.39121086e-01,  2.99609658e-01,
         4.23413098e-01, -3.77361172e-01,  2.69698394e-02,
        -7.46160971e-01,  9.19113689e-01, -8.29309527e-02,
         7.46359920e-01, -2.25681336e-01, -4.55656818e-01,
        -1.52392843e-01,  1.81162055e-01,  4.62525535e-02,
         2.42239506e-01, -1.30050863e-01, -4.81668779e-02,
        -1.82534812e-01,  3.66054721e-01, -9.84981438e-02,
        -2.44718467e-02, -2.43126237e-01,  3.43619849e-01,
         8.40217656e-02],
       [-7.24103170e-02,  1.29899583e-01,  1.10438016e-02,
        -4.26555315e-01,  5.53392447e-01, -4.83040647e-02,
        -1.19907694e+00,  9.43053718e-01,  3.17556290e-01,
         1.93529969e+00, -2.07721180e+00,  2.23445176e-01,
         4.16949758e-01, -3.62210977e-01,  3.17942857e-02,
        -3.13496313e-01,  3.46773460e-01,  4.42559195e-02,
         4.27743368e-01, -4.28938890e-01,  7.77285891e-02,
         1.83792810e-01,  2.30143675e-01, -3.21403418e-01,
        -7.61274155e-01,  5.42040430e-01,  3.02766792e-01,
         4.11233188e-01, -3.74452328e-01,  3.47522066e-02,
        -7.51769800e-01,  9.25022935e-01, -9.37200673e-02,
         7.52411018e-01, -2.26604783e-01, -4.53273168e-01,
        -1.52426020e-01,  1.73675087e-01,  5.22840003e-02,
         2.35722637e-01, -1.21955969e-01, -4.12336008e-02,
        -1.86632062e-01,  3.70326579e-01, -9.31614494e-02,
        -1.57714251e-02, -2.39123649e-01,  3.47428142e-01,
         6.95330671e-02],
       [-6.96562627e-02,  1.39687198e-01,  2.14232375e-02,
        -4.27023403e-01,  5.46341982e-01, -4.58644061e-02,
        -1.18358467e+00,  9.34353630e-01,  3.21685217e-01,
         1.91850936e+00, -2.06305757e+00,  2.26002385e-01,
         4.04240601e-01, -3.69755702e-01,  3.89692737e-02,
        -3.06367748e-01,  3.56014441e-01,  4.48074800e-02,
         4.19460912e-01, -4.16917711e-01,  8.09109724e-02,
         1.70266394e-01,  2.28465988e-01, -3.31278208e-01,
        -7.69760112e-01,  5.35717973e-01,  3.04496312e-01,
         4.10636763e-01, -3.84371808e-01,  3.61892182e-02,
        -7.51884504e-01,  9.17342379e-01, -8.50037022e-02,
         7.56868580e-01, -2.30512470e-01, -4.57901937e-01,
        -1.42112977e-01,  1.67476223e-01,  5.20909268e-02,
         2.43165136e-01, -1.25314243e-01, -4.13967203e-02,
        -1.87726385e-01,  3.55913803e-01, -9.27332444e-02,
        -1.48123674e-02, -2.42603953e-01,  3.47870494e-01,
         7.64541733e-02],
       [-7.86222202e-02,  1.32493744e-01,  7.00313599e-03,
        -4.26126915e-01,  5.47500734e-01, -4.44991589e-02,
        -1.19676193e+00,  9.48330011e-01,  3.19306577e-01,
         1.92452203e+00, -2.06331479e+00,  2.11667426e-01,
         4.04233629e-01, -3.62410960e-01,  3.00519911e-02,
        -3.13962194e-01,  3.42607940e-01,  4.62289136e-02,
         4.12413401e-01, -4.23677008e-01,  8.31382671e-02,
         1.78178769e-01,  2.26544412e-01, -3.15848521e-01,
        -7.63500934e-01,  5.41005664e-01,  3.01369930e-01,
         4.13644084e-01, -3.77498492e-01,  4.47290681e-02,
        -7.59784241e-01,  9.24119776e-01, -9.14608753e-02,
         7.46453948e-01, -2.34170825e-01, -4.52408463e-01,
        -1.40866541e-01,  1.72746757e-01,  4.19944442e-02,
         2.44799305e-01, -1.30217304e-01, -4.67073405e-02,
        -1.74284215e-01,  3.51544167e-01, -8.83852927e-02,
        -2.60275408e-02, -2.47930134e-01,  3.49832335e-01,
         7.48746599e-02],
       [ 5.00000000e-03,  5.00000000e-03, -5.00000000e-03,
         0.00000000e+00, -5.00000000e-03, -1.00000000e-02,
        -3.00000000e-03, -9.00000000e-03,  1.00000000e-02,
         9.00000000e-03,  1.00000000e-02,  6.00000000e-03,
        -8.00000000e-03, -7.00000000e-03,  2.00000000e-03,
         2.00000000e-03,  1.00000000e-03,  8.00000000e-03,
         5.00000000e-03,  7.00000000e-03,  5.00000000e-03,
         2.00000000e-03, -3.00000000e-03, -1.00000000e-02,
        -2.00000000e-03, -6.00000000e-03, -7.00000000e-03,
        -9.00000000e-03,  5.00000000e-03, -5.00000000e-03,
         4.00000000e-03,  1.00000000e-03,  0.00000000e+00,
         4.00000000e-03,  6.00000000e-03,  2.00000000e-03,
        -4.00000000e-03, -4.00000000e-03, -1.00000000e-03,
         1.00000000e-03,  0.00000000e+00, -5.00000000e-03,
         6.00000000e-03,  1.00000000e-03, -6.00000000e-03,
         9.00000000e-03,  0.00000000e+00, -9.00000000e-03,
        -2.00000000e-03]]), 'deltas': array([[1.95753776e-05],
       [2.03408839e-05],
       [2.01099604e-05],
       [2.05641723e-05],
       [2.04261410e-05],
       [2.02387107e-05],
       [1.99189717e-05],
       [2.05517794e-05],
       [2.13529916e-05],
       [0.00000000e+00]]), 'outputs': array([[0.99052497],
       [0.99015072],
       [0.99026365],
       [0.9900415 ],
       [0.99010902],
       [0.99020069],
       [0.99035702],
       [0.99004756],
       [0.98965547],
       [1.        ]]), 'errors': 0.0020857583116284622}, {'weights': array([[-0.77648006, -0.75913683, -0.77628325, -0.76682024, -0.75294869,
        -0.74755956, -0.75194501, -0.74780977, -0.75692096,  2.6420537 ],
       [ 0.77189104,  0.75954026,  0.77570437,  0.77023541,  0.74836365,
         0.75696287,  0.74435926,  0.74222204,  0.76734901, -2.64229418]]), 'deltas': array([[-0.00024884],
       [ 0.00024861]]), 'outputs': array([[0.01590165],
       [0.9841057 ]]), 'errors': array([[-0.01590165],
       [ 0.0158943 ]])}]
Accuracy: 95.40229885057471 %

train_data group 4 length:  347
   0   1   2   3   4   5   6   7   8  ...  40  41  42  43  44  45  46  47  48
0   1   0   0   1   0   0   1   0   0 ...   1   0   1   0   0   0   1   0   0
1   1   0   0   0   1   0   1   0   0 ...   1   0   1   0   0   0   1   0   0
2   1   0   0   0   1   0   1   0   0 ...   1   0   1   0   0   0   1   0   0
3   1   0   0   0   1   0   1   0   0 ...   1   0   1   0   0   1   0   0   0
4   0   1   0   1   0   0   1   0   0 ...   1   0   1   0   0   0   1   0   0

[5 rows x 49 columns]
Initial Neural Network:
[{'weights': array([[ 0.001,  0.003,  0.008, -0.002,  0.004,  0.01 ,  0.001, -0.003,
         0.008,  0.009, -0.005,  0.009,  0.003,  0.002, -0.01 , -0.008,
        -0.003,  0.006,  0.006,  0.003,  0.01 , -0.001, -0.003, -0.005,
         0.01 , -0.005, -0.008, -0.001,  0.007,  0.005, -0.006, -0.001,
         0.006,  0.004, -0.004,  0.003,  0.   ,  0.006,  0.007, -0.006,
         0.005,  0.004,  0.003,  0.009,  0.007, -0.001,  0.003,  0.007,
         0.002],
       [ 0.001, -0.001,  0.009,  0.009, -0.004,  0.008,  0.002,  0.008,
        -0.006,  0.008, -0.003, -0.002,  0.002,  0.   , -0.01 , -0.005,
        -0.009, -0.005, -0.003,  0.002, -0.002, -0.008, -0.008,  0.   ,
        -0.001,  0.   , -0.006,  0.003,  0.009, -0.002,  0.002, -0.006,
         0.001,  0.007,  0.009,  0.004, -0.01 , -0.008,  0.009,  0.006,
        -0.004, -0.009,  0.003, -0.008, -0.001, -0.001, -0.007,  0.001,
         0.006],
       [-0.004,  0.01 ,  0.008,  0.004, -0.005,  0.006, -0.01 ,  0.001,
        -0.004,  0.005,  0.006, -0.007,  0.002, -0.006, -0.002,  0.004,
        -0.003,  0.01 , -0.009, -0.008, -0.009, -0.009,  0.007, -0.006,
         0.003,  0.   , -0.005, -0.009, -0.001, -0.002, -0.01 ,  0.01 ,
        -0.003, -0.01 , -0.01 ,  0.009, -0.009, -0.006, -0.004, -0.008,
         0.002,  0.001,  0.001, -0.004, -0.008,  0.002, -0.008,  0.008,
         0.   ],
       [ 0.003,  0.01 ,  0.006, -0.009, -0.003, -0.006,  0.008, -0.002,
         0.008, -0.002,  0.   ,  0.007, -0.006, -0.005,  0.004, -0.007,
        -0.01 ,  0.007,  0.001,  0.008, -0.004, -0.001, -0.008,  0.007,
         0.009, -0.008,  0.006,  0.   , -0.009,  0.009, -0.002, -0.007,
        -0.001, -0.008, -0.008,  0.006, -0.007, -0.002,  0.004,  0.001,
         0.005, -0.009,  0.001, -0.01 ,  0.002,  0.01 ,  0.002, -0.005,
        -0.004],
       [ 0.003, -0.009,  0.009,  0.002,  0.004, -0.008,  0.007,  0.01 ,
        -0.009, -0.002, -0.003, -0.009, -0.007,  0.01 ,  0.01 , -0.008,
         0.003,  0.004,  0.001, -0.004, -0.006,  0.01 ,  0.01 ,  0.001,
         0.007,  0.008,  0.003,  0.009, -0.006,  0.006,  0.004, -0.004,
         0.008, -0.004,  0.005,  0.008,  0.002,  0.005, -0.01 ,  0.003,
         0.006,  0.003,  0.001, -0.006,  0.007, -0.009, -0.01 , -0.006,
         0.005],
       [-0.006,  0.009, -0.005,  0.009, -0.005,  0.01 ,  0.003,  0.009,
        -0.002, -0.002,  0.006,  0.007,  0.002,  0.003, -0.005,  0.006,
        -0.009,  0.005, -0.001, -0.008,  0.009, -0.005, -0.002, -0.002,
         0.007, -0.003, -0.007, -0.006,  0.01 , -0.006, -0.006,  0.005,
         0.007,  0.005, -0.002, -0.008,  0.004,  0.006, -0.004,  0.009,
        -0.006, -0.004, -0.007,  0.007, -0.003,  0.006, -0.007,  0.005,
         0.005],
       [ 0.009,  0.009, -0.006,  0.001, -0.001, -0.01 ,  0.006, -0.004,
         0.001,  0.   ,  0.009,  0.007, -0.006,  0.01 , -0.007, -0.005,
         0.008,  0.01 ,  0.01 , -0.002, -0.008, -0.004,  0.005, -0.008,
         0.   ,  0.006,  0.006,  0.   ,  0.01 , -0.007,  0.001,  0.   ,
         0.008, -0.001,  0.008, -0.008,  0.004,  0.009,  0.009, -0.01 ,
         0.006,  0.   , -0.001,  0.001, -0.002, -0.007, -0.005, -0.007,
         0.001],
       [ 0.003, -0.002, -0.008,  0.001, -0.005,  0.001,  0.009, -0.005,
        -0.004, -0.006, -0.006,  0.009, -0.006, -0.006, -0.006, -0.008,
         0.006, -0.002, -0.009, -0.007,  0.003, -0.01 , -0.008,  0.004,
         0.006, -0.007,  0.005,  0.005,  0.009,  0.004,  0.002,  0.003,
         0.003,  0.006,  0.006,  0.001,  0.003, -0.003, -0.003,  0.004,
         0.009,  0.007, -0.008, -0.003,  0.006,  0.007, -0.002, -0.01 ,
         0.001],
       [ 0.008,  0.001, -0.002, -0.007,  0.001,  0.006,  0.009, -0.006,
        -0.004, -0.002,  0.008, -0.01 ,  0.003,  0.01 ,  0.006, -0.002,
        -0.007,  0.005, -0.008, -0.007, -0.002, -0.007, -0.005, -0.007,
        -0.01 , -0.008,  0.007,  0.007, -0.005,  0.01 ,  0.008,  0.005,
         0.   ,  0.002,  0.002,  0.005,  0.004, -0.005,  0.006, -0.005,
        -0.005,  0.001,  0.006, -0.002, -0.003,  0.   , -0.009,  0.003,
        -0.006],
       [ 0.006,  0.007, -0.003,  0.008,  0.005,  0.004,  0.003, -0.006,
         0.002,  0.007, -0.007, -0.004, -0.008,  0.005, -0.005, -0.009,
         0.003,  0.   , -0.004, -0.008,  0.004, -0.002, -0.009, -0.002,
         0.007, -0.006, -0.001,  0.009, -0.01 ,  0.006, -0.007,  0.004,
         0.001,  0.006,  0.   , -0.003,  0.001, -0.005,  0.007, -0.001,
        -0.006,  0.008, -0.008, -0.003, -0.004, -0.004,  0.01 , -0.006,
         0.006]]), 'deltas': array([[0.],
       [0.],
       [0.],
       [0.],
       [0.],
       [0.],
       [0.],
       [0.],
       [0.],
       [0.]]), 'outputs': array([[0.],
       [0.],
       [0.],
       [0.],
       [0.],
       [0.],
       [0.],
       [0.],
       [0.],
       [0.]]), 'errors': array([[0.],
       [0.],
       [0.],
       [0.],
       [0.],
       [0.],
       [0.],
       [0.],
       [0.],
       [0.]])}, {'weights': array([[-0.006,  0.006, -0.005,  0.01 , -0.002,  0.007,  0.006, -0.006,
         0.006, -0.003],
       [ 0.   ,  0.004,  0.007,  0.008, -0.006, -0.01 , -0.001, -0.009,
         0.008,  0.002]]), 'deltas': array([[0.],
       [0.],
       [0.]]), 'outputs': array([[0.],
       [0.],
       [0.]]), 'errors': array([[0.],
       [0.],
       [0.]])}]
Training complete!
Training done. epoch: 1 , total error: 0.0007953875651206545
[{'weights': array([[-1.42396828e-01,  1.71079143e-01, -5.52395283e-02,
        -9.36886237e-02,  1.74393790e-01, -1.07262380e-01,
        -6.69329614e-01,  7.39409602e-01, -1.02637202e-01,
         1.52395459e+00, -1.49276384e+00, -5.67479654e-02,
         2.19628679e-01, -2.03080729e-01, -6.01051636e-02,
        -2.06976239e-01,  2.11967647e-01, -4.85486203e-02,
         1.45198298e-01, -1.73659220e-01,  8.90370896e-03,
         1.97919644e-01,  4.07391223e-02, -2.86215980e-01,
        -4.39191518e-01,  3.96571246e-01,  1.06305878e-03,
         3.40625267e-01, -2.62141520e-01, -1.06040960e-01,
        -7.53400248e-01,  8.74267489e-01, -1.60424454e-01,
         3.51019197e-01, -3.73791555e-01, -1.27848551e-02,
         9.27752354e-02,  1.24234979e-02, -1.30755946e-01,
         2.82853541e-01, -2.33442484e-01, -8.49682702e-02,
        -9.45523361e-02,  1.77560190e-01, -1.02565067e-01,
         3.86787889e-02, -2.13426321e-01,  1.45190319e-01,
        -3.65572132e-02],
       [-1.37696104e-01,  1.67887580e-01, -5.70780646e-02,
        -8.40248649e-02,  1.69628895e-01, -1.08490618e-01,
        -6.59041731e-01,  7.45331187e-01, -1.18176045e-01,
         1.52078565e+00, -1.48431408e+00, -6.93581649e-02,
         2.17607315e-01, -2.01664006e-01, -5.98298968e-02,
        -2.04931895e-01,  2.09929884e-01, -5.98845774e-02,
         1.38819748e-01, -1.74923396e-01, -2.78294030e-03,
         1.93642219e-01,  3.46517213e-02, -2.80180529e-01,
        -4.41635567e-01,  3.94858842e-01,  3.89013678e-03,
         3.46030459e-01, -2.59146045e-01, -1.12771001e-01,
        -7.42808819e-01,  8.69004165e-01, -1.65081934e-01,
         3.54626388e-01, -3.56845799e-01, -1.36671776e-02,
         8.19939104e-02,  5.39632832e-04, -1.27420131e-01,
         2.95280284e-01, -2.39880913e-01, -9.82859590e-02,
        -9.50995267e-02,  1.62738751e-01, -1.09525812e-01,
         3.63831536e-02, -2.20128922e-01,  1.40859180e-01,
        -2.98865883e-02],
       [-1.40245694e-01,  1.79041022e-01, -5.84885990e-02,
        -9.08936070e-02,  1.72432617e-01, -1.10232282e-01,
        -6.73330091e-01,  7.40925600e-01, -1.14288780e-01,
         1.51708824e+00, -1.47218818e+00, -7.45933260e-02,
         2.20114246e-01, -2.07950376e-01, -5.18571412e-02,
        -1.92195509e-01,  2.14122669e-01, -4.46204312e-02,
         1.35278000e-01, -1.85357100e-01, -9.61417098e-03,
         1.94658118e-01,  5.00510645e-02, -2.86402454e-01,
        -4.42193820e-01,  4.01790694e-01,  4.70985436e-03,
         3.37025672e-01, -2.70046860e-01, -1.12672083e-01,
        -7.51299407e-01,  8.83856773e-01, -1.69250637e-01,
         3.39162646e-01, -3.77981743e-01, -5.87417441e-03,
         8.53040229e-02,  2.21772542e-03, -1.40215020e-01,
         2.82084370e-01, -2.32453674e-01, -8.83239674e-02,
        -9.53275394e-02,  1.66463433e-01, -1.15829165e-01,
         4.34701422e-02, -2.22552162e-01,  1.47388749e-01,
        -3.36932715e-02],
       [-1.35422863e-01,  1.79177109e-01, -5.89184826e-02,
        -9.77362674e-02,  1.68069956e-01, -1.22497926e-01,
        -6.58388964e-01,  7.42449106e-01, -1.04224380e-01,
         1.51595477e+00, -1.48390204e+00, -6.12169720e-02,
         2.15144259e-01, -2.09915173e-01, -4.63933231e-02,
        -2.03878484e-01,  2.07812099e-01, -4.80978525e-02,
         1.39224884e-01, -1.63561790e-01, -4.82733090e-03,
         1.97596905e-01,  4.07969132e-02, -2.74558056e-01,
        -4.37046680e-01,  3.94046699e-01,  1.58357445e-02,
         3.40253410e-01, -2.72392791e-01, -1.02024855e-01,
        -7.45629062e-01,  8.69429746e-01, -1.67964921e-01,
         3.41602045e-01, -3.74863134e-01, -1.09031478e-02,
         9.05843565e-02,  3.30838511e-03, -1.33056979e-01,
         2.93486198e-01, -2.33043678e-01, -9.76067567e-02,
        -9.77275296e-02,  1.64044482e-01, -1.07481190e-01,
         4.78771519e-02, -2.09963140e-01,  1.34921751e-01,
        -3.81642371e-02],
       [-1.41473770e-01,  1.61125779e-01, -5.64958037e-02,
        -9.18688654e-02,  1.73978582e-01, -1.23953511e-01,
        -6.64731986e-01,  7.53009652e-01, -1.20121460e-01,
         1.51498009e+00, -1.49339428e+00, -7.54296040e-02,
         2.10131245e-01, -1.96990580e-01, -3.99844593e-02,
        -2.06403163e-01,  2.16081231e-01, -5.05218629e-02,
         1.38295998e-01, -1.80361244e-01, -6.77854880e-03,
         2.07143991e-01,  5.38028668e-02, -2.79790653e-01,
        -4.42628237e-01,  4.07339765e-01,  1.34446770e-02,
         3.47082913e-01, -2.73213880e-01, -1.04712828e-01,
        -7.47375817e-01,  8.74278798e-01, -1.58746775e-01,
         3.44942476e-01, -3.67231778e-01, -8.55449250e-03,
         9.52650368e-02,  8.21890183e-03, -1.46327733e-01,
         2.93194127e-01, -2.34390206e-01, -8.66477147e-02,
        -1.00344247e-01,  1.66054445e-01, -1.03553993e-01,
         3.00395442e-02, -2.27275746e-01,  1.32392407e-01,
        -3.48437945e-02],
       [-1.45019661e-01,  1.74129846e-01, -7.00022549e-02,
        -8.70156600e-02,  1.69346408e-01, -1.07222818e-01,
        -6.62617855e-01,  7.47301147e-01, -1.13575362e-01,
         1.50614672e+00, -1.47388962e+00, -6.01491640e-02,
         2.19969482e-01, -2.03765817e-01, -5.50957356e-02,
        -1.93408109e-01,  2.06467858e-01, -4.99518186e-02,
         1.39709626e-01, -1.86355100e-01,  7.75340418e-03,
         1.92506896e-01,  4.11288340e-02, -2.81527800e-01,
        -4.40827896e-01,  3.97089215e-01,  1.84661130e-03,
         3.36839454e-01, -2.60651912e-01, -1.17079612e-01,
        -7.50128580e-01,  8.74657172e-01, -1.57420662e-01,
         3.52614593e-01, -3.73740219e-01, -2.27664446e-02,
         9.48548600e-02,  1.28308877e-02, -1.40577818e-01,
         2.96385487e-01, -2.43245053e-01, -9.30325036e-02,
        -1.04468551e-01,  1.73522736e-01, -1.10946255e-01,
         4.44482191e-02, -2.23704422e-01,  1.44364133e-01,
        -3.38920701e-02],
       [-1.33799141e-01,  1.77950641e-01, -7.28567198e-02,
        -9.45191631e-02,  1.70808379e-01, -1.26994436e-01,
        -6.64150217e-01,  7.37399933e-01, -1.10954935e-01,
         1.51374136e+00, -1.47771552e+00, -6.07310591e-02,
         2.13760460e-01, -2.00057928e-01, -5.74077513e-02,
        -1.99523177e-01,  2.16662773e-01, -4.48448148e-02,
         1.47622802e-01, -1.79374903e-01, -8.95311793e-03,
         1.90504693e-01,  4.96244878e-02, -2.87834400e-01,
        -4.50965343e-01,  4.05647476e-01,  1.66126474e-02,
         3.40779654e-01, -2.60852496e-01, -1.17632378e-01,
        -7.48839237e-01,  8.73158203e-01, -1.56024186e-01,
         3.49344881e-01, -3.68747738e-01, -2.23023622e-02,
         9.80228728e-02,  1.06804042e-02, -1.27408496e-01,
         2.81382094e-01, -2.36474504e-01, -8.96128101e-02,
        -1.02314458e-01,  1.70535210e-01, -1.10925971e-01,
         3.19979901e-02, -2.23478031e-01,  1.31774821e-01,
        -3.97052194e-02],
       [-1.36756884e-01,  1.67515995e-01, -7.35860340e-02,
        -9.14281877e-02,  1.68396703e-01, -1.15795438e-01,
        -6.53838857e-01,  7.35493411e-01, -1.17481477e-01,
         1.50871995e+00, -1.48839150e+00, -5.91553811e-02,
         2.13977858e-01, -2.11521243e-01, -5.62835381e-02,
        -2.02609367e-01,  2.20268326e-01, -5.74858814e-02,
         1.30415004e-01, -1.80917747e-01,  1.67582057e-03,
         1.88140423e-01,  3.83779955e-02, -2.76345341e-01,
        -4.37694772e-01,  3.91489605e-01,  1.43782440e-02,
         3.47416043e-01, -2.58211824e-01, -1.07031142e-01,
        -7.42125082e-01,  8.75288115e-01, -1.60989957e-01,
         3.55827820e-01, -3.63900778e-01, -1.47539646e-02,
         9.78048067e-02,  3.04233853e-03, -1.39674068e-01,
         2.96241926e-01, -2.30103524e-01, -8.19653251e-02,
        -1.04719683e-01,  1.67408626e-01, -1.03515866e-01,
         4.46858118e-02, -2.15282201e-01,  1.29769466e-01,
        -3.48269230e-02],
       [-1.31593891e-01,  1.71406763e-01, -6.82433965e-02,
        -9.62558451e-02,  1.71716627e-01, -1.10891307e-01,
        -6.55727721e-01,  7.35820399e-01, -1.16523203e-01,
         1.51214737e+00, -1.47211521e+00, -7.94626768e-02,
         2.23020076e-01, -1.95431141e-01, -4.40194593e-02,
        -1.98933240e-01,  2.09653975e-01, -5.01512603e-02,
         1.30723313e-01, -1.80225490e-01, -2.92834885e-03,
         1.91087766e-01,  4.20732132e-02, -2.87591504e-01,
        -4.55425116e-01,  3.91871972e-01,  1.71226192e-02,
         3.46289244e-01, -2.68776766e-01, -1.00943004e-01,
        -7.35301747e-01,  8.79281376e-01, -1.66410154e-01,
         3.50240284e-01, -3.64718274e-01, -1.19525353e-02,
         1.00017620e-01,  2.86446885e-04, -1.30734591e-01,
         2.86597728e-01, -2.42655209e-01, -8.83730438e-02,
        -9.30676335e-02,  1.71196282e-01, -1.12559173e-01,
         3.84942923e-02, -2.20960010e-01,  1.41035193e-01,
        -4.14305251e-02],
       [ 6.00000000e-03,  7.00000000e-03, -3.00000000e-03,
         8.00000000e-03,  5.00000000e-03,  4.00000000e-03,
         3.00000000e-03, -6.00000000e-03,  2.00000000e-03,
         7.00000000e-03, -7.00000000e-03, -4.00000000e-03,
        -8.00000000e-03,  5.00000000e-03, -5.00000000e-03,
        -9.00000000e-03,  3.00000000e-03,  0.00000000e+00,
        -4.00000000e-03, -8.00000000e-03,  4.00000000e-03,
        -2.00000000e-03, -9.00000000e-03, -2.00000000e-03,
         7.00000000e-03, -6.00000000e-03, -1.00000000e-03,
         9.00000000e-03, -1.00000000e-02,  6.00000000e-03,
        -7.00000000e-03,  4.00000000e-03,  1.00000000e-03,
         6.00000000e-03,  0.00000000e+00, -3.00000000e-03,
         1.00000000e-03, -5.00000000e-03,  7.00000000e-03,
        -1.00000000e-03, -6.00000000e-03,  8.00000000e-03,
        -8.00000000e-03, -3.00000000e-03, -4.00000000e-03,
        -4.00000000e-03,  1.00000000e-02, -6.00000000e-03,
         6.00000000e-03]]), 'deltas': array([[0.00015693],
       [0.00016031],
       [0.00015885],
       [0.00016056],
       [0.00015798],
       [0.00016207],
       [0.00016362],
       [0.00016255],
       [0.0001653 ],
       [0.        ]]), 'outputs': array([[0.97175343],
       [0.97112747],
       [0.97139805],
       [0.97108083],
       [0.97155878],
       [0.97080061],
       [0.97051174],
       [0.97071046],
       [0.97020037],
       [1.        ]]), 'errors': 0.0057173782315191055}, {'weights': array([[-0.62376768, -0.60972243, -0.62136094, -0.59247243, -0.6138652 ,
        -0.60932105, -0.59760215, -0.61112601, -0.5983449 ,  1.77569636],
       [ 0.61596768,  0.61792143,  0.62157673,  0.60870589,  0.60407136,
         0.60451339,  0.60081118,  0.59434748,  0.61056177, -1.77606027]]), 'deltas': array([[-0.00077332],
       [ 0.00077259]]), 'outputs': array([[0.02820938],
       [0.97180414]]), 'errors': array([[-0.02820938],
       [ 0.02819586]])}]
Accuracy: 96.5909090909091 %

Feedforward Neural Network AVG Accuracy (%): 96.78410002187067 %
