Namespace(error_threshold=0.001, max_epochs=1000, num_layers=2, num_nodes_per_hidden_layer=4, training_rate=0.5)

train_data group 0 length:  349
   0   1   2   3   4   5   6   7   8  ...  40  41  42  43  44  45  46  47  48
0   1   0   0   0   1   0   1   0   0 ...   1   0   1   0   0   0   1   0   0
1   1   0   0   0   0   1   1   0   0 ...   1   0   1   0   0   0   1   0   0
2   1   0   0   0   1   0   1   0   0 ...   1   0   1   0   0   0   1   0   0
3   1   0   0   0   1   0   1   0   0 ...   1   0   1   0   0   1   0   0   0
4   1   0   0   1   0   0   1   0   0 ...   1   0   1   0   0   1   0   0   0

[5 rows x 49 columns]
Initial Neural Network:
[{'weights': array([[ 0.003,  0.005, -0.005,  0.005,  0.01 , -0.005, -0.004,  0.007,
         0.009,  0.007, -0.005,  0.001,  0.004,  0.004,  0.003, -0.001,
         0.007, -0.002,  0.004, -0.004, -0.01 ,  0.006,  0.008,  0.003,
         0.   ,  0.009,  0.001, -0.008,  0.01 ,  0.   , -0.008,  0.005,
        -0.004,  0.001,  0.007,  0.005, -0.004,  0.001,  0.001,  0.009,
        -0.002, -0.004,  0.007, -0.01 , -0.001,  0.009, -0.01 ,  0.003,
        -0.008],
       [-0.003,  0.006,  0.008,  0.006,  0.002, -0.004,  0.006,  0.006,
        -0.01 , -0.008,  0.006,  0.01 , -0.003,  0.004,  0.   , -0.007,
        -0.009,  0.002,  0.004, -0.01 ,  0.008, -0.008, -0.001, -0.009,
         0.   , -0.001, -0.008,  0.008, -0.007,  0.005,  0.   ,  0.009,
         0.006, -0.001, -0.005,  0.   ,  0.001,  0.009,  0.009, -0.001,
        -0.005, -0.005,  0.   , -0.008, -0.009, -0.009,  0.   , -0.01 ,
        -0.003],
       [-0.006,  0.005, -0.001, -0.002,  0.001,  0.004, -0.001,  0.   ,
         0.003,  0.003,  0.003, -0.003,  0.   ,  0.007,  0.008, -0.008,
         0.006,  0.009,  0.001,  0.01 ,  0.01 , -0.006, -0.005,  0.002,
        -0.001,  0.006,  0.002, -0.006, -0.006, -0.002,  0.   , -0.01 ,
        -0.006,  0.007,  0.008, -0.003,  0.003,  0.009,  0.005,  0.007,
        -0.001,  0.003, -0.002,  0.009, -0.004, -0.004,  0.004,  0.003,
        -0.007],
       [-0.003,  0.005, -0.006,  0.001, -0.009, -0.004, -0.001,  0.008,
         0.008, -0.008,  0.007,  0.01 ,  0.005, -0.003,  0.008,  0.003,
        -0.007,  0.002, -0.004,  0.004,  0.008,  0.01 ,  0.009, -0.008,
         0.001, -0.007, -0.001, -0.007, -0.002, -0.004, -0.002,  0.006,
        -0.003,  0.005,  0.001, -0.006, -0.01 , -0.005,  0.006, -0.009,
         0.003,  0.003,  0.001,  0.01 , -0.009, -0.003,  0.003, -0.008,
        -0.009],
       [ 0.008, -0.005,  0.003,  0.01 ,  0.   ,  0.005,  0.004, -0.004,
         0.007, -0.001,  0.006, -0.001,  0.   ,  0.001, -0.003, -0.004,
        -0.008, -0.002, -0.001, -0.006, -0.002,  0.001,  0.   , -0.006,
        -0.001,  0.005, -0.007,  0.008, -0.005, -0.009, -0.001, -0.004,
         0.007, -0.005, -0.005, -0.003,  0.   ,  0.006,  0.006,  0.005,
        -0.009, -0.001,  0.009,  0.009,  0.002,  0.005,  0.005,  0.004,
         0.01 ]]), 'deltas': array([[0.],
       [0.],
       [0.],
       [0.],
       [0.]]), 'outputs': array([[0.],
       [0.],
       [0.],
       [0.],
       [0.]]), 'errors': array([[0.],
       [0.],
       [0.],
       [0.],
       [0.]])}, {'weights': array([[ 0.   , -0.007, -0.008,  0.003, -0.009],
       [-0.001,  0.001,  0.01 , -0.008,  0.01 ]]), 'deltas': array([[0.],
       [0.],
       [0.]]), 'outputs': array([[0.],
       [0.],
       [0.]]), 'errors': array([[0.],
       [0.],
       [0.]])}]
Training complete!
Training done. epoch: 4 , total error: 0.0006229950217149853
[{'weights': array([[-9.45298963e-02, -1.63507482e-02,  2.35466801e-01,
        -1.83149777e-01,  3.46347637e-01, -3.16117033e-02,
        -6.12802092e-01,  6.74497376e-01,  7.18908732e-02,
         2.18696403e+00, -2.27808758e+00,  2.15709703e-01,
         6.35370101e-01, -5.60415585e-01,  5.76316405e-02,
        -8.34582634e-02,  2.30061966e-01, -2.10175460e-02,
         4.72611739e-01, -3.59936473e-01, -1.08910859e-03,
         2.42567822e-01,  3.32588525e-01, -4.36570190e-01,
        -5.53767242e-01,  7.75614111e-01, -9.02607127e-02,
         6.75880409e-01, -4.71422813e-01, -8.08714393e-02,
        -7.94839499e-01,  7.96926530e-01,  1.12499126e-01,
         5.10631375e-01,  1.29717898e-01, -5.05763116e-01,
         1.74237285e-01,  1.34927473e-01, -1.89578602e-01,
         3.76703359e-01, -1.69335680e-01, -8.27815217e-02,
        -1.42247131e-01,  2.91084721e-01, -3.12514328e-02,
        -8.49982528e-02, -4.37170694e-01,  6.45755104e-01,
         1.13586157e-01],
       [-1.00601160e-01, -1.18050313e-02,  2.50490997e-01,
        -1.85723001e-01,  3.45595340e-01, -2.87875329e-02,
        -5.97319727e-01,  6.71139044e-01,  5.52654885e-02,
         2.17648496e+00, -2.26789753e+00,  2.26497378e-01,
         6.35178361e-01, -5.65465224e-01,  5.83716686e-02,
        -8.72555159e-02,  2.15218878e-01, -1.48785564e-02,
         4.73899869e-01, -3.63184336e-01,  1.83692733e-02,
         2.26819093e-01,  3.28734843e-01, -4.46469131e-01,
        -5.56603048e-01,  7.75050280e-01, -1.00362426e-01,
         6.80915269e-01, -4.73603332e-01, -7.42271311e-02,
        -7.87935706e-01,  8.05263112e-01,  1.24757400e-01,
         5.14252255e-01,  1.15255478e-01, -5.08422927e-01,
         1.84533351e-01,  1.38368763e-01, -1.76817308e-01,
         3.71616801e-01, -1.74377967e-01, -8.11540290e-02,
        -1.43927528e-01,  2.91088201e-01, -3.70758676e-02,
        -9.83921737e-02, -4.27998226e-01,  6.34475206e-01,
         1.24084806e-01],
       [-1.03908418e-01, -1.77031708e-02,  2.41617951e-01,
        -1.89895720e-01,  3.38010848e-01, -2.31087664e-02,
        -6.05134602e-01,  6.61957706e-01,  6.71832570e-02,
         2.18546286e+00, -2.27302699e+00,  2.12570492e-01,
         6.32316590e-01, -5.59291600e-01,  6.39813718e-02,
        -9.10800243e-02,  2.29398237e-01, -9.31185073e-03,
         4.73787053e-01, -3.49491706e-01,  1.87110147e-02,
         2.30809952e-01,  3.20547511e-01, -4.38351101e-01,
        -5.55780158e-01,  7.77284447e-01, -9.24979273e-02,
         6.67221370e-01, -4.76747437e-01, -8.24675716e-02,
        -7.88482454e-01,  7.82466953e-01,  1.12021863e-01,
         5.16508328e-01,  1.27607285e-01, -5.10109251e-01,
         1.78548304e-01,  1.43556585e-01, -1.83098527e-01,
         3.78823443e-01, -1.72756228e-01, -7.50608531e-02,
        -1.45825671e-01,  3.03652264e-01, -3.28202311e-02,
        -9.46286656e-02, -4.26491047e-01,  6.46126074e-01,
         1.15006362e-01],
       [-9.92023399e-02, -1.31447742e-02,  2.31800364e-01,
        -1.93265972e-01,  3.39029559e-01, -3.43103376e-02,
        -6.01206824e-01,  6.71239453e-01,  6.84206206e-02,
         2.17642184e+00, -2.26503018e+00,  2.21061587e-01,
         6.40813094e-01, -5.69419527e-01,  6.20596831e-02,
        -7.96421097e-02,  2.19614962e-01, -1.85196031e-02,
         4.70364997e-01, -3.54718353e-01,  1.58066064e-02,
         2.45983171e-01,  3.35231948e-01, -4.46761869e-01,
        -5.53709372e-01,  7.62740087e-01, -9.25774646e-02,
         6.73494724e-01, -4.76713224e-01, -8.63282503e-02,
        -7.91530513e-01,  8.02875929e-01,  1.13107834e-01,
         5.19517788e-01,  1.18990408e-01, -5.15054946e-01,
         1.70515765e-01,  1.27388716e-01, -1.83451232e-01,
         3.63576573e-01, -1.65712059e-01, -7.74112644e-02,
        -1.41212152e-01,  3.05295376e-01, -3.86299743e-02,
        -9.20376511e-02, -4.27776659e-01,  6.35267559e-01,
         1.14453250e-01],
       [ 8.00000000e-03, -5.00000000e-03,  3.00000000e-03,
         1.00000000e-02,  0.00000000e+00,  5.00000000e-03,
         4.00000000e-03, -4.00000000e-03,  7.00000000e-03,
        -1.00000000e-03,  6.00000000e-03, -1.00000000e-03,
         0.00000000e+00,  1.00000000e-03, -3.00000000e-03,
        -4.00000000e-03, -8.00000000e-03, -2.00000000e-03,
        -1.00000000e-03, -6.00000000e-03, -2.00000000e-03,
         1.00000000e-03,  0.00000000e+00, -6.00000000e-03,
        -1.00000000e-03,  5.00000000e-03, -7.00000000e-03,
         8.00000000e-03, -5.00000000e-03, -9.00000000e-03,
        -1.00000000e-03, -4.00000000e-03,  7.00000000e-03,
        -5.00000000e-03, -5.00000000e-03, -3.00000000e-03,
         0.00000000e+00,  6.00000000e-03,  6.00000000e-03,
         5.00000000e-03, -9.00000000e-03, -1.00000000e-03,
         9.00000000e-03,  9.00000000e-03,  2.00000000e-03,
         5.00000000e-03,  5.00000000e-03,  4.00000000e-03,
         1.00000000e-02]]), 'deltas': array([[0.00018135],
       [0.00018495],
       [0.00018429],
       [0.00018538],
       [0.        ]]), 'outputs': array([[0.96041971],
       [0.95959872],
       [0.95975024],
       [0.9594999 ],
       [1.        ]]), 'errors': 0.004770587848735408}, {'weights': array([[-1.63685712, -1.62413493, -1.63449919, -1.61514371,  2.58235064],
       [ 1.63832827,  1.62058347,  1.6389653 ,  1.6125987 , -2.58229184]]), 'deltas': array([[-0.00060739],
       [ 0.0006075 ]]), 'outputs': array([[0.02495875],
       [0.97503901]]), 'errors': array([[-0.02495875],
       [ 0.02496099]])}]
neural_net output [0.92276222 0.0772417 ]
target: 0 prediction: 0
neural_net output [0.9130397  0.08696453]
target: 0 prediction: 0
neural_net output [0.92465247 0.07535154]
target: 0 prediction: 0
neural_net output [0.90577934 0.09422513]
target: 0 prediction: 0
neural_net output [0.0623176  0.93767722]
target: 0 prediction: 1
neural_net output [0.92808132 0.07192259]
target: 0 prediction: 0
neural_net output [0.92089797 0.07910628]
target: 0 prediction: 0
neural_net output [0.90919333 0.09081047]
target: 0 prediction: 0
neural_net output [0.92419435 0.07580965]
target: 0 prediction: 0
neural_net output [0.92269252 0.07731154]
target: 0 prediction: 0
neural_net output [0.91569722 0.08430712]
target: 0 prediction: 0
neural_net output [0.92176458 0.07823939]
target: 0 prediction: 0
neural_net output [0.80229273 0.19771063]
target: 0 prediction: 0
neural_net output [0.92015008 0.07985403]
target: 0 prediction: 0
neural_net output [0.90555445 0.09444974]
target: 0 prediction: 0
neural_net output [0.92015008 0.07985403]
target: 0 prediction: 0
neural_net output [0.9214542  0.07854978]
target: 0 prediction: 0
neural_net output [0.80695499 0.19304951]
target: 0 prediction: 0
neural_net output [0.92015008 0.07985403]
target: 0 prediction: 0
neural_net output [0.91611141 0.08389286]
target: 0 prediction: 0
neural_net output [0.92318792 0.07681622]
target: 0 prediction: 0
neural_net output [0.9130397  0.08696453]
target: 0 prediction: 0
neural_net output [0.92415266 0.07585124]
target: 0 prediction: 0
neural_net output [0.89687759 0.10312776]
target: 0 prediction: 0
neural_net output [0.92465247 0.07535154]
target: 0 prediction: 0
neural_net output [0.92205204 0.07795201]
target: 0 prediction: 0
neural_net output [0.92667549 0.07332843]
target: 0 prediction: 0
neural_net output [0.91611141 0.08389286]
target: 0 prediction: 0
neural_net output [0.87560972 0.12439573]
target: 0 prediction: 0
neural_net output [0.88794831 0.11205645]
target: 0 prediction: 0
neural_net output [0.9130397  0.08696453]
target: 0 prediction: 0
neural_net output [0.91363498 0.08636944]
target: 0 prediction: 0
neural_net output [0.92482644 0.07517762]
target: 0 prediction: 0
neural_net output [0.02298671 0.97701119]
target: 1 prediction: 1
neural_net output [0.01993526 0.98006278]
target: 1 prediction: 1
neural_net output [0.0278829  0.97211498]
target: 1 prediction: 1
neural_net output [0.01961725 0.98038083]
target: 1 prediction: 1
neural_net output [0.01933643 0.98066167]
target: 1 prediction: 1
neural_net output [0.02487419 0.97512358]
target: 1 prediction: 1
neural_net output [0.01941083 0.98058726]
target: 1 prediction: 1
neural_net output [0.03589957 0.96409756]
target: 1 prediction: 1
neural_net output [0.01935794 0.98064016]
target: 1 prediction: 1
neural_net output [0.01962136 0.98037672]
target: 1 prediction: 1
neural_net output [0.02079386 0.97920411]
target: 1 prediction: 1
neural_net output [0.01994107 0.980057  ]
target: 1 prediction: 1
neural_net output [0.02054084 0.97945715]
target: 1 prediction: 1
neural_net output [0.03057979 0.96941783]
target: 1 prediction: 1
neural_net output [0.01999692 0.98000112]
target: 1 prediction: 1
neural_net output [0.0211457  0.97885226]
target: 1 prediction: 1
neural_net output [0.02049861 0.97949941]
target: 1 prediction: 1
neural_net output [0.02241252 0.97758536]
target: 1 prediction: 1
neural_net output [0.02475038 0.97524733]
target: 1 prediction: 1
neural_net output [0.02044246 0.97955557]
target: 1 prediction: 1
neural_net output [0.50138116 0.49860945]
target: 1 prediction: 0
neural_net output [0.0205689  0.97942908]
target: 1 prediction: 1
neural_net output [0.02013951 0.97985854]
target: 1 prediction: 1
neural_net output [0.01940805 0.98059004]
target: 1 prediction: 1
neural_net output [0.01975693 0.98024114]
target: 1 prediction: 1
neural_net output [0.40111705 0.59887197]
target: 1 prediction: 1
neural_net output [0.01962348 0.9803746 ]
target: 1 prediction: 1
neural_net output [0.02241252 0.97758536]
target: 1 prediction: 1
neural_net output [0.02228736 0.97771053]
target: 1 prediction: 1
neural_net output [0.01933872 0.98065938]
target: 1 prediction: 1
neural_net output [0.01940887 0.98058922]
target: 1 prediction: 1
neural_net output [0.03383153 0.96616585]
target: 1 prediction: 1
neural_net output [0.02063676 0.97936123]
target: 1 prediction: 1
neural_net output [0.01939957 0.98059852]
target: 1 prediction: 1
neural_net output [0.0197749  0.98022316]
target: 1 prediction: 1
neural_net output [0.02125732 0.97874064]
target: 1 prediction: 1
neural_net output [0.01955425 0.98044383]
target: 1 prediction: 1
neural_net output [0.02876267 0.97123483]
target: 1 prediction: 1
neural_net output [0.02665271 0.97334492]
target: 1 prediction: 1
neural_net output [0.01934699 0.9806511 ]
target: 1 prediction: 1
neural_net output [0.01985536 0.98014269]
target: 1 prediction: 1
neural_net output [0.02314013 0.97685773]
target: 1 prediction: 1
neural_net output [0.02924781 0.97074949]
target: 1 prediction: 1
neural_net output [0.01978558 0.98021248]
target: 1 prediction: 1
neural_net output [0.02772577 0.97227181]
target: 1 prediction: 1
neural_net output [0.02270309 0.97729478]
target: 1 prediction: 1
neural_net output [0.02385985 0.97613791]
target: 1 prediction: 1
neural_net output [0.40194981 0.59804413]
target: 1 prediction: 1
neural_net output [0.65633718 0.34366109]
target: 1 prediction: 0
neural_net output [0.01962136 0.98037672]
target: 1 prediction: 1
neural_net output [0.31217317 0.68782088]
target: 1 prediction: 1
neural_net output [0.0248539  0.97514375]
target: 1 prediction: 1
neural_net output [0.02004834 0.97994971]
target: 1 prediction: 1
Accuracy: 96.51162790697676 %

train_data group 1 length:  348
   0   1   2   3   4   5   6   7   8  ...  40  41  42  43  44  45  46  47  48
0   1   0   0   1   0   0   1   0   0 ...   1   0   1   0   0   0   1   0   0
1   1   0   0   0   1   0   1   0   0 ...   1   0   1   0   0   0   1   0   0
2   1   0   0   0   1   0   1   0   0 ...   1   0   1   0   0   0   1   0   0
3   1   0   0   0   1   0   1   0   0 ...   1   0   1   0   0   1   0   0   0
4   0   1   0   1   0   0   1   0   0 ...   1   0   1   0   0   0   1   0   0

[5 rows x 49 columns]
Initial Neural Network:
[{'weights': array([[ 0.005, -0.001,  0.01 , -0.004, -0.002, -0.001,  0.005,  0.003,
        -0.01 ,  0.003, -0.009,  0.001, -0.007,  0.006,  0.001,  0.007,
        -0.004,  0.005,  0.006, -0.007, -0.004, -0.005,  0.002, -0.003,
        -0.003,  0.01 ,  0.009, -0.008, -0.001, -0.002,  0.006,  0.001,
         0.007,  0.01 , -0.01 , -0.008, -0.008, -0.005,  0.01 , -0.002,
         0.006,  0.004,  0.   , -0.008,  0.003, -0.002, -0.006,  0.005,
         0.007],
       [ 0.004, -0.005,  0.002, -0.007, -0.003, -0.004,  0.004, -0.002,
         0.008,  0.002,  0.   , -0.006,  0.005,  0.003, -0.003,  0.002,
        -0.002, -0.004,  0.009, -0.006,  0.001, -0.007, -0.005,  0.006,
         0.006, -0.007, -0.001, -0.009,  0.001,  0.003, -0.003,  0.007,
        -0.01 ,  0.001,  0.004, -0.009, -0.001, -0.009,  0.004,  0.004,
        -0.01 ,  0.001,  0.006, -0.001,  0.003,  0.009, -0.004,  0.007,
        -0.001],
       [ 0.007,  0.005,  0.001,  0.003,  0.   ,  0.005, -0.001, -0.007,
         0.001, -0.005,  0.   ,  0.006, -0.002,  0.004,  0.002,  0.004,
        -0.01 ,  0.01 ,  0.003,  0.009, -0.01 ,  0.01 ,  0.008, -0.009,
         0.008, -0.005, -0.005,  0.004, -0.003, -0.007, -0.007,  0.006,
         0.002,  0.009, -0.008,  0.008,  0.002, -0.001,  0.004, -0.005,
        -0.008, -0.008, -0.004,  0.   , -0.005, -0.004,  0.002,  0.004,
        -0.006],
       [ 0.   , -0.004, -0.007, -0.004,  0.001, -0.006,  0.001,  0.008,
         0.006,  0.   ,  0.001,  0.001,  0.007,  0.001, -0.004, -0.003,
         0.005, -0.001,  0.   , -0.007,  0.007, -0.005,  0.006,  0.   ,
        -0.003, -0.009,  0.006,  0.002, -0.005,  0.001, -0.005,  0.008,
        -0.01 , -0.01 , -0.003,  0.003,  0.01 ,  0.005,  0.009,  0.01 ,
        -0.003,  0.006, -0.009, -0.002,  0.004,  0.006,  0.008,  0.006,
         0.006],
       [ 0.007, -0.004,  0.005,  0.004, -0.007, -0.01 ,  0.007,  0.001,
        -0.006,  0.002, -0.005,  0.002, -0.003,  0.006,  0.007, -0.008,
        -0.01 ,  0.003, -0.002,  0.001,  0.008, -0.007,  0.004, -0.008,
         0.004, -0.006, -0.003, -0.005,  0.004,  0.002,  0.008, -0.007,
         0.006,  0.004,  0.001,  0.004, -0.002,  0.   ,  0.003, -0.001,
        -0.001,  0.002,  0.001,  0.   ,  0.002,  0.01 , -0.009,  0.   ,
         0.002]]), 'deltas': array([[0.],
       [0.],
       [0.],
       [0.],
       [0.]]), 'outputs': array([[0.],
       [0.],
       [0.],
       [0.],
       [0.]]), 'errors': array([[0.],
       [0.],
       [0.],
       [0.],
       [0.]])}, {'weights': array([[-0.006,  0.006, -0.008, -0.01 ,  0.007],
       [-0.002,  0.   ,  0.01 ,  0.   ,  0.002]]), 'deltas': array([[0.],
       [0.],
       [0.]]), 'outputs': array([[0.],
       [0.],
       [0.]]), 'errors': array([[0.],
       [0.],
       [0.]])}]
Training complete!
Training done. epoch: 6 , total error: 0.0005802097029234051
[{'weights': array([[-1.09249386e-01,  8.03029938e-02,  1.63137295e-02,
        -4.19331626e-01,  5.63953123e-01, -1.78254160e-01,
        -1.19039805e+00,  1.03881692e+00,  1.22948466e-01,
         2.44685075e+00, -2.60505741e+00,  1.26573999e-01,
         5.41996005e-01, -5.94877522e-01,  2.62488538e-02,
        -1.78325124e-01,  2.07075644e-01, -4.73831829e-02,
         6.24960308e-01, -7.43215276e-01,  8.66223050e-02,
         1.03942485e-01,  2.43894395e-01, -3.80469543e-01,
        -7.68958406e-01,  9.15108993e-01, -1.56783250e-01,
         5.10941892e-01, -4.63751464e-01, -8.48230908e-02,
        -1.39461916e+00,  1.28252635e+00,  9.94601473e-02,
         4.34480976e-01,  1.09884016e-01, -5.78997656e-01,
         1.88113189e-01, -2.11667056e-01, -6.07879660e-03,
         7.66515281e-02, -1.04911299e-02, -8.47930614e-02,
        -5.08225253e-01,  6.73217135e-01, -1.96624546e-01,
         1.33820696e-01, -7.16973311e-01,  5.53519952e-01,
        -1.96326632e-02],
       [-1.13496358e-01,  8.55217321e-02,  5.26175668e-03,
        -4.20816121e-01,  5.66233955e-01, -1.83130703e-01,
        -1.19405359e+00,  1.04031659e+00,  1.40024133e-01,
         2.44619274e+00, -2.59261351e+00,  1.18707899e-01,
         5.57504745e-01, -5.96035668e-01,  1.98180539e-02,
        -1.76710931e-01,  2.07700323e-01, -5.87022612e-02,
         6.28304423e-01, -7.37165329e-01,  8.91480372e-02,
         1.00132290e-01,  2.45732713e-01, -3.75577873e-01,
        -7.64749829e-01,  9.03102629e-01, -1.64065669e-01,
         5.18009799e-01, -4.64477060e-01, -8.22456080e-02,
        -1.40759682e+00,  1.29552960e+00,  8.23543543e-02,
         4.35688674e-01,  1.16440717e-01, -5.79842261e-01,
         2.00501050e-01, -2.15684510e-01, -1.45294095e-02,
         7.93795723e-02, -1.51282605e-02, -9.29641809e-02,
        -4.98323462e-01,  6.79355333e-01, -1.96744739e-01,
         1.45400826e-01, -7.13756120e-01,  5.56642424e-01,
        -2.47128691e-02],
       [-1.06222697e-01,  8.98757207e-02,  2.36357826e-03,
        -4.13830681e-01,  5.71568900e-01, -1.76721617e-01,
        -1.19806468e+00,  1.03385244e+00,  1.30228838e-01,
         2.43783518e+00, -2.59091776e+00,  1.27099178e-01,
         5.50887323e-01, -5.97948776e-01,  2.40780544e-02,
        -1.80057661e-01,  2.03286527e-01, -4.62122634e-02,
         6.24884988e-01, -7.28518162e-01,  7.86497755e-02,
         1.15774958e-01,  2.54124560e-01, -3.87882916e-01,
        -7.63828427e-01,  9.01835913e-01, -1.66990885e-01,
         5.22217448e-01, -4.62136062e-01, -9.30647846e-02,
        -1.40797571e+00,  1.29177372e+00,  9.02185962e-02,
         4.40920462e-01,  1.10548988e-01, -5.69452848e-01,
         2.00065930e-01, -2.07887541e-01, -1.41617874e-02,
         7.10106024e-02, -1.91843004e-02, -9.98097001e-02,
        -5.06661032e-01,  6.77517573e-01, -2.06839940e-01,
         1.35100699e-01, -7.11791712e-01,  5.51707615e-01,
        -3.29833981e-02],
       [-1.17443326e-01,  8.14838133e-02, -2.87968747e-03,
        -4.20518787e-01,  5.68246646e-01, -1.84567060e-01,
        -1.20009080e+00,  1.04912207e+00,  1.38129533e-01,
         2.44199318e+00, -2.59250625e+00,  1.24673863e-01,
         5.56640000e-01, -5.97813510e-01,  1.73343093e-02,
        -1.84463574e-01,  2.14880959e-01, -5.72565855e-02,
         6.24763428e-01, -7.45405020e-01,  9.28023917e-02,
         1.06619764e-01,  2.49969809e-01, -3.83428774e-01,
        -7.71992751e-01,  8.96374743e-01, -1.58221192e-01,
         5.23824579e-01, -4.67920225e-01, -8.57435553e-02,
        -1.40840816e+00,  1.29453252e+00,  7.90364431e-02,
         4.24110711e-01,  1.12985153e-01, -5.74935064e-01,
         2.09199994e-01, -2.01925137e-01, -1.11140577e-02,
         8.57018716e-02, -1.22427841e-02, -8.82982880e-02,
        -5.10996970e-01,  6.76774091e-01, -2.00616322e-01,
         1.45899230e-01, -7.09801500e-01,  5.56063069e-01,
        -2.18392005e-02],
       [ 7.00000000e-03, -4.00000000e-03,  5.00000000e-03,
         4.00000000e-03, -7.00000000e-03, -1.00000000e-02,
         7.00000000e-03,  1.00000000e-03, -6.00000000e-03,
         2.00000000e-03, -5.00000000e-03,  2.00000000e-03,
        -3.00000000e-03,  6.00000000e-03,  7.00000000e-03,
        -8.00000000e-03, -1.00000000e-02,  3.00000000e-03,
        -2.00000000e-03,  1.00000000e-03,  8.00000000e-03,
        -7.00000000e-03,  4.00000000e-03, -8.00000000e-03,
         4.00000000e-03, -6.00000000e-03, -3.00000000e-03,
        -5.00000000e-03,  4.00000000e-03,  2.00000000e-03,
         8.00000000e-03, -7.00000000e-03,  6.00000000e-03,
         4.00000000e-03,  1.00000000e-03,  4.00000000e-03,
        -2.00000000e-03,  0.00000000e+00,  3.00000000e-03,
        -1.00000000e-03, -1.00000000e-03,  2.00000000e-03,
         1.00000000e-03,  0.00000000e+00,  2.00000000e-03,
         1.00000000e-02, -9.00000000e-03,  0.00000000e+00,
         2.00000000e-03]]), 'deltas': array([[1.10873376e-05],
       [1.04884569e-05],
       [1.06665688e-05],
       [1.02211712e-05],
       [0.00000000e+00]]), 'outputs': array([[0.99736029],
       [0.99750323],
       [0.99746072],
       [0.99756702],
       [1.        ]]), 'errors': 0.004211328861452731}, {'weights': array([[-1.69017605, -1.66858217, -1.68696106, -1.69848713,  3.02400122],
       [ 1.68462003,  1.67702696,  1.69140106,  1.69092659, -3.02391724]]), 'deltas': array([[-0.00056615],
       [ 0.00056631]]), 'outputs': array([[0.02408581],
       [0.97591072]]), 'errors': array([[-0.02408581],
       [ 0.02408928]])}]
Accuracy: 98.85057471264368 %

train_data group 2 length:  348
   0   1   2   3   4   5   6   7   8  ...  40  41  42  43  44  45  46  47  48
0   1   0   0   1   0   0   1   0   0 ...   1   0   1   0   0   0   1   0   0
1   1   0   0   0   1   0   1   0   0 ...   1   0   1   0   0   0   1   0   0
2   1   0   0   0   1   0   1   0   0 ...   1   0   1   0   0   0   1   0   0
3   1   0   0   0   1   0   1   0   0 ...   1   0   1   0   0   1   0   0   0
4   0   1   0   1   0   0   1   0   0 ...   1   0   1   0   0   0   1   0   0

[5 rows x 49 columns]
Initial Neural Network:
[{'weights': array([[-0.006, -0.004,  0.006, -0.009, -0.003, -0.005,  0.006, -0.007,
        -0.006,  0.005, -0.005,  0.006,  0.003, -0.008, -0.006, -0.003,
         0.   ,  0.01 ,  0.009, -0.005,  0.006, -0.003,  0.008,  0.002,
         0.001, -0.002,  0.001, -0.005,  0.008,  0.006,  0.01 , -0.004,
         0.008,  0.   ,  0.007,  0.01 ,  0.009,  0.009,  0.   , -0.009,
        -0.005,  0.001,  0.007, -0.001,  0.005, -0.009, -0.005,  0.005,
        -0.005],
       [ 0.007, -0.007, -0.003,  0.001,  0.006,  0.005, -0.007,  0.003,
         0.007,  0.009,  0.   ,  0.009, -0.001, -0.003,  0.003, -0.007,
         0.004,  0.007, -0.006,  0.001, -0.008,  0.001,  0.006, -0.004,
         0.003,  0.   , -0.01 , -0.001,  0.002, -0.01 , -0.007, -0.003,
         0.004,  0.01 ,  0.005,  0.007, -0.006,  0.008,  0.001,  0.008,
        -0.005,  0.008,  0.009, -0.001, -0.01 , -0.002, -0.001,  0.007,
         0.006],
       [ 0.006, -0.009,  0.002, -0.009,  0.007, -0.002,  0.003,  0.007,
        -0.003,  0.006,  0.008, -0.004, -0.006,  0.007, -0.01 ,  0.008,
         0.003,  0.008, -0.01 ,  0.001,  0.004,  0.   ,  0.008, -0.006,
         0.002, -0.01 ,  0.009, -0.003,  0.   , -0.008,  0.01 , -0.01 ,
         0.004,  0.007, -0.007, -0.01 ,  0.003, -0.004, -0.006, -0.002,
         0.001,  0.007,  0.007, -0.007, -0.008, -0.001, -0.003,  0.002,
        -0.004],
       [ 0.002, -0.002,  0.003,  0.001, -0.001,  0.006, -0.004,  0.002,
         0.003, -0.003,  0.004,  0.006, -0.006,  0.001,  0.002,  0.002,
         0.002, -0.008, -0.008, -0.005, -0.005, -0.01 ,  0.007, -0.001,
        -0.006, -0.003, -0.01 , -0.006,  0.004,  0.01 , -0.001,  0.001,
         0.007, -0.008,  0.008, -0.009,  0.003,  0.006, -0.01 , -0.004,
         0.002,  0.003,  0.004,  0.004,  0.009,  0.001, -0.001,  0.01 ,
         0.006],
       [-0.004,  0.005,  0.003, -0.009, -0.006,  0.006,  0.001,  0.007,
         0.008,  0.007, -0.01 ,  0.006,  0.004,  0.   ,  0.008,  0.001,
        -0.008,  0.01 ,  0.   , -0.009,  0.004,  0.006, -0.007, -0.001,
         0.009,  0.002,  0.009,  0.002,  0.002,  0.008,  0.005,  0.01 ,
         0.007, -0.001,  0.002,  0.003, -0.003, -0.01 , -0.009, -0.002,
        -0.008, -0.01 ,  0.   , -0.007,  0.   , -0.007,  0.009,  0.01 ,
         0.007]]), 'deltas': array([[0.],
       [0.],
       [0.],
       [0.],
       [0.]]), 'outputs': array([[0.],
       [0.],
       [0.],
       [0.],
       [0.]]), 'errors': array([[0.],
       [0.],
       [0.],
       [0.],
       [0.]])}, {'weights': array([[-0.002,  0.001,  0.003,  0.007, -0.008],
       [ 0.007, -0.001, -0.004, -0.004,  0.005]]), 'deltas': array([[0.],
       [0.],
       [0.]]), 'outputs': array([[0.],
       [0.],
       [0.]]), 'errors': array([[0.],
       [0.],
       [0.]])}]
Training complete!
Training done. epoch: 5 , total error: 0.0004668873895169723
[{'weights': array([[-4.88919704e-03, -8.42211181e-02,  9.59612587e-02,
        -3.39947934e-01,  4.87033930e-01, -1.53235053e-01,
        -1.15117665e+00,  1.15779670e+00, -2.76910597e-03,
         2.34514264e+00, -2.18536376e+00, -1.42927932e-01,
         5.99581763e-01, -6.27437100e-01,  2.77062806e-02,
        -8.87087997e-02,  1.27599436e-01, -2.10396925e-02,
         3.75826387e-01, -2.77857163e-01, -7.71182802e-02,
         4.42848210e-01,  5.91135471e-02, -4.84110813e-01,
        -6.45857379e-01,  9.89847378e-01, -3.33139055e-01,
         6.90837849e-01, -5.30098087e-01, -1.40888818e-01,
        -9.79234080e-01,  1.13175716e+00, -1.27672136e-01,
         7.11690954e-01, -1.13659939e-01, -5.70180072e-01,
        -3.31298161e-01,  3.15950324e-01,  4.41987803e-02,
         2.47711980e-01, -2.70873524e-01,  2.10124872e-02,
        -2.13240635e-01,  6.24796263e-01, -3.89704684e-01,
        -1.58963701e-01, -3.72174682e-01,  5.32989326e-01,
         5.85094361e-03],
       [ 6.66291014e-03, -8.91162471e-02,  8.76647773e-02,
        -3.31389133e-01,  4.94529705e-01, -1.42929132e-01,
        -1.16795096e+00,  1.16826332e+00,  1.08990766e-02,
         2.34955782e+00, -2.18317391e+00, -1.40172468e-01,
         5.94807443e-01, -6.22904899e-01,  3.53088960e-02,
        -9.44848486e-02,  1.31503180e-01, -2.48068910e-02,
         3.70162852e-01, -2.83099190e-01, -9.18522214e-02,
         4.51485200e-01,  5.29665991e-02, -4.93240359e-01,
        -6.46461656e-01,  9.89035795e-01, -3.41362699e-01,
         6.95536244e-01, -5.38735278e-01, -1.57589526e-01,
        -9.96510681e-01,  1.13132567e+00, -1.32603547e-01,
         7.21469504e-01, -1.17441604e-01, -5.73816459e-01,
        -3.45199311e-01,  3.11997328e-01,  4.44134235e-02,
         2.57907114e-01, -2.61854424e-01,  2.31587505e-02,
        -2.14614423e-01,  6.25946660e-01, -4.05120797e-01,
        -1.51198901e-01, -3.74663809e-01,  5.38074151e-01,
         1.42114404e-02],
       [ 3.07787394e-02, -8.63420269e-02,  5.25750459e-02,
        -3.39958497e-01,  5.02812383e-01, -1.68842127e-01,
        -1.14671635e+00,  1.17180363e+00, -2.00755183e-02,
         2.34538462e+00, -2.16414906e+00, -1.73223799e-01,
         5.83960806e-01, -6.10796195e-01,  1.58471479e-02,
        -7.83060636e-02,  1.27602443e-01, -3.22846208e-02,
         3.53693782e-01, -2.72909110e-01, -8.77729142e-02,
         4.51077273e-01,  4.88218907e-02, -4.99887405e-01,
        -6.39830648e-01,  9.36867847e-01, -2.98025440e-01,
         6.85773593e-01, -5.34770638e-01, -1.63991196e-01,
        -9.91255402e-01,  1.13081256e+00, -1.37545396e-01,
         7.17389974e-01, -1.33888856e-01, -5.95489359e-01,
        -3.32076560e-01,  2.91212037e-01,  3.18762816e-02,
         2.44257804e-01, -2.37980845e-01, -2.26520068e-03,
        -2.18594534e-01,  6.17322495e-01, -4.08716203e-01,
        -1.44200108e-01, -3.70912823e-01,  5.11124689e-01,
        -5.98824162e-03],
       [ 6.73198690e-03, -8.35476752e-02,  8.93716042e-02,
        -3.37142008e-01,  4.96671956e-01, -1.43974032e-01,
        -1.16200992e+00,  1.16843885e+00,  4.12698581e-03,
         2.33656892e+00, -2.17496130e+00, -1.45051708e-01,
         5.92733216e-01, -6.20688805e-01,  3.45115050e-02,
        -8.26434060e-02,  1.28934965e-01, -4.07356435e-02,
         3.68223542e-01, -2.87656005e-01, -8.90116214e-02,
         4.39327435e-01,  5.56257465e-02, -4.89397265e-01,
        -6.53903749e-01,  9.85713080e-01, -3.41253414e-01,
         6.89438877e-01, -5.33580261e-01, -1.38302700e-01,
        -9.90424702e-01,  1.13603412e+00, -1.29053503e-01,
         7.06274439e-01, -1.19931392e-01, -5.85787131e-01,
        -3.33205739e-01,  3.08847231e-01,  3.29144236e-02,
         2.53191170e-01, -2.62429950e-01,  1.97946967e-02,
        -2.16624944e-01,  6.29452858e-01, -3.86271997e-01,
        -1.46957889e-01, -3.73227107e-01,  5.39740912e-01,
         1.55559159e-02],
       [-4.00000000e-03,  5.00000000e-03,  3.00000000e-03,
        -9.00000000e-03, -6.00000000e-03,  6.00000000e-03,
         1.00000000e-03,  7.00000000e-03,  8.00000000e-03,
         7.00000000e-03, -1.00000000e-02,  6.00000000e-03,
         4.00000000e-03,  0.00000000e+00,  8.00000000e-03,
         1.00000000e-03, -8.00000000e-03,  1.00000000e-02,
         0.00000000e+00, -9.00000000e-03,  4.00000000e-03,
         6.00000000e-03, -7.00000000e-03, -1.00000000e-03,
         9.00000000e-03,  2.00000000e-03,  9.00000000e-03,
         2.00000000e-03,  2.00000000e-03,  8.00000000e-03,
         5.00000000e-03,  1.00000000e-02,  7.00000000e-03,
        -1.00000000e-03,  2.00000000e-03,  3.00000000e-03,
        -3.00000000e-03, -1.00000000e-02, -9.00000000e-03,
        -2.00000000e-03, -8.00000000e-03, -1.00000000e-02,
         0.00000000e+00, -7.00000000e-03,  0.00000000e+00,
        -7.00000000e-03,  9.00000000e-03,  1.00000000e-02,
         7.00000000e-03]]), 'deltas': array([[0.00010948],
       [0.00010509],
       [0.00010309],
       [0.00010932],
       [0.        ]]), 'outputs': array([[0.96922176],
       [0.97049241],
       [0.97107165],
       [0.96926745],
       [1.        ]]), 'errors': 0.0036698498181895202}, {'weights': array([[-1.69913033, -1.72396038, -1.69314868, -1.68965955,  2.78788864],
       [ 1.70240371,  1.72223444,  1.69042316,  1.69093403, -2.78793848]]), 'deltas': array([[-0.00045682],
       [ 0.00045678]]), 'outputs': array([[0.02160796],
       [0.97839281]]), 'errors': array([[-0.02160796],
       [ 0.02160719]])}]
Accuracy: 95.40229885057471 %

train_data group 3 length:  348
   0   1   2   3   4   5   6   7   8  ...  40  41  42  43  44  45  46  47  48
0   1   0   0   1   0   0   1   0   0 ...   1   0   1   0   0   0   1   0   0
1   1   0   0   0   1   0   1   0   0 ...   1   0   1   0   0   0   1   0   0
2   1   0   0   0   1   0   1   0   0 ...   1   0   1   0   0   0   1   0   0
3   1   0   0   0   1   0   1   0   0 ...   1   0   1   0   0   1   0   0   0
4   0   1   0   1   0   0   1   0   0 ...   1   0   1   0   0   0   1   0   0

[5 rows x 49 columns]
Initial Neural Network:
[{'weights': array([[ 0.005, -0.01 , -0.001,  0.009,  0.008,  0.01 , -0.008, -0.005,
         0.   ,  0.006,  0.001, -0.009,  0.005, -0.001, -0.001,  0.008,
        -0.001,  0.006, -0.002,  0.007,  0.009,  0.   , -0.003,  0.005,
         0.   ,  0.004, -0.003, -0.01 , -0.002, -0.008, -0.006, -0.005,
         0.01 ,  0.001,  0.01 , -0.009,  0.007, -0.01 , -0.001,  0.008,
        -0.002, -0.01 ,  0.009,  0.007, -0.007, -0.007, -0.01 , -0.007,
        -0.003],
       [-0.006, -0.004,  0.003,  0.002, -0.006,  0.002,  0.008, -0.009,
         0.007, -0.004, -0.001,  0.002, -0.008,  0.002,  0.004, -0.002,
         0.001,  0.007,  0.007, -0.003, -0.003,  0.005, -0.004, -0.009,
         0.001,  0.006,  0.002,  0.009,  0.001, -0.003, -0.003,  0.008,
        -0.009, -0.001,  0.003,  0.007, -0.005, -0.009,  0.004,  0.   ,
        -0.009,  0.   ,  0.001,  0.   , -0.002,  0.   , -0.008, -0.009,
        -0.002],
       [-0.002,  0.006,  0.004, -0.002, -0.005, -0.005,  0.008, -0.003,
        -0.002, -0.005,  0.003,  0.005,  0.009, -0.002, -0.01 ,  0.   ,
        -0.001, -0.003, -0.009,  0.006, -0.009, -0.002, -0.006, -0.003,
        -0.007,  0.005, -0.002,  0.01 ,  0.01 , -0.007,  0.001,  0.003,
         0.   ,  0.008,  0.003,  0.006, -0.009,  0.009,  0.004,  0.009,
        -0.003,  0.007,  0.002,  0.006,  0.007, -0.009, -0.004,  0.007,
         0.005],
       [ 0.009, -0.007,  0.004,  0.009,  0.009,  0.002, -0.007,  0.   ,
        -0.001, -0.005,  0.01 , -0.006,  0.001,  0.005,  0.   ,  0.008,
         0.006,  0.001,  0.003,  0.008,  0.001,  0.006,  0.008, -0.007,
        -0.01 ,  0.   ,  0.009, -0.009, -0.004,  0.003, -0.005, -0.005,
        -0.005, -0.006, -0.007,  0.007, -0.004, -0.009,  0.002, -0.01 ,
         0.   , -0.002, -0.002,  0.002, -0.001,  0.   , -0.003,  0.003,
         0.   ],
       [-0.007, -0.007,  0.001,  0.009,  0.   ,  0.005, -0.01 ,  0.001,
         0.008,  0.009, -0.008, -0.008,  0.008, -0.005, -0.006,  0.008,
         0.005, -0.001,  0.009, -0.004, -0.009,  0.003, -0.009, -0.004,
        -0.001,  0.009,  0.006,  0.003,  0.001,  0.007, -0.007,  0.008,
        -0.007, -0.002,  0.01 ,  0.002, -0.003, -0.001, -0.003, -0.009,
        -0.007,  0.   , -0.001, -0.002,  0.   , -0.01 ,  0.005,  0.003,
         0.006]]), 'deltas': array([[0.],
       [0.],
       [0.],
       [0.],
       [0.]]), 'outputs': array([[0.],
       [0.],
       [0.],
       [0.],
       [0.]]), 'errors': array([[0.],
       [0.],
       [0.],
       [0.],
       [0.]])}, {'weights': array([[ 0.005, -0.009, -0.007,  0.   ,  0.006],
       [ 0.005, -0.008,  0.008,  0.004, -0.008]]), 'deltas': array([[0.],
       [0.],
       [0.]]), 'outputs': array([[0.],
       [0.],
       [0.]]), 'errors': array([[0.],
       [0.],
       [0.]])}]
Training complete!
Training done. epoch: 6 , total error: 0.00024596397005369723
[{'weights': array([[ 7.83970521e-02,  2.41574938e-01, -1.18598955e-01,
         9.00427790e-02,  2.70991554e-01, -1.26661299e-01,
        -1.37298724e+00,  1.23888747e+00,  3.28472805e-01,
         2.57680487e+00, -2.62102629e+00,  2.49594453e-01,
         5.74444513e-01, -3.87644793e-01,  2.35733147e-02,
        -4.25205086e-01,  5.85128697e-01,  6.04494238e-02,
         5.19065445e-01, -3.59151422e-01,  6.14590118e-02,
         1.74690356e-01,  2.82196316e-01, -2.47513637e-01,
        -5.99779334e-01,  5.19651004e-01,  2.88501365e-01,
         6.76824824e-01, -4.79097336e-01, -1.03544525e-02,
        -9.99220912e-01,  1.18544797e+00,  2.01459776e-02,
         6.42753151e-01,  5.34932114e-02, -4.86873327e-01,
        -3.51626104e-01,  3.36049406e-01,  2.18949732e-01,
         4.65612856e-01, -1.45166106e-01, -1.17073715e-01,
        -1.13326236e-01,  4.21191441e-01, -9.14921707e-02,
         9.88313496e-02, -6.73798033e-01,  7.58339718e-01,
         2.04373035e-01],
       [ 6.40265072e-02,  2.52978033e-01, -1.13406880e-01,
         8.26510153e-02,  2.61028863e-01, -1.35082218e-01,
        -1.36267474e+00,  1.24271940e+00,  3.36552994e-01,
         2.56547121e+00, -2.61921233e+00,  2.61338785e-01,
         5.69304389e-01, -3.89246904e-01,  2.85401744e-02,
        -4.29499072e-01,  5.84232882e-01,  6.18638497e-02,
         5.23410752e-01, -3.61524297e-01,  4.97112044e-02,
         1.75139448e-01,  2.88478960e-01, -2.61020748e-01,
        -6.03912298e-01,  5.30230275e-01,  2.93279683e-01,
         6.93863308e-01, -4.71559527e-01, -4.70612115e-03,
        -1.00095158e+00,  1.20496727e+00,  2.58197596e-03,
         6.53882548e-01,  4.08861800e-02, -4.75171068e-01,
        -3.53127534e-01,  3.28260122e-01,  2.25465072e-01,
         4.62443371e-01, -1.53318518e-01, -1.07527193e-01,
        -1.12382770e-01,  4.13395367e-01, -9.14149367e-02,
         1.07522542e-01, -6.71899801e-01,  7.57974919e-01,
         2.08597660e-01],
       [ 7.12698550e-02,  2.56405319e-01, -1.14376850e-01,
         7.80445920e-02,  2.56126779e-01, -1.40873047e-01,
        -1.35396700e+00,  1.23581677e+00,  3.26448557e-01,
         2.56573088e+00, -2.62080836e+00,  2.63375807e-01,
         5.80736204e-01, -3.93451050e-01,  1.50131696e-02,
        -4.32003290e-01,  5.81507292e-01,  5.17943219e-02,
         5.09458094e-01, -3.58705430e-01,  4.25456604e-02,
         1.69974095e-01,  2.80709828e-01, -2.56385599e-01,
        -6.09925256e-01,  5.21765548e-01,  2.89458032e-01,
         6.90095475e-01, -4.62770047e-01, -9.02710373e-03,
        -9.91337950e-01,  1.19016951e+00,  1.04667636e-02,
         6.52572660e-01,  4.58899039e-02, -4.76164240e-01,
        -3.58620355e-01,  3.47321686e-01,  2.20596993e-01,
         4.65736649e-01, -1.45753859e-01, -1.01684465e-01,
        -1.16481337e-01,  4.21400634e-01, -8.46209728e-02,
         9.80309681e-02, -6.65998096e-01,  7.67265452e-01,
         2.10298324e-01],
       [ 7.62010751e-02,  2.48510205e-01, -1.12117651e-01,
         8.52789868e-02,  2.74125645e-01, -1.32811002e-01,
        -1.38157054e+00,  1.25185726e+00,  3.28306913e-01,
         2.56234458e+00, -2.60977358e+00,  2.53022632e-01,
         5.72268942e-01, -3.84441570e-01,  2.47662573e-02,
        -4.24072912e-01,  5.90269015e-01,  5.53975267e-02,
         5.30159000e-01, -3.64132354e-01,  5.25669842e-02,
         1.81428077e-01,  2.91232252e-01, -2.59066699e-01,
        -6.09681165e-01,  5.15288620e-01,  2.99986175e-01,
         6.77721891e-01, -4.81853470e-01,  7.25209049e-04,
        -1.00340442e+00,  1.19065010e+00,  4.34795385e-03,
         6.41463795e-01,  3.48433784e-02, -4.75713544e-01,
        -3.54857831e-01,  3.27962794e-01,  2.22488666e-01,
         4.54235879e-01, -1.48778975e-01, -1.10863274e-01,
        -1.16871100e-01,  4.15152669e-01, -9.26879388e-02,
         1.09872096e-01, -6.70334819e-01,  7.67056353e-01,
         2.06593630e-01],
       [-7.00000000e-03, -7.00000000e-03,  1.00000000e-03,
         9.00000000e-03,  0.00000000e+00,  5.00000000e-03,
        -1.00000000e-02,  1.00000000e-03,  8.00000000e-03,
         9.00000000e-03, -8.00000000e-03, -8.00000000e-03,
         8.00000000e-03, -5.00000000e-03, -6.00000000e-03,
         8.00000000e-03,  5.00000000e-03, -1.00000000e-03,
         9.00000000e-03, -4.00000000e-03, -9.00000000e-03,
         3.00000000e-03, -9.00000000e-03, -4.00000000e-03,
        -1.00000000e-03,  9.00000000e-03,  6.00000000e-03,
         3.00000000e-03,  1.00000000e-03,  7.00000000e-03,
        -7.00000000e-03,  8.00000000e-03, -7.00000000e-03,
        -2.00000000e-03,  1.00000000e-02,  2.00000000e-03,
        -3.00000000e-03, -1.00000000e-03, -3.00000000e-03,
        -9.00000000e-03, -7.00000000e-03,  0.00000000e+00,
        -1.00000000e-03, -2.00000000e-03,  0.00000000e+00,
        -1.00000000e-02,  5.00000000e-03,  3.00000000e-03,
         6.00000000e-03]]), 'deltas': array([[4.31366843e-05],
       [4.32833329e-05],
       [4.28802231e-05],
       [4.38400870e-05],
       [0.00000000e+00]]), 'outputs': array([[0.97879706],
       [0.97872338],
       [0.9789259 ],
       [0.97844353],
       [1.        ]]), 'errors': 0.0020785385321788917}, {'weights': array([[-1.80011564, -1.80124815, -1.80844046, -1.7935942 ,  2.91021971],
       [ 1.81062648,  1.78475379,  1.80995838,  1.79810416, -2.91020615]]), 'deltas': array([[-0.00024212],
       [ 0.00024209]]), 'outputs': array([[0.01568368],
       [0.9843172 ]]), 'errors': array([[-0.01568368],
       [ 0.0156828 ]])}]
Accuracy: 94.25287356321839 %

train_data group 4 length:  347
   0   1   2   3   4   5   6   7   8  ...  40  41  42  43  44  45  46  47  48
0   1   0   0   1   0   0   1   0   0 ...   1   0   1   0   0   0   1   0   0
1   1   0   0   0   1   0   1   0   0 ...   1   0   1   0   0   0   1   0   0
2   1   0   0   0   1   0   1   0   0 ...   1   0   1   0   0   0   1   0   0
3   1   0   0   0   1   0   1   0   0 ...   1   0   1   0   0   1   0   0   0
4   0   1   0   1   0   0   1   0   0 ...   1   0   1   0   0   0   1   0   0

[5 rows x 49 columns]
Initial Neural Network:
[{'weights': array([[-0.004, -0.01 ,  0.005,  0.009, -0.01 ,  0.01 , -0.005,  0.006,
         0.001, -0.001,  0.001,  0.006,  0.   , -0.004, -0.004,  0.003,
         0.008, -0.001, -0.001, -0.009,  0.007, -0.005,  0.007, -0.002,
         0.003, -0.001, -0.002,  0.002,  0.001, -0.009, -0.009,  0.   ,
        -0.007, -0.007,  0.001,  0.005,  0.003, -0.002,  0.001, -0.008,
         0.007, -0.006, -0.006,  0.01 ,  0.008,  0.004, -0.01 ,  0.003,
         0.008],
       [ 0.005, -0.006, -0.006, -0.006,  0.001, -0.008, -0.006,  0.009,
        -0.01 , -0.003, -0.007, -0.003, -0.007,  0.008, -0.009, -0.006,
        -0.004, -0.005, -0.009,  0.005,  0.003, -0.002,  0.009,  0.005,
         0.005,  0.005,  0.005,  0.01 ,  0.009, -0.007,  0.007,  0.   ,
        -0.008, -0.01 , -0.003,  0.008,  0.006,  0.009, -0.005,  0.001,
        -0.002,  0.001, -0.01 , -0.002,  0.009,  0.007, -0.007,  0.008,
        -0.006],
       [-0.003,  0.001, -0.008, -0.01 , -0.007,  0.007, -0.007,  0.008,
        -0.002,  0.007, -0.004, -0.001, -0.009, -0.002,  0.005, -0.004,
         0.006,  0.006,  0.   , -0.002,  0.005,  0.01 , -0.009,  0.005,
         0.003,  0.002, -0.01 ,  0.005,  0.008, -0.009,  0.002, -0.007,
        -0.001,  0.008,  0.007,  0.002,  0.   ,  0.006, -0.01 ,  0.006,
        -0.001, -0.001, -0.001,  0.   , -0.001,  0.008, -0.005, -0.006,
         0.006],
       [-0.002, -0.002, -0.007, -0.007, -0.01 , -0.001, -0.003, -0.01 ,
        -0.009, -0.004, -0.005,  0.003, -0.009, -0.007,  0.002,  0.009,
        -0.003, -0.009,  0.01 , -0.001,  0.001, -0.01 , -0.01 , -0.001,
         0.001,  0.004,  0.008, -0.01 , -0.009, -0.006, -0.002,  0.002,
         0.007,  0.006, -0.01 ,  0.004,  0.005,  0.007,  0.006, -0.002,
         0.009,  0.009,  0.009, -0.002, -0.006,  0.007, -0.006, -0.003,
        -0.005],
       [ 0.009,  0.002, -0.006, -0.004, -0.007, -0.001,  0.007,  0.001,
         0.003, -0.005,  0.001, -0.003,  0.004, -0.007, -0.003, -0.006,
        -0.007, -0.006,  0.006,  0.003, -0.001,  0.009, -0.009, -0.001,
        -0.01 , -0.006, -0.009,  0.007, -0.002,  0.004, -0.002, -0.005,
        -0.001,  0.004,  0.01 , -0.004, -0.009,  0.006,  0.003,  0.003,
        -0.005, -0.003,  0.004,  0.009,  0.009,  0.008,  0.001,  0.007,
        -0.001]]), 'deltas': array([[0.],
       [0.],
       [0.],
       [0.],
       [0.]]), 'outputs': array([[0.],
       [0.],
       [0.],
       [0.],
       [0.]]), 'errors': array([[0.],
       [0.],
       [0.],
       [0.],
       [0.]])}, {'weights': array([[-0.003,  0.004,  0.009,  0.   , -0.01 ],
       [-0.008,  0.003, -0.005,  0.008,  0.003]]), 'deltas': array([[0.],
       [0.],
       [0.]]), 'outputs': array([[0.],
       [0.],
       [0.]]), 'errors': array([[0.],
       [0.],
       [0.]])}]
Training complete!
Training done. epoch: 5 , total error: 0.00034682341854104043
[{'weights': array([[ 6.44462962e-01, -3.29378888e-01, -4.60049866e-01,
         9.37686828e-02,  3.55725404e-01, -5.76459878e-01,
        -1.04146498e+00,  1.25776703e+00, -3.50267837e-01,
         2.62928012e+00, -2.27010835e+00, -4.89137566e-01,
        -8.38345178e-02, -1.02217392e-01,  4.20861180e-02,
        -4.31574245e-01,  4.45657289e-01, -1.40048836e-01,
         3.04523316e-01, -3.60541264e-01, -8.29478439e-02,
         5.19944612e-01, -8.09195809e-02, -5.74990823e-01,
        -7.76548383e-01,  6.61438437e-01, -2.08558458e-02,
         6.51338917e-01, -5.89928589e-01, -2.03376120e-01,
        -1.06967595e+00,  1.07512803e+00, -1.57417865e-01,
         2.00642904e-01, -3.87236250e-01,  4.96275539e-02,
         3.25377096e-01, -8.75021082e-02, -3.71840780e-01,
         1.18066412e-01,  1.29366069e-02, -2.73968811e-01,
        -3.60511214e-01,  3.06907563e-01, -7.03621408e-02,
         2.73602456e-01, -6.91693849e-01,  2.79125601e-01,
        -1.27965792e-01],
       [ 6.53196255e-01, -3.25780140e-01, -4.71518390e-01,
         8.57394992e-02,  3.55848957e-01, -5.91690731e-01,
        -1.04210937e+00,  1.25949613e+00, -3.61489034e-01,
         2.63159018e+00, -2.28349744e+00, -4.98195008e-01,
        -8.77993693e-02, -9.24981951e-02,  3.51952896e-02,
        -4.41658673e-01,  4.36228934e-01, -1.46672536e-01,
         3.00069640e-01, -3.49395297e-01, -8.87766182e-02,
         5.23066472e-01, -7.69010691e-02, -5.71267677e-01,
        -7.73925906e-01,  6.63033006e-01, -1.12093755e-02,
         6.62200457e-01, -5.83449205e-01, -2.03853527e-01,
        -1.05365208e+00,  1.07545110e+00, -1.59901293e-01,
         1.93114603e-01, -3.85140623e-01,  4.99237460e-02,
         3.30337641e-01, -7.61130059e-02, -3.81326910e-01,
         1.27063641e-01,  9.22487139e-03, -2.73390787e-01,
        -3.62964715e-01,  2.95091651e-01, -7.22292113e-02,
         2.73748060e-01, -6.87144923e-01,  2.84294589e-01,
        -1.43102275e-01],
       [ 6.49518301e-01, -3.25037569e-01, -4.71482766e-01,
         8.38554885e-02,  3.47920968e-01, -5.78778490e-01,
        -1.04378863e+00,  1.25851968e+00, -3.52733087e-01,
         2.64057835e+00, -2.28060828e+00, -4.94972104e-01,
        -9.12727995e-02, -1.01225177e-01,  4.94959426e-02,
        -4.38704490e-01,  4.43705754e-01, -1.34003297e-01,
         3.00372129e-01, -3.49443621e-01, -8.49305413e-02,
         5.27165314e-01, -9.00210666e-02, -5.68146281e-01,
        -7.76127380e-01,  6.60862242e-01, -2.67368964e-02,
         6.56969812e-01, -5.85938664e-01, -2.04033181e-01,
        -1.06013210e+00,  1.06771566e+00, -1.50585594e-01,
         2.07465893e-01, -3.75578928e-01,  4.81110011e-02,
         3.23694221e-01, -8.14195614e-02, -3.83276694e-01,
         1.27885386e-01,  1.01960040e-02, -2.71083424e-01,
        -3.60864598e-01,  2.99612319e-01, -7.77497556e-02,
         2.73419243e-01, -6.85907643e-01,  2.72486366e-01,
        -1.31002034e-01],
       [ 6.49586819e-01, -3.24370281e-01, -4.69368396e-01,
         8.54782503e-02,  3.47136250e-01, -5.83766359e-01,
        -1.03902996e+00,  1.24251877e+00, -3.58640669e-01,
         2.62617790e+00, -2.27506766e+00, -4.90262104e-01,
        -8.90158213e-02, -1.04819734e-01,  4.66836980e-02,
        -4.28830795e-01,  4.42202886e-01, -1.49523948e-01,
         3.10748693e-01, -3.44967961e-01, -8.89325906e-02,
         5.10619014e-01, -8.98115753e-02, -5.74959296e-01,
        -7.75823744e-01,  6.65276652e-01, -9.60476592e-03,
         6.39228528e-01, -5.95699227e-01, -2.01681158e-01,
        -1.05873363e+00,  1.07715407e+00, -1.44572298e-01,
         2.07344911e-01, -3.88563757e-01,  4.80669879e-02,
         3.29741282e-01, -7.68181614e-02, -3.68074978e-01,
         1.24210369e-01,  1.90224630e-02, -2.60384690e-01,
        -3.53028082e-01,  3.04147585e-01, -8.32713600e-02,
         2.74092016e-01, -6.83956776e-01,  2.74712902e-01,
        -1.38151858e-01],
       [ 9.00000000e-03,  2.00000000e-03, -6.00000000e-03,
        -4.00000000e-03, -7.00000000e-03, -1.00000000e-03,
         7.00000000e-03,  1.00000000e-03,  3.00000000e-03,
        -5.00000000e-03,  1.00000000e-03, -3.00000000e-03,
         4.00000000e-03, -7.00000000e-03, -3.00000000e-03,
        -6.00000000e-03, -7.00000000e-03, -6.00000000e-03,
         6.00000000e-03,  3.00000000e-03, -1.00000000e-03,
         9.00000000e-03, -9.00000000e-03, -1.00000000e-03,
        -1.00000000e-02, -6.00000000e-03, -9.00000000e-03,
         7.00000000e-03, -2.00000000e-03,  4.00000000e-03,
        -2.00000000e-03, -5.00000000e-03, -1.00000000e-03,
         4.00000000e-03,  1.00000000e-02, -4.00000000e-03,
        -9.00000000e-03,  6.00000000e-03,  3.00000000e-03,
         3.00000000e-03, -5.00000000e-03, -3.00000000e-03,
         4.00000000e-03,  9.00000000e-03,  9.00000000e-03,
         8.00000000e-03,  1.00000000e-03,  7.00000000e-03,
        -1.00000000e-03]]), 'deltas': array([[4.15128358e-05],
       [4.23926151e-05],
       [4.16713320e-05],
       [4.16844193e-05],
       [0.00000000e+00]]), 'outputs': array([[0.98479292],
       [0.98446547],
       [0.98473394],
       [0.98472907],
       [1.        ]]), 'errors': 0.0027719896855522425}, {'weights': array([[-1.76151873, -1.76005228, -1.75459422, -1.74413215,  2.9474256 ],
       [ 1.74857097,  1.7651065 ,  1.75665448,  1.75017554, -2.94751749]]), 'deltas': array([[-0.0003404 ],
       [ 0.00034033]]), 'outputs': array([[0.01862423],
       [0.98137784]]), 'errors': array([[-0.01862423],
       [ 0.01862216]])}]
Accuracy: 90.9090909090909 %

Feedforward Neural Network AVG Accuracy (%): 95.18529318850088 %
