Namespace(error_threshold=0.001, max_epochs=1000, num_layers=2, num_nodes_per_hidden_layer=8, training_rate=0.5)

train_data group 0 length:  349
   0   1   2   3   4   5   6   7   8  ...  40  41  42  43  44  45  46  47  48
0   1   0   0   0   1   0   1   0   0 ...   1   0   1   0   0   0   1   0   0
1   1   0   0   0   0   1   1   0   0 ...   1   0   1   0   0   0   1   0   0
2   1   0   0   0   1   0   1   0   0 ...   1   0   1   0   0   0   1   0   0
3   1   0   0   0   1   0   1   0   0 ...   1   0   1   0   0   1   0   0   0
4   1   0   0   1   0   0   1   0   0 ...   1   0   1   0   0   1   0   0   0

[5 rows x 49 columns]
Initial Neural Network:
[{'weights': array([[ 0.008, -0.005,  0.008, -0.001,  0.01 ,  0.008, -0.006, -0.002,
         0.008,  0.   , -0.005,  0.008, -0.01 , -0.007,  0.003,  0.001,
         0.005, -0.001,  0.001,  0.006,  0.002, -0.009, -0.006,  0.009,
        -0.003,  0.   ,  0.004,  0.009, -0.008, -0.004,  0.002,  0.005,
         0.01 , -0.009, -0.009, -0.006, -0.009,  0.005, -0.009, -0.008,
         0.007, -0.006, -0.003, -0.007,  0.004, -0.009,  0.001,  0.007,
        -0.004],
       [-0.002,  0.008,  0.002, -0.01 ,  0.003,  0.002, -0.009, -0.003,
         0.001,  0.009, -0.001,  0.005,  0.006, -0.003, -0.003,  0.001,
        -0.002, -0.003,  0.005, -0.002,  0.   ,  0.007,  0.002,  0.   ,
         0.01 ,  0.   , -0.002, -0.008, -0.005,  0.   , -0.003,  0.002,
        -0.003,  0.004, -0.008, -0.002,  0.002,  0.004,  0.002,  0.006,
        -0.008,  0.002,  0.007, -0.005,  0.008,  0.008, -0.007, -0.004,
         0.002],
       [-0.004,  0.009, -0.005,  0.006,  0.   ,  0.006,  0.001, -0.005,
         0.008, -0.002,  0.006, -0.005, -0.008,  0.005, -0.009, -0.009,
         0.007, -0.009,  0.002, -0.005, -0.004, -0.005,  0.001,  0.01 ,
         0.004,  0.   ,  0.003,  0.   ,  0.003,  0.003,  0.008, -0.007,
         0.004, -0.003,  0.006, -0.003,  0.004,  0.002, -0.007, -0.01 ,
        -0.002,  0.01 ,  0.006,  0.009, -0.009,  0.005, -0.006, -0.009,
        -0.006],
       [-0.01 ,  0.001,  0.005, -0.001, -0.008,  0.009,  0.005,  0.   ,
         0.009,  0.005, -0.001,  0.   ,  0.   ,  0.008,  0.003,  0.009,
         0.005, -0.004,  0.007,  0.001,  0.007,  0.003,  0.001, -0.006,
        -0.007, -0.01 ,  0.004,  0.01 ,  0.01 , -0.007,  0.005, -0.008,
         0.01 ,  0.009,  0.005, -0.009, -0.007,  0.001,  0.006, -0.005,
         0.   ,  0.008,  0.01 , -0.003,  0.   ,  0.002,  0.009, -0.002,
         0.002],
       [ 0.004, -0.01 , -0.003, -0.005,  0.003, -0.01 ,  0.003, -0.006,
         0.   , -0.005, -0.006, -0.007,  0.001,  0.009, -0.001, -0.004,
        -0.003,  0.003,  0.005, -0.007,  0.001,  0.006,  0.009, -0.001,
         0.006,  0.001, -0.002, -0.002, -0.005, -0.001, -0.009,  0.003,
        -0.001,  0.002,  0.005,  0.005,  0.003,  0.009, -0.006, -0.005,
        -0.001, -0.006, -0.008, -0.006,  0.009, -0.008, -0.008, -0.01 ,
         0.003],
       [-0.005,  0.003, -0.002,  0.003, -0.002, -0.006, -0.005, -0.007,
        -0.002, -0.006, -0.002, -0.003, -0.001, -0.006, -0.009, -0.003,
         0.009, -0.009, -0.006,  0.005,  0.009,  0.005, -0.004,  0.006,
        -0.005,  0.004,  0.004,  0.003,  0.007, -0.005,  0.004, -0.008,
         0.005, -0.009,  0.004,  0.004,  0.003,  0.01 ,  0.005,  0.001,
        -0.003, -0.003,  0.001, -0.007,  0.009, -0.002,  0.01 ,  0.007,
         0.002],
       [-0.009,  0.008, -0.004,  0.001, -0.005, -0.004, -0.005, -0.003,
        -0.003,  0.007,  0.005, -0.005, -0.008, -0.005, -0.009, -0.004,
         0.01 ,  0.004, -0.007, -0.001,  0.003,  0.01 , -0.008, -0.002,
        -0.006, -0.008,  0.   , -0.008, -0.005, -0.004, -0.008,  0.008,
         0.001,  0.009,  0.005,  0.006, -0.004, -0.008, -0.005, -0.009,
         0.007,  0.006, -0.009, -0.004,  0.005,  0.   , -0.004, -0.004,
        -0.006],
       [ 0.005, -0.004,  0.008,  0.001,  0.006,  0.008, -0.007,  0.007,
        -0.006, -0.007, -0.009,  0.003, -0.005,  0.01 , -0.004, -0.005,
         0.005, -0.004,  0.009,  0.005,  0.005, -0.009, -0.005, -0.006,
        -0.006,  0.009, -0.008, -0.006, -0.01 , -0.008,  0.008,  0.009,
        -0.006,  0.005, -0.004, -0.001, -0.001,  0.005,  0.003,  0.009,
         0.001,  0.005,  0.01 ,  0.005, -0.007,  0.006, -0.006,  0.001,
        -0.005],
       [ 0.002,  0.004,  0.006,  0.009, -0.006,  0.002, -0.009,  0.005,
        -0.01 ,  0.002,  0.   ,  0.002,  0.001,  0.005,  0.001,  0.004,
        -0.009, -0.003, -0.006,  0.007, -0.01 ,  0.008,  0.007,  0.008,
        -0.002, -0.001, -0.009,  0.008, -0.007, -0.009, -0.01 ,  0.004,
        -0.005, -0.007,  0.001, -0.004, -0.009, -0.003,  0.006, -0.005,
         0.005,  0.008, -0.004, -0.002, -0.009,  0.005, -0.002, -0.002,
         0.01 ]]), 'deltas': array([[0.],
       [0.],
       [0.],
       [0.],
       [0.],
       [0.],
       [0.],
       [0.],
       [0.]]), 'outputs': array([[0.],
       [0.],
       [0.],
       [0.],
       [0.],
       [0.],
       [0.],
       [0.],
       [0.]]), 'errors': array([[0.],
       [0.],
       [0.],
       [0.],
       [0.],
       [0.],
       [0.],
       [0.],
       [0.]])}, {'weights': array([[-0.008, -0.007, -0.002,  0.002, -0.003, -0.009, -0.001,  0.006,
         0.   ],
       [-0.001, -0.004,  0.007,  0.008,  0.005, -0.008, -0.009,  0.001,
         0.002]]), 'deltas': array([[0.],
       [0.],
       [0.]]), 'outputs': array([[0.],
       [0.],
       [0.]]), 'errors': array([[0.],
       [0.],
       [0.]])}]
Training complete!
Training done. epoch: 2 , total error: 0.0007261546879091446
[{'weights': array([[ 9.51459677e-02, -7.93009225e-02,  1.28503848e-02,
        -1.22761699e-01,  3.51437008e-01, -1.93979878e-01,
        -3.81120614e-01,  4.72640892e-01, -7.38248476e-02,
         2.00414890e+00, -1.99972131e+00,  1.62678427e-02,
         4.11367145e-01, -4.09837450e-01,  2.16573543e-03,
        -1.73535088e-01,  3.06252593e-01, -1.10022075e-01,
         1.95352992e-01, -1.58972130e-01, -9.68543275e-03,
         1.04670571e-01,  2.24529452e-01, -3.17504593e-01,
        -3.83888895e-01,  3.87591850e-01,  1.49924747e-02,
         2.77153167e-01, -9.73381841e-02, -1.65119553e-01,
        -7.16268016e-01,  6.61554082e-01,  8.94093648e-02,
         5.00409227e-01, -1.21824373e-01, -3.84889424e-01,
        -5.58724113e-02,  2.33719614e-01, -1.73151773e-01,
         4.05648148e-01, -2.16329540e-01, -1.78623178e-01,
        -3.13865746e-01,  2.52312546e-01,  7.32486300e-02,
        -1.01909881e-01, -7.56369007e-02,  1.94242211e-01,
         1.36954300e-02],
       [ 8.49853840e-02, -6.87415546e-02,  5.70712864e-03,
        -1.33184933e-01,  3.45220727e-01, -2.03084836e-01,
        -3.81269844e-01,  4.65277347e-01, -8.10565449e-02,
         2.00801882e+00, -1.99339378e+00,  1.23259195e-02,
         4.24705418e-01, -4.06947186e-01, -3.80727438e-03,
        -1.75584654e-01,  2.96730843e-01, -1.11195231e-01,
         1.91155383e-01, -1.63431323e-01, -1.07731020e-02,
         1.14178864e-01,  2.32187142e-01, -3.23415048e-01,
        -3.71984026e-01,  3.84425438e-01,  9.50954605e-03,
         2.61264221e-01, -1.00200943e-01, -1.60112321e-01,
        -7.24829617e-01,  6.59566365e-01,  7.52142098e-02,
         5.05991090e-01, -1.18048168e-01, -3.79991964e-01,
        -4.73606362e-02,  2.29689092e-01, -1.60377498e-01,
         4.14691486e-01, -2.30674604e-01, -1.70065924e-01,
        -3.04248833e-01,  2.49956666e-01,  7.82431250e-02,
        -8.69309520e-02, -8.04288624e-02,  1.78310772e-01,
         1.59509580e-02],
       [ 8.66657053e-02, -6.88827795e-02, -5.69453596e-03,
        -1.19982755e-01,  3.42119885e-01, -1.98048741e-01,
        -3.70984013e-01,  4.61740367e-01, -7.46679639e-02,
         1.99962911e+00, -1.98823868e+00, -3.02046754e-04,
         4.13009213e-01, -4.01996564e-01, -1.09242593e-02,
        -1.84105258e-01,  3.02467309e-01, -1.17273662e-01,
         1.88545394e-01, -1.67329568e-01, -1.61274365e-02,
         1.00983881e-01,  2.31439380e-01, -3.14334872e-01,
        -3.80938527e-01,  3.83968184e-01,  1.60587325e-02,
         2.69997693e-01, -9.45350119e-02, -1.57374291e-01,
        -7.13482583e-01,  6.48733649e-01,  8.18373238e-02,
         5.04680440e-01, -1.15180711e-01, -3.77411340e-01,
        -4.83012266e-02,  2.30176637e-01, -1.70787021e-01,
         4.05484458e-01, -2.32197013e-01, -1.63199056e-01,
        -3.07728293e-01,  2.61729572e-01,  6.40871106e-02,
        -8.99580133e-02, -8.20854734e-02,  1.74131877e-01,
         6.08838980e-03],
       [ 7.88949804e-02, -8.09647941e-02,  1.02780055e-02,
        -1.29152237e-01,  3.34909848e-01, -1.93549420e-01,
        -3.67379502e-01,  4.64915698e-01, -7.13280041e-02,
         2.00930419e+00, -2.00144731e+00,  8.35130482e-03,
         4.20750730e-01, -4.00761983e-01,  3.21944480e-03,
        -1.70342199e-01,  3.04732660e-01, -1.12182269e-01,
         1.94001697e-01, -1.63783937e-01, -3.00956825e-03,
         1.08242389e-01,  2.31753844e-01, -3.29788041e-01,
        -3.92307842e-01,  3.74957867e-01,  1.65581667e-02,
         2.80101371e-01, -8.75798176e-02, -1.67313362e-01,
        -7.19931058e-01,  6.49847948e-01,  8.92913019e-02,
         5.14002382e-01, -1.12067099e-01, -3.84727091e-01,
        -5.79091942e-02,  2.26754643e-01, -1.56637257e-01,
         4.06669449e-01, -2.26990889e-01, -1.64470368e-01,
        -3.05728246e-01,  2.52561432e-01,  7.23750062e-02,
        -9.35484798e-02, -7.06478950e-02,  1.85404567e-01,
         1.42081918e-02],
       [ 8.87285267e-02, -8.03414021e-02, -2.77045502e-03,
        -1.28928911e-01,  3.46954409e-01, -2.15408829e-01,
        -3.74255981e-01,  4.69670774e-01, -8.37981225e-02,
         1.99818038e+00, -2.00067325e+00, -8.90463825e-04,
         4.20524621e-01, -3.94361841e-01, -2.54611052e-03,
        -1.79138669e-01,  2.95484952e-01, -1.05729613e-01,
         1.93202699e-01, -1.68528705e-01, -1.10573236e-02,
         1.13759412e-01,  2.39414742e-01, -3.24557485e-01,
        -3.75112438e-01,  3.84103321e-01,  1.06257867e-02,
         2.67372616e-01, -9.90367222e-02, -1.61719224e-01,
        -7.26493208e-01,  6.57490101e-01,  7.66197763e-02,
         5.10516749e-01, -1.10445602e-01, -3.73454477e-01,
        -4.54807953e-02,  2.33472114e-01, -1.67374649e-01,
         4.07972566e-01, -2.27549878e-01, -1.77806019e-01,
        -3.19872321e-01,  2.51534622e-01,  7.79543680e-02,
        -1.01128129e-01, -8.30541953e-02,  1.72798994e-01,
         1.76166696e-02],
       [ 8.26325749e-02, -7.28921691e-02, -9.25979225e-04,
        -1.23895451e-01,  3.38618689e-01, -2.06908811e-01,
        -3.75771622e-01,  4.59075632e-01, -8.44895832e-02,
         1.99498481e+00, -1.99519697e+00,  2.02658750e-03,
         4.18114401e-01, -4.10856779e-01, -1.04431950e-02,
        -1.79263874e-01,  3.06788070e-01, -1.17709769e-01,
         1.83305965e-01, -1.59377627e-01, -3.11391119e-03,
         1.11213794e-01,  2.26495076e-01, -3.17894443e-01,
        -3.85207297e-01,  3.85078587e-01,  1.59431359e-02,
         2.73105097e-01, -8.95033790e-02, -1.65787292e-01,
        -7.16127451e-01,  6.47245270e-01,  8.26966066e-02,
         4.98743561e-01, -1.13977179e-01, -3.72951955e-01,
        -4.68217182e-02,  2.36930581e-01, -1.59294436e-01,
         4.13564235e-01, -2.30778537e-01, -1.74971272e-01,
        -3.09963468e-01,  2.46940281e-01,  7.88376129e-02,
        -9.45645307e-02, -6.77531969e-02,  1.90132154e-01,
         1.48144265e-02],
       [ 8.23052486e-02, -6.82479731e-02, -3.03889762e-03,
        -1.24545687e-01,  3.42252093e-01, -2.09688028e-01,
        -3.77045429e-01,  4.69205640e-01, -8.71418337e-02,
         2.01411999e+00, -1.98984619e+00, -1.25542242e-03,
         4.12533720e-01, -4.08864968e-01, -9.65037354e-03,
        -1.77688953e-01,  3.08592364e-01, -1.04885033e-01,
         1.83750216e-01, -1.64555696e-01, -8.17614211e-03,
         1.21358984e-01,  2.20730232e-01, -3.26070838e-01,
        -3.87527303e-01,  3.77498725e-01,  1.20469560e-02,
         2.66120838e-01, -1.01992093e-01, -1.65110367e-01,
        -7.25348406e-01,  6.65498262e-01,  7.68685212e-02,
         5.13267784e-01, -1.04993378e-01, -3.72256027e-01,
        -5.23167089e-02,  2.18428186e-01, -1.67093100e-01,
         4.05869544e-01, -2.19698883e-01, -1.66152284e-01,
        -3.18895326e-01,  2.53932244e-01,  7.29814601e-02,
        -9.27514072e-02, -7.89190990e-02,  1.79688884e-01,
         1.00183779e-02],
       [ 9.25053414e-02, -8.08740280e-02,  1.16863990e-02,
        -1.21647707e-01,  3.46646849e-01, -1.95681430e-01,
        -3.83054795e-01,  4.78405225e-01, -8.70327175e-02,
         1.99191485e+00, -2.00223430e+00,  1.16371626e-02,
         4.12545579e-01, -3.92989072e-01, -4.23879450e-03,
        -1.82320392e-01,  3.04295468e-01, -1.11657364e-01,
         2.00838951e-01, -1.61748762e-01, -5.77247711e-03,
         1.03078837e-01,  2.21534677e-01, -3.30295802e-01,
        -3.88825046e-01,  3.93626084e-01,  4.51667425e-03,
         2.64340719e-01, -1.06413380e-01, -1.67609626e-01,
        -7.14174173e-01,  6.65120498e-01,  7.43713877e-02,
         5.10644977e-01, -1.19148674e-01, -3.77178591e-01,
        -5.26716411e-02,  2.34054311e-01, -1.60064957e-01,
         4.19548166e-01, -2.21614118e-01, -1.68616336e-01,
        -3.06240834e-01,  2.63786495e-01,  6.47720518e-02,
        -8.86320359e-02, -8.48131105e-02,  1.88762859e-01,
         9.31771239e-03],
       [ 2.00000000e-03,  4.00000000e-03,  6.00000000e-03,
         9.00000000e-03, -6.00000000e-03,  2.00000000e-03,
        -9.00000000e-03,  5.00000000e-03, -1.00000000e-02,
         2.00000000e-03,  0.00000000e+00,  2.00000000e-03,
         1.00000000e-03,  5.00000000e-03,  1.00000000e-03,
         4.00000000e-03, -9.00000000e-03, -3.00000000e-03,
        -6.00000000e-03,  7.00000000e-03, -1.00000000e-02,
         8.00000000e-03,  7.00000000e-03,  8.00000000e-03,
        -2.00000000e-03, -1.00000000e-03, -9.00000000e-03,
         8.00000000e-03, -7.00000000e-03, -9.00000000e-03,
        -1.00000000e-02,  4.00000000e-03, -5.00000000e-03,
        -7.00000000e-03,  1.00000000e-03, -4.00000000e-03,
        -9.00000000e-03, -3.00000000e-03,  6.00000000e-03,
        -5.00000000e-03,  5.00000000e-03,  8.00000000e-03,
        -4.00000000e-03, -2.00000000e-03, -9.00000000e-03,
         5.00000000e-03, -2.00000000e-03, -2.00000000e-03,
         1.00000000e-02]]), 'deltas': array([[0.00034683],
       [0.00034781],
       [0.00035188],
       [0.00034656],
       [0.0003525 ],
       [0.00034213],
       [0.00035574],
       [0.00034733],
       [0.        ]]), 'outputs': array([[0.93435119],
       [0.93415157],
       [0.93332202],
       [0.93440695],
       [0.93319647],
       [0.9353069 ],
       [0.93253411],
       [0.93424988],
       [1.        ]]), 'errors': 0.005654346178665186}, {'weights': array([[-0.79177512, -0.79864311, -0.77268409, -0.78182743, -0.78370168,
        -0.78565609, -0.78389789, -0.78113282,  2.27497123],
       [ 0.78557315,  0.79046424,  0.78048121,  0.79465194,  0.78849304,
         0.77146584,  0.77667572,  0.79095458, -2.27478316]]), 'deltas': array([[-0.00070635],
       [ 0.00070682]]), 'outputs': array([[0.02694269],
       [0.97304818]]), 'errors': array([[-0.02694269],
       [ 0.02695182]])}]
neural_net output [0.89689452 0.1031224 ]
target: 0 prediction: 0
neural_net output [0.88015275 0.11986511]
target: 0 prediction: 0
neural_net output [0.88869849 0.11131858]
target: 0 prediction: 0
neural_net output [0.88059604 0.11942273]
target: 0 prediction: 0
neural_net output [0.07614074 0.92384102]
target: 0 prediction: 1
neural_net output [0.9007196  0.09929641]
target: 0 prediction: 0
neural_net output [0.89222485 0.1077923 ]
target: 0 prediction: 0
neural_net output [0.85255819 0.14746096]
target: 0 prediction: 0
neural_net output [0.89150195 0.10851438]
target: 0 prediction: 0
neural_net output [0.88846429 0.11155187]
target: 0 prediction: 0
neural_net output [0.89390021 0.10611623]
target: 0 prediction: 0
neural_net output [0.87675759 0.12326115]
target: 0 prediction: 0
neural_net output [0.6341461  0.36586968]
target: 0 prediction: 0
neural_net output [0.89052592 0.1094915 ]
target: 0 prediction: 0
neural_net output [0.88097512 0.11904266]
target: 0 prediction: 0
neural_net output [0.89052592 0.1094915 ]
target: 0 prediction: 0
neural_net output [0.87737105 0.12264668]
target: 0 prediction: 0
neural_net output [0.82758133 0.1724339 ]
target: 0 prediction: 0
neural_net output [0.89052592 0.1094915 ]
target: 0 prediction: 0
neural_net output [0.89079123 0.10922674]
target: 0 prediction: 0
neural_net output [0.88711629 0.11290242]
target: 0 prediction: 0
neural_net output [0.88015275 0.11986511]
target: 0 prediction: 0
neural_net output [0.89205608 0.10796091]
target: 0 prediction: 0
neural_net output [0.81716487 0.18285961]
target: 0 prediction: 0
neural_net output [0.88869849 0.11131858]
target: 0 prediction: 0
neural_net output [0.89130514 0.10871042]
target: 0 prediction: 0
neural_net output [0.90009729 0.09991946]
target: 0 prediction: 0
neural_net output [0.89079123 0.10922674]
target: 0 prediction: 0
neural_net output [0.87156722 0.12845126]
target: 0 prediction: 0
neural_net output [0.88228664 0.11773239]
target: 0 prediction: 0
neural_net output [0.88015275 0.11986511]
target: 0 prediction: 0
neural_net output [0.89201365 0.10800462]
target: 0 prediction: 0
neural_net output [0.89667269 0.10334472]
target: 0 prediction: 0
neural_net output [0.02319433 0.97679817]
target: 1 prediction: 1
neural_net output [0.01878456 0.98120869]
target: 1 prediction: 1
neural_net output [0.03534084 0.96464853]
target: 1 prediction: 1
neural_net output [0.01862096 0.98137231]
target: 1 prediction: 1
neural_net output [0.01829329 0.98170009]
target: 1 prediction: 1
neural_net output [0.0254387  0.97455246]
target: 1 prediction: 1
neural_net output [0.01840865 0.98158469]
target: 1 prediction: 1
neural_net output [0.03303937 0.96695059]
target: 1 prediction: 1
neural_net output [0.01858819 0.98140508]
target: 1 prediction: 1
neural_net output [0.0204296  0.97956327]
target: 1 prediction: 1
neural_net output [0.02398547 0.97600639]
target: 1 prediction: 1
neural_net output [0.02033348 0.97965944]
target: 1 prediction: 1
neural_net output [0.0214461  0.97854624]
target: 1 prediction: 1
neural_net output [0.03347577 0.96651505]
target: 1 prediction: 1
neural_net output [0.01917901 0.98081407]
target: 1 prediction: 1
neural_net output [0.02859566 0.97139522]
target: 1 prediction: 1
neural_net output [0.01888692 0.98110637]
target: 1 prediction: 1
neural_net output [0.02280977 0.97718247]
target: 1 prediction: 1
neural_net output [0.02553359 0.97445809]
target: 1 prediction: 1
neural_net output [0.01962316 0.98036989]
target: 1 prediction: 1
neural_net output [0.70621516 0.29380756]
target: 1 prediction: 0
neural_net output [0.02211662 0.97787604]
target: 1 prediction: 1
neural_net output [0.01991484 0.98007816]
target: 1 prediction: 1
neural_net output [0.01918457 0.98080868]
target: 1 prediction: 1
neural_net output [0.02187965 0.97811314]
target: 1 prediction: 1
neural_net output [0.63183001 0.36818072]
target: 1 prediction: 0
neural_net output [0.01876049 0.9812328 ]
target: 1 prediction: 1
neural_net output [0.02280977 0.97718247]
target: 1 prediction: 1
neural_net output [0.025147   0.97484464]
target: 1 prediction: 1
neural_net output [0.01804769 0.98194576]
target: 1 prediction: 1
neural_net output [0.0191046  0.98088862]
target: 1 prediction: 1
neural_net output [0.03095347 0.96903706]
target: 1 prediction: 1
neural_net output [0.02192501 0.97806714]
target: 1 prediction: 1
neural_net output [0.01812887 0.98186456]
target: 1 prediction: 1
neural_net output [0.02128573 0.97870695]
target: 1 prediction: 1
neural_net output [0.02042255 0.97957034]
target: 1 prediction: 1
neural_net output [0.01998394 0.98000898]
target: 1 prediction: 1
neural_net output [0.03113368 0.96885583]
target: 1 prediction: 1
neural_net output [0.02911477 0.97087687]
target: 1 prediction: 1
neural_net output [0.01825869 0.98173471]
target: 1 prediction: 1
neural_net output [0.01993935 0.98005359]
target: 1 prediction: 1
neural_net output [0.02618415 0.97380828]
target: 1 prediction: 1
neural_net output [0.03378617 0.96620385]
target: 1 prediction: 1
neural_net output [0.01851644 0.98147689]
target: 1 prediction: 1
neural_net output [0.0286315  0.97135965]
target: 1 prediction: 1
neural_net output [0.02203019 0.97796241]
target: 1 prediction: 1
neural_net output [0.02345114 0.97654109]
target: 1 prediction: 1
neural_net output [0.40978444 0.59022855]
target: 1 prediction: 1
neural_net output [0.51284929 0.48716939]
target: 1 prediction: 0
neural_net output [0.0204296  0.97956327]
target: 1 prediction: 1
neural_net output [0.65953197 0.34047843]
target: 1 prediction: 0
neural_net output [0.02781558 0.97217551]
target: 1 prediction: 1
neural_net output [0.0236892  0.97630224]
target: 1 prediction: 1
Accuracy: 94.18604651162791 %

train_data group 1 length:  348
   0   1   2   3   4   5   6   7   8  ...  40  41  42  43  44  45  46  47  48
0   1   0   0   1   0   0   1   0   0 ...   1   0   1   0   0   0   1   0   0
1   1   0   0   0   1   0   1   0   0 ...   1   0   1   0   0   0   1   0   0
2   1   0   0   0   1   0   1   0   0 ...   1   0   1   0   0   0   1   0   0
3   1   0   0   0   1   0   1   0   0 ...   1   0   1   0   0   1   0   0   0
4   0   1   0   1   0   0   1   0   0 ...   1   0   1   0   0   0   1   0   0

[5 rows x 49 columns]
Initial Neural Network:
[{'weights': array([[ 0.   ,  0.007, -0.009,  0.002, -0.001, -0.006, -0.008, -0.007,
         0.006, -0.006, -0.01 , -0.006,  0.007, -0.008, -0.006,  0.009,
         0.008,  0.   , -0.008,  0.007, -0.004,  0.006, -0.01 , -0.004,
         0.   ,  0.003, -0.008, -0.006,  0.008,  0.001,  0.008, -0.009,
        -0.002,  0.004, -0.003,  0.01 ,  0.002,  0.01 ,  0.008, -0.004,
         0.005,  0.001, -0.004, -0.01 , -0.004,  0.002, -0.005, -0.004,
        -0.002],
       [-0.006,  0.004,  0.01 ,  0.007,  0.006, -0.006, -0.009, -0.009,
         0.008, -0.002, -0.006,  0.001, -0.001,  0.002,  0.005,  0.   ,
        -0.006, -0.002,  0.009, -0.001,  0.007,  0.008, -0.007,  0.008,
        -0.005, -0.006,  0.001, -0.008, -0.003,  0.001,  0.008, -0.01 ,
        -0.002,  0.007,  0.008,  0.007, -0.008,  0.007,  0.   , -0.01 ,
         0.006, -0.005, -0.005,  0.003,  0.003, -0.007,  0.007, -0.004,
        -0.003],
       [ 0.009, -0.002, -0.006,  0.008, -0.001, -0.005,  0.002, -0.003,
        -0.007,  0.007,  0.   , -0.002, -0.004, -0.001, -0.008,  0.002,
        -0.003, -0.01 , -0.009, -0.004, -0.004,  0.002,  0.007,  0.002,
         0.   , -0.005, -0.009,  0.003, -0.003, -0.001,  0.006,  0.005,
        -0.007, -0.003, -0.004,  0.006,  0.007,  0.007, -0.002,  0.006,
         0.005, -0.009, -0.01 , -0.006, -0.009,  0.006, -0.001, -0.001,
         0.006],
       [ 0.001,  0.   ,  0.002, -0.001,  0.003, -0.007,  0.004,  0.001,
        -0.01 ,  0.001, -0.003,  0.   ,  0.008, -0.005, -0.004,  0.003,
        -0.002,  0.   ,  0.008, -0.003,  0.001, -0.005,  0.006,  0.003,
         0.002,  0.01 ,  0.003, -0.007, -0.005,  0.01 , -0.008,  0.002,
        -0.006,  0.008,  0.009, -0.001,  0.002,  0.001,  0.009, -0.008,
        -0.008,  0.003, -0.003, -0.003,  0.01 , -0.001,  0.002,  0.004,
         0.009],
       [ 0.008,  0.004,  0.006,  0.003, -0.005, -0.009,  0.004, -0.004,
         0.01 , -0.007, -0.004,  0.005,  0.007, -0.003, -0.006,  0.009,
         0.005,  0.002,  0.001,  0.01 ,  0.004, -0.001, -0.01 , -0.001,
        -0.008, -0.005, -0.007, -0.005,  0.009, -0.006, -0.002, -0.004,
        -0.001,  0.002, -0.001, -0.005, -0.008,  0.009,  0.002,  0.006,
        -0.001, -0.003, -0.007, -0.007,  0.001, -0.004,  0.003, -0.006,
        -0.003],
       [ 0.003,  0.001, -0.003, -0.004, -0.001,  0.001, -0.009,  0.007,
         0.004, -0.005,  0.001,  0.   , -0.01 , -0.001,  0.009,  0.01 ,
        -0.003,  0.007,  0.007, -0.004,  0.001, -0.008,  0.003, -0.004,
         0.006,  0.   , -0.001, -0.009, -0.002,  0.   ,  0.007, -0.002,
         0.004, -0.01 ,  0.003, -0.004,  0.01 ,  0.007, -0.008,  0.003,
        -0.008, -0.001, -0.007,  0.003, -0.008, -0.006,  0.006,  0.   ,
         0.009],
       [ 0.005,  0.006,  0.002, -0.008,  0.005,  0.004,  0.01 , -0.007,
        -0.002, -0.005,  0.006, -0.003, -0.005,  0.009, -0.01 , -0.008,
         0.009, -0.007,  0.004,  0.007,  0.008, -0.002, -0.008, -0.009,
         0.006, -0.009, -0.003,  0.002,  0.007, -0.009, -0.01 , -0.002,
         0.001, -0.004,  0.002, -0.003,  0.001, -0.006, -0.004, -0.005,
        -0.003,  0.002, -0.004, -0.007, -0.007,  0.006,  0.004,  0.002,
         0.009],
       [ 0.005, -0.002, -0.003, -0.004,  0.008,  0.004, -0.001, -0.005,
        -0.009, -0.004,  0.006,  0.002, -0.001,  0.01 , -0.01 ,  0.005,
        -0.005,  0.01 ,  0.009, -0.009,  0.01 , -0.01 , -0.006, -0.009,
         0.004, -0.002,  0.001,  0.009,  0.001,  0.005, -0.002,  0.008,
         0.005, -0.005,  0.001, -0.003, -0.003,  0.004, -0.009, -0.009,
         0.009,  0.004, -0.007, -0.002, -0.007, -0.007,  0.002, -0.002,
        -0.003],
       [-0.002, -0.001,  0.005, -0.008, -0.007, -0.008,  0.   , -0.002,
        -0.001,  0.004,  0.006, -0.002,  0.001,  0.006,  0.008, -0.01 ,
        -0.003, -0.003, -0.003, -0.009,  0.004,  0.001, -0.001,  0.009,
         0.005, -0.006, -0.005,  0.001, -0.004,  0.001,  0.01 ,  0.002,
         0.003,  0.008, -0.006,  0.   , -0.007, -0.001, -0.007, -0.002,
         0.008, -0.006,  0.006,  0.002,  0.008,  0.   ,  0.002,  0.004,
        -0.004]]), 'deltas': array([[0.],
       [0.],
       [0.],
       [0.],
       [0.],
       [0.],
       [0.],
       [0.],
       [0.]]), 'outputs': array([[0.],
       [0.],
       [0.],
       [0.],
       [0.],
       [0.],
       [0.],
       [0.],
       [0.]]), 'errors': array([[0.],
       [0.],
       [0.],
       [0.],
       [0.],
       [0.],
       [0.],
       [0.],
       [0.]])}, {'weights': array([[-0.006,  0.003, -0.005, -0.002, -0.005, -0.006,  0.004, -0.005,
         0.004],
       [ 0.001,  0.002, -0.006, -0.005,  0.   , -0.003,  0.01 ,  0.005,
        -0.009]]), 'deltas': array([[0.],
       [0.],
       [0.]]), 'outputs': array([[0.],
       [0.],
       [0.]]), 'errors': array([[0.],
       [0.],
       [0.]])}]
Training complete!
Training done. epoch: 2 , total error: 0.0005701925080279065
[{'weights': array([[-2.01465358e-01,  2.48658003e-01,  1.16067905e-04,
        -7.12104284e-02,  3.04216554e-01, -1.88697412e-01,
        -6.51250971e-01,  6.63642832e-01,  2.79168523e-02,
         1.72867672e+00, -1.65694232e+00, -4.44256805e-02,
         5.15449747e-01, -3.77669902e-01, -9.54711320e-02,
        -6.80484001e-02,  3.46204802e-01, -2.11847689e-01,
         4.73258758e-01, -3.24763783e-01, -1.04186262e-01,
         9.78831141e-02,  2.61811743e-01, -3.18386145e-01,
        -4.28547249e-01,  6.14864842e-01, -1.42008881e-01,
         4.71014997e-01, -1.95419285e-01, -2.23287000e-01,
        -9.74216516e-01,  9.87297855e-01,  3.32273740e-02,
         4.80140988e-01, -2.78431237e-02, -3.91989151e-01,
         1.94775980e-01, -2.34301266e-02, -1.02037140e-01,
         2.22572611e-01, -1.26516934e-01, -4.47469645e-02,
        -2.56168210e-01,  4.83971555e-01, -1.96494632e-01,
         8.81033119e-02, -8.11723333e-02,  3.53777343e-02,
         4.73087128e-02],
       [-2.00273989e-01,  2.42457093e-01,  1.81206383e-02,
        -6.99921290e-02,  3.21263856e-01, -1.91967984e-01,
        -6.53192867e-01,  6.67511734e-01,  2.79848757e-02,
         1.74272813e+00, -1.65863908e+00, -3.87853035e-02,
         5.08112602e-01, -3.64859887e-01, -8.49489723e-02,
        -7.79402081e-02,  3.38037388e-01, -2.15793437e-01,
         4.99272935e-01, -3.37519901e-01, -9.44492910e-02,
         1.08643151e-01,  2.63268616e-01, -3.10608025e-01,
        -4.31928887e-01,  6.07374052e-01, -1.33141422e-01,
         4.77853315e-01, -2.10290830e-01, -2.25258742e-01,
        -9.80260201e-01,  9.97547418e-01,  3.10165253e-02,
         4.84225491e-01, -1.25946322e-02, -3.97327116e-01,
         1.86036713e-01, -2.75812379e-02, -1.07151732e-01,
         2.18037469e-01, -1.21617577e-01, -5.31161490e-02,
        -2.56801135e-01,  5.02335552e-01, -1.92230675e-01,
         8.42595603e-02, -7.31928132e-02,  3.72369956e-02,
         4.93037427e-02],
       [-1.91221853e-01,  2.39054521e-01,  3.60961800e-03,
        -6.99151557e-02,  3.11339068e-01, -1.88981627e-01,
        -6.42735304e-01,  6.71054314e-01,  1.41232755e-02,
         1.74304349e+00, -1.64630852e+00, -4.12926775e-02,
         5.01919100e-01, -3.68805355e-01, -9.56714598e-02,
        -7.51211186e-02,  3.36035311e-01, -2.21471907e-01,
         4.79523635e-01, -3.43119461e-01, -1.02961889e-01,
         1.03792948e-01,  2.70844243e-01, -3.13194906e-01,
        -4.28829665e-01,  6.05327684e-01, -1.40055733e-01,
         4.82385615e-01, -2.08128370e-01, -2.24814960e-01,
        -9.82612972e-01,  1.00991580e+00,  2.71394582e-02,
         4.69731965e-01, -2.35407559e-02, -3.96748923e-01,
         1.97246492e-01, -2.70839760e-02, -1.07720231e-01,
         2.29461455e-01, -1.21929677e-01, -5.50894931e-02,
        -2.59189169e-01,  4.86773825e-01, -2.02142370e-01,
         9.72463662e-02, -8.26044922e-02,  3.98004115e-02,
         5.64422855e-02],
       [-1.93907630e-01,  2.38990733e-01,  9.70235130e-03,
        -7.78693722e-02,  3.17940741e-01, -1.93285915e-01,
        -6.38753563e-01,  6.75525434e-01,  1.00135830e-02,
         1.73658502e+00, -1.64709097e+00, -3.97085976e-02,
         5.13041721e-01, -3.68837178e-01, -9.34190881e-02,
        -7.32306064e-02,  3.39224384e-01, -2.13208324e-01,
         5.01545963e-01, -3.43968515e-01, -9.97919940e-02,
         1.02085705e-01,  2.69442860e-01, -3.15743111e-01,
        -4.23926527e-01,  6.22497364e-01, -1.31785383e-01,
         4.77701379e-01, -2.12406050e-01, -2.15509876e-01,
        -9.99215408e-01,  1.01263663e+00,  2.63642287e-02,
         4.79561901e-01, -7.48834123e-03, -4.04288105e-01,
         1.93785620e-01, -3.08866302e-02, -9.91135353e-02,
         2.14897875e-01, -1.29492358e-01, -4.66200621e-02,
        -2.51039268e-01,  4.91382721e-01, -1.84557999e-01,
         9.54338788e-02, -8.27058450e-02,  4.40574202e-02,
         6.07854540e-02],
       [-1.93869798e-01,  2.47449390e-01,  1.50198789e-02,
        -7.15671253e-02,  3.02982516e-01, -1.91815920e-01,
        -6.40820601e-01,  6.69662916e-01,  3.17571560e-02,
         1.72999137e+00, -1.65281002e+00, -3.25818766e-02,
         5.15995240e-01, -3.72057515e-01, -9.53382544e-02,
        -6.86549184e-02,  3.45492866e-01, -2.10238477e-01,
         4.84880684e-01, -3.22809470e-01, -9.64717432e-02,
         9.28534535e-02,  2.62123076e-01, -3.16377059e-01,
        -4.35934373e-01,  6.07628952e-01, -1.41095108e-01,
         4.74692241e-01, -1.95401264e-01, -2.30691506e-01,
        -9.84882947e-01,  9.93107220e-01,  3.53751973e-02,
         4.78889083e-01, -2.59148590e-02, -4.06374753e-01,
         1.85925317e-01, -2.52846461e-02, -1.07041200e-01,
         2.31544292e-01, -1.29683772e-01, -4.92610487e-02,
        -2.57446424e-01,  4.87627993e-01, -1.92582098e-01,
         8.33434652e-02, -7.55081600e-02,  3.57641657e-02,
         4.75994709e-02],
       [-1.95988231e-01,  2.41466179e-01,  5.41546276e-03,
        -7.77400440e-02,  3.08345933e-01, -1.84712477e-01,
        -6.50090477e-01,  6.78937549e-01,  2.30463397e-02,
         1.73053718e+00, -1.64472333e+00, -3.99204399e-02,
         4.98554065e-01, -3.69744584e-01, -8.09160701e-02,
        -6.69736695e-02,  3.36985193e-01, -2.06118112e-01,
         4.93221088e-01, -3.39968925e-01, -9.93587519e-02,
         9.14671508e-02,  2.69246543e-01, -3.19820283e-01,
        -4.21792472e-01,  6.12870823e-01, -1.36184939e-01,
         4.70976188e-01, -2.06703252e-01, -2.25379525e-01,
        -9.79509866e-01,  1.00049686e+00,  3.79064179e-02,
         4.66064507e-01, -2.01830593e-02, -4.06988037e-01,
         2.00147455e-01, -2.41376274e-02, -1.17116416e-01,
         2.27571423e-01, -1.35206219e-01, -4.84717924e-02,
        -2.56740235e-01,  4.95175577e-01, -2.00541930e-01,
         8.45214491e-02, -7.55708652e-02,  4.09428274e-02,
         5.88934113e-02],
       [-1.97027731e-01,  2.48300006e-01,  1.28236155e-02,
        -8.05155515e-02,  3.13219989e-01, -1.80608546e-01,
        -6.37542241e-01,  6.69015414e-01,  2.06227177e-02,
         1.73526474e+00, -1.64531258e+00, -4.08562684e-02,
         5.07520910e-01, -3.64896179e-01, -9.75288397e-02,
        -7.91465680e-02,  3.43038503e-01, -2.18796044e-01,
         4.88335183e-01, -3.27500674e-01, -9.07386181e-02,
         9.58712640e-02,  2.61479207e-01, -3.25254580e-01,
        -4.29412867e-01,  6.10372253e-01, -1.35863495e-01,
         4.84351731e-01, -2.00142558e-01, -2.33113283e-01,
        -9.99025098e-01,  1.00461365e+00,  3.45073368e-02,
         4.71423610e-01, -1.93715789e-02, -4.05956140e-01,
         1.94642030e-01, -3.99454153e-02, -1.12600724e-01,
         2.22440514e-01, -1.31422203e-01, -4.59224207e-02,
        -2.55139091e-01,  4.87725943e-01, -1.99490962e-01,
         9.66774015e-02, -7.70814585e-02,  4.34999482e-02,
         6.00958911e-02],
       [-1.90139905e-01,  2.38601661e-01,  6.11998910e-03,
        -7.92415009e-02,  3.25395999e-01, -1.83572753e-01,
        -6.46848845e-01,  6.74747640e-01,  1.16829508e-02,
         1.73882694e+00, -1.64315975e+00, -3.70854406e-02,
         5.10528646e-01, -3.58099218e-01, -9.88476814e-02,
        -6.99274771e-02,  3.37361429e-01, -2.02852206e-01,
         5.02686558e-01, -3.47728064e-01, -9.03767491e-02,
         9.48217146e-02,  2.62215105e-01, -3.27455074e-01,
        -4.25675258e-01,  6.14779071e-01, -1.31522067e-01,
         4.93782267e-01, -2.04084517e-01, -2.20116004e-01,
        -9.94289722e-01,  1.02225340e+00,  3.76180699e-02,
         4.71173111e-01, -1.72827039e-02, -4.06308662e-01,
         1.92351595e-01, -3.09425517e-02, -1.14827298e-01,
         2.18756839e-01, -1.15578142e-01, -4.45969512e-02,
        -2.58494798e-01,  4.96891191e-01, -1.99814647e-01,
         8.93513054e-02, -8.23699414e-02,  4.06003817e-02,
         5.15817457e-02],
       [-2.00000000e-03, -1.00000000e-03,  5.00000000e-03,
        -8.00000000e-03, -7.00000000e-03, -8.00000000e-03,
         0.00000000e+00, -2.00000000e-03, -1.00000000e-03,
         4.00000000e-03,  6.00000000e-03, -2.00000000e-03,
         1.00000000e-03,  6.00000000e-03,  8.00000000e-03,
        -1.00000000e-02, -3.00000000e-03, -3.00000000e-03,
        -3.00000000e-03, -9.00000000e-03,  4.00000000e-03,
         1.00000000e-03, -1.00000000e-03,  9.00000000e-03,
         5.00000000e-03, -6.00000000e-03, -5.00000000e-03,
         1.00000000e-03, -4.00000000e-03,  1.00000000e-03,
         1.00000000e-02,  2.00000000e-03,  3.00000000e-03,
         8.00000000e-03, -6.00000000e-03,  0.00000000e+00,
        -7.00000000e-03, -1.00000000e-03, -7.00000000e-03,
        -2.00000000e-03,  8.00000000e-03, -6.00000000e-03,
         6.00000000e-03,  2.00000000e-03,  8.00000000e-03,
         0.00000000e+00,  2.00000000e-03,  4.00000000e-03,
        -4.00000000e-03]]), 'deltas': array([[7.16033693e-05],
       [7.20409438e-05],
       [7.25476023e-05],
       [7.14767281e-05],
       [7.18516497e-05],
       [7.18748565e-05],
       [7.21959634e-05],
       [7.22170830e-05],
       [0.00000000e+00]]), 'outputs': array([[0.9828449 ],
       [0.98273819],
       [0.9826146 ],
       [0.98287578],
       [0.98278436],
       [0.9827787 ],
       [0.98270038],
       [0.98269523],
       [1.        ]]), 'errors': 0.00424673567438155}, {'weights': array([[-0.75784209, -0.74986628, -0.76328046, -0.76465333, -0.75801923,
        -0.76091644, -0.74542118, -0.75856476,  2.24101863],
       [ 0.75508168,  0.75709877,  0.75454179,  0.75992136,  0.7552635 ,
         0.7541747 ,  0.76166047,  0.76080281, -2.24106296]]), 'deltas': array([[-0.00055654],
       [ 0.00055661]]), 'outputs': array([[0.02387796],
       [0.97612055]]), 'errors': array([[-0.02387796],
       [ 0.02387945]])}]
Accuracy: 96.55172413793103 %

train_data group 2 length:  348
   0   1   2   3   4   5   6   7   8  ...  40  41  42  43  44  45  46  47  48
0   1   0   0   1   0   0   1   0   0 ...   1   0   1   0   0   0   1   0   0
1   1   0   0   0   1   0   1   0   0 ...   1   0   1   0   0   0   1   0   0
2   1   0   0   0   1   0   1   0   0 ...   1   0   1   0   0   0   1   0   0
3   1   0   0   0   1   0   1   0   0 ...   1   0   1   0   0   1   0   0   0
4   0   1   0   1   0   0   1   0   0 ...   1   0   1   0   0   0   1   0   0

[5 rows x 49 columns]
Initial Neural Network:
[{'weights': array([[ 0.006,  0.007, -0.001, -0.009,  0.003,  0.003,  0.01 ,  0.005,
        -0.006, -0.005,  0.007, -0.003,  0.005, -0.007, -0.001,  0.004,
         0.007,  0.007,  0.005,  0.009, -0.004,  0.005,  0.008,  0.009,
         0.008, -0.007, -0.007,  0.004, -0.001,  0.002,  0.007, -0.006,
        -0.004,  0.005, -0.001,  0.008,  0.003, -0.003,  0.008, -0.01 ,
         0.004,  0.   ,  0.002, -0.003, -0.003, -0.007,  0.001, -0.003,
        -0.008],
       [ 0.001,  0.009,  0.001, -0.003,  0.007, -0.005,  0.007,  0.007,
         0.003, -0.003,  0.008, -0.001,  0.004,  0.009, -0.003, -0.004,
         0.002, -0.009, -0.01 , -0.009, -0.005, -0.008, -0.005,  0.008,
        -0.008, -0.008,  0.002,  0.006,  0.005,  0.005, -0.001, -0.003,
        -0.009,  0.002, -0.001,  0.005, -0.005,  0.01 ,  0.009, -0.006,
        -0.003,  0.005, -0.001, -0.007,  0.009, -0.008, -0.007,  0.007,
         0.01 ],
       [-0.006, -0.002, -0.008,  0.007, -0.009,  0.001, -0.005, -0.007,
        -0.006, -0.005, -0.01 , -0.003, -0.006,  0.002,  0.009,  0.01 ,
         0.006,  0.008,  0.01 ,  0.   , -0.007,  0.004,  0.01 , -0.01 ,
        -0.007, -0.006, -0.001,  0.003, -0.007,  0.001,  0.009,  0.002,
        -0.01 ,  0.004,  0.   , -0.004, -0.003, -0.01 ,  0.008, -0.001,
        -0.007,  0.006,  0.007, -0.002,  0.001,  0.   ,  0.004, -0.005,
        -0.007],
       [-0.008,  0.006, -0.01 ,  0.008, -0.002, -0.004,  0.   ,  0.008,
         0.   ,  0.01 , -0.007,  0.009, -0.01 ,  0.009, -0.003,  0.004,
        -0.002, -0.006, -0.008,  0.002,  0.005, -0.003,  0.004,  0.007,
        -0.009, -0.009,  0.008,  0.004,  0.003, -0.006, -0.006,  0.008,
         0.001, -0.007,  0.002, -0.01 ,  0.006, -0.009,  0.002, -0.008,
         0.01 ,  0.004,  0.008,  0.001,  0.004,  0.004, -0.001, -0.01 ,
         0.   ],
       [-0.003,  0.007,  0.005, -0.005,  0.009, -0.003, -0.003,  0.003,
         0.008, -0.001,  0.001,  0.007,  0.005,  0.01 ,  0.001,  0.004,
        -0.001,  0.004, -0.004, -0.002, -0.002, -0.004,  0.006, -0.01 ,
        -0.008, -0.006, -0.007,  0.003,  0.009, -0.01 ,  0.001,  0.003,
         0.001,  0.   , -0.01 , -0.004,  0.008, -0.008,  0.006, -0.006,
        -0.01 ,  0.001, -0.002, -0.003, -0.002,  0.003, -0.006, -0.006,
         0.008],
       [-0.007, -0.003,  0.002,  0.008, -0.003, -0.006,  0.01 , -0.008,
        -0.002, -0.009,  0.001,  0.009, -0.006,  0.   , -0.008,  0.004,
         0.002, -0.006,  0.005,  0.009,  0.002, -0.01 , -0.01 ,  0.003,
         0.01 , -0.007,  0.003, -0.002, -0.009,  0.003, -0.002,  0.008,
         0.007,  0.006, -0.01 ,  0.006,  0.003, -0.007, -0.001,  0.004,
         0.003, -0.002,  0.   , -0.001, -0.004, -0.008,  0.008, -0.009,
        -0.003],
       [-0.008, -0.006, -0.01 , -0.005,  0.007, -0.004, -0.006, -0.006,
        -0.006, -0.01 ,  0.009,  0.005, -0.01 , -0.001,  0.001, -0.002,
         0.002,  0.009, -0.007, -0.002,  0.005,  0.   ,  0.007, -0.007,
         0.001, -0.001, -0.001, -0.001,  0.009, -0.004,  0.003,  0.006,
        -0.006, -0.007,  0.009,  0.009,  0.01 , -0.005,  0.008, -0.007,
         0.008,  0.01 , -0.002, -0.008, -0.008, -0.007,  0.005, -0.009,
        -0.007],
       [-0.001,  0.008, -0.007, -0.008,  0.009, -0.008,  0.   , -0.004,
         0.007,  0.009,  0.   , -0.002,  0.001,  0.002, -0.009, -0.003,
         0.002,  0.006,  0.005,  0.   , -0.008, -0.001,  0.007,  0.008,
        -0.007,  0.003, -0.004,  0.006, -0.001,  0.009, -0.003, -0.003,
         0.002, -0.01 ,  0.001, -0.005, -0.009,  0.   , -0.002, -0.007,
         0.008, -0.003, -0.009,  0.002,  0.   , -0.005,  0.007,  0.001,
         0.   ],
       [ 0.003, -0.006,  0.001,  0.007,  0.005,  0.005, -0.004, -0.003,
         0.   , -0.005,  0.001, -0.004,  0.009,  0.004, -0.009,  0.009,
         0.001,  0.004,  0.003, -0.003,  0.009,  0.005,  0.003,  0.003,
         0.   , -0.001,  0.001,  0.002,  0.   ,  0.   , -0.003, -0.006,
         0.007, -0.006,  0.009,  0.009, -0.008, -0.001,  0.009,  0.002,
         0.   ,  0.008,  0.007, -0.01 , -0.003,  0.005,  0.005, -0.006,
        -0.005]]), 'deltas': array([[0.],
       [0.],
       [0.],
       [0.],
       [0.],
       [0.],
       [0.],
       [0.],
       [0.]]), 'outputs': array([[0.],
       [0.],
       [0.],
       [0.],
       [0.],
       [0.],
       [0.],
       [0.],
       [0.]]), 'errors': array([[0.],
       [0.],
       [0.],
       [0.],
       [0.],
       [0.],
       [0.],
       [0.],
       [0.]])}, {'weights': array([[ 0.008,  0.006, -0.005, -0.008,  0.005, -0.006,  0.005, -0.01 ,
        -0.007],
       [-0.003, -0.002, -0.007, -0.001,  0.005, -0.004, -0.002,  0.01 ,
         0.   ]]), 'deltas': array([[0.],
       [0.],
       [0.]]), 'outputs': array([[0.],
       [0.],
       [0.]]), 'errors': array([[0.],
       [0.],
       [0.]])}]
Training complete!
Training done. epoch: 1 , total error: 0.0007887123094738732
[{'weights': array([[-1.26988405e-02,  1.06319687e-01, -8.36999872e-02,
        -3.29699796e-01,  3.77068247e-01, -5.24475916e-02,
        -5.99626762e-01,  6.62980090e-01, -5.64324690e-02,
         1.41373935e+00, -1.30562212e+00, -1.11196371e-01,
         3.09079100e-01, -3.61066874e-01,  4.69086331e-02,
         2.29399874e-02,  1.22530310e-02, -1.92721594e-02,
         2.88687610e-02, -1.90674301e-02, -1.88047198e-03,
         1.42187782e-01,  7.55592287e-02, -1.97826152e-01,
        -2.52789835e-01,  2.98050091e-01, -5.33393973e-02,
         3.47392833e-01, -2.63547983e-01, -8.09239903e-02,
        -8.25247816e-01,  9.18277554e-01, -9.81088793e-02,
         4.12357350e-01, -3.18440982e-01, -8.39955094e-02,
        -5.24442760e-02,  1.33178287e-01, -7.48131522e-02,
         1.98132367e-01, -1.32187122e-01, -7.40243864e-02,
        -9.02312916e-02,  2.21427410e-01, -1.37275259e-01,
         3.48070202e-02, -1.76735132e-01,  1.30848971e-01,
        -1.00791410e-02],
       [-1.58784133e-02,  1.08248379e-01, -7.90408111e-02,
        -3.21365113e-01,  3.81161057e-01, -5.84667889e-02,
        -6.05443292e-01,  6.69624862e-01, -4.48524153e-02,
         1.41727343e+00, -1.30341791e+00, -1.07526367e-01,
         3.09930033e-01, -3.43807788e-01,  4.62069095e-02,
         1.65676887e-02,  8.81119957e-03, -3.40497338e-02,
         1.75976775e-02, -3.61119261e-02, -3.15659688e-03,
         1.33030657e-01,  6.47760426e-02, -2.00477545e-01,
        -2.66965903e-01,  3.00382971e-01, -4.50879142e-02,
         3.51443848e-01, -2.56178192e-01, -7.69365012e-02,
        -8.31811124e-01,  9.24244391e-01, -1.03104113e-01,
         4.10962695e-01, -3.16748200e-01, -8.58853411e-02,
        -5.63371926e-02,  1.45317062e-01, -7.26507144e-02,
         2.02975202e-01, -1.35815721e-01, -6.88303270e-02,
        -9.00197864e-02,  2.19564396e-01, -1.26215455e-01,
         3.52095938e-02, -1.80826082e-01,  1.39945642e-01,
         1.23291545e-02],
       [-1.75858251e-02,  9.69976935e-02, -8.84159859e-02,
        -3.15602404e-01,  3.74466823e-01, -5.28685369e-02,
        -6.14759642e-01,  6.56351211e-01, -5.25956857e-02,
         1.41623370e+00, -1.31786379e+00, -1.09374024e-01,
         2.99986833e-01, -3.45736722e-01,  5.77457714e-02,
         2.80816874e-02,  2.03950539e-02, -1.74808588e-02,
         3.98694871e-02, -2.68868980e-02, -2.98670664e-03,
         1.45354171e-01,  7.95334270e-02, -2.13891716e-01,
        -2.61178116e-01,  3.01822204e-01, -4.76482052e-02,
         3.56204094e-01, -2.71022177e-01, -8.11860346e-02,
        -8.21933304e-01,  9.30452172e-01, -1.00522985e-01,
         4.12633063e-01, -3.14772254e-01, -9.08649265e-02,
        -5.96434098e-02,  1.30100952e-01, -6.84616593e-02,
         2.06408866e-01, -1.35193777e-01, -6.62192059e-02,
        -7.86744960e-02,  2.23219055e-01, -1.31548676e-01,
         4.50189074e-02, -1.72308867e-01,  1.33285842e-01,
        -4.11749588e-06],
       [-1.91768821e-02,  1.02862411e-01, -9.20740965e-02,
        -3.15537768e-01,  3.80992657e-01, -5.98434572e-02,
        -6.13107900e-01,  6.73102435e-01, -4.83831027e-02,
         1.43263821e+00, -1.31738273e+00, -9.96440542e-02,
         2.94250187e-01, -3.39206199e-01,  4.45674446e-02,
         2.21034250e-02,  1.02953303e-02, -3.27873233e-02,
         2.35746887e-02, -2.76271660e-02,  6.66390933e-03,
         1.43285161e-01,  6.90638270e-02, -2.00737556e-01,
        -2.63324369e-01,  2.96474409e-01, -3.95386071e-02,
         3.57768033e-01, -2.63563389e-01, -8.95932125e-02,
        -8.37515720e-01,  9.37775690e-01, -9.36485384e-02,
         4.02747808e-01, -3.13741166e-01, -1.00395210e-01,
        -5.22581904e-02,  1.31162450e-01, -7.62928278e-02,
         1.98821294e-01, -1.20285646e-01, -6.89242159e-02,
        -7.72622290e-02,  2.24494667e-01, -1.30621006e-01,
         5.07965854e-02, -1.78666243e-01,  1.24481090e-01,
         3.61143204e-03],
       [-1.49477176e-02,  1.04215715e-01, -7.54203576e-02,
        -3.27281930e-01,  3.89231445e-01, -5.61018762e-02,
        -6.14720485e-01,  6.66318771e-01, -3.87506473e-02,
         1.41594864e+00, -1.30543338e+00, -9.86676205e-02,
         3.07573573e-01, -3.37083306e-01,  5.03573721e-02,
         2.05131355e-02,  1.22923098e-02, -2.09578058e-02,
         2.87143152e-02, -3.31685003e-02,  1.30182458e-03,
         1.41020536e-01,  7.15457691e-02, -2.15718666e-01,
        -2.62781321e-01,  3.00110714e-01, -5.34817537e-02,
         3.55714538e-01, -2.57366290e-01, -9.15006089e-02,
        -8.29833232e-01,  9.31743631e-01, -9.20627602e-02,
         4.07568620e-01, -3.23489988e-01, -9.32309926e-02,
        -5.01843241e-02,  1.32189615e-01, -7.11576514e-02,
         2.00115310e-01, -1.38714870e-01, -7.15528001e-02,
        -8.70993581e-02,  2.20165916e-01, -1.35218918e-01,
         4.99857150e-02, -1.84337611e-01,  1.30199535e-01,
         1.28476395e-02],
       [-2.31399383e-02,  9.75831346e-02, -7.91623289e-02,
        -3.13483174e-01,  3.74973176e-01, -5.92091343e-02,
        -6.00725392e-01,  6.54509155e-01, -5.05028949e-02,
         1.41340679e+00, -1.31059620e+00, -9.85297232e-02,
         3.00491739e-01, -3.51815593e-01,  4.06047213e-02,
         2.28184022e-02,  1.21001250e-02, -3.16376598e-02,
         3.17162032e-02, -1.65275362e-02,  4.09220045e-03,
         1.30007405e-01,  6.00010617e-02, -2.03727599e-01,
        -2.48480257e-01,  3.01036992e-01, -4.32758671e-02,
         3.46663960e-01, -2.71668834e-01, -7.97142586e-02,
        -8.27442637e-01,  9.31020617e-01, -8.72971124e-02,
         4.15319429e-01, -3.24608618e-01, -8.54299435e-02,
        -5.25038948e-02,  1.31398591e-01, -8.06138288e-02,
         2.12898391e-01, -1.29681976e-01, -7.49355475e-02,
        -8.82852534e-02,  2.23492047e-01, -1.36925927e-01,
         3.55887086e-02, -1.68642067e-01,  1.27334225e-01,
         2.80867415e-04],
       [-2.29820913e-02,  9.60022909e-02, -9.23176634e-02,
        -3.26803379e-01,  3.87090195e-01, -5.75842800e-02,
        -6.16570525e-01,  6.57996200e-01, -5.47231395e-02,
         1.41251053e+00, -1.30118990e+00, -1.02618098e-01,
         2.97214201e-01, -3.52341747e-01,  4.98300821e-02,
         1.96724546e-02,  1.04616435e-02, -1.64315619e-02,
         2.12875730e-02, -2.86684080e-02,  8.08337113e-03,
         1.39902944e-01,  7.63718439e-02, -2.11572251e-01,
        -2.55852040e-01,  3.06802488e-01, -4.72479121e-02,
         3.52278126e-01, -2.57368177e-01, -8.62074128e-02,
        -8.25520377e-01,  9.32010734e-01, -9.87878214e-02,
         4.05280610e-01, -3.09452162e-01, -8.01259113e-02,
        -4.41472641e-02,  1.32699816e-01, -7.08500155e-02,
         2.04605450e-01, -1.26542807e-01, -6.23601062e-02,
        -9.06698860e-02,  2.17756730e-01, -1.40384308e-01,
         3.79385702e-02, -1.73979198e-01,  1.29743164e-01,
        -2.29746381e-03],
       [-1.55663738e-02,  1.07587452e-01, -8.85217212e-02,
        -3.25815757e-01,  3.85197890e-01, -6.28827762e-02,
        -6.13732279e-01,  6.60480197e-01, -4.02485606e-02,
         1.43125397e+00, -1.31107077e+00, -1.09683848e-01,
         3.06378877e-01, -3.47635724e-01,  3.87562041e-02,
         1.70164041e-02,  1.19645581e-02, -2.04816050e-02,
         3.55417600e-02, -2.86981939e-02, -6.34420882e-03,
         1.41938403e-01,  7.52362659e-02, -1.99675312e-01,
        -2.63758200e-01,  3.10601358e-01, -5.13438007e-02,
         3.56489211e-01, -2.64882197e-01, -7.41076571e-02,
        -8.33274851e-01,  9.25449488e-01, -9.26752795e-02,
         4.00024520e-01, -3.14742841e-01, -9.57823217e-02,
        -6.31318567e-02,  1.36205904e-01, -8.05746904e-02,
         2.00526891e-01, -1.22929005e-01, -7.60985285e-02,
        -9.38185201e-02,  2.25596698e-01, -1.35278820e-01,
         4.05153591e-02, -1.70560520e-01,  1.36544518e-01,
         3.49935722e-03],
       [ 3.00000000e-03, -6.00000000e-03,  1.00000000e-03,
         7.00000000e-03,  5.00000000e-03,  5.00000000e-03,
        -4.00000000e-03, -3.00000000e-03,  0.00000000e+00,
        -5.00000000e-03,  1.00000000e-03, -4.00000000e-03,
         9.00000000e-03,  4.00000000e-03, -9.00000000e-03,
         9.00000000e-03,  1.00000000e-03,  4.00000000e-03,
         3.00000000e-03, -3.00000000e-03,  9.00000000e-03,
         5.00000000e-03,  3.00000000e-03,  3.00000000e-03,
         0.00000000e+00, -1.00000000e-03,  1.00000000e-03,
         2.00000000e-03,  0.00000000e+00,  0.00000000e+00,
        -3.00000000e-03, -6.00000000e-03,  7.00000000e-03,
        -6.00000000e-03,  9.00000000e-03,  9.00000000e-03,
        -8.00000000e-03, -1.00000000e-03,  9.00000000e-03,
         2.00000000e-03,  0.00000000e+00,  8.00000000e-03,
         7.00000000e-03, -1.00000000e-02, -3.00000000e-03,
         5.00000000e-03,  5.00000000e-03, -6.00000000e-03,
        -5.00000000e-03]]), 'deltas': array([[0.0001369 ],
       [0.00013513],
       [0.00013388],
       [0.00013305],
       [0.00013446],
       [0.00013419],
       [0.00013616],
       [0.00013443],
       [0.        ]]), 'outputs': array([[0.97508626],
       [0.97541641],
       [0.97564901],
       [0.97580514],
       [0.97554168],
       [0.97559286],
       [0.97522463],
       [0.9755475 ],
       [1.        ]]), 'errors': 0.005635326805470028}, {'weights': array([[-0.65869602, -0.66240702, -0.67713256, -0.68822241, -0.67141389,
        -0.67159232, -0.65688004, -0.68633921,  1.69382357],
       [ 0.66493542,  0.66763672,  0.66634167,  0.68044946,  0.68264003,
         0.66279949,  0.66108268,  0.68756864, -1.69413612]]), 'deltas': array([[-0.00076688],
       [ 0.00076624]]), 'outputs': array([[0.02808994],
       [0.97192189]]), 'errors': array([[-0.02808994],
       [ 0.02807811]])}]
Accuracy: 95.40229885057471 %

train_data group 3 length:  348
   0   1   2   3   4   5   6   7   8  ...  40  41  42  43  44  45  46  47  48
0   1   0   0   1   0   0   1   0   0 ...   1   0   1   0   0   0   1   0   0
1   1   0   0   0   1   0   1   0   0 ...   1   0   1   0   0   0   1   0   0
2   1   0   0   0   1   0   1   0   0 ...   1   0   1   0   0   0   1   0   0
3   1   0   0   0   1   0   1   0   0 ...   1   0   1   0   0   1   0   0   0
4   0   1   0   1   0   0   1   0   0 ...   1   0   1   0   0   0   1   0   0

[5 rows x 49 columns]
Initial Neural Network:
[{'weights': array([[-0.002, -0.006, -0.01 ,  0.001,  0.005,  0.003, -0.006, -0.002,
        -0.005,  0.006,  0.01 ,  0.008,  0.005,  0.008,  0.006,  0.01 ,
         0.009, -0.003,  0.002,  0.01 ,  0.01 ,  0.008, -0.007,  0.009,
        -0.001, -0.004,  0.005,  0.001,  0.01 , -0.009, -0.005, -0.002,
         0.01 , -0.003, -0.004,  0.002,  0.01 , -0.01 ,  0.005,  0.008,
         0.003, -0.008,  0.   , -0.003, -0.004, -0.009,  0.005,  0.01 ,
        -0.01 ],
       [ 0.003,  0.01 , -0.005,  0.007, -0.001,  0.004, -0.009, -0.006,
        -0.008,  0.005,  0.01 ,  0.004,  0.002,  0.007, -0.002, -0.005,
        -0.006, -0.005,  0.008,  0.003, -0.003, -0.001, -0.01 ,  0.005,
        -0.005, -0.003, -0.009,  0.01 , -0.002, -0.01 , -0.005, -0.01 ,
        -0.007,  0.008,  0.009, -0.009, -0.007, -0.007,  0.007, -0.002,
         0.005, -0.002, -0.006, -0.008,  0.   ,  0.003,  0.002, -0.001,
        -0.004],
       [ 0.009, -0.006,  0.   , -0.003, -0.002,  0.007, -0.009,  0.005,
        -0.001,  0.004, -0.004,  0.004,  0.002, -0.008,  0.009,  0.005,
        -0.009, -0.005,  0.01 , -0.004, -0.006,  0.001, -0.007, -0.002,
        -0.009,  0.007, -0.003,  0.01 , -0.01 , -0.009, -0.008,  0.005,
         0.004, -0.01 , -0.009, -0.007,  0.007,  0.007, -0.005, -0.004,
         0.007, -0.002, -0.006,  0.006,  0.006, -0.01 ,  0.009, -0.007,
        -0.008],
       [-0.004, -0.005,  0.001,  0.01 , -0.007,  0.   ,  0.006,  0.01 ,
         0.004, -0.001, -0.003,  0.007, -0.003, -0.008, -0.009,  0.001,
         0.005,  0.003, -0.001,  0.007,  0.002, -0.01 ,  0.007, -0.004,
        -0.01 , -0.007,  0.004, -0.01 , -0.006, -0.002, -0.001,  0.001,
         0.007,  0.005,  0.   ,  0.007, -0.001, -0.003,  0.   ,  0.01 ,
         0.009,  0.001,  0.005, -0.009,  0.007, -0.006,  0.   , -0.004,
        -0.002],
       [-0.006, -0.003, -0.01 ,  0.003,  0.007, -0.002,  0.009, -0.006,
        -0.005,  0.003, -0.009,  0.005, -0.01 ,  0.004,  0.   ,  0.001,
         0.007,  0.001,  0.01 , -0.001, -0.004, -0.01 ,  0.008,  0.009,
         0.006,  0.002, -0.01 , -0.008,  0.008, -0.002, -0.005,  0.008,
        -0.008,  0.009,  0.006,  0.005, -0.009,  0.003, -0.007, -0.006,
        -0.004,  0.005,  0.002, -0.008, -0.006, -0.008,  0.002,  0.005,
        -0.008],
       [-0.004, -0.004, -0.008,  0.003, -0.009,  0.01 ,  0.005,  0.003,
         0.003, -0.002, -0.001,  0.004, -0.001, -0.007,  0.002, -0.001,
         0.009,  0.001,  0.01 , -0.002, -0.006,  0.003,  0.008,  0.002,
         0.005, -0.006, -0.005,  0.006,  0.01 ,  0.005,  0.002,  0.002,
         0.003, -0.003,  0.004, -0.003,  0.006, -0.008, -0.001,  0.009,
         0.006, -0.01 ,  0.007,  0.01 ,  0.01 ,  0.006, -0.002,  0.009,
         0.   ],
       [ 0.006,  0.008, -0.008, -0.007,  0.002,  0.01 ,  0.003, -0.007,
         0.004,  0.007,  0.004, -0.01 , -0.006,  0.002, -0.005,  0.01 ,
         0.004, -0.005,  0.001, -0.009, -0.003, -0.002, -0.001,  0.009,
         0.001,  0.004, -0.01 , -0.007, -0.002,  0.01 ,  0.002,  0.008,
         0.008, -0.006,  0.006, -0.005,  0.002,  0.   ,  0.007,  0.   ,
        -0.01 ,  0.   , -0.007, -0.005,  0.   ,  0.001,  0.007,  0.01 ,
         0.   ],
       [ 0.009, -0.002,  0.01 ,  0.009,  0.004,  0.006, -0.008, -0.01 ,
        -0.003,  0.003, -0.007, -0.01 ,  0.005,  0.007,  0.003, -0.003,
         0.002,  0.004,  0.008,  0.009,  0.   ,  0.01 , -0.002,  0.002,
        -0.001, -0.006, -0.006,  0.01 , -0.008, -0.002, -0.001, -0.002,
        -0.007,  0.004, -0.006,  0.008, -0.008, -0.001, -0.004, -0.008,
        -0.005,  0.01 , -0.003,  0.005,  0.01 , -0.005,  0.009,  0.   ,
         0.005],
       [ 0.01 , -0.009, -0.004, -0.001, -0.009, -0.001,  0.   , -0.003,
         0.002, -0.001, -0.008, -0.002, -0.006,  0.005,  0.005, -0.001,
         0.001,  0.009,  0.008, -0.009, -0.002, -0.009,  0.003,  0.003,
        -0.01 , -0.001,  0.   ,  0.006,  0.006, -0.003,  0.004,  0.006,
         0.005, -0.004, -0.003,  0.003,  0.   , -0.01 ,  0.005, -0.005,
        -0.006, -0.003,  0.01 , -0.006,  0.002,  0.009, -0.001, -0.001,
        -0.009]]), 'deltas': array([[0.],
       [0.],
       [0.],
       [0.],
       [0.],
       [0.],
       [0.],
       [0.],
       [0.]]), 'outputs': array([[0.],
       [0.],
       [0.],
       [0.],
       [0.],
       [0.],
       [0.],
       [0.],
       [0.]]), 'errors': array([[0.],
       [0.],
       [0.],
       [0.],
       [0.],
       [0.],
       [0.],
       [0.],
       [0.]])}, {'weights': array([[ 0.009,  0.001, -0.007,  0.008, -0.001,  0.005,  0.006,  0.   ,
        -0.006],
       [-0.005, -0.006,  0.007,  0.001, -0.002,  0.009,  0.005,  0.006,
        -0.003]]), 'deltas': array([[0.],
       [0.],
       [0.]]), 'outputs': array([[0.],
       [0.],
       [0.]]), 'errors': array([[0.],
       [0.],
       [0.]])}]
Training complete!
Training done. epoch: 3 , total error: 0.0002609120658646549
[{'weights': array([[-8.18850576e-02, -1.55213672e-01,  2.84133155e-03,
         4.71717195e-02, -2.80134530e-01,  2.57054129e-02,
         1.03533716e+00, -9.88591121e-01, -2.76003439e-01,
        -2.05366746e+00,  2.16799947e+00, -3.06589408e-01,
        -5.87357291e-01,  4.76234918e-01, -8.61350245e-02,
         5.14573741e-02, -2.25921227e-01, -2.57935448e-02,
        -3.81547642e-01,  2.40066382e-01, -5.27761382e-02,
        -1.19609505e-01, -3.07797131e-01,  2.21149238e-01,
         3.94966311e-01, -3.85711727e-01, -2.25511982e-01,
        -5.18972018e-01,  3.13453297e-01, -8.73867608e-03,
         9.58874945e-01, -1.05920856e+00, -1.12923780e-01,
        -7.06580230e-01,  1.13003150e-01,  3.72319682e-01,
         1.72471647e-02, -1.95705943e-01, -3.27986192e-02,
        -4.08415863e-01,  1.22433757e-01,  7.27247080e-02,
         8.67853066e-02, -3.61907868e-01,  5.18651639e-02,
        -1.76457087e-01,  5.19635691e-01, -5.53436002e-01,
        -2.26257398e-01],
       [-7.39411337e-02, -1.38925791e-01,  8.66418728e-03,
         5.17539717e-02, -2.81992629e-01,  2.80359205e-02,
         1.03190143e+00, -9.88596851e-01, -2.78507319e-01,
        -2.05223683e+00,  2.16910066e+00, -3.10066567e-01,
        -5.85511558e-01,  4.74128558e-01, -9.38197372e-02,
         3.87091422e-02, -2.39252746e-01, -2.76591331e-02,
        -3.75307397e-01,  2.36417719e-01, -6.53130599e-02,
        -1.30675968e-01, -3.06665194e-01,  2.19138425e-01,
         3.91904865e-01, -3.82510656e-01, -2.38596946e-01,
        -5.12687509e-01,  3.07989973e-01, -9.50520066e-03,
         9.57654987e-01, -1.06378186e+00, -1.28075862e-01,
        -6.93196795e-01,  1.26694187e-01,  3.62299871e-01,
         4.69428477e-03, -1.92671865e-01, -3.12251569e-02,
        -4.14679570e-01,  1.24070599e-01,  7.94062339e-02,
         8.42164119e-02, -3.65633979e-01,  5.52148303e-02,
        -1.65699430e-01,  5.17276885e-01, -5.59780192e-01,
        -2.16202737e-01],
       [-6.92369155e-02, -1.53046233e-01,  1.28738575e-02,
         4.40007952e-02, -2.84735081e-01,  3.03249948e-02,
         1.03474596e+00, -9.79584442e-01, -2.72570812e-01,
        -2.05500226e+00,  2.15812418e+00, -3.11531217e-01,
        -5.88215860e-01,  4.62405615e-01, -8.35990459e-02,
         4.52521039e-02, -2.38664323e-01, -2.79970723e-02,
        -3.72823765e-01,  2.28053339e-01, -6.76388649e-02,
        -1.25769617e-01, -3.06590588e-01,  2.11950914e-01,
         3.90398313e-01, -3.76134233e-01, -2.31673370e-01,
        -5.12532619e-01,  2.99752819e-01, -8.62949158e-03,
         9.62209867e-01, -1.05477720e+00, -1.18841954e-01,
        -7.12925947e-01,  1.10275912e-01,  3.64240744e-01,
         1.79275004e-02, -1.78020512e-01, -4.33162796e-02,
        -4.18054900e-01,  1.26293571e-01,  8.03520381e-02,
         8.80436415e-02, -3.55728171e-01,  6.12752388e-02,
        -1.77829289e-01,  5.19035157e-01, -5.61615158e-01,
        -2.20409291e-01],
       [-8.17919225e-02, -1.51219566e-01,  1.28733466e-02,
         5.28997089e-02, -2.85507920e-01,  2.34700701e-02,
         1.05270261e+00, -9.77922586e-01, -2.66918168e-01,
        -2.05893707e+00,  2.15836625e+00, -3.08567318e-01,
        -5.96340155e-01,  4.64807774e-01, -1.00605761e-01,
         4.28663450e-02, -2.26269523e-01, -1.97349635e-02,
        -3.79630865e-01,  2.36407185e-01, -6.09144619e-02,
        -1.33077287e-01, -2.96545906e-01,  2.10485051e-01,
         3.92584123e-01, -3.90990911e-01, -2.26731354e-01,
        -5.27855476e-01,  2.99792359e-01, -2.07502479e-03,
         9.62337529e-01, -1.05173486e+00, -1.15740806e-01,
        -6.99331424e-01,  1.21333759e-01,  3.77859524e-01,
         7.38986743e-03, -1.84967699e-01, -3.85603095e-02,
        -4.02980269e-01,  1.27870914e-01,  8.29712137e-02,
         9.71422752e-02, -3.68256560e-01,  6.19761438e-02,
        -1.72714695e-01,  5.14246749e-01, -5.63670195e-01,
        -2.14138141e-01],
       [-8.47557787e-02, -1.49663567e-01,  4.20349349e-03,
         5.16884044e-02, -2.78285448e-01,  2.33811918e-02,
         1.05343246e+00, -9.91287669e-01, -2.75360641e-01,
        -2.05040660e+00,  2.14818767e+00, -3.09996920e-01,
        -5.98490323e-01,  4.73953806e-01, -9.26793359e-02,
         4.42070677e-02, -2.24841765e-01, -2.15811544e-02,
        -3.73510823e-01,  2.33594211e-01, -6.62992402e-02,
        -1.35305859e-01, -2.92961896e-01,  2.24051903e-01,
         4.05137844e-01, -3.79099715e-01, -2.39253981e-01,
        -5.22898416e-01,  3.11154785e-01, -1.47222174e-03,
         9.60804669e-01, -1.04829332e+00, -1.28727202e-01,
        -6.92834694e-01,  1.25172493e-01,  3.76446348e-01,
         5.54497168e-03, -1.83821757e-01, -4.59390664e-02,
        -4.16113678e-01,  1.13849862e-01,  8.60479634e-02,
         9.33865382e-02, -3.68324526e-01,  5.17221358e-02,
        -1.71284909e-01,  5.16531696e-01, -5.57462639e-01,
        -2.19215852e-01],
       [-8.49996742e-02, -1.52588164e-01,  4.54921306e-03,
         4.68046529e-02, -2.89766390e-01,  2.99231124e-02,
         1.04485133e+00, -9.82355883e-01, -2.68534075e-01,
        -2.06138895e+00,  2.15627808e+00, -3.10927756e-01,
        -5.94128029e-01,  4.61579833e-01, -9.04904286e-02,
         4.09107063e-02, -2.27097855e-01, -2.18514757e-02,
        -3.74741438e-01,  2.27771415e-01, -6.80686016e-02,
        -1.26116875e-01, -2.94451874e-01,  2.16530124e-01,
         4.00155781e-01, -3.88358005e-01, -2.34836401e-01,
        -5.14532072e-01,  3.13245646e-01,  5.24780086e-03,
         9.62552084e-01, -1.05308823e+00, -1.19502480e-01,
        -7.06985444e-01,  1.20065273e-01,  3.67881547e-01,
         1.28178057e-02, -1.93312532e-01, -3.95438987e-02,
        -4.06369114e-01,  1.22603596e-01,  7.17268937e-02,
         9.49008651e-02, -3.51664150e-01,  6.67246604e-02,
        -1.63064134e-01,  5.13162564e-01, -5.54137055e-01,
        -2.17038625e-01],
       [-7.32447672e-02, -1.40626135e-01,  6.04317322e-03,
         4.08336665e-02, -2.81979363e-01,  3.23179677e-02,
         1.04151918e+00, -9.88536306e-01, -2.66810606e-01,
        -2.04937540e+00,  2.15938246e+00, -3.22834785e-01,
        -5.96085812e-01,  4.70083908e-01, -9.68258253e-02,
         5.00114577e-02, -2.27076437e-01, -2.77627498e-02,
        -3.82290505e-01,  2.23081745e-01, -6.56189696e-02,
        -1.30303715e-01, -2.99965163e-01,  2.22441149e-01,
         3.98075282e-01, -3.77705929e-01, -2.39197082e-01,
        -5.27092343e-01,  3.04263025e-01,  1.00015891e-02,
         9.66561220e-01, -1.04919668e+00, -1.13192270e-01,
        -7.06019740e-01,  1.22428411e-01,  3.64763600e-01,
         1.19345593e-02, -1.84614795e-01, -3.21474939e-02,
        -4.13703804e-01,  1.09614390e-01,  8.02616848e-02,
         8.47396286e-02, -3.67026834e-01,  5.64594758e-02,
        -1.65090664e-01,  5.21283458e-01, -5.52020523e-01,
        -2.13827729e-01],
       [-7.00221646e-02, -1.51649196e-01,  2.35759830e-02,
         5.41994553e-02, -2.79899328e-01,  2.96044947e-02,
         1.03365128e+00, -9.94784335e-01, -2.74962320e-01,
        -2.05225922e+00,  2.14714004e+00, -3.23976200e-01,
        -5.86956535e-01,  4.76169215e-01, -8.93080578e-02,
         3.58056423e-02, -2.28854613e-01, -1.90464075e-02,
        -3.77093651e-01,  2.41783300e-01, -6.27850268e-02,
        -1.17646849e-01, -3.02404172e-01,  2.14955643e-01,
         3.97562672e-01, -3.89354615e-01, -2.36303434e-01,
        -5.14391295e-01,  3.01010774e-01, -1.71485661e-03,
         9.60450578e-01, -1.05686525e+00, -1.28680709e-01,
        -6.99715982e-01,  1.11304616e-01,  3.79315988e-01,
         2.08178222e-03, -1.88211298e-01, -4.19658622e-02,
        -4.20522544e-01,  1.12418953e-01,  9.00082132e-02,
         8.82476515e-02, -3.57385626e-01,  6.60425967e-02,
        -1.73258832e-01,  5.20464672e-01, -5.58301217e-01,
        -2.10095378e-01],
       [ 1.00000000e-02, -9.00000000e-03, -4.00000000e-03,
        -1.00000000e-03, -9.00000000e-03, -1.00000000e-03,
         0.00000000e+00, -3.00000000e-03,  2.00000000e-03,
        -1.00000000e-03, -8.00000000e-03, -2.00000000e-03,
        -6.00000000e-03,  5.00000000e-03,  5.00000000e-03,
        -1.00000000e-03,  1.00000000e-03,  9.00000000e-03,
         8.00000000e-03, -9.00000000e-03, -2.00000000e-03,
        -9.00000000e-03,  3.00000000e-03,  3.00000000e-03,
        -1.00000000e-02, -1.00000000e-03,  0.00000000e+00,
         6.00000000e-03,  6.00000000e-03, -3.00000000e-03,
         4.00000000e-03,  6.00000000e-03,  5.00000000e-03,
        -4.00000000e-03, -3.00000000e-03,  3.00000000e-03,
         0.00000000e+00, -1.00000000e-02,  5.00000000e-03,
        -5.00000000e-03, -6.00000000e-03, -3.00000000e-03,
         1.00000000e-02, -6.00000000e-03,  2.00000000e-03,
         9.00000000e-03, -1.00000000e-03, -1.00000000e-03,
        -9.00000000e-03]]), 'deltas': array([[1.14169643e-05],
       [1.15523341e-05],
       [1.17796074e-05],
       [1.14322892e-05],
       [1.13798292e-05],
       [1.14045355e-05],
       [1.15755641e-05],
       [1.16098157e-05],
       [0.00000000e+00]]), 'outputs': array([[0.99461011],
       [0.99454585],
       [0.99443794],
       [0.99460283],
       [0.99462773],
       [0.99461601],
       [0.99453482],
       [0.99451856],
       [1.        ]]), 'errors': 0.0021296955509354175}, {'weights': array([[ 0.90468414,  0.90226748,  0.86167643,  0.89165461,  0.89380919,
         0.90280916,  0.90253088,  0.89180644, -3.00162255],
       [-0.90510566, -0.9116949 , -0.86602316, -0.88702299, -0.901232  ,
        -0.89325282, -0.89595688, -0.89022939,  3.00131946]]), 'deltas': array([[ 0.00025659],
       [-0.0002568 ]]), 'outputs': array([[0.98385053],
       [0.01615607]]), 'errors': array([[ 0.01614947],
       [-0.01615607]])}]
Accuracy: 95.40229885057471 %

train_data group 4 length:  347
   0   1   2   3   4   5   6   7   8  ...  40  41  42  43  44  45  46  47  48
0   1   0   0   1   0   0   1   0   0 ...   1   0   1   0   0   0   1   0   0
1   1   0   0   0   1   0   1   0   0 ...   1   0   1   0   0   0   1   0   0
2   1   0   0   0   1   0   1   0   0 ...   1   0   1   0   0   0   1   0   0
3   1   0   0   0   1   0   1   0   0 ...   1   0   1   0   0   1   0   0   0
4   0   1   0   1   0   0   1   0   0 ...   1   0   1   0   0   0   1   0   0

[5 rows x 49 columns]
Initial Neural Network:
[{'weights': array([[ 0.01 ,  0.001, -0.009,  0.003,  0.005,  0.003, -0.001, -0.001,
        -0.007, -0.006, -0.003,  0.   , -0.007, -0.004,  0.01 ,  0.01 ,
        -0.009,  0.001,  0.004, -0.007, -0.008,  0.009,  0.005, -0.004,
        -0.006, -0.007,  0.009,  0.006,  0.01 ,  0.004,  0.01 , -0.001,
        -0.004,  0.003,  0.009,  0.   ,  0.006,  0.003,  0.006,  0.005,
         0.   , -0.008, -0.005, -0.001,  0.003, -0.004, -0.009,  0.005,
         0.006],
       [ 0.01 , -0.01 ,  0.003, -0.008, -0.005,  0.006,  0.002,  0.008,
        -0.005,  0.   ,  0.007,  0.006, -0.009, -0.004, -0.007,  0.006,
        -0.009, -0.008,  0.003, -0.004, -0.002,  0.001,  0.009,  0.001,
         0.009,  0.01 ,  0.005,  0.005,  0.007,  0.01 ,  0.01 , -0.002,
         0.01 ,  0.007,  0.006,  0.008,  0.003, -0.005,  0.007, -0.004,
        -0.004, -0.002,  0.009,  0.009, -0.01 , -0.007, -0.006,  0.007,
         0.008],
       [-0.01 ,  0.01 , -0.001, -0.003,  0.005,  0.007,  0.009,  0.003,
         0.009,  0.009, -0.007,  0.007,  0.009, -0.01 ,  0.008,  0.006,
         0.01 ,  0.009, -0.009,  0.002,  0.005,  0.004,  0.001, -0.008,
        -0.01 , -0.008,  0.01 ,  0.006,  0.002,  0.001,  0.009, -0.01 ,
         0.007,  0.006, -0.005,  0.004, -0.003,  0.   ,  0.009, -0.008,
         0.004,  0.003, -0.009, -0.007, -0.005,  0.008,  0.005, -0.004,
         0.006],
       [-0.008,  0.006,  0.004, -0.006, -0.01 , -0.007,  0.002,  0.001,
         0.004,  0.008, -0.008,  0.006,  0.005, -0.008, -0.006,  0.007,
        -0.008, -0.005,  0.01 ,  0.   ,  0.006,  0.005,  0.   ,  0.008,
         0.006,  0.007, -0.002, -0.001,  0.005,  0.007,  0.004,  0.008,
        -0.01 , -0.007, -0.007,  0.002, -0.006, -0.003, -0.008,  0.003,
         0.008, -0.003,  0.006, -0.009,  0.   ,  0.002,  0.001, -0.003,
        -0.001],
       [ 0.009,  0.001,  0.004, -0.002,  0.006,  0.007, -0.01 ,  0.003,
        -0.008,  0.008,  0.009,  0.007,  0.009, -0.001, -0.01 ,  0.005,
        -0.003, -0.009,  0.003,  0.01 , -0.005, -0.008,  0.008, -0.002,
        -0.009,  0.002, -0.005,  0.01 ,  0.009, -0.004,  0.006, -0.006,
        -0.001,  0.003,  0.001, -0.004, -0.005,  0.002,  0.003,  0.003,
        -0.008, -0.008, -0.002,  0.008,  0.006, -0.003,  0.01 ,  0.   ,
        -0.005],
       [-0.009,  0.007, -0.008, -0.01 , -0.005,  0.008,  0.001,  0.01 ,
         0.001,  0.003,  0.009, -0.01 , -0.002, -0.01 , -0.001,  0.004,
         0.008, -0.003,  0.009,  0.006,  0.003, -0.001,  0.008,  0.009,
        -0.009, -0.009, -0.006,  0.005, -0.004, -0.008,  0.001,  0.002,
        -0.001, -0.003,  0.001,  0.   , -0.003,  0.008,  0.002,  0.01 ,
         0.006, -0.005,  0.008,  0.   ,  0.   ,  0.005,  0.01 ,  0.002,
         0.001],
       [-0.009,  0.004,  0.006, -0.01 , -0.008, -0.006,  0.   , -0.005,
         0.002,  0.009, -0.007,  0.002, -0.007, -0.009,  0.004, -0.005,
        -0.002,  0.01 ,  0.007,  0.007,  0.005, -0.008, -0.003,  0.01 ,
        -0.005,  0.005, -0.006,  0.006,  0.001, -0.001,  0.   , -0.008,
         0.004,  0.001,  0.006,  0.003,  0.004, -0.009,  0.001,  0.003,
        -0.009, -0.003, -0.008, -0.009, -0.002, -0.004, -0.003, -0.008,
         0.003],
       [-0.003,  0.001,  0.009, -0.004,  0.004, -0.003,  0.008, -0.001,
         0.007, -0.002, -0.005,  0.003,  0.009,  0.007,  0.   ,  0.008,
        -0.008, -0.01 ,  0.004,  0.001,  0.001, -0.001,  0.007,  0.003,
         0.001,  0.001,  0.   , -0.001,  0.   , -0.01 ,  0.006, -0.001,
         0.008, -0.002,  0.003, -0.01 ,  0.005, -0.005,  0.007,  0.004,
        -0.006,  0.01 ,  0.005, -0.002,  0.004, -0.003,  0.002,  0.002,
         0.006],
       [-0.001, -0.009, -0.006,  0.007, -0.003, -0.009,  0.001, -0.006,
        -0.003,  0.008,  0.008, -0.008, -0.001, -0.005, -0.009,  0.007,
         0.007,  0.007, -0.007,  0.003, -0.004, -0.004,  0.003,  0.01 ,
         0.004, -0.001,  0.006,  0.008, -0.008,  0.008, -0.001, -0.01 ,
        -0.009, -0.004,  0.003, -0.001, -0.01 , -0.01 ,  0.008, -0.007,
         0.006, -0.004,  0.004,  0.007, -0.001,  0.004,  0.006,  0.01 ,
        -0.001]]), 'deltas': array([[0.],
       [0.],
       [0.],
       [0.],
       [0.],
       [0.],
       [0.],
       [0.],
       [0.]]), 'outputs': array([[0.],
       [0.],
       [0.],
       [0.],
       [0.],
       [0.],
       [0.],
       [0.],
       [0.]]), 'errors': array([[0.],
       [0.],
       [0.],
       [0.],
       [0.],
       [0.],
       [0.],
       [0.],
       [0.]])}, {'weights': array([[ 0.007,  0.002, -0.002, -0.007,  0.001,  0.009,  0.009,  0.006,
         0.002],
       [ 0.005,  0.009, -0.008, -0.006, -0.01 , -0.001, -0.003,  0.01 ,
         0.   ]]), 'deltas': array([[0.],
       [0.],
       [0.]]), 'outputs': array([[0.],
       [0.],
       [0.]]), 'errors': array([[0.],
       [0.],
       [0.]])}]
Training complete!
Training done. epoch: 4 , total error: 0.0001255369654547314
[{'weights': array([[ 3.64750158e-01, -6.91511415e-02, -4.08917261e-01,
         5.27336154e-02,  3.74255475e-01, -5.31307335e-01,
        -7.79847559e-01,  8.51093941e-01, -1.95564627e-01,
         2.46143430e+00, -2.21056976e+00, -3.75182791e-01,
        -9.53338454e-02, -4.17674025e-02,  2.07830030e-02,
        -2.96508306e-01,  3.16438677e-01, -1.33248616e-01,
         3.38858555e-01, -4.41692497e-01, -2.34843032e-02,
         5.87025365e-01, -1.85510207e-01, -5.06833403e-01,
        -6.80526643e-01,  4.75490104e-01,  8.57182943e-02,
         6.65622995e-01, -6.09450135e-01, -1.51491104e-01,
        -1.03223805e+00,  1.00319039e+00, -8.12705832e-02,
         4.14070669e-01, -6.34536025e-01,  1.17147111e-01,
         2.00526292e-01, -8.53137128e-02, -2.15530824e-01,
         1.29158275e-01, -9.82446668e-02, -1.49231853e-01,
        -4.21660198e-01,  3.21729936e-01, -1.83879827e-02,
         1.91981596e-01, -3.56458594e-01,  4.11587529e-02,
        -1.09318245e-01],
       [ 3.60327336e-01, -7.76252917e-02, -3.96342466e-01,
         4.19747695e-02,  3.63070479e-01, -5.28685670e-01,
        -7.76718139e-01,  8.57621590e-01, -1.92543873e-01,
         2.46479762e+00, -2.20022116e+00, -3.68216878e-01,
        -1.00188215e-01, -4.32852410e-02,  6.83303438e-03,
        -3.00368398e-01,  3.12401311e-01, -1.39673334e-01,
         3.39120326e-01, -4.43656732e-01, -1.51040161e-02,
         5.82973165e-01, -1.85119317e-01, -5.03494270e-01,
        -6.66186962e-01,  4.93219282e-01,  8.03272585e-02,
         6.59951094e-01, -6.11362742e-01, -1.43228774e-01,
        -1.03554400e+00,  1.00472282e+00, -6.78192489e-02,
         4.16675954e-01, -6.37061308e-01,  1.24744932e-01,
         1.96473188e-01, -9.20729083e-02, -2.16040702e-01,
         1.19887144e-01, -1.03076213e-01, -1.43451353e-01,
        -4.11307106e-01,  3.29726661e-01, -2.70599765e-02,
         1.93549728e-01, -3.54798179e-01,  3.86080292e-02,
        -1.08640422e-01],
       [ 3.48382966e-01, -6.66915480e-02, -3.98143577e-01,
         5.86378655e-02,  3.61747067e-01, -5.26837091e-01,
        -7.58030523e-01,  8.42433776e-01, -1.78855412e-01,
         2.47480902e+00, -2.21398177e+00, -3.67279412e-01,
        -8.29412165e-02, -4.49561070e-02,  1.94451648e-02,
        -2.96549620e-01,  3.31036369e-01, -1.24938908e-01,
         3.21968997e-01, -4.29176487e-01, -1.02446682e-02,
         5.83110840e-01, -1.94364145e-01, -5.07198854e-01,
        -6.82434760e-01,  4.75157116e-01,  8.38254854e-02,
         6.58483386e-01, -6.10848441e-01, -1.54087103e-01,
        -1.02066723e+00,  9.78735585e-01, -6.75205137e-02,
         4.12282413e-01, -6.45252961e-01,  1.22518389e-01,
         1.83510263e-01, -8.09832577e-02, -2.11979164e-01,
         1.17893731e-01, -9.92533453e-02, -1.35092544e-01,
        -4.31878667e-01,  3.20176407e-01, -2.47498988e-02,
         1.98772521e-01, -3.35952418e-01,  3.07277376e-02,
        -1.09452159e-01],
       [ 3.59431381e-01, -7.20677188e-02, -3.96428605e-01,
         4.57495299e-02,  3.60236685e-01, -5.40051157e-01,
        -7.76403343e-01,  8.50500807e-01, -1.78162407e-01,
         2.48169543e+00, -2.21797488e+00, -3.68785495e-01,
        -8.75160665e-02, -4.04436342e-02,  7.89475793e-03,
        -2.96175755e-01,  3.16284988e-01, -1.37174176e-01,
         3.42605529e-01, -4.30909674e-01, -6.76079685e-03,
         5.85127396e-01, -1.90688101e-01, -4.92504238e-01,
        -6.69114309e-01,  4.93157530e-01,  7.58918361e-02,
         6.58924569e-01, -6.13021205e-01, -1.45968306e-01,
        -1.03507296e+00,  1.01098055e+00, -8.49725335e-02,
         4.02517791e-01, -6.48290496e-01,  1.22707762e-01,
         1.86688117e-01, -9.00217164e-02, -2.24731343e-01,
         1.24681419e-01, -8.81655160e-02, -1.39580845e-01,
        -4.14413990e-01,  3.17726594e-01, -1.73775470e-02,
         1.96988613e-01, -3.46219205e-01,  3.81656490e-02,
        -1.12064943e-01],
       [ 3.62667663e-01, -6.66560524e-02, -3.98207047e-01,
         5.08422971e-02,  3.68683498e-01, -5.24721231e-01,
        -7.82846328e-01,  8.46688204e-01, -1.95037312e-01,
         2.46546429e+00, -2.19322311e+00, -3.64436613e-01,
        -8.49488422e-02, -3.76327342e-02,  4.38614058e-03,
        -3.01710013e-01,  3.17419927e-01, -1.38905350e-01,
         3.40996244e-01, -4.31661473e-01, -1.75302070e-02,
         5.71114856e-01, -1.88244208e-01, -5.01066084e-01,
        -6.82219005e-01,  4.79029035e-01,  7.49945343e-02,
         6.60384316e-01, -6.06068515e-01, -1.55511236e-01,
        -1.03120404e+00,  9.87543303e-01, -7.35346996e-02,
         4.09350768e-01, -6.43453621e-01,  1.17907417e-01,
         1.82833616e-01, -8.37461602e-02, -2.15282892e-01,
         1.26275778e-01, -1.05404967e-01, -1.50066247e-01,
        -4.21558921e-01,  3.28084754e-01, -1.07212688e-02,
         1.94817179e-01, -3.39169192e-01,  3.51565771e-02,
        -1.21195436e-01],
       [ 3.54270591e-01, -7.06696002e-02, -4.08806255e-01,
         4.12764504e-02,  3.63607233e-01, -5.27088948e-01,
        -7.81327235e-01,  8.60118491e-01, -1.81996520e-01,
         2.46970236e+00, -2.19894737e+00, -3.83960254e-01,
        -9.33762227e-02, -4.70993326e-02,  1.22702910e-02,
        -2.97807690e-01,  3.26733100e-01, -1.35130675e-01,
         3.45424383e-01, -4.32254699e-01, -1.03749484e-02,
         5.81056811e-01, -1.85670809e-01, -4.94591266e-01,
        -6.88857399e-01,  4.77521854e-01,  7.21302809e-02,
         6.59512571e-01, -6.20389092e-01, -1.61328743e-01,
        -1.03992104e+00,  1.00425463e+00, -7.75388579e-02,
         4.06172934e-01, -6.44530848e-01,  1.21152650e-01,
         1.92034936e-01, -8.32708033e-02, -2.16969397e-01,
         1.31799658e-01, -9.10599690e-02, -1.44944953e-01,
        -4.13455569e-01,  3.23314808e-01, -1.70645034e-02,
         2.04060787e-01, -3.43102314e-01,  4.08362635e-02,
        -1.14205264e-01],
       [ 3.55721226e-01, -7.07852980e-02, -3.92058696e-01,
         4.95638140e-02,  3.55081585e-01, -5.36768168e-01,
        -7.64908278e-01,  8.38382903e-01, -1.84597393e-01,
         2.47890160e+00, -2.21178733e+00, -3.71237036e-01,
        -9.69244227e-02, -4.17584254e-02,  1.85600793e-02,
        -3.05541788e-01,  3.21479609e-01, -1.21060590e-01,
         3.40063095e-01, -4.22523349e-01, -6.66251436e-03,
         5.75928935e-01, -1.95162547e-01, -4.89889157e-01,
        -6.73981891e-01,  4.89286582e-01,  7.05725409e-02,
         6.60556559e-01, -6.09469074e-01, -1.53210254e-01,
        -1.02868099e+00,  9.86086059e-01, -6.95278387e-02,
         4.11364970e-01, -6.33150405e-01,  1.23662666e-01,
         1.95054908e-01, -8.89523625e-02, -2.18225314e-01,
         1.28468613e-01, -1.05039920e-01, -1.40551462e-01,
        -4.26548517e-01,  3.18139073e-01, -1.87133244e-02,
         1.91830068e-01, -3.42413494e-01,  2.74606571e-02,
        -1.05122769e-01],
       [ 3.56114064e-01, -7.26973436e-02, -3.90829483e-01,
         5.25855099e-02,  3.64395550e-01, -5.34393822e-01,
        -7.63712367e-01,  8.43509752e-01, -1.80210149e-01,
         2.46404063e+00, -2.21267011e+00, -3.69783286e-01,
        -8.29922369e-02, -3.09283134e-02,  1.55077875e-02,
        -2.98037965e-01,  3.13674050e-01, -1.40048848e-01,
         3.34628607e-01, -4.32857556e-01, -1.01838133e-02,
         5.78153116e-01, -1.87175764e-01, -4.96390115e-01,
        -6.73602368e-01,  4.84018384e-01,  7.71712215e-02,
         6.51562011e-01, -6.15497979e-01, -1.61476795e-01,
        -1.02864103e+00,  9.93166113e-01, -6.59378489e-02,
         4.05932794e-01, -6.39940728e-01,  1.10595171e-01,
         1.95402112e-01, -9.06197273e-02, -2.12195147e-01,
         1.26209114e-01, -1.02437431e-01, -1.30184446e-01,
        -4.17865811e-01,  3.23131846e-01, -1.26787984e-02,
         1.92845885e-01, -3.41184826e-01,  3.49261782e-02,
        -1.08412763e-01],
       [-1.00000000e-03, -9.00000000e-03, -6.00000000e-03,
         7.00000000e-03, -3.00000000e-03, -9.00000000e-03,
         1.00000000e-03, -6.00000000e-03, -3.00000000e-03,
         8.00000000e-03,  8.00000000e-03, -8.00000000e-03,
        -1.00000000e-03, -5.00000000e-03, -9.00000000e-03,
         7.00000000e-03,  7.00000000e-03,  7.00000000e-03,
        -7.00000000e-03,  3.00000000e-03, -4.00000000e-03,
        -4.00000000e-03,  3.00000000e-03,  1.00000000e-02,
         4.00000000e-03, -1.00000000e-03,  6.00000000e-03,
         8.00000000e-03, -8.00000000e-03,  8.00000000e-03,
        -1.00000000e-03, -1.00000000e-02, -9.00000000e-03,
        -4.00000000e-03,  3.00000000e-03, -1.00000000e-03,
        -1.00000000e-02, -1.00000000e-02,  8.00000000e-03,
        -7.00000000e-03,  6.00000000e-03, -4.00000000e-03,
         4.00000000e-03,  7.00000000e-03, -1.00000000e-03,
         4.00000000e-03,  6.00000000e-03,  1.00000000e-02,
        -1.00000000e-03]]), 'deltas': array([[1.49859062e-05],
       [1.49786341e-05],
       [1.54899934e-05],
       [1.44522606e-05],
       [1.53194355e-05],
       [1.45987983e-05],
       [1.51593931e-05],
       [1.51414762e-05],
       [0.00000000e+00]]), 'outputs': array([[0.98664156],
       [0.98664813],
       [0.98618584],
       [0.98712354],
       [0.98634008],
       [0.98699124],
       [0.98648477],
       [0.98650096],
       [1.        ]]), 'errors': 0.0011370194217727738}, {'weights': array([[-0.92528093, -0.92662676, -0.94142379, -0.94718962, -0.93382069,
        -0.92517565, -0.92814566, -0.92516045,  2.87235313],
       [ 0.93467489,  0.93500738,  0.92880432,  0.93159089,  0.92218041,
         0.93055381,  0.93155912,  0.93854188, -2.87240102]]), 'deltas': array([[-0.00012414],
       [ 0.00012413]]), 'outputs': array([[0.01120456],
       [0.9887959 ]]), 'errors': array([[-0.01120456],
       [ 0.0112041 ]])}]
Accuracy: 90.9090909090909 %

Feedforward Neural Network AVG Accuracy (%): 94.49029185195987 %
