Namespace(error_threshold=0.001, max_epochs=1000, num_layers=2, num_nodes_per_hidden_layer=6, training_rate=0.5)

train_data group 0 length:  349
   0   1   2   3   4   5   6   7   8  ...  40  41  42  43  44  45  46  47  48
0   1   0   0   0   1   0   1   0   0 ...   1   0   1   0   0   0   1   0   0
1   1   0   0   0   0   1   1   0   0 ...   1   0   1   0   0   0   1   0   0
2   1   0   0   0   1   0   1   0   0 ...   1   0   1   0   0   0   1   0   0
3   1   0   0   0   1   0   1   0   0 ...   1   0   1   0   0   1   0   0   0
4   1   0   0   1   0   0   1   0   0 ...   1   0   1   0   0   1   0   0   0

[5 rows x 49 columns]
Initial Neural Network:
[{'weights': array([[ 0.006,  0.01 ,  0.01 ,  0.006, -0.007,  0.002, -0.008, -0.006,
        -0.004, -0.003, -0.006,  0.   ,  0.001, -0.002,  0.005, -0.01 ,
        -0.006, -0.005, -0.006, -0.002,  0.01 , -0.009, -0.002, -0.001,
        -0.005, -0.008,  0.008,  0.01 , -0.007,  0.004,  0.01 , -0.007,
         0.009,  0.002,  0.005, -0.009,  0.   ,  0.001,  0.007,  0.001,
         0.009, -0.001, -0.01 ,  0.006, -0.003,  0.001,  0.003, -0.007,
         0.005],
       [ 0.009, -0.003,  0.002,  0.009,  0.005,  0.008, -0.001, -0.01 ,
         0.009, -0.007,  0.007, -0.007,  0.003,  0.004,  0.005,  0.007,
         0.008,  0.01 , -0.009,  0.002, -0.009, -0.001, -0.007, -0.005,
         0.004, -0.009,  0.01 , -0.001, -0.007, -0.004, -0.006,  0.007,
        -0.009,  0.001,  0.009,  0.008, -0.002,  0.003, -0.005, -0.01 ,
        -0.002,  0.007, -0.004,  0.002, -0.002,  0.001, -0.007, -0.007,
         0.009],
       [ 0.006,  0.005, -0.001, -0.009, -0.008, -0.002,  0.   ,  0.009,
        -0.007,  0.006,  0.009,  0.003, -0.003, -0.003,  0.009,  0.002,
         0.004,  0.   ,  0.006, -0.001, -0.003, -0.007, -0.01 ,  0.003,
        -0.009,  0.01 , -0.004, -0.002, -0.006,  0.001, -0.006,  0.007,
         0.005,  0.002, -0.004, -0.01 ,  0.01 , -0.009,  0.004,  0.003,
         0.01 ,  0.009, -0.006,  0.008, -0.006, -0.001, -0.004,  0.008,
         0.006],
       [ 0.003, -0.01 ,  0.007, -0.009,  0.005,  0.002, -0.007, -0.001,
         0.005, -0.002,  0.007,  0.006,  0.009,  0.003,  0.007, -0.008,
         0.   ,  0.003,  0.008,  0.004,  0.004, -0.005,  0.004, -0.003,
         0.001, -0.01 , -0.006,  0.008,  0.008, -0.001, -0.008,  0.01 ,
        -0.01 ,  0.005, -0.003,  0.002,  0.002,  0.009,  0.004, -0.003,
        -0.007,  0.   , -0.007, -0.007, -0.005, -0.001,  0.   ,  0.01 ,
        -0.003],
       [ 0.   , -0.005, -0.003,  0.009,  0.008, -0.004,  0.009,  0.005,
         0.003,  0.002, -0.001,  0.003, -0.001, -0.002, -0.002,  0.002,
        -0.009,  0.007,  0.008, -0.01 , -0.003, -0.009, -0.003,  0.005,
        -0.008, -0.01 ,  0.002,  0.   ,  0.   ,  0.008, -0.01 ,  0.   ,
        -0.001, -0.001,  0.009, -0.006,  0.   ,  0.009,  0.007, -0.006,
         0.   , -0.007, -0.007, -0.005,  0.008, -0.001,  0.002, -0.01 ,
         0.003],
       [-0.002,  0.005,  0.008,  0.008,  0.007, -0.004, -0.008,  0.006,
         0.004, -0.009, -0.007, -0.003,  0.003,  0.004,  0.002, -0.006,
         0.009, -0.003, -0.006, -0.001,  0.008, -0.003, -0.004, -0.007,
         0.008, -0.01 , -0.003,  0.009, -0.008, -0.007,  0.006, -0.01 ,
         0.002, -0.005, -0.003,  0.01 , -0.006,  0.005, -0.005, -0.008,
        -0.007,  0.007,  0.009,  0.002, -0.01 ,  0.004,  0.005, -0.01 ,
         0.004],
       [ 0.004,  0.001,  0.002,  0.01 , -0.001, -0.001, -0.004,  0.004,
        -0.006, -0.006,  0.006, -0.007,  0.006, -0.006,  0.   ,  0.   ,
        -0.005,  0.004,  0.01 , -0.004,  0.002,  0.   ,  0.002, -0.008,
        -0.001,  0.003,  0.01 , -0.005,  0.009, -0.01 , -0.007,  0.003,
         0.003,  0.001,  0.007, -0.007,  0.01 ,  0.01 ,  0.009,  0.009,
        -0.002, -0.01 , -0.003,  0.001,  0.009,  0.004,  0.007, -0.007,
         0.005]]), 'deltas': array([[0.],
       [0.],
       [0.],
       [0.],
       [0.],
       [0.],
       [0.]]), 'outputs': array([[0.],
       [0.],
       [0.],
       [0.],
       [0.],
       [0.],
       [0.]]), 'errors': array([[0.],
       [0.],
       [0.],
       [0.],
       [0.],
       [0.],
       [0.]])}, {'weights': array([[-0.006, -0.005,  0.002,  0.008,  0.002,  0.002, -0.005],
       [-0.004, -0.009,  0.   , -0.007,  0.01 , -0.001, -0.004]]), 'deltas': array([[0.],
       [0.],
       [0.]]), 'outputs': array([[0.],
       [0.],
       [0.]]), 'errors': array([[0.],
       [0.],
       [0.]])}]
Training complete!
Training done. epoch: 2 , total error: 0.0009705938555323258
[{'weights': array([[-9.47886915e-02,  2.19834697e-01, -1.73720416e-01,
         5.64739788e-02,  1.67441303e-01, -2.97589692e-01,
        -4.98152325e-01,  6.16456737e-01, -2.10978823e-01,
         1.91792721e+00, -1.87554598e+00, -1.26055638e-01,
         2.83507209e-01, -2.20884420e-01, -1.33297200e-01,
        -1.58564416e-01,  2.18844001e-01, -1.55953996e-01,
         2.57326081e-01, -2.35845002e-01, -9.41554888e-02,
         1.45822428e-01,  1.00350346e-01, -3.32847185e-01,
        -3.11683955e-01,  1.47840289e-01,  8.41692551e-02,
         3.92105848e-01, -2.84868072e-01, -1.74912187e-01,
        -7.04033350e-01,  7.37606459e-01, -9.62475192e-02,
         5.27698936e-01, -2.86139642e-01, -3.18233705e-01,
         1.17757447e-01,  1.12214913e-02, -1.95653348e-01,
         3.48671553e-01, -2.24762826e-01, -1.89583138e-01,
        -1.49579494e-01,  1.16823368e-01, -4.89182842e-02,
        -9.38856964e-02, -6.21392821e-02,  7.83505680e-02,
        -6.96744104e-02],
       [-9.84456901e-02,  2.11495145e-01, -1.82534601e-01,
         6.02155757e-02,  1.76016156e-01, -2.91716878e-01,
        -4.97377573e-01,  6.15526675e-01, -1.97634248e-01,
         1.91356040e+00, -1.86472143e+00, -1.33324123e-01,
         2.87980238e-01, -2.20792803e-01, -1.32672581e-01,
        -1.39411649e-01,  2.27276704e-01, -1.40350201e-01,
         2.49355280e-01, -2.28839251e-01, -1.14001175e-01,
         1.46548075e-01,  9.88919658e-02, -3.35925186e-01,
        -3.06724293e-01,  1.48229176e-01,  8.60099711e-02,
         3.77677927e-01, -2.85166283e-01, -1.81996791e-01,
        -7.20415379e-01,  7.49047572e-01, -1.14117340e-01,
         5.27043467e-01, -2.85204093e-01, -3.01324520e-01,
         1.18292670e-01,  8.55468980e-03, -2.08332506e-01,
         3.37779338e-01, -2.37607623e-01, -1.82656861e-01,
        -1.43105290e-01,  1.10039133e-01, -4.84189892e-02,
        -9.60927287e-02, -7.13688860e-02,  7.69764685e-02,
        -6.84851461e-02],
       [-9.53058592e-02,  2.15100437e-01, -1.85031225e-01,
         4.35682837e-02,  1.64202569e-01, -3.02007500e-01,
        -4.95348823e-01,  6.35945066e-01, -2.13832890e-01,
         1.92070084e+00, -1.85550711e+00, -1.22430378e-01,
         2.77952665e-01, -2.20946367e-01, -1.29242945e-01,
        -1.46186142e-01,  2.26876887e-01, -1.49927392e-01,
         2.71421079e-01, -2.37364809e-01, -1.07292917e-01,
         1.47384205e-01,  9.18368561e-02, -3.28457709e-01,
        -3.15418748e-01,  1.66228219e-01,  7.09538822e-02,
         3.82402879e-01, -2.87910158e-01, -1.76729369e-01,
        -7.18930682e-01,  7.49058684e-01, -9.93646487e-02,
         5.27208325e-01, -2.96505912e-01, -3.17939060e-01,
         1.26287558e-01,  2.04872758e-03, -1.98572933e-01,
         3.46324594e-01, -2.18573361e-01, -1.80987881e-01,
        -1.48282127e-01,  1.21146423e-01, -5.21009435e-02,
        -9.74171284e-02, -6.94209657e-02,  9.46014469e-02,
        -6.92366473e-02],
       [-1.01257518e-01,  2.01189652e-01, -1.74713262e-01,
         4.66396291e-02,  1.72544194e-01, -2.95964951e-01,
        -5.03502059e-01,  6.25682040e-01, -1.99961109e-01,
         1.91259484e+00, -1.85988876e+00, -1.16487212e-01,
         2.91892912e-01, -2.17783183e-01, -1.29890857e-01,
        -1.54108794e-01,  2.20942050e-01, -1.46614384e-01,
         2.68920040e-01, -2.26242934e-01, -1.01458234e-01,
         1.45283537e-01,  1.08741861e-01, -3.32806526e-01,
        -3.06787270e-01,  1.49914634e-01,  6.70915075e-02,
         3.90372724e-01, -2.72140521e-01, -1.78013332e-01,
        -7.18814352e-01,  7.50024506e-01, -1.13991282e-01,
         5.26445097e-01, -2.91779511e-01, -3.05446714e-01,
         1.21389602e-01,  1.80309915e-02, -1.99201722e-01,
         3.42300602e-01, -2.37965654e-01, -1.89116077e-01,
        -1.47406311e-01,  1.05032207e-01, -5.14070245e-02,
        -9.80850086e-02, -6.47266634e-02,  9.70305436e-02,
        -7.77811284e-02],
       [-1.03233836e-01,  2.08004270e-01, -1.87188294e-01,
         6.34690848e-02,  1.78709525e-01, -3.03596470e-01,
        -4.85993047e-01,  6.32402107e-01, -2.03826920e-01,
         1.92532704e+00, -1.87393643e+00, -1.21808465e-01,
         2.83417463e-01, -2.22808570e-01, -1.40026753e-01,
        -1.45332383e-01,  2.14868018e-01, -1.43953495e-01,
         2.66516574e-01, -2.39075044e-01, -1.06859390e-01,
         1.41608106e-01,  1.02712295e-01, -3.25738261e-01,
        -3.13201394e-01,  1.45342942e-01,  7.74405914e-02,
         3.81135289e-01, -2.77132856e-01, -1.70420293e-01,
        -7.24108880e-01,  7.43367084e-01, -1.04676065e-01,
         5.27221940e-01, -2.86082682e-01, -3.13557118e-01,
         1.22189181e-01,  1.48001810e-02, -1.95407222e-01,
         3.39560290e-01, -2.31348482e-01, -1.95629668e-01,
        -1.49376788e-01,  1.09031271e-01, -3.80723432e-02,
        -9.75725809e-02, -6.14104082e-02,  7.55651290e-02,
        -7.14178601e-02],
       [-1.02213828e-01,  2.13464730e-01, -1.75297202e-01,
         6.01382204e-02,  1.75774537e-01, -2.99959057e-01,
        -4.98964120e-01,  6.26359018e-01, -2.00441197e-01,
         1.91091612e+00, -1.87829936e+00, -1.26663059e-01,
         2.87081002e-01, -2.19307463e-01, -1.33819838e-01,
        -1.52982356e-01,  2.29495140e-01, -1.51559083e-01,
         2.52884826e-01, -2.30575546e-01, -9.63555793e-02,
         1.46696556e-01,  1.00160152e-01, -3.35903007e-01,
        -3.02292751e-01,  1.47996637e-01,  7.42498143e-02,
         3.88814916e-01, -2.86477827e-01, -1.83383388e-01,
        -7.10481842e-01,  7.36433237e-01, -1.02997694e-01,
         5.18070671e-01, -2.91187974e-01, -2.99928997e-01,
         1.13599245e-01,  1.32788256e-02, -2.07924370e-01,
         3.40092714e-01, -2.40680997e-01, -1.82458017e-01,
        -1.32100821e-01,  1.11261680e-01, -5.32071579e-02,
        -9.31921132e-02, -6.05322322e-02,  7.76780462e-02,
        -7.10462993e-02],
       [ 4.00000000e-03,  1.00000000e-03,  2.00000000e-03,
         1.00000000e-02, -1.00000000e-03, -1.00000000e-03,
        -4.00000000e-03,  4.00000000e-03, -6.00000000e-03,
        -6.00000000e-03,  6.00000000e-03, -7.00000000e-03,
         6.00000000e-03, -6.00000000e-03,  0.00000000e+00,
         0.00000000e+00, -5.00000000e-03,  4.00000000e-03,
         1.00000000e-02, -4.00000000e-03,  2.00000000e-03,
         0.00000000e+00,  2.00000000e-03, -8.00000000e-03,
        -1.00000000e-03,  3.00000000e-03,  1.00000000e-02,
        -5.00000000e-03,  9.00000000e-03, -1.00000000e-02,
        -7.00000000e-03,  3.00000000e-03,  3.00000000e-03,
         1.00000000e-03,  7.00000000e-03, -7.00000000e-03,
         1.00000000e-02,  1.00000000e-02,  9.00000000e-03,
         9.00000000e-03, -2.00000000e-03, -1.00000000e-02,
        -3.00000000e-03,  1.00000000e-03,  9.00000000e-03,
         4.00000000e-03,  7.00000000e-03, -7.00000000e-03,
         5.00000000e-03]]), 'deltas': array([[8.06491976e-05],
       [8.02587156e-05],
       [7.82157963e-05],
       [8.01008379e-05],
       [7.84884144e-05],
       [8.19099464e-05],
       [0.00000000e+00]]), 'outputs': array([[0.98761946],
       [0.98768016],
       [0.98799761],
       [0.9877047 ],
       [0.98795526],
       [0.98742342],
       [1.        ]]), 'errors': 0.006595850534985808}, {'weights': array([[-0.96136655, -0.93927523, -0.96799236, -0.9469933 , -0.94539554,
        -0.94339575,  2.19414765],
       [ 0.95274642,  0.92667562,  0.97139344,  0.94938266,  0.9587745 ,
         0.94579086, -2.1943127 ]]), 'deltas': array([[-0.00094052],
       [ 0.00094019]]), 'outputs': array([[0.03115709],
       [0.96884838]]), 'errors': array([[-0.03115709],
       [ 0.03115162]])}]
neural_net output [0.88792318 0.11206122]
target: 0 prediction: 0
neural_net output [0.88014414 0.11983976]
target: 0 prediction: 0
neural_net output [0.88988908 0.11009561]
target: 0 prediction: 0
neural_net output [0.88076798 0.11921547]
target: 0 prediction: 0
neural_net output [0.12474903 0.87526282]
target: 0 prediction: 1
neural_net output [0.89466663 0.10531768]
target: 0 prediction: 0
neural_net output [0.88957211 0.11041239]
target: 0 prediction: 0
neural_net output [0.87834506 0.12163864]
target: 0 prediction: 0
neural_net output [0.88619578 0.11378872]
target: 0 prediction: 0
neural_net output [0.88797384 0.11200969]
target: 0 prediction: 0
neural_net output [0.88987956 0.11010423]
target: 0 prediction: 0
neural_net output [0.85775097 0.14223197]
target: 0 prediction: 0
neural_net output [0.61962123 0.38037014]
target: 0 prediction: 0
neural_net output [0.88239257 0.11759122]
target: 0 prediction: 0
neural_net output [0.87909943 0.120886  ]
target: 0 prediction: 0
neural_net output [0.88239257 0.11759122]
target: 0 prediction: 0
neural_net output [0.86803706 0.13194712]
target: 0 prediction: 0
neural_net output [0.85444698 0.14553586]
target: 0 prediction: 0
neural_net output [0.88239257 0.11759122]
target: 0 prediction: 0
neural_net output [0.88294264 0.11704076]
target: 0 prediction: 0
neural_net output [0.88872992 0.11125428]
target: 0 prediction: 0
neural_net output [0.88014414 0.11983976]
target: 0 prediction: 0
neural_net output [0.88488756 0.11509638]
target: 0 prediction: 0
neural_net output [0.86605365 0.13392975]
target: 0 prediction: 0
neural_net output [0.88988908 0.11009561]
target: 0 prediction: 0
neural_net output [0.88353789 0.11644499]
target: 0 prediction: 0
neural_net output [0.89393606 0.10604868]
target: 0 prediction: 0
neural_net output [0.88294264 0.11704076]
target: 0 prediction: 0
neural_net output [0.87686172 0.12312192]
target: 0 prediction: 0
neural_net output [0.88052062 0.11946288]
target: 0 prediction: 0
neural_net output [0.88014414 0.11983976]
target: 0 prediction: 0
neural_net output [0.88806825 0.11191533]
target: 0 prediction: 0
neural_net output [0.89382344 0.10616102]
target: 0 prediction: 0
neural_net output [0.05381273 0.94619471]
target: 1 prediction: 1
neural_net output [0.03129755 0.96870791]
target: 1 prediction: 1
neural_net output [0.05421863 0.9457891 ]
target: 1 prediction: 1
neural_net output [0.03114884 0.96885644]
target: 1 prediction: 1
neural_net output [0.02981253 0.97019267]
target: 1 prediction: 1
neural_net output [0.04307235 0.95693435]
target: 1 prediction: 1
neural_net output [0.02994009 0.97006513]
target: 1 prediction: 1
neural_net output [0.07202441 0.92798376]
target: 1 prediction: 1
neural_net output [0.03004701 0.96995822]
target: 1 prediction: 1
neural_net output [0.03297353 0.96703201]
target: 1 prediction: 1
neural_net output [0.03506386 0.96494196]
target: 1 prediction: 1
neural_net output [0.03684851 0.96315726]
target: 1 prediction: 1
neural_net output [0.0326777  0.96732794]
target: 1 prediction: 1
neural_net output [0.04593789 0.95407048]
target: 1 prediction: 1
neural_net output [0.03083259 0.96917276]
target: 1 prediction: 1
neural_net output [0.06773076 0.93227669]
target: 1 prediction: 1
neural_net output [0.03159302 0.9684124 ]
target: 1 prediction: 1
neural_net output [0.03839193 0.96161448]
target: 1 prediction: 1
neural_net output [0.04659849 0.95340915]
target: 1 prediction: 1
neural_net output [0.03187151 0.968134  ]
target: 1 prediction: 1
neural_net output [0.65264179 0.34735385]
target: 1 prediction: 0
neural_net output [0.03907543 0.96093085]
target: 1 prediction: 1
neural_net output [0.03370685 0.96629908]
target: 1 prediction: 1
neural_net output [0.03029443 0.96971093]
target: 1 prediction: 1
neural_net output [0.03794455 0.96206124]
target: 1 prediction: 1
neural_net output [0.53613506 0.46386404]
target: 1 prediction: 0
neural_net output [0.03236661 0.96763907]
target: 1 prediction: 1
neural_net output [0.03839193 0.96161448]
target: 1 prediction: 1
neural_net output [0.04489912 0.95510766]
target: 1 prediction: 1
neural_net output [0.02960684 0.97039835]
target: 1 prediction: 1
neural_net output [0.03205045 0.967955  ]
target: 1 prediction: 1
neural_net output [0.04854364 0.95146537]
target: 1 prediction: 1
neural_net output [0.03448074 0.96552514]
target: 1 prediction: 1
neural_net output [0.03065176 0.96935359]
target: 1 prediction: 1
neural_net output [0.03524465 0.96476143]
target: 1 prediction: 1
neural_net output [0.04059145 0.95941547]
target: 1 prediction: 1
neural_net output [0.03882771 0.9611791 ]
target: 1 prediction: 1
neural_net output [0.05292929 0.94707871]
target: 1 prediction: 1
neural_net output [0.03583441 0.96417175]
target: 1 prediction: 1
neural_net output [0.02957993 0.97042526]
target: 1 prediction: 1
neural_net output [0.03310256 0.96690306]
target: 1 prediction: 1
neural_net output [0.03899723 0.96100955]
target: 1 prediction: 1
neural_net output [0.06346626 0.93654389]
target: 1 prediction: 1
neural_net output [0.03093409 0.96907129]
target: 1 prediction: 1
neural_net output [0.05353581 0.94647281]
target: 1 prediction: 1
neural_net output [0.0421914  0.95781558]
target: 1 prediction: 1
neural_net output [0.04233922 0.95766782]
target: 1 prediction: 1
neural_net output [0.65501693 0.34499708]
target: 1 prediction: 0
neural_net output [0.54778754 0.4522234 ]
target: 1 prediction: 0
neural_net output [0.03297353 0.96703201]
target: 1 prediction: 1
neural_net output [0.61654662 0.38343414]
target: 1 prediction: 0
neural_net output [0.04672542 0.95328227]
target: 1 prediction: 1
neural_net output [0.03943229 0.96057441]
target: 1 prediction: 1
Accuracy: 93.02325581395348 %

train_data group 1 length:  348
   0   1   2   3   4   5   6   7   8  ...  40  41  42  43  44  45  46  47  48
0   1   0   0   1   0   0   1   0   0 ...   1   0   1   0   0   0   1   0   0
1   1   0   0   0   1   0   1   0   0 ...   1   0   1   0   0   0   1   0   0
2   1   0   0   0   1   0   1   0   0 ...   1   0   1   0   0   0   1   0   0
3   1   0   0   0   1   0   1   0   0 ...   1   0   1   0   0   1   0   0   0
4   0   1   0   1   0   0   1   0   0 ...   1   0   1   0   0   0   1   0   0

[5 rows x 49 columns]
Initial Neural Network:
[{'weights': array([[-0.009,  0.006, -0.003, -0.007, -0.003, -0.004, -0.007,  0.008,
        -0.01 ,  0.01 , -0.004, -0.008, -0.008,  0.006,  0.006,  0.007,
        -0.005,  0.006, -0.008,  0.008, -0.001, -0.006,  0.002,  0.003,
         0.004, -0.001,  0.002, -0.01 ,  0.006, -0.002, -0.001, -0.002,
        -0.009,  0.008, -0.01 , -0.006, -0.002,  0.002, -0.003,  0.009,
         0.009, -0.003,  0.007,  0.001, -0.007, -0.001,  0.006, -0.004,
        -0.005],
       [-0.01 ,  0.001, -0.002,  0.01 , -0.004,  0.006, -0.009, -0.007,
        -0.006,  0.001,  0.007,  0.   , -0.01 ,  0.009, -0.008,  0.007,
         0.002, -0.004, -0.006, -0.006, -0.006, -0.005,  0.004,  0.004,
        -0.004,  0.003,  0.007, -0.002,  0.005, -0.006, -0.002, -0.008,
         0.001, -0.007,  0.   ,  0.01 , -0.008, -0.005, -0.009,  0.006,
        -0.01 , -0.002, -0.007, -0.008,  0.01 ,  0.008,  0.008, -0.008,
         0.005],
       [-0.006, -0.001,  0.01 , -0.004,  0.002, -0.001, -0.003, -0.005,
        -0.009,  0.008, -0.001, -0.003,  0.008,  0.003, -0.005,  0.008,
        -0.008, -0.008, -0.006,  0.008, -0.007, -0.007,  0.007,  0.005,
        -0.01 ,  0.006,  0.003, -0.006,  0.004, -0.008, -0.001, -0.001,
         0.003, -0.005, -0.004, -0.005,  0.009, -0.004, -0.01 ,  0.002,
        -0.007, -0.009, -0.001, -0.007,  0.01 ,  0.008, -0.01 , -0.009,
         0.01 ],
       [-0.005, -0.004,  0.005,  0.004,  0.   ,  0.008,  0.007, -0.004,
        -0.009,  0.001, -0.007,  0.001, -0.002,  0.008, -0.005, -0.003,
         0.   , -0.009, -0.004, -0.01 , -0.003,  0.   ,  0.009,  0.008,
        -0.009, -0.007, -0.01 , -0.002,  0.005,  0.001,  0.003, -0.007,
         0.008, -0.008, -0.007, -0.006,  0.01 ,  0.   ,  0.009, -0.009,
        -0.003,  0.008,  0.   , -0.006,  0.01 ,  0.006, -0.01 , -0.005,
         0.001],
       [ 0.009, -0.005,  0.01 , -0.004,  0.006, -0.001,  0.009,  0.   ,
         0.008, -0.01 ,  0.003, -0.007, -0.001,  0.008,  0.003, -0.002,
        -0.003, -0.009, -0.01 , -0.006,  0.01 , -0.002, -0.006, -0.007,
         0.003,  0.009,  0.001, -0.007,  0.003, -0.003, -0.004, -0.002,
        -0.003,  0.007,  0.001,  0.002,  0.008, -0.007,  0.002,  0.009,
         0.002,  0.003,  0.003,  0.004, -0.002, -0.004, -0.007, -0.009,
         0.004],
       [-0.009, -0.001,  0.008, -0.003,  0.004,  0.   ,  0.005,  0.001,
         0.002, -0.006,  0.009, -0.009, -0.006,  0.001, -0.007, -0.006,
         0.004, -0.009,  0.003, -0.008,  0.007,  0.009,  0.007,  0.001,
        -0.004,  0.001, -0.005,  0.009, -0.004,  0.01 , -0.002, -0.008,
        -0.004, -0.009,  0.001,  0.   , -0.008,  0.007,  0.004, -0.007,
         0.003, -0.004, -0.002,  0.   ,  0.001,  0.   , -0.008,  0.004,
         0.004],
       [-0.006,  0.   , -0.004, -0.003, -0.003, -0.001, -0.009, -0.01 ,
         0.006, -0.002,  0.005, -0.003, -0.004, -0.002,  0.001,  0.01 ,
         0.004,  0.001, -0.009, -0.009, -0.002,  0.002,  0.007,  0.007,
        -0.009, -0.008,  0.001,  0.004,  0.001, -0.004,  0.002, -0.008,
         0.003, -0.001, -0.001, -0.002,  0.003, -0.001, -0.008, -0.003,
         0.002, -0.005, -0.009,  0.   , -0.01 ,  0.001,  0.008, -0.01 ,
        -0.002]]), 'deltas': array([[0.],
       [0.],
       [0.],
       [0.],
       [0.],
       [0.],
       [0.]]), 'outputs': array([[0.],
       [0.],
       [0.],
       [0.],
       [0.],
       [0.],
       [0.]]), 'errors': array([[0.],
       [0.],
       [0.],
       [0.],
       [0.],
       [0.],
       [0.]])}, {'weights': array([[-0.003,  0.   , -0.009, -0.006,  0.004, -0.003, -0.001],
       [-0.008,  0.001, -0.01 ,  0.009,  0.01 , -0.006, -0.005]]), 'deltas': array([[0.],
       [0.],
       [0.]]), 'outputs': array([[0.],
       [0.],
       [0.]]), 'errors': array([[0.],
       [0.],
       [0.]])}]
Training complete!
Training done. epoch: 2 , total error: 0.0008034614641891108
[{'weights': array([[-4.82396021e-02,  2.69974557e-01, -1.69769912e-01,
        -1.37288276e-01,  4.28181809e-01, -2.46928490e-01,
        -7.19916039e-01,  7.53022298e-01,  1.58587838e-02,
         1.72231990e+00, -1.56892141e+00, -9.74334525e-02,
         4.50572950e-01, -3.83445732e-01, -5.16217401e-03,
         5.59541996e-02,  1.32597967e-01, -1.22587123e-01,
         5.55711383e-01, -4.42369236e-01, -5.63771041e-02,
         3.08911691e-01,  5.97342788e-02, -3.11680926e-01,
        -5.42164300e-01,  5.52035870e-01,  5.30934734e-02,
         4.58637944e-01, -2.31659028e-01, -1.75013873e-01,
        -9.92382722e-01,  1.10286450e+00, -6.45167312e-02,
         5.78631503e-01, -1.69012066e-01, -3.59654393e-01,
         2.26456018e-01, -1.77429415e-02, -1.53748033e-01,
         1.77966303e-01,  1.28237272e-01, -2.33238531e-01,
        -2.29848906e-01,  5.40007739e-01, -2.51193789e-01,
        -7.69658607e-02, -1.05598879e-01,  2.41529783e-01,
         5.29650435e-02],
       [-5.40891966e-02,  2.71131901e-01, -1.68061301e-01,
        -1.23312656e-01,  4.30309604e-01, -2.35015544e-01,
        -7.26706996e-01,  7.41756675e-01,  2.29317242e-02,
         1.71594664e+00, -1.56073937e+00, -8.72258711e-02,
         4.51236964e-01, -3.80937539e-01, -1.93180221e-02,
         5.65884331e-02,  1.40502518e-01, -1.32109548e-01,
         5.56872315e-01, -4.52094954e-01, -6.27959574e-02,
         3.08001211e-01,  6.69271861e-02, -3.11946994e-01,
        -5.50312862e-01,  5.59700023e-01,  5.65942427e-02,
         4.66932896e-01, -2.30846378e-01, -1.79105115e-01,
        -9.90093915e-01,  1.09649607e+00, -5.54207489e-02,
         5.72788093e-01, -1.66257107e-01, -3.43549583e-01,
         2.21913235e-01, -2.27788801e-02, -1.61152952e-01,
         1.79370340e-01,  1.07869536e-01, -2.33258473e-01,
        -2.38841744e-01,  5.31291437e-01, -2.37468289e-01,
        -6.89444625e-02, -1.00078194e-01,  2.37004060e-01,
         6.49814033e-02],
       [-4.96502631e-02,  2.69832106e-01, -1.57176214e-01,
        -1.36340950e-01,  4.34523252e-01, -2.41176673e-01,
        -7.19632746e-01,  7.41975647e-01,  2.06627291e-02,
         1.71816991e+00, -1.56455948e+00, -8.96047971e-02,
         4.65117448e-01, -3.83882470e-01, -1.52293481e-02,
         5.67069876e-02,  1.31322639e-01, -1.36023996e-01,
         5.58256329e-01, -4.41058248e-01, -6.21924518e-02,
         3.07703044e-01,  6.79559733e-02, -3.10653388e-01,
        -5.54711783e-01,  5.60625726e-01,  5.30916863e-02,
         4.62656426e-01, -2.31974765e-01, -1.80676031e-01,
        -9.89751951e-01,  1.10334195e+00, -5.25843726e-02,
         5.69532985e-01, -1.66267089e-01, -3.57260266e-01,
         2.38351183e-01, -2.13507319e-02, -1.61994822e-01,
         1.71329988e-01,  1.14820560e-01, -2.40144918e-01,
        -2.31269158e-01,  5.29998525e-01, -2.36723738e-01,
        -7.00777259e-02, -1.16416739e-01,  2.35500095e-01,
         7.00056299e-02],
       [-5.08620515e-02,  2.68066259e-01, -1.59776347e-01,
        -1.28381379e-01,  4.35510995e-01, -2.33701755e-01,
        -7.12560816e-01,  7.48120206e-01,  1.98684708e-02,
         1.71619523e+00, -1.57454166e+00, -8.52257138e-02,
         4.59752488e-01, -3.81972284e-01, -1.53523423e-02,
         4.90266903e-02,  1.37424067e-01, -1.37022897e-01,
         5.57720736e-01, -4.54089014e-01, -5.92038611e-02,
         3.13426950e-01,  7.36937629e-02, -3.08692853e-01,
        -5.57148652e-01,  5.53836458e-01,  3.87400550e-02,
         4.69233064e-01, -2.31704436e-01, -1.72100768e-01,
        -9.85350072e-01,  1.10004781e+00, -4.92698781e-02,
         5.72950369e-01, -1.71454658e-01, -3.61067849e-01,
         2.40582683e-01, -1.79612270e-02, -1.42193596e-01,
         1.66592209e-01,  1.14938321e-01, -2.24102669e-01,
        -2.33667521e-01,  5.36982063e-01, -2.37886682e-01,
        -7.50111468e-02, -1.12883531e-01,  2.40322538e-01,
         6.24278607e-02],
       [-4.00384387e-02,  2.67627109e-01, -1.54761252e-01,
        -1.36757993e-01,  4.39739491e-01, -2.43154079e-01,
        -7.16004484e-01,  7.54034253e-01,  3.77976506e-02,
         1.70263279e+00, -1.56309255e+00, -9.47128152e-02,
         4.61437545e-01, -3.84644862e-01, -7.96526349e-03,
         5.04324992e-02,  1.31920767e-01, -1.37525847e-01,
         5.52823712e-01, -4.53397642e-01, -4.65986503e-02,
         3.09232096e-01,  5.88024581e-02, -3.24207135e-01,
        -5.48526850e-01,  5.71935988e-01,  4.84182804e-02,
         4.67006094e-01, -2.38745644e-01, -1.76433031e-01,
        -9.93886523e-01,  1.10465687e+00, -6.09429231e-02,
         5.85883313e-01, -1.64745501e-01, -3.52310393e-01,
         2.38608331e-01, -2.98500660e-02, -1.46930845e-01,
         1.80176250e-01,  1.21439281e-01, -2.28788112e-01,
        -2.34059229e-01,  5.48442627e-01, -2.50555979e-01,
        -8.32133393e-02, -1.17468089e-01,  2.39508847e-01,
         6.28274191e-02],
       [-5.55451783e-02,  2.69320738e-01, -1.54903474e-01,
        -1.37210177e-01,  4.39941133e-01, -2.40858870e-01,
        -7.26784444e-01,  7.59935533e-01,  3.57209970e-02,
         1.71110188e+00, -1.56104116e+00, -9.51886344e-02,
         4.58234372e-01, -3.91750177e-01, -1.76121095e-02,
         4.58968357e-02,  1.41343630e-01, -1.37368380e-01,
         5.68080855e-01, -4.55689814e-01, -4.95189549e-02,
         3.22353489e-01,  7.18602892e-02, -3.16341692e-01,
        -5.57262199e-01,  5.67237146e-01,  4.28971392e-02,
         4.81725472e-01, -2.42306166e-01, -1.63547220e-01,
        -9.92730926e-01,  1.10248473e+00, -6.28817161e-02,
         5.73875094e-01, -1.67853748e-01, -3.53149260e-01,
         2.27339863e-01, -1.84348122e-02, -1.45032965e-01,
         1.70244280e-01,  1.18675123e-01, -2.36047317e-01,
        -2.39084303e-01,  5.47869859e-01, -2.48913470e-01,
        -8.26390746e-02, -1.17182353e-01,  2.56693514e-01,
         6.48720859e-02],
       [-6.00000000e-03,  0.00000000e+00, -4.00000000e-03,
        -3.00000000e-03, -3.00000000e-03, -1.00000000e-03,
        -9.00000000e-03, -1.00000000e-02,  6.00000000e-03,
        -2.00000000e-03,  5.00000000e-03, -3.00000000e-03,
        -4.00000000e-03, -2.00000000e-03,  1.00000000e-03,
         1.00000000e-02,  4.00000000e-03,  1.00000000e-03,
        -9.00000000e-03, -9.00000000e-03, -2.00000000e-03,
         2.00000000e-03,  7.00000000e-03,  7.00000000e-03,
        -9.00000000e-03, -8.00000000e-03,  1.00000000e-03,
         4.00000000e-03,  1.00000000e-03, -4.00000000e-03,
         2.00000000e-03, -8.00000000e-03,  3.00000000e-03,
        -1.00000000e-03, -1.00000000e-03, -2.00000000e-03,
         3.00000000e-03, -1.00000000e-03, -8.00000000e-03,
        -3.00000000e-03,  2.00000000e-03, -5.00000000e-03,
        -9.00000000e-03,  0.00000000e+00, -1.00000000e-02,
         1.00000000e-03,  8.00000000e-03, -1.00000000e-02,
        -2.00000000e-03]]), 'deltas': array([[0.00011949],
       [0.00012069],
       [0.00011692],
       [0.00011596],
       [0.00011714],
       [0.0001136 ],
       [0.        ]]), 'outputs': array([[0.97862258],
       [0.97840204],
       [0.97909115],
       [0.97926684],
       [0.97905252],
       [0.97969818],
       [1.        ]]), 'errors': 0.005711491713581827}, {'weights': array([[-0.99889129, -0.97169846, -1.00474239, -0.97569399, -0.96916317,
        -0.966611  ,  2.22608147],
       [ 0.99140785,  0.97615423,  0.98923651,  0.98213897,  0.98665686,
         0.96107076, -2.22603617]]), 'deltas': array([[-0.00078062],
       [ 0.00078075]]), 'outputs': array([[0.02834416],
       [0.97165337]]), 'errors': array([[-0.02834416],
       [ 0.02834663]])}]
Accuracy: 95.40229885057471 %

train_data group 2 length:  348
   0   1   2   3   4   5   6   7   8  ...  40  41  42  43  44  45  46  47  48
0   1   0   0   1   0   0   1   0   0 ...   1   0   1   0   0   0   1   0   0
1   1   0   0   0   1   0   1   0   0 ...   1   0   1   0   0   0   1   0   0
2   1   0   0   0   1   0   1   0   0 ...   1   0   1   0   0   0   1   0   0
3   1   0   0   0   1   0   1   0   0 ...   1   0   1   0   0   1   0   0   0
4   0   1   0   1   0   0   1   0   0 ...   1   0   1   0   0   0   1   0   0

[5 rows x 49 columns]
Initial Neural Network:
[{'weights': array([[-0.003, -0.001, -0.01 , -0.001, -0.01 ,  0.001,  0.004,  0.006,
         0.   , -0.007,  0.004,  0.004, -0.005, -0.009, -0.001, -0.005,
        -0.003,  0.   , -0.007,  0.009, -0.003,  0.006, -0.005, -0.006,
         0.002,  0.003,  0.002,  0.001, -0.008,  0.007,  0.008, -0.001,
        -0.006, -0.001,  0.01 ,  0.01 , -0.006,  0.002, -0.006,  0.009,
        -0.001,  0.006,  0.001, -0.003,  0.003, -0.001, -0.006,  0.005,
         0.007],
       [ 0.003, -0.004,  0.001,  0.005, -0.002, -0.007, -0.008, -0.005,
         0.   , -0.009, -0.009, -0.005, -0.005,  0.01 ,  0.007,  0.01 ,
         0.007,  0.001,  0.002,  0.002,  0.   ,  0.009, -0.008, -0.002,
         0.008,  0.009, -0.006,  0.008, -0.001, -0.002,  0.009,  0.004,
         0.002, -0.009,  0.   , -0.002, -0.003,  0.007,  0.   ,  0.009,
         0.006,  0.007,  0.006,  0.007, -0.006, -0.008,  0.002,  0.   ,
         0.002],
       [-0.005, -0.009,  0.008,  0.006,  0.007,  0.005,  0.006, -0.006,
        -0.003, -0.001,  0.   ,  0.005,  0.003,  0.004,  0.005,  0.005,
         0.   , -0.001, -0.002, -0.01 ,  0.002, -0.001, -0.009,  0.004,
        -0.006, -0.005,  0.007, -0.003, -0.006, -0.009, -0.01 ,  0.004,
         0.005,  0.006,  0.008, -0.005,  0.005,  0.006, -0.006, -0.01 ,
         0.001,  0.004,  0.003, -0.007,  0.003,  0.005, -0.003, -0.007,
         0.009],
       [ 0.001,  0.01 ,  0.   ,  0.007,  0.003, -0.01 , -0.002,  0.008,
        -0.007,  0.006, -0.003, -0.01 ,  0.003,  0.006, -0.007, -0.01 ,
         0.006, -0.005,  0.003, -0.009, -0.001,  0.008, -0.003,  0.001,
         0.003, -0.005, -0.009, -0.007,  0.01 , -0.005,  0.007,  0.006,
         0.004, -0.008, -0.004,  0.01 ,  0.008,  0.003, -0.008,  0.007,
        -0.007,  0.009, -0.001, -0.008,  0.002,  0.007, -0.002, -0.01 ,
         0.   ],
       [-0.009, -0.005,  0.01 ,  0.006,  0.003,  0.   ,  0.005, -0.01 ,
        -0.008,  0.   , -0.004, -0.004,  0.003, -0.007, -0.005,  0.009,
        -0.007,  0.002,  0.002,  0.008,  0.007,  0.007, -0.01 , -0.003,
         0.008, -0.008, -0.002,  0.006, -0.007,  0.005,  0.001, -0.008,
         0.002, -0.005, -0.007,  0.006,  0.007,  0.   , -0.001,  0.01 ,
         0.001, -0.004,  0.008,  0.005,  0.006,  0.004,  0.004, -0.005,
        -0.006],
       [ 0.009,  0.008, -0.001,  0.008, -0.005, -0.009,  0.009, -0.005,
        -0.009,  0.005,  0.005, -0.004, -0.008,  0.008,  0.007, -0.005,
         0.003, -0.002, -0.008, -0.004, -0.01 ,  0.003, -0.003, -0.008,
        -0.006,  0.004,  0.   , -0.005,  0.002,  0.007,  0.009,  0.001,
        -0.007, -0.01 ,  0.01 ,  0.003, -0.003, -0.007,  0.002, -0.009,
        -0.008,  0.009, -0.009,  0.005, -0.003, -0.005, -0.004, -0.009,
         0.005],
       [-0.006,  0.005, -0.004,  0.01 , -0.002,  0.001, -0.004,  0.004,
         0.002,  0.007, -0.001,  0.006, -0.004,  0.008,  0.008,  0.004,
         0.009,  0.007,  0.009,  0.006,  0.003,  0.002,  0.003,  0.01 ,
        -0.001,  0.003,  0.008,  0.002,  0.01 ,  0.004, -0.008,  0.008,
        -0.003, -0.003,  0.002, -0.01 , -0.003,  0.004, -0.004,  0.009,
        -0.002,  0.002,  0.005,  0.006, -0.004, -0.004,  0.001, -0.004,
         0.004]]), 'deltas': array([[0.],
       [0.],
       [0.],
       [0.],
       [0.],
       [0.],
       [0.]]), 'outputs': array([[0.],
       [0.],
       [0.],
       [0.],
       [0.],
       [0.],
       [0.]]), 'errors': array([[0.],
       [0.],
       [0.],
       [0.],
       [0.],
       [0.],
       [0.]])}, {'weights': array([[ 0.006,  0.003,  0.01 , -0.009, -0.003, -0.002, -0.005],
       [ 0.003, -0.01 ,  0.002, -0.009, -0.008,  0.007,  0.003]]), 'deltas': array([[0.],
       [0.],
       [0.]]), 'outputs': array([[0.],
       [0.],
       [0.]]), 'errors': array([[0.],
       [0.],
       [0.]])}]
Training complete!
Training done. epoch: 3 , total error: 0.0004838038856838009
[{'weights': array([[-2.32783083e-03, -2.69829466e-02, -7.04287370e-02,
        -2.63354879e-01,  3.09773668e-01, -1.42158303e-01,
        -1.04332761e+00,  9.16022905e-01,  5.15651869e-02,
         2.11631161e+00, -2.01265076e+00, -1.88400367e-01,
         3.83841202e-01, -4.99248040e-01,  1.46673231e-02,
        -1.71582460e-01,  9.06019009e-02, -1.27589553e-02,
         2.33417884e-01, -2.47039301e-01, -7.31180977e-02,
         1.78528031e-01,  4.32026440e-02, -3.12470190e-01,
        -8.46734184e-01,  9.96104281e-01, -2.28109611e-01,
         3.57667687e-01, -3.24712292e-01, -1.18694909e-01,
        -8.52549297e-01,  1.04447063e+00, -2.76660846e-01,
         6.85917604e-01, -3.25336288e-01, -4.27320830e-01,
        -2.79525014e-01,  2.71007265e-01, -8.72217651e-02,
         1.93919635e-03, -1.18756870e-01,  4.50781588e-02,
        -1.65753092e-01,  4.17778922e-01, -3.36765344e-01,
        -5.59877160e-02, -2.92591899e-01,  2.60840101e-01,
        -7.87395145e-02],
       [ 2.44515979e-03, -3.21137363e-02, -5.58627323e-02,
        -2.58675543e-01,  3.16397086e-01, -1.47252852e-01,
        -1.06829008e+00,  9.11327066e-01,  5.84317047e-02,
         2.12007800e+00, -2.03462689e+00, -1.93982422e-01,
         3.84222876e-01, -4.81840060e-01,  2.40858752e-02,
        -1.60712342e-01,  1.02756193e-01, -9.57515937e-03,
         2.45175828e-01, -2.58564062e-01, -6.81430741e-02,
         1.82295407e-01,  4.00176701e-02, -3.08844386e-01,
        -8.47734770e-01,  1.00883947e+00, -2.35636010e-01,
         3.68448518e-01, -3.23308950e-01, -1.25670877e-01,
        -8.54253893e-01,  1.05294205e+00, -2.69219467e-01,
         6.79448764e-01, -3.36518403e-01, -4.39461670e-01,
        -2.81455934e-01,  2.77243346e-01, -7.73187206e-02,
         1.57570769e-04, -1.10786144e-01,  4.70972645e-02,
        -1.61878711e-01,  4.27252031e-01, -3.43904628e-01,
        -6.03961821e-02, -2.91677309e-01,  2.60542183e-01,
        -8.35313088e-02],
       [ 1.20039300e-03, -3.68508158e-02, -5.55225380e-02,
        -2.54880697e-01,  3.26924591e-01, -1.39216855e-01,
        -1.04899505e+00,  9.12154421e-01,  4.86676682e-02,
         2.13052709e+00, -2.02267797e+00, -1.89022081e-01,
         3.90040472e-01, -4.82556795e-01,  1.93433623e-02,
        -1.63156245e-01,  9.64803885e-02, -1.44971040e-02,
         2.37498790e-01, -2.63234561e-01, -6.94371901e-02,
         1.74304619e-01,  4.00896809e-02, -3.05567260e-01,
        -8.56044132e-01,  9.91434487e-01, -2.24563316e-01,
         3.55143434e-01, -3.22505400e-01, -1.35810995e-01,
        -8.68921142e-01,  1.05211593e+00, -2.69367750e-01,
         6.95544027e-01, -3.28366640e-01, -4.43350348e-01,
        -2.68943388e-01,  2.74861600e-01, -8.60911728e-02,
        -1.75963851e-02, -1.15030594e-01,  4.24540178e-02,
        -1.63675096e-01,  4.15025575e-01, -3.37523440e-01,
        -5.05989725e-02, -2.89037663e-01,  2.49463674e-01,
        -7.61729608e-02],
       [ 7.45956873e-03, -2.23269863e-02, -6.41413297e-02,
        -2.58561533e-01,  3.26021780e-01, -1.57468994e-01,
        -1.05694607e+00,  9.23688821e-01,  4.22484986e-02,
         2.13059191e+00, -2.01968409e+00, -2.07916565e-01,
         3.87488573e-01, -4.81241560e-01,  5.74424003e-03,
        -1.76083860e-01,  9.71321110e-02, -2.00569978e-02,
         2.41313318e-01, -2.64921118e-01, -7.34009472e-02,
         1.81718876e-01,  4.31022333e-02, -3.08829856e-01,
        -8.50390138e-01,  9.88393084e-01, -2.39011693e-01,
         3.53443309e-01, -3.12503270e-01, -1.32948786e-01,
        -8.59981445e-01,  1.05792519e+00, -2.70952494e-01,
         6.81203621e-01, -3.41124167e-01, -4.32088201e-01,
        -2.70943780e-01,  2.73979363e-01, -9.00443306e-02,
        -8.81151450e-03, -1.19727560e-01,  4.75303268e-02,
        -1.67923091e-01,  4.11572370e-01, -3.40658026e-01,
        -4.75244358e-02, -2.90351748e-01,  2.42867436e-01,
        -9.00087473e-02],
       [-8.09512304e-03, -3.03563079e-02, -5.59208018e-02,
        -2.53387438e-01,  3.21050081e-01, -1.49034876e-01,
        -1.03382831e+00,  8.95595189e-01,  3.48608904e-02,
         2.12301433e+00, -2.01806757e+00, -2.03318986e-01,
         3.90285712e-01, -4.95853556e-01,  6.19561110e-03,
        -1.60019245e-01,  8.86895392e-02, -1.50425266e-02,
         2.31963131e-01, -2.37986583e-01, -6.73487809e-02,
         1.76165817e-01,  4.06921610e-02, -3.13230211e-01,
        -8.34608910e-01,  9.74797343e-01, -2.32560666e-01,
         3.55410718e-01, -3.16921158e-01, -1.24861792e-01,
        -8.58104743e-01,  1.03819845e+00, -2.75465936e-01,
         6.79401233e-01, -3.33346424e-01, -4.42427042e-01,
        -2.68356157e-01,  2.70775000e-01, -8.67910752e-02,
         8.53819299e-04, -1.17652752e-01,  3.34267001e-02,
        -1.59202797e-01,  4.23365962e-01, -3.35535398e-01,
        -5.61431925e-02, -2.75046503e-01,  2.43817463e-01,
        -9.63722328e-02],
       [ 1.09111848e-02, -1.64517487e-02, -6.87626438e-02,
        -2.57982262e-01,  3.21194642e-01, -1.59515588e-01,
        -1.03205358e+00,  9.04852068e-01,  3.18983000e-02,
         2.12863029e+00, -2.00672205e+00, -2.06211453e-01,
         3.79902982e-01, -4.81507709e-01,  1.83015187e-02,
        -1.66749639e-01,  9.13593871e-02, -1.89129558e-02,
         2.28168350e-01, -2.56276683e-01, -8.41948751e-02,
         1.75447067e-01,  4.48512944e-02, -3.18601569e-01,
        -8.50078105e-01,  9.88140209e-01, -2.30365312e-01,
         3.49491613e-01, -3.12863644e-01, -1.22931177e-01,
        -8.56751627e-01,  1.04944315e+00, -2.79994731e-01,
         6.79892689e-01, -3.27746161e-01, -4.39449736e-01,
        -2.77558252e-01,  2.62584386e-01, -8.33293416e-02,
        -1.72661572e-02, -1.25812011e-01,  4.47749607e-02,
        -1.73224154e-01,  4.20826817e-01, -3.44905871e-01,
        -6.03532330e-02, -2.87791039e-01,  2.39841065e-01,
        -8.53032077e-02],
       [-6.00000000e-03,  5.00000000e-03, -4.00000000e-03,
         1.00000000e-02, -2.00000000e-03,  1.00000000e-03,
        -4.00000000e-03,  4.00000000e-03,  2.00000000e-03,
         7.00000000e-03, -1.00000000e-03,  6.00000000e-03,
        -4.00000000e-03,  8.00000000e-03,  8.00000000e-03,
         4.00000000e-03,  9.00000000e-03,  7.00000000e-03,
         9.00000000e-03,  6.00000000e-03,  3.00000000e-03,
         2.00000000e-03,  3.00000000e-03,  1.00000000e-02,
        -1.00000000e-03,  3.00000000e-03,  8.00000000e-03,
         2.00000000e-03,  1.00000000e-02,  4.00000000e-03,
        -8.00000000e-03,  8.00000000e-03, -3.00000000e-03,
        -3.00000000e-03,  2.00000000e-03, -1.00000000e-02,
        -3.00000000e-03,  4.00000000e-03, -4.00000000e-03,
         9.00000000e-03, -2.00000000e-03,  2.00000000e-03,
         5.00000000e-03,  6.00000000e-03, -4.00000000e-03,
        -4.00000000e-03,  1.00000000e-03, -4.00000000e-03,
         4.00000000e-03]]), 'deltas': array([[1.32195977e-05],
       [1.29267483e-05],
       [1.31051039e-05],
       [1.33255447e-05],
       [1.32636386e-05],
       [1.35220572e-05],
       [0.00000000e+00]]), 'outputs': array([[0.99632796],
       [0.9964096 ],
       [0.99635988],
       [0.99629842],
       [0.99631568],
       [0.99624362],
       [1.        ]]), 'errors': 0.003613334485616214}, {'weights': array([[-1.0613257 , -1.07377281, -1.06326095, -1.08794385, -1.07173504,
        -1.06860636,  2.60669561],
       [ 1.0719854 ,  1.06844372,  1.07691035,  1.071611  ,  1.06239433,
         1.07526219, -2.60669067]]), 'deltas': array([[-0.00047315],
       [ 0.00047318]]), 'outputs': array([[0.02199519],
       [0.97800411]]), 'errors': array([[-0.02199519],
       [ 0.02199589]])}]
Accuracy: 94.25287356321839 %

train_data group 3 length:  348
   0   1   2   3   4   5   6   7   8  ...  40  41  42  43  44  45  46  47  48
0   1   0   0   1   0   0   1   0   0 ...   1   0   1   0   0   0   1   0   0
1   1   0   0   0   1   0   1   0   0 ...   1   0   1   0   0   0   1   0   0
2   1   0   0   0   1   0   1   0   0 ...   1   0   1   0   0   0   1   0   0
3   1   0   0   0   1   0   1   0   0 ...   1   0   1   0   0   1   0   0   0
4   0   1   0   1   0   0   1   0   0 ...   1   0   1   0   0   0   1   0   0

[5 rows x 49 columns]
Initial Neural Network:
[{'weights': array([[ 0.007,  0.009, -0.003, -0.008,  0.001,  0.003,  0.005,  0.004,
        -0.001, -0.006, -0.009, -0.006, -0.001, -0.001, -0.01 , -0.002,
        -0.009,  0.005, -0.009,  0.005, -0.003, -0.01 , -0.009, -0.007,
        -0.006,  0.005, -0.001,  0.009,  0.007,  0.009, -0.006,  0.009,
        -0.007, -0.005, -0.005, -0.008, -0.007, -0.01 , -0.005, -0.009,
         0.003, -0.002,  0.003, -0.007,  0.   , -0.007, -0.009,  0.   ,
         0.003],
       [ 0.004, -0.009,  0.002, -0.009, -0.01 ,  0.003,  0.009, -0.004,
        -0.004,  0.   , -0.001, -0.009, -0.009,  0.003,  0.003, -0.009,
         0.001,  0.   , -0.005,  0.001,  0.   , -0.001, -0.006,  0.   ,
        -0.01 ,  0.007,  0.009,  0.01 , -0.01 , -0.005,  0.004,  0.008,
        -0.004, -0.009, -0.004, -0.006,  0.001,  0.002, -0.009,  0.005,
         0.006, -0.002, -0.005,  0.007,  0.004, -0.002, -0.002,  0.005,
         0.001],
       [ 0.007,  0.007, -0.008,  0.007,  0.002,  0.003,  0.01 ,  0.006,
         0.009, -0.007,  0.005, -0.006,  0.01 , -0.01 , -0.002, -0.004,
        -0.01 , -0.009,  0.004,  0.007, -0.01 ,  0.001,  0.001, -0.008,
        -0.001,  0.006,  0.   , -0.008, -0.004,  0.004, -0.009, -0.007,
         0.005, -0.005, -0.01 , -0.01 ,  0.005, -0.009,  0.01 , -0.007,
         0.004,  0.007,  0.004, -0.001,  0.007,  0.008,  0.01 ,  0.003,
        -0.007],
       [ 0.007,  0.006, -0.009,  0.01 ,  0.007,  0.   , -0.006,  0.006,
        -0.007,  0.008,  0.006,  0.   , -0.005, -0.007,  0.   , -0.008,
         0.004, -0.002, -0.001, -0.001, -0.01 ,  0.01 ,  0.009, -0.008,
         0.003,  0.   ,  0.004,  0.001,  0.004, -0.008, -0.007,  0.   ,
        -0.006, -0.004, -0.006, -0.008,  0.001, -0.009, -0.005,  0.01 ,
         0.005,  0.006,  0.008,  0.005, -0.002, -0.008,  0.002,  0.   ,
         0.009],
       [ 0.003,  0.003,  0.001,  0.007,  0.002, -0.009,  0.006,  0.   ,
        -0.008, -0.004,  0.007, -0.009,  0.01 ,  0.004, -0.003, -0.005,
        -0.002,  0.01 , -0.002,  0.006,  0.008, -0.009,  0.008, -0.002,
        -0.009, -0.005, -0.009, -0.004,  0.008, -0.001, -0.006, -0.006,
        -0.006, -0.009, -0.009,  0.005,  0.01 ,  0.008, -0.001, -0.008,
        -0.003,  0.   , -0.008, -0.004,  0.007,  0.006,  0.01 ,  0.002,
         0.   ],
       [ 0.   ,  0.001,  0.008,  0.01 ,  0.   ,  0.003, -0.001, -0.004,
        -0.003,  0.002,  0.01 , -0.006, -0.007, -0.01 , -0.005,  0.009,
        -0.006, -0.005, -0.009, -0.002,  0.   ,  0.003, -0.002, -0.006,
        -0.01 ,  0.01 ,  0.007,  0.004, -0.002, -0.001, -0.006,  0.008,
        -0.001, -0.004,  0.005, -0.01 , -0.007, -0.01 ,  0.004, -0.005,
        -0.01 ,  0.01 , -0.008,  0.005, -0.009,  0.005, -0.009,  0.009,
        -0.009],
       [-0.005, -0.001, -0.008, -0.006, -0.002, -0.007, -0.006,  0.005,
        -0.003,  0.005,  0.008, -0.002,  0.009, -0.001,  0.001,  0.001,
         0.008, -0.003, -0.01 , -0.001, -0.004, -0.005,  0.005, -0.01 ,
        -0.003,  0.003, -0.004, -0.01 , -0.002,  0.005,  0.008,  0.003,
         0.006,  0.007,  0.003, -0.004, -0.005, -0.004, -0.003, -0.006,
        -0.007,  0.004,  0.003,  0.003,  0.004,  0.003,  0.008,  0.002,
        -0.007]]), 'deltas': array([[0.],
       [0.],
       [0.],
       [0.],
       [0.],
       [0.],
       [0.]]), 'outputs': array([[0.],
       [0.],
       [0.],
       [0.],
       [0.],
       [0.],
       [0.]]), 'errors': array([[0.],
       [0.],
       [0.],
       [0.],
       [0.],
       [0.],
       [0.]])}, {'weights': array([[-0.003, -0.003, -0.005, -0.002,  0.005, -0.006,  0.01 ],
       [ 0.   , -0.001, -0.006,  0.002, -0.009,  0.003,  0.005]]), 'deltas': array([[0.],
       [0.],
       [0.]]), 'outputs': array([[0.],
       [0.],
       [0.]]), 'errors': array([[0.],
       [0.],
       [0.]])}]
Training complete!
Training done. epoch: 3 , total error: 0.0007541061869610076
[{'weights': array([[ 1.84607396e-01, -2.05271300e-01, -4.16194780e-02,
        -2.09785982e-01,  1.36761085e-01, -6.25848571e-03,
        -1.24160795e+00,  9.73104837e-01,  2.01219729e-01,
         1.92300710e+00, -2.20696373e+00,  1.87673252e-01,
         2.79187209e-01, -4.06636451e-01,  4.01658603e-02,
        -4.96421398e-01,  3.50250497e-01,  6.48875183e-02,
         3.02641869e-01, -4.31854574e-01,  4.69293229e-02,
         1.06605297e-01,  5.75542028e-02, -2.65442882e-01,
        -5.70728181e-01,  2.70118491e-01,  2.23326307e-01,
         3.45664481e-01, -4.07451932e-01,  1.15040684e-02,
        -9.66918803e-01,  8.62967124e-01,  2.46682965e-02,
         4.00835509e-01, -1.53110127e-01, -3.41008764e-01,
        -2.77924960e-01, -5.13787183e-02,  2.32020296e-01,
         3.08330725e-01, -3.76898388e-01, -1.47157192e-02,
        -7.63364481e-02,  1.58393549e-01, -1.61340484e-01,
         2.37874763e-01, -5.36171507e-01,  2.07013362e-01,
        -7.22833825e-02],
       [ 1.71012752e-01, -2.16538281e-01, -3.67580985e-02,
        -2.09416721e-01,  1.21655999e-01, -7.52290626e-03,
        -1.23403158e+00,  9.58500113e-01,  1.97247839e-01,
         1.93258580e+00, -2.20610475e+00,  1.84235314e-01,
         2.71357553e-01, -4.06732442e-01,  5.30912616e-02,
        -4.99684528e-01,  3.53053293e-01,  5.93476069e-02,
         2.99089548e-01, -4.32108289e-01,  4.97351125e-02,
         1.12505135e-01,  5.93750300e-02, -2.58163792e-01,
        -5.76807166e-01,  2.69166016e-01,  2.34357522e-01,
         3.41695735e-01, -4.23326546e-01, -2.65281642e-03,
        -9.52419201e-01,  8.53034747e-01,  2.81008258e-02,
         3.96707023e-01, -1.54857020e-01, -3.40133631e-01,
        -2.72834838e-01, -4.11891249e-02,  2.28740336e-01,
         3.23706439e-01, -3.79368115e-01, -1.46219512e-02,
        -8.61050173e-02,  1.72149127e-01, -1.59327737e-01,
         2.38786902e-01, -5.27416949e-01,  2.10346419e-01,
        -7.82836277e-02],
       [ 1.77032860e-01, -2.03742251e-01, -4.64036472e-02,
        -2.01705963e-01,  1.39637584e-01, -5.04465917e-03,
        -1.23028202e+00,  9.65884577e-01,  2.10284402e-01,
         1.91299798e+00, -2.18802956e+00,  1.87918543e-01,
         2.86709174e-01, -4.16127412e-01,  4.83051991e-02,
        -4.99879660e-01,  3.48036281e-01,  4.97303404e-02,
         3.08392838e-01, -4.26750739e-01,  4.02448620e-02,
         1.13481508e-01,  6.51737571e-02, -2.63768304e-01,
        -5.65589803e-01,  2.68454301e-01,  2.23022463e-01,
         3.32766228e-01, -4.26341041e-01,  6.46177409e-03,
        -9.73260083e-01,  8.47490218e-01,  3.56568261e-02,
         3.97847462e-01, -1.59186760e-01, -3.42773740e-01,
        -2.68892654e-01, -5.01463393e-02,  2.45925954e-01,
         3.11672152e-01, -3.81150204e-01, -5.63498638e-03,
        -7.62179965e-02,  1.60690225e-01, -1.53585267e-01,
         2.54523366e-01, -5.20623119e-01,  2.07986714e-01,
        -8.61130386e-02],
       [ 1.81340098e-01, -2.14152589e-01, -4.65374848e-02,
        -1.97955181e-01,  1.40795662e-01, -9.19045721e-03,
        -1.25920449e+00,  9.73924350e-01,  1.94930160e-01,
         1.93369322e+00, -2.19716775e+00,  1.94124553e-01,
         2.69618927e-01, -4.14698370e-01,  4.97294664e-02,
        -5.05530584e-01,  3.58432951e-01,  5.77476558e-02,
         3.06367454e-01, -4.41865055e-01,  4.01476246e-02,
         1.23922694e-01,  6.77680784e-02, -2.64040749e-01,
        -5.67004539e-01,  2.61952749e-01,  2.28701813e-01,
         3.37094078e-01, -4.18091908e-01, -5.35214674e-03,
        -9.73201709e-01,  8.51268500e-01,  2.55832320e-02,
         3.97448455e-01, -1.56782217e-01, -3.42016215e-01,
        -2.77170470e-01, -5.32994061e-02,  2.34119899e-01,
         3.21950777e-01, -3.77407779e-01, -6.89297434e-03,
        -7.59603993e-02,  1.66437763e-01, -1.62827340e-01,
         2.36183843e-01, -5.33913221e-01,  2.08379401e-01,
        -7.43499767e-02],
       [ 1.69518578e-01, -2.06125162e-01, -3.73121221e-02,
        -2.00943385e-01,  1.34438572e-01, -1.44138931e-02,
        -1.22942821e+00,  9.53706362e-01,  1.92803138e-01,
         1.91633656e+00, -2.18855301e+00,  1.85297743e-01,
         2.88412068e-01, -4.05726457e-01,  4.73956824e-02,
        -4.96600117e-01,  3.49933314e-01,  6.87480968e-02,
         3.01807516e-01, -4.27937119e-01,  5.72108970e-02,
         1.03385500e-01,  7.01047605e-02, -2.57408967e-01,
        -5.74688758e-01,  2.56981718e-01,  2.13788334e-01,
         3.35509877e-01, -4.14876926e-01,  1.44834262e-03,
        -9.67341107e-01,  8.42302397e-01,  2.61200041e-02,
         3.93692778e-01, -1.58095351e-01, -3.29516133e-01,
        -2.63962011e-01, -3.14142554e-02,  2.31457560e-01,
         3.12032775e-01, -3.91321528e-01, -1.26299535e-02,
        -8.64517433e-02,  1.55004697e-01, -1.54471660e-01,
         2.50288199e-01, -5.19234998e-01,  2.06028093e-01,
        -8.09187061e-02],
       [ 1.76574189e-01, -2.11507941e-01, -3.09734581e-02,
        -1.95926980e-01,  1.39280797e-01, -5.26102654e-03,
        -1.24770386e+00,  9.65177973e-01,  1.99618681e-01,
         1.92904312e+00, -2.18499461e+00,  1.87044277e-01,
         2.71329293e-01, -4.13459765e-01,  4.52232618e-02,
        -4.88415227e-01,  3.57447670e-01,  5.40603476e-02,
         3.01071887e-01, -4.36608293e-01,  4.96291962e-02,
         1.19824847e-01,  6.33267623e-02, -2.63058819e-01,
        -5.71913071e-01,  2.73368972e-01,  2.30636889e-01,
         3.42746162e-01, -4.18039155e-01,  1.38578374e-03,
        -9.65841563e-01,  8.61836446e-01,  3.00979070e-02,
         4.01577705e-01, -1.44578521e-01, -3.40906393e-01,
        -2.79661767e-01, -5.07993692e-02,  2.42553926e-01,
         3.12259089e-01, -3.88507194e-01, -3.65910426e-03,
        -8.29525631e-02,  1.66367404e-01, -1.70322051e-01,
         2.49900441e-01, -5.35634324e-01,  2.15826673e-01,
        -8.39072098e-02],
       [-5.00000000e-03, -1.00000000e-03, -8.00000000e-03,
        -6.00000000e-03, -2.00000000e-03, -7.00000000e-03,
        -6.00000000e-03,  5.00000000e-03, -3.00000000e-03,
         5.00000000e-03,  8.00000000e-03, -2.00000000e-03,
         9.00000000e-03, -1.00000000e-03,  1.00000000e-03,
         1.00000000e-03,  8.00000000e-03, -3.00000000e-03,
        -1.00000000e-02, -1.00000000e-03, -4.00000000e-03,
        -5.00000000e-03,  5.00000000e-03, -1.00000000e-02,
        -3.00000000e-03,  3.00000000e-03, -4.00000000e-03,
        -1.00000000e-02, -2.00000000e-03,  5.00000000e-03,
         8.00000000e-03,  3.00000000e-03,  6.00000000e-03,
         7.00000000e-03,  3.00000000e-03, -4.00000000e-03,
        -5.00000000e-03, -4.00000000e-03, -3.00000000e-03,
        -6.00000000e-03, -7.00000000e-03,  4.00000000e-03,
         3.00000000e-03,  3.00000000e-03,  4.00000000e-03,
         3.00000000e-03,  8.00000000e-03,  2.00000000e-03,
        -7.00000000e-03]]), 'deltas': array([[0.00012377],
       [0.00012493],
       [0.00012575],
       [0.00012468],
       [0.00012801],
       [0.00012329],
       [0.        ]]), 'outputs': array([[0.97675797],
       [0.97653461],
       [0.97637831],
       [0.97658426],
       [0.97594159],
       [0.97685152],
       [1.        ]]), 'errors': 0.0054521045459866215}, {'weights': array([[-1.06731888, -1.06406817, -1.06147617, -1.07331549, -1.04788146,
        -1.06893302,  2.66318372],
       [ 1.06833131,  1.06407918,  1.05450088,  1.07732881,  1.04790529,
         1.06994649, -2.662835  ]]), 'deltas': array([[-0.00073302],
       [ 0.00073377]]), 'outputs': array([[0.02745389],
       [0.9725319 ]]), 'errors': array([[-0.02745389],
       [ 0.0274681 ]])}]
Accuracy: 90.80459770114942 %

train_data group 4 length:  347
   0   1   2   3   4   5   6   7   8  ...  40  41  42  43  44  45  46  47  48
0   1   0   0   1   0   0   1   0   0 ...   1   0   1   0   0   0   1   0   0
1   1   0   0   0   1   0   1   0   0 ...   1   0   1   0   0   0   1   0   0
2   1   0   0   0   1   0   1   0   0 ...   1   0   1   0   0   0   1   0   0
3   1   0   0   0   1   0   1   0   0 ...   1   0   1   0   0   1   0   0   0
4   0   1   0   1   0   0   1   0   0 ...   1   0   1   0   0   0   1   0   0

[5 rows x 49 columns]
Initial Neural Network:
[{'weights': array([[-0.002,  0.003,  0.002, -0.003,  0.008,  0.005,  0.002,  0.001,
         0.004, -0.008,  0.006,  0.001,  0.008,  0.009, -0.007,  0.003,
         0.01 ,  0.006,  0.006,  0.001, -0.01 ,  0.   ,  0.008,  0.003,
         0.004,  0.001, -0.001,  0.01 , -0.005, -0.003,  0.006,  0.01 ,
         0.002, -0.008,  0.004, -0.008,  0.005,  0.001,  0.006,  0.007,
        -0.001,  0.007, -0.008, -0.002, -0.008, -0.008, -0.002, -0.008,
        -0.007],
       [-0.004, -0.004, -0.01 , -0.003,  0.006, -0.003,  0.002,  0.005,
         0.004, -0.002, -0.003,  0.   ,  0.001, -0.006,  0.   , -0.004,
         0.001,  0.006, -0.01 , -0.004, -0.007, -0.009, -0.007,  0.006,
         0.007,  0.003,  0.008,  0.003,  0.006, -0.002,  0.006,  0.009,
        -0.006, -0.007,  0.003,  0.005, -0.009,  0.   , -0.008,  0.008,
         0.002, -0.005, -0.003, -0.005, -0.008,  0.008, -0.007, -0.003,
         0.007],
       [-0.002, -0.002, -0.007,  0.008,  0.001, -0.007, -0.003, -0.006,
        -0.009, -0.001,  0.006,  0.01 , -0.01 , -0.003, -0.004,  0.009,
        -0.01 , -0.007,  0.008,  0.004,  0.009, -0.007,  0.001,  0.005,
        -0.006, -0.005,  0.006,  0.001, -0.002,  0.002, -0.008, -0.004,
         0.008,  0.004,  0.008, -0.008,  0.007,  0.001,  0.007, -0.007,
         0.01 , -0.006,  0.003, -0.008,  0.007,  0.007,  0.001, -0.008,
        -0.009],
       [ 0.   ,  0.009,  0.007, -0.003,  0.001,  0.005, -0.005,  0.009,
        -0.006, -0.006, -0.003,  0.002,  0.01 ,  0.009,  0.001,  0.009,
        -0.006, -0.005, -0.007, -0.009,  0.008, -0.007, -0.007, -0.005,
         0.   ,  0.004,  0.007,  0.009, -0.001,  0.007, -0.008, -0.005,
        -0.01 ,  0.006,  0.009, -0.008, -0.003, -0.008,  0.01 ,  0.003,
        -0.005, -0.005, -0.003, -0.003,  0.001, -0.007,  0.002, -0.002,
         0.006],
       [ 0.005, -0.004,  0.009,  0.002,  0.005, -0.001,  0.   , -0.006,
        -0.008,  0.004,  0.004, -0.007, -0.007, -0.002,  0.   , -0.009,
         0.01 , -0.003,  0.006, -0.005, -0.004,  0.002,  0.001, -0.01 ,
        -0.003, -0.004,  0.009, -0.002,  0.009,  0.01 , -0.002, -0.008,
        -0.001,  0.005,  0.008, -0.01 , -0.006,  0.   ,  0.009, -0.003,
        -0.008, -0.005,  0.005, -0.004,  0.006,  0.001,  0.004,  0.008,
        -0.009],
       [ 0.005, -0.009, -0.005, -0.009,  0.004,  0.008,  0.008, -0.01 ,
         0.009, -0.004,  0.005, -0.003,  0.004, -0.006,  0.004, -0.006,
        -0.008, -0.009, -0.01 ,  0.   ,  0.01 , -0.009,  0.006,  0.005,
        -0.004, -0.007, -0.005, -0.001,  0.01 ,  0.009,  0.008, -0.008,
        -0.004,  0.001, -0.002,  0.003,  0.007, -0.003, -0.007,  0.008,
         0.01 , -0.01 ,  0.001, -0.007, -0.007,  0.007, -0.004,  0.   ,
        -0.004],
       [ 0.004,  0.009, -0.005,  0.009, -0.009, -0.003, -0.006,  0.006,
         0.   ,  0.004,  0.006, -0.004, -0.007,  0.01 , -0.005,  0.003,
        -0.007, -0.009, -0.001, -0.008,  0.004, -0.01 ,  0.004, -0.009,
        -0.004, -0.007,  0.005, -0.003,  0.009, -0.005,  0.001, -0.01 ,
         0.   ,  0.005, -0.007,  0.004,  0.   , -0.001, -0.008, -0.004,
         0.   , -0.003,  0.006, -0.001,  0.004, -0.009,  0.008,  0.008,
        -0.007]]), 'deltas': array([[0.],
       [0.],
       [0.],
       [0.],
       [0.],
       [0.],
       [0.]]), 'outputs': array([[0.],
       [0.],
       [0.],
       [0.],
       [0.],
       [0.],
       [0.]]), 'errors': array([[0.],
       [0.],
       [0.],
       [0.],
       [0.],
       [0.],
       [0.]])}, {'weights': array([[ 0.009,  0.002, -0.001,  0.008, -0.007,  0.01 , -0.006],
       [ 0.002,  0.002, -0.003,  0.002, -0.01 , -0.002,  0.001]]), 'deltas': array([[0.],
       [0.],
       [0.]]), 'outputs': array([[0.],
       [0.],
       [0.]]), 'errors': array([[0.],
       [0.],
       [0.]])}]
Training complete!
Training done. epoch: 2 , total error: 0.0005990026397805156
[{'weights': array([[ 1.07469548e-01,  1.38889916e-01, -2.72991855e-01,
         1.18902270e-01,  2.39837244e-01, -3.78371906e-01,
        -7.84520662e-01,  9.32263615e-01, -1.70375344e-01,
         1.92235589e+00, -1.74021992e+00, -2.12768360e-01,
         1.33518217e-01, -4.99588134e-02, -1.03191795e-01,
        -2.08541465e-01,  3.07728455e-01, -1.09819381e-01,
         4.35534432e-01, -3.76829936e-01, -9.13368875e-02,
         4.10605536e-01, -5.72447617e-02, -3.71993166e-01,
        -4.98990565e-01,  4.98920891e-01, -2.55627172e-02,
         5.04216248e-01, -3.52297285e-01, -1.79551355e-01,
        -8.33990898e-01,  8.82942656e-01, -6.05841498e-02,
         5.18992262e-01, -5.43414774e-01, -1.72098796e-02,
         2.62245915e-01, -5.99312988e-02, -2.19947008e-01,
         3.44814591e-01, -1.41275432e-01, -2.20171550e-01,
        -4.03421967e-01,  3.41763622e-01,  1.40259537e-02,
         2.53607424e-01, -3.59047315e-01,  5.78074994e-02,
        -3.66323915e-02],
       [ 1.06082007e-01,  1.33705022e-01, -2.85393720e-01,
         1.19351676e-01,  2.39738912e-01, -3.86697280e-01,
        -7.82743933e-01,  9.38016118e-01, -1.71878877e-01,
         1.93005641e+00, -1.74692473e+00, -2.15738366e-01,
         1.26120292e-01, -6.06432436e-02, -9.80837408e-02,
        -2.14588538e-01,  3.01416092e-01, -1.11434245e-01,
         4.20890723e-01, -3.79560897e-01, -8.99365182e-02,
         4.02696647e-01, -7.03293676e-02, -3.69973971e-01,
        -4.92331546e-01,  4.99751029e-01, -1.70261754e-02,
         5.04399224e-01, -3.45047696e-01, -1.79958220e-01,
        -8.31969377e-01,  8.83372473e-01, -7.00097873e-02,
         5.20856548e-01, -5.41694108e-01, -5.76913239e-03,
         2.50488552e-01, -6.12786740e-02, -2.33816570e-01,
         3.44742239e-01, -1.36214065e-01, -2.31134866e-01,
        -3.98814300e-01,  3.41888614e-01,  1.33189933e-02,
         2.67614777e-01, -3.58827903e-01,  6.16064347e-02,
        -2.06066919e-02],
       [ 1.08747245e-01,  1.36177620e-01, -2.82564169e-01,
         1.25060478e-01,  2.40584288e-01, -3.90284070e-01,
        -7.87811870e-01,  9.30020107e-01, -1.86847541e-01,
         1.93230011e+00, -1.73857147e+00, -2.05367945e-01,
         1.16513049e-01, -5.78970724e-02, -1.02255280e-01,
        -2.04710458e-01,  2.94384189e-01, -1.24313035e-01,
         4.38796833e-01, -3.70541700e-01, -7.38944366e-02,
         4.03695588e-01, -6.10754190e-02, -3.70259472e-01,
        -5.03586492e-01,  4.91344670e-01, -1.93974814e-02,
         4.98827018e-01, -3.48199726e-01, -1.76266596e-01,
        -8.47056165e-01,  8.72618129e-01, -5.62012669e-02,
         5.34816270e-01, -5.37403546e-01, -2.00520272e-02,
         2.65050072e-01, -5.81746911e-02, -2.18514684e-01,
         3.33736081e-01, -1.32533774e-01, -2.30841611e-01,
        -3.94115813e-01,  3.41522309e-01,  2.79542003e-02,
         2.67704025e-01, -3.52176773e-01,  5.78334449e-02,
        -3.56393034e-02],
       [ 1.11989554e-01,  1.43224486e-01, -2.67114273e-01,
         1.17183451e-01,  2.36220471e-01, -3.78304155e-01,
        -7.86322038e-01,  9.39099017e-01, -1.82677212e-01,
         1.92279888e+00, -1.74528701e+00, -2.12412104e-01,
         1.33862811e-01, -4.58028873e-02, -9.59601572e-02,
        -2.05715873e-01,  2.97206766e-01, -1.21391126e-01,
         4.24970480e-01, -3.86501636e-01, -7.43690772e-02,
         4.05582203e-01, -7.20778935e-02, -3.80404542e-01,
        -4.96995085e-01,  4.98923892e-01, -1.88290400e-02,
         5.04682333e-01, -3.47338481e-01, -1.70244086e-01,
        -8.46478864e-01,  8.68511932e-01, -7.29333016e-02,
         5.31387906e-01, -5.33506790e-01, -1.87813487e-02,
         2.53382237e-01, -6.55601724e-02, -2.16722298e-01,
         3.39462990e-01, -1.43126100e-01, -2.31237124e-01,
        -3.97585451e-01,  3.42364024e-01,  2.23211938e-02,
         2.55760355e-01, -3.53845804e-01,  6.31852156e-02,
        -2.19002332e-02],
       [ 1.14203805e-01,  1.33760884e-01, -2.66224992e-01,
         1.23149076e-01,  2.39208107e-01, -3.84617485e-01,
        -7.86695083e-01,  9.30772751e-01, -1.86337971e-01,
         1.93807622e+00, -1.74389927e+00, -2.21437249e-01,
         1.19386475e-01, -5.94845280e-02, -9.71622492e-02,
        -2.16556394e-01,  3.05721012e-01, -1.19424921e-01,
         4.31160365e-01, -3.76301788e-01, -8.61188795e-02,
         4.09677397e-01, -6.03699677e-02, -3.84567732e-01,
        -5.01524649e-01,  4.90717363e-01, -1.54530168e-02,
         4.99148148e-01, -3.43129308e-01, -1.67279142e-01,
        -8.41218520e-01,  8.65435039e-01, -6.34768213e-02,
         5.32753464e-01, -5.36106528e-01, -2.19072387e-02,
         2.54278992e-01, -6.19914191e-02, -2.17547875e-01,
         3.36134463e-01, -1.48711549e-01, -2.31683217e-01,
        -3.94777156e-01,  3.46099784e-01,  2.74170697e-02,
         2.59986165e-01, -3.47152387e-01,  7.19059195e-02,
        -3.72603025e-02],
       [ 1.11298356e-01,  1.32970360e-01, -2.79636350e-01,
         1.14143970e-01,  2.39022740e-01, -3.76534344e-01,
        -7.75134316e-01,  9.24131316e-01, -1.68364634e-01,
         1.92740190e+00, -1.73715676e+00, -2.18612778e-01,
         1.29515864e-01, -5.99721728e-02, -9.39113254e-02,
        -2.16579728e-01,  2.92956256e-01, -1.25744162e-01,
         4.19149091e-01, -3.72201616e-01, -7.33151090e-02,
         4.02781554e-01, -5.73794238e-02, -3.69769765e-01,
        -4.99474378e-01,  4.87646424e-01, -3.05396805e-02,
         4.97783409e-01, -3.36880922e-01, -1.69270122e-01,
        -8.30771551e-01,  8.68577732e-01, -6.81738155e-02,
         5.28441719e-01, -5.43664337e-01, -9.14501608e-03,
         2.65568177e-01, -6.15062321e-02, -2.33429580e-01,
         3.48485032e-01, -1.32349470e-01, -2.34503197e-01,
        -3.95803645e-01,  3.42564608e-01,  1.38714029e-02,
         2.65750633e-01, -3.53121886e-01,  6.40036192e-02,
        -3.03676346e-02],
       [ 4.00000000e-03,  9.00000000e-03, -5.00000000e-03,
         9.00000000e-03, -9.00000000e-03, -3.00000000e-03,
        -6.00000000e-03,  6.00000000e-03,  0.00000000e+00,
         4.00000000e-03,  6.00000000e-03, -4.00000000e-03,
        -7.00000000e-03,  1.00000000e-02, -5.00000000e-03,
         3.00000000e-03, -7.00000000e-03, -9.00000000e-03,
        -1.00000000e-03, -8.00000000e-03,  4.00000000e-03,
        -1.00000000e-02,  4.00000000e-03, -9.00000000e-03,
        -4.00000000e-03, -7.00000000e-03,  5.00000000e-03,
        -3.00000000e-03,  9.00000000e-03, -5.00000000e-03,
         1.00000000e-03, -1.00000000e-02,  0.00000000e+00,
         5.00000000e-03, -7.00000000e-03,  4.00000000e-03,
         0.00000000e+00, -1.00000000e-03, -8.00000000e-03,
        -4.00000000e-03,  0.00000000e+00, -3.00000000e-03,
         6.00000000e-03, -1.00000000e-03,  4.00000000e-03,
        -9.00000000e-03,  8.00000000e-03,  8.00000000e-03,
        -7.00000000e-03]]), 'deltas': array([[2.71632082e-05],
       [2.77452852e-05],
       [2.78630073e-05],
       [2.72950110e-05],
       [2.82561594e-05],
       [2.76327489e-05],
       [0.00000000e+00]]), 'outputs': array([[0.99371962],
       [0.99358417],
       [0.99355677],
       [0.99368895],
       [0.99346525],
       [0.99361036],
       [1.        ]]), 'errors': 0.004352427165927513}, {'weights': array([[-1.00744297, -1.01888324, -1.01495719, -1.01482423, -1.02428333,
        -0.99794811,  2.35228053],
       [ 1.01654398,  1.02098706,  1.00906667,  1.02292156,  1.00539396,
         1.00405186, -2.35253543]]), 'deltas': array([[-0.00058455],
       [ 0.00058413]]), 'outputs': array([[0.02447899],
       [0.97552993]]), 'errors': array([[-0.02447899],
       [ 0.02447007]])}]
Accuracy: 93.18181818181817 %

Feedforward Neural Network AVG Accuracy (%): 93.33296882214283 %
