Namespace(error_threshold=0.001, max_epochs=1000, num_layers=2, num_nodes_per_hidden_layer=2, training_rate=0.5)

train_data group 0 length:  349
   0   1   2   3   4   5   6   7   8  ...  40  41  42  43  44  45  46  47  48
0   1   0   0   0   1   0   1   0   0 ...   1   0   1   0   0   0   1   0   0
1   1   0   0   0   0   1   1   0   0 ...   1   0   1   0   0   0   1   0   0
2   1   0   0   0   1   0   1   0   0 ...   1   0   1   0   0   0   1   0   0
3   1   0   0   0   1   0   1   0   0 ...   1   0   1   0   0   1   0   0   0
4   1   0   0   1   0   0   1   0   0 ...   1   0   1   0   0   1   0   0   0

[5 rows x 49 columns]
Initial Neural Network:
[{'weights': array([[-0.008,  0.004, -0.001,  0.004,  0.005,  0.   ,  0.008,  0.003,
         0.009,  0.   , -0.002, -0.001, -0.007,  0.009, -0.006,  0.   ,
         0.009,  0.008, -0.001,  0.009, -0.008,  0.   , -0.009,  0.009,
        -0.001,  0.01 , -0.003,  0.01 ,  0.004,  0.003,  0.01 ,  0.007,
         0.008,  0.003, -0.007, -0.01 ,  0.01 ,  0.001, -0.003,  0.01 ,
        -0.003, -0.002,  0.003, -0.01 , -0.004, -0.009, -0.008,  0.009,
         0.009],
       [ 0.004, -0.009, -0.005,  0.01 ,  0.   ,  0.008,  0.005, -0.004,
         0.001, -0.009,  0.007, -0.01 , -0.005, -0.008, -0.003,  0.004,
         0.001, -0.006,  0.   , -0.004,  0.009, -0.005, -0.001,  0.007,
        -0.01 ,  0.007,  0.009, -0.007,  0.006, -0.009, -0.009, -0.006,
         0.001,  0.004,  0.003,  0.008,  0.   , -0.008, -0.005, -0.005,
        -0.009, -0.008, -0.004, -0.001, -0.006, -0.009,  0.007,  0.005,
        -0.002],
       [ 0.005, -0.004,  0.003,  0.007, -0.004, -0.004,  0.009, -0.008,
         0.01 , -0.003, -0.003,  0.   , -0.01 ,  0.007,  0.002,  0.004,
         0.009,  0.008,  0.003, -0.006,  0.004, -0.001, -0.008, -0.008,
         0.005, -0.008, -0.002,  0.   ,  0.007,  0.002,  0.006,  0.009,
        -0.008, -0.008,  0.005,  0.007,  0.002, -0.005,  0.008, -0.009,
        -0.005,  0.004, -0.007, -0.002,  0.004,  0.009,  0.003,  0.01 ,
         0.002]]), 'deltas': array([[0.],
       [0.],
       [0.]]), 'outputs': array([[0.],
       [0.],
       [0.]]), 'errors': array([[0.],
       [0.],
       [0.]])}, {'weights': array([[ 0.003,  0.01 , -0.007],
       [ 0.007, -0.005, -0.003]]), 'deltas': array([[0.],
       [0.],
       [0.]]), 'outputs': array([[0.],
       [0.],
       [0.]]), 'errors': array([[0.],
       [0.],
       [0.]])}]
Training complete!
Training done. epoch: 5 , total error: 0.0008763756588949841
[{'weights': array([[ 1.80547391e-02, -2.48878367e-02,  1.24969577e-01,
         9.42301843e-02,  3.28855620e-01, -2.90949325e-01,
        -6.87411762e-01,  8.62876028e-01, -3.23277867e-02,
         2.44875107e+00, -2.44593490e+00,  1.17320307e-01,
         4.82759032e-01, -3.98861673e-01,  3.52391197e-02,
        -2.02232487e-01,  3.75086339e-01, -3.27173727e-02,
         4.20862523e-01, -3.35228186e-01,  3.75021429e-02,
         4.45234294e-01,  1.07774919e-02, -3.32875307e-01,
        -4.15002641e-01,  6.16299697e-01, -7.21605774e-02,
         6.55458143e-01, -4.39466634e-01, -7.58550290e-02,
        -7.90704448e-01,  9.39694782e-01, -8.53855146e-04,
         5.42727133e-01,  2.46859569e-01, -6.80450223e-01,
        -2.05676186e-01,  4.36941912e-01, -1.00129246e-01,
         3.85403617e-01, -1.88822450e-01, -6.84446875e-02,
        -2.14074631e-01,  3.56615786e-01, -3.04046753e-02,
        -2.66235086e-02, -4.06505691e-01,  5.48265679e-01,
         1.32136479e-01],
       [ 2.97441756e-02, -2.64578772e-02,  1.09787379e-01,
         1.00420398e-01,  3.32358127e-01, -2.91704848e-01,
        -6.79494883e-01,  8.54808861e-01, -5.02403015e-02,
         2.44291719e+00, -2.42983870e+00,  9.79951850e-02,
         4.84821354e-01, -4.09229109e-01,  3.14814311e-02,
        -1.95065544e-01,  3.69659920e-01, -5.25206986e-02,
         4.21310211e-01, -3.42072467e-01,  4.88359329e-02,
         4.42443751e-01,  1.92094094e-02, -3.37579484e-01,
        -4.17870848e-01,  6.06404574e-01, -5.94600487e-02,
         6.45281015e-01, -4.37979150e-01, -9.42281877e-02,
        -8.06509500e-01,  9.28502949e-01, -1.29197726e-02,
         5.58498290e-01,  2.47244503e-01, -6.67669116e-01,
        -2.09298635e-01,  4.25733720e-01, -1.06361408e-01,
         3.69843210e-01, -1.89556245e-01, -7.92132872e-02,
        -2.15633344e-01,  3.64870313e-01, -3.71632919e-02,
        -2.23542003e-02, -3.89967312e-01,  5.38395189e-01,
         1.21073677e-01],
       [ 5.00000000e-03, -4.00000000e-03,  3.00000000e-03,
         7.00000000e-03, -4.00000000e-03, -4.00000000e-03,
         9.00000000e-03, -8.00000000e-03,  1.00000000e-02,
        -3.00000000e-03, -3.00000000e-03,  0.00000000e+00,
        -1.00000000e-02,  7.00000000e-03,  2.00000000e-03,
         4.00000000e-03,  9.00000000e-03,  8.00000000e-03,
         3.00000000e-03, -6.00000000e-03,  4.00000000e-03,
        -1.00000000e-03, -8.00000000e-03, -8.00000000e-03,
         5.00000000e-03, -8.00000000e-03, -2.00000000e-03,
         0.00000000e+00,  7.00000000e-03,  2.00000000e-03,
         6.00000000e-03,  9.00000000e-03, -8.00000000e-03,
        -8.00000000e-03,  5.00000000e-03,  7.00000000e-03,
         2.00000000e-03, -5.00000000e-03,  8.00000000e-03,
        -9.00000000e-03, -5.00000000e-03,  4.00000000e-03,
        -7.00000000e-03, -2.00000000e-03,  4.00000000e-03,
         9.00000000e-03,  3.00000000e-03,  1.00000000e-02,
         2.00000000e-03]]), 'deltas': array([[7.23259908e-05],
       [7.39416266e-05],
       [0.00000000e+00]]), 'outputs': array([[0.98792541],
       [0.98765227],
       [1.        ]]), 'errors': 0.006063142581180018}, {'weights': array([[-3.08548192, -3.05226981,  2.57186972],
       [ 3.08821363,  3.04997753, -2.572055  ]]), 'deltas': array([[-0.00085063],
       [ 0.00085023]]), 'outputs': array([[0.02960723],
       [0.97039995]]), 'errors': array([[-0.02960723],
       [ 0.02960005]])}]
neural_net output [0.91321278 0.08677378]
target: 0 prediction: 0
neural_net output [0.89132229 0.10866327]
target: 0 prediction: 0
neural_net output [0.917296   0.08269087]
target: 0 prediction: 0
neural_net output [0.8715868  0.12839847]
target: 0 prediction: 0
neural_net output [0.15300703 0.8470081 ]
target: 0 prediction: 1
neural_net output [0.92631576 0.07367182]
target: 0 prediction: 0
neural_net output [0.90417175 0.09581453]
target: 0 prediction: 0
neural_net output [0.91415737 0.08582902]
target: 0 prediction: 0
neural_net output [0.91788563 0.08210134]
target: 0 prediction: 0
neural_net output [0.91244821 0.08753845]
target: 0 prediction: 0
neural_net output [0.91932205 0.08066517]
target: 0 prediction: 0
neural_net output [0.9196425  0.08034448]
target: 0 prediction: 0
neural_net output [0.61698144 0.38301343]
target: 0 prediction: 0
neural_net output [0.89985768 0.10012822]
target: 0 prediction: 0
neural_net output [0.90720025 0.09278613]
target: 0 prediction: 0
neural_net output [0.89985768 0.10012822]
target: 0 prediction: 0
neural_net output [0.91371816 0.08626844]
target: 0 prediction: 0
neural_net output [0.86972614 0.13025908]
target: 0 prediction: 0
neural_net output [0.89985768 0.10012822]
target: 0 prediction: 0
neural_net output [0.8849218  0.11506371]
target: 0 prediction: 0
neural_net output [0.90396595 0.09602006]
target: 0 prediction: 0
neural_net output [0.89132229 0.10866327]
target: 0 prediction: 0
neural_net output [0.92424317 0.07574417]
target: 0 prediction: 0
neural_net output [0.85140346 0.14858097]
target: 0 prediction: 0
neural_net output [0.917296   0.08269087]
target: 0 prediction: 0
neural_net output [0.91329199 0.08669482]
target: 0 prediction: 0
neural_net output [0.92151483 0.07847234]
target: 0 prediction: 0
neural_net output [0.8849218  0.11506371]
target: 0 prediction: 0
neural_net output [0.81765276 0.18233331]
target: 0 prediction: 0
neural_net output [0.86087317 0.13911258]
target: 0 prediction: 0
neural_net output [0.89132229 0.10866327]
target: 0 prediction: 0
neural_net output [0.90032337 0.0996628 ]
target: 0 prediction: 0
neural_net output [0.91995964 0.08002748]
target: 0 prediction: 0
neural_net output [0.03480957 0.96519839]
target: 1 prediction: 1
neural_net output [0.02794972 0.97205716]
target: 1 prediction: 1
neural_net output [0.03038512 0.96962225]
target: 1 prediction: 1
neural_net output [0.02782351 0.97218334]
target: 1 prediction: 1
neural_net output [0.02758393 0.97242288]
target: 1 prediction: 1
neural_net output [0.0287301  0.97127693]
target: 1 prediction: 1
neural_net output [0.02772382 0.97228302]
target: 1 prediction: 1
neural_net output [0.05606196 0.9439486 ]
target: 1 prediction: 1
neural_net output [0.02765351 0.97235331]
target: 1 prediction: 1
neural_net output [0.02813601 0.97187091]
target: 1 prediction: 1
neural_net output [0.03049469 0.96951264]
target: 1 prediction: 1
neural_net output [0.02910003 0.97090707]
target: 1 prediction: 1
neural_net output [0.02918883 0.97081828]
target: 1 prediction: 1
neural_net output [0.03098191 0.96902552]
target: 1 prediction: 1
neural_net output [0.02836468 0.97164227]
target: 1 prediction: 1
neural_net output [0.03299405 0.96701377]
target: 1 prediction: 1
neural_net output [0.02793741 0.97206946]
target: 1 prediction: 1
neural_net output [0.03261817 0.96738948]
target: 1 prediction: 1
neural_net output [0.03648822 0.96352002]
target: 1 prediction: 1
neural_net output [0.02852296 0.97148403]
target: 1 prediction: 1
neural_net output [0.19510712 0.80491169]
target: 1 prediction: 1
neural_net output [0.02936245 0.97064468]
target: 1 prediction: 1
neural_net output [0.02810064 0.97190628]
target: 1 prediction: 1
neural_net output [0.02767451 0.97233232]
target: 1 prediction: 1
neural_net output [0.02877431 0.97123275]
target: 1 prediction: 1
neural_net output [0.24032273 0.75969594]
target: 1 prediction: 1
neural_net output [0.02778239 0.97222445]
target: 1 prediction: 1
neural_net output [0.03261817 0.96738948]
target: 1 prediction: 1
neural_net output [0.03310531 0.96690242]
target: 1 prediction: 1
neural_net output [0.02752506 0.97248174]
target: 1 prediction: 1
neural_net output [0.02792224 0.97208464]
target: 1 prediction: 1
neural_net output [0.02968567 0.97032152]
target: 1 prediction: 1
neural_net output [0.02998434 0.97002291]
target: 1 prediction: 1
neural_net output [0.02756994 0.97243686]
target: 1 prediction: 1
neural_net output [0.02841079 0.97159617]
target: 1 prediction: 1
neural_net output [0.03130484 0.96870258]
target: 1 prediction: 1
neural_net output [0.02865185 0.97135518]
target: 1 prediction: 1
neural_net output [0.04719664 0.95281313]
target: 1 prediction: 1
neural_net output [0.0300598  0.96994745]
target: 1 prediction: 1
neural_net output [0.02760173 0.97240508]
target: 1 prediction: 1
neural_net output [0.0288065  0.97120052]
target: 1 prediction: 1
neural_net output [0.02844144 0.97156553]
target: 1 prediction: 1
neural_net output [0.04441591 0.95559331]
target: 1 prediction: 1
neural_net output [0.02795813 0.97204874]
target: 1 prediction: 1
neural_net output [0.03262451 0.96738314]
target: 1 prediction: 1
neural_net output [0.03235779 0.96764979]
target: 1 prediction: 1
neural_net output [0.03208642 0.96792115]
target: 1 prediction: 1
neural_net output [0.28132291 0.7186918 ]
target: 1 prediction: 1
neural_net output [0.25827433 0.74174132]
target: 1 prediction: 1
neural_net output [0.02813601 0.97187091]
target: 1 prediction: 1
neural_net output [0.27501455 0.725006  ]
target: 1 prediction: 1
neural_net output [0.03689725 0.96311099]
target: 1 prediction: 1
neural_net output [0.02949698 0.97051022]
target: 1 prediction: 1
Accuracy: 98.83720930232558 %

train_data group 1 length:  348
   0   1   2   3   4   5   6   7   8  ...  40  41  42  43  44  45  46  47  48
0   1   0   0   1   0   0   1   0   0 ...   1   0   1   0   0   0   1   0   0
1   1   0   0   0   1   0   1   0   0 ...   1   0   1   0   0   0   1   0   0
2   1   0   0   0   1   0   1   0   0 ...   1   0   1   0   0   0   1   0   0
3   1   0   0   0   1   0   1   0   0 ...   1   0   1   0   0   1   0   0   0
4   0   1   0   1   0   0   1   0   0 ...   1   0   1   0   0   0   1   0   0

[5 rows x 49 columns]
Initial Neural Network:
[{'weights': array([[ 0.007,  0.003, -0.003, -0.004,  0.007, -0.01 ,  0.01 ,  0.002,
         0.003,  0.005,  0.005,  0.01 , -0.007,  0.006,  0.   ,  0.008,
        -0.001,  0.008,  0.006,  0.007,  0.006, -0.003,  0.007, -0.01 ,
         0.   ,  0.009, -0.008,  0.002, -0.003,  0.006,  0.007, -0.001,
         0.01 , -0.005, -0.01 , -0.005, -0.009,  0.007, -0.002, -0.008,
        -0.005, -0.006,  0.   , -0.01 ,  0.008,  0.004, -0.001, -0.009,
         0.003],
       [-0.009,  0.002, -0.004,  0.005,  0.004,  0.   ,  0.002, -0.005,
        -0.003,  0.001,  0.001, -0.01 , -0.009,  0.002,  0.01 ,  0.009,
         0.009,  0.006,  0.01 , -0.004,  0.002, -0.002, -0.006, -0.003,
        -0.003, -0.003, -0.007, -0.005, -0.001, -0.003, -0.006, -0.01 ,
         0.008, -0.005, -0.001,  0.008, -0.001, -0.003,  0.01 ,  0.002,
         0.003, -0.002,  0.002,  0.006,  0.005,  0.006, -0.003,  0.004,
         0.008],
       [-0.001, -0.009,  0.002,  0.001,  0.   , -0.004, -0.006, -0.002,
         0.009,  0.009, -0.008,  0.007, -0.002, -0.008,  0.01 ,  0.007,
        -0.008,  0.002, -0.006,  0.005,  0.003, -0.008, -0.01 ,  0.004,
         0.001,  0.005, -0.008,  0.009,  0.002,  0.01 ,  0.005,  0.007,
        -0.007,  0.005,  0.   ,  0.001,  0.004,  0.005,  0.01 ,  0.003,
         0.001,  0.   , -0.006,  0.008, -0.007,  0.002, -0.001,  0.005,
        -0.008]]), 'deltas': array([[0.],
       [0.],
       [0.]]), 'outputs': array([[0.],
       [0.],
       [0.]]), 'errors': array([[0.],
       [0.],
       [0.]])}, {'weights': array([[-0.005,  0.004,  0.004],
       [-0.008, -0.002,  0.007]]), 'deltas': array([[0.],
       [0.],
       [0.]]), 'outputs': array([[0.],
       [0.],
       [0.]]), 'errors': array([[0.],
       [0.],
       [0.]])}]
Training complete!
Training done. epoch: 8 , total error: 0.0006569467875489308
[{'weights': array([[-7.70156284e-02,  2.01005226e-01, -2.89668881e-02,
        -2.87810685e-01,  7.09444769e-01, -3.40611375e-01,
        -1.05175158e+00,  1.12696801e+00,  2.78062835e-02,
         2.70099655e+00, -2.50488992e+00, -8.80839181e-02,
         4.47534725e-01, -3.30408130e-01, -3.01038855e-02,
        -2.44081590e-01,  4.86436903e-01, -1.39332603e-01,
         8.58847238e-01, -8.51561767e-01,  9.97372385e-02,
         3.03745878e-01,  2.23060951e-01, -4.44784120e-01,
        -7.51494768e-01,  1.09034806e+00, -2.49830586e-01,
         5.31992431e-01, -2.59020510e-01, -1.79949211e-01,
        -1.48982242e+00,  1.45820108e+00,  1.35644056e-01,
         6.63630825e-01,  2.57050124e-01, -8.52658240e-01,
         1.17595220e-01, -1.23043318e-02, -2.12681788e-02,
         1.33656538e-01, -3.68511961e-02, -2.77826321e-02,
        -3.73571157e-01,  6.34019047e-01, -1.74425180e-01,
         1.17930456e-01, -5.71183079e-01,  5.35275333e-01,
         9.10227099e-02],
       [-8.96073243e-02,  1.90041879e-01, -2.80607606e-02,
        -2.83113685e-01,  7.06270108e-01, -3.30782629e-01,
        -1.06799791e+00,  1.12178622e+00,  2.35854786e-02,
         2.69377898e+00, -2.51263696e+00, -1.05768222e-01,
         4.43120738e-01, -3.36457481e-01, -2.02894633e-02,
        -2.45561105e-01,  4.92832801e-01, -1.39897902e-01,
         8.55801842e-01, -8.61289620e-01,  9.68615721e-02,
         2.99130229e-01,  2.12177569e-01, -4.38934004e-01,
        -7.63704557e-01,  1.08407188e+00, -2.49993526e-01,
         5.29823002e-01, -2.67944290e-01, -1.87504918e-01,
        -1.49578052e+00,  1.43761639e+00,  1.33537920e-01,
         6.59403370e-01,  2.67165244e-01, -8.41194820e-01,
         1.13805110e-01, -1.45155527e-02, -9.91576361e-03,
         1.46227186e-01, -3.65388520e-02, -2.33145407e-02,
        -3.76900782e-01,  6.47869563e-01, -1.74594987e-01,
         1.15983119e-01, -5.73355737e-01,  5.47746412e-01,
         9.13737937e-02],
       [-1.00000000e-03, -9.00000000e-03,  2.00000000e-03,
         1.00000000e-03,  0.00000000e+00, -4.00000000e-03,
        -6.00000000e-03, -2.00000000e-03,  9.00000000e-03,
         9.00000000e-03, -8.00000000e-03,  7.00000000e-03,
        -2.00000000e-03, -8.00000000e-03,  1.00000000e-02,
         7.00000000e-03, -8.00000000e-03,  2.00000000e-03,
        -6.00000000e-03,  5.00000000e-03,  3.00000000e-03,
        -8.00000000e-03, -1.00000000e-02,  4.00000000e-03,
         1.00000000e-03,  5.00000000e-03, -8.00000000e-03,
         9.00000000e-03,  2.00000000e-03,  1.00000000e-02,
         5.00000000e-03,  7.00000000e-03, -7.00000000e-03,
         5.00000000e-03,  0.00000000e+00,  1.00000000e-03,
         4.00000000e-03,  5.00000000e-03,  1.00000000e-02,
         3.00000000e-03,  1.00000000e-03,  0.00000000e+00,
        -6.00000000e-03,  8.00000000e-03, -7.00000000e-03,
         2.00000000e-03, -1.00000000e-03,  5.00000000e-03,
        -8.00000000e-03]]), 'deltas': array([[1.87474414e-05],
       [1.97175797e-05],
       [0.00000000e+00]]), 'outputs': array([[0.99598809],
       [0.99577959],
       [1.        ]]), 'errors': 0.004691764885835435}, {'weights': array([[-3.26388003, -3.25530583,  2.85336017],
       [ 3.25626929,  3.26270356, -2.85324461]]), 'deltas': array([[-0.00064005],
       [ 0.00064017]]), 'outputs': array([[0.02562975],
       [0.9743678 ]]), 'errors': array([[-0.02562975],
       [ 0.0256322 ]])}]
Accuracy: 97.70114942528735 %

train_data group 2 length:  348
   0   1   2   3   4   5   6   7   8  ...  40  41  42  43  44  45  46  47  48
0   1   0   0   1   0   0   1   0   0 ...   1   0   1   0   0   0   1   0   0
1   1   0   0   0   1   0   1   0   0 ...   1   0   1   0   0   0   1   0   0
2   1   0   0   0   1   0   1   0   0 ...   1   0   1   0   0   0   1   0   0
3   1   0   0   0   1   0   1   0   0 ...   1   0   1   0   0   1   0   0   0
4   0   1   0   1   0   0   1   0   0 ...   1   0   1   0   0   0   1   0   0

[5 rows x 49 columns]
Initial Neural Network:
[{'weights': array([[-0.001,  0.009,  0.007, -0.007,  0.007,  0.01 , -0.006, -0.003,
         0.004,  0.003,  0.005, -0.007,  0.006, -0.002, -0.01 ,  0.006,
        -0.008, -0.01 ,  0.009, -0.003,  0.003, -0.007, -0.003,  0.002,
         0.002,  0.005, -0.007,  0.006, -0.001, -0.006,  0.004, -0.001,
         0.009,  0.003, -0.002, -0.002,  0.004,  0.008,  0.002,  0.007,
         0.001,  0.01 , -0.001, -0.01 ,  0.003, -0.001,  0.01 ,  0.009,
         0.01 ],
       [-0.009, -0.004, -0.002, -0.004, -0.003, -0.01 ,  0.004,  0.007,
        -0.007, -0.006,  0.006, -0.008,  0.003,  0.01 , -0.007,  0.006,
         0.002, -0.007, -0.001, -0.004,  0.   , -0.003, -0.01 ,  0.004,
         0.001, -0.003,  0.   , -0.003, -0.007,  0.004, -0.003, -0.01 ,
         0.003,  0.006,  0.004,  0.01 ,  0.   ,  0.007, -0.007,  0.004,
         0.008,  0.008,  0.003, -0.009, -0.01 , -0.003, -0.005,  0.001,
        -0.006],
       [ 0.007, -0.003, -0.009,  0.008, -0.005, -0.001, -0.007, -0.007,
        -0.009, -0.002, -0.005,  0.007, -0.001,  0.002,  0.007,  0.002,
         0.009, -0.001,  0.006,  0.002,  0.006,  0.006,  0.007, -0.006,
        -0.01 ,  0.004, -0.004, -0.007,  0.005,  0.004,  0.009,  0.008,
         0.005, -0.006,  0.004, -0.004,  0.006,  0.005, -0.001,  0.   ,
         0.01 ,  0.004, -0.001,  0.001, -0.006,  0.004, -0.002,  0.007,
         0.001]]), 'deltas': array([[0.],
       [0.],
       [0.]]), 'outputs': array([[0.],
       [0.],
       [0.]]), 'errors': array([[0.],
       [0.],
       [0.]])}, {'weights': array([[-0.005, -0.001, -0.009],
       [-0.003, -0.002, -0.004]]), 'deltas': array([[0.],
       [0.],
       [0.]]), 'outputs': array([[0.],
       [0.],
       [0.]]), 'errors': array([[0.],
       [0.],
       [0.]])}]
Training complete!
Training done. epoch: 6 , total error: 0.0005034937196504389
[{'weights': array([[ 9.28817483e-02,  3.17637431e-02,  1.21032866e-01,
        -5.12510185e-01,  7.02555239e-01,  5.06333030e-02,
        -1.02721953e+00,  1.02846322e+00,  2.24434660e-01,
         2.45851208e+00, -2.22585049e+00, -9.83238187e-04,
         5.25522853e-01, -5.07774553e-01,  2.06930058e-01,
        -1.40111784e-01,  2.58296117e-01,  1.00494024e-01,
         3.71419468e-01, -1.80041564e-01,  4.83004536e-02,
         6.24123685e-01, -2.73442744e-02, -3.74101054e-01,
        -6.08604698e-01,  1.15417901e+00, -3.14895954e-01,
         7.93135872e-01, -5.63715743e-01,  2.58228032e-04,
        -1.31902794e+00,  1.55104050e+00,  1.06657955e-02,
         7.46693861e-01,  8.45473384e-02, -6.01562843e-01,
        -2.91957368e-01,  2.77784017e-01,  2.58851708e-01,
         1.52694302e-01,  8.30920950e-02,  1.28919596e-02,
         1.34496744e-01,  4.01241926e-01, -3.13060314e-01,
        -7.07968535e-03, -3.62383504e-01,  6.18141546e-01,
         2.40678357e-01],
       [ 9.45997291e-02,  2.62203928e-02,  8.21657088e-02,
        -5.09671646e-01,  7.00931376e-01,  9.72610071e-03,
        -1.01560110e+00,  1.04929585e+00,  1.88291082e-01,
         2.45979270e+00, -2.22122337e+00, -2.85834942e-02,
         5.24246793e-01, -4.93821619e-01,  1.93560658e-01,
        -1.33319562e-01,  2.66144241e-01,  8.61611518e-02,
         3.58739689e-01, -1.73596888e-01,  2.78430297e-02,
         6.30490810e-01, -3.31176935e-02, -3.88387286e-01,
        -6.07178281e-01,  1.12625791e+00, -3.03093798e-01,
         7.84055418e-01, -5.64468732e-01, -7.60085491e-03,
        -1.33038871e+00,  1.54864072e+00, -1.02661751e-02,
         7.59813113e-01,  8.34966154e-02, -6.05323897e-01,
        -2.88815203e-01,  2.71919083e-01,  2.34881951e-01,
         1.49090486e-01,  9.71024247e-02, -8.20707978e-03,
         1.33595042e-01,  4.08707614e-01, -3.40316825e-01,
        -7.54616673e-03, -3.69773877e-01,  5.88305874e-01,
         2.11985831e-01],
       [ 7.00000000e-03, -3.00000000e-03, -9.00000000e-03,
         8.00000000e-03, -5.00000000e-03, -1.00000000e-03,
        -7.00000000e-03, -7.00000000e-03, -9.00000000e-03,
        -2.00000000e-03, -5.00000000e-03,  7.00000000e-03,
        -1.00000000e-03,  2.00000000e-03,  7.00000000e-03,
         2.00000000e-03,  9.00000000e-03, -1.00000000e-03,
         6.00000000e-03,  2.00000000e-03,  6.00000000e-03,
         6.00000000e-03,  7.00000000e-03, -6.00000000e-03,
        -1.00000000e-02,  4.00000000e-03, -4.00000000e-03,
        -7.00000000e-03,  5.00000000e-03,  4.00000000e-03,
         9.00000000e-03,  8.00000000e-03,  5.00000000e-03,
        -6.00000000e-03,  4.00000000e-03, -4.00000000e-03,
         6.00000000e-03,  5.00000000e-03, -1.00000000e-03,
         0.00000000e+00,  1.00000000e-02,  4.00000000e-03,
        -1.00000000e-03,  1.00000000e-03, -6.00000000e-03,
         4.00000000e-03, -2.00000000e-03,  7.00000000e-03,
         1.00000000e-03]]), 'deltas': array([[9.43931322e-07],
       [9.82874815e-07],
       [0.00000000e+00]]), 'outputs': array([[0.99974599],
       [0.9997355 ],
       [1.        ]]), 'errors': 0.0037170197304972515}, {'weights': array([[-3.25527623, -3.22388365,  2.70248236],
       [ 3.252861  ,  3.22634167, -2.70249407]]), 'deltas': array([[-0.00049221],
       [ 0.00049218]]), 'outputs': array([[0.02243901],
       [0.97756168]]), 'errors': array([[-0.02243901],
       [ 0.02243832]])}]
Accuracy: 95.40229885057471 %

train_data group 3 length:  348
   0   1   2   3   4   5   6   7   8  ...  40  41  42  43  44  45  46  47  48
0   1   0   0   1   0   0   1   0   0 ...   1   0   1   0   0   0   1   0   0
1   1   0   0   0   1   0   1   0   0 ...   1   0   1   0   0   0   1   0   0
2   1   0   0   0   1   0   1   0   0 ...   1   0   1   0   0   0   1   0   0
3   1   0   0   0   1   0   1   0   0 ...   1   0   1   0   0   1   0   0   0
4   0   1   0   1   0   0   1   0   0 ...   1   0   1   0   0   0   1   0   0

[5 rows x 49 columns]
Initial Neural Network:
[{'weights': array([[ 0.001, -0.007, -0.005,  0.006, -0.01 ,  0.004, -0.01 ,  0.009,
        -0.01 , -0.01 , -0.003,  0.009,  0.003,  0.01 , -0.009,  0.003,
         0.003,  0.007,  0.006,  0.006,  0.005, -0.009, -0.005, -0.005,
        -0.003, -0.004,  0.008,  0.006, -0.003,  0.003,  0.005, -0.001,
         0.007,  0.01 , -0.003,  0.006,  0.006,  0.003, -0.006,  0.008,
         0.   ,  0.004,  0.001,  0.008,  0.   ,  0.008,  0.002, -0.003,
         0.004],
       [ 0.004, -0.003, -0.004,  0.002, -0.001, -0.003,  0.001,  0.01 ,
        -0.01 , -0.007,  0.001,  0.   , -0.006, -0.01 , -0.006,  0.008,
        -0.008,  0.009,  0.008,  0.01 ,  0.006,  0.   ,  0.002,  0.01 ,
         0.008,  0.001,  0.01 , -0.003,  0.007, -0.01 ,  0.005, -0.002,
         0.01 ,  0.005, -0.006,  0.01 ,  0.01 ,  0.003, -0.009,  0.003,
        -0.007,  0.003,  0.001, -0.005,  0.   , -0.003, -0.006,  0.003,
        -0.009],
       [-0.003,  0.001, -0.001,  0.009,  0.001,  0.007,  0.004, -0.001,
        -0.009, -0.005, -0.003,  0.006,  0.007,  0.008,  0.005, -0.009,
        -0.009,  0.002, -0.005,  0.008, -0.007, -0.008, -0.007,  0.005,
         0.008,  0.007, -0.002,  0.001,  0.009,  0.   , -0.002,  0.009,
         0.007, -0.003,  0.002, -0.002,  0.008,  0.002,  0.004,  0.004,
         0.01 ,  0.009, -0.01 ,  0.004,  0.002, -0.003,  0.008, -0.004,
        -0.007]]), 'deltas': array([[0.],
       [0.],
       [0.]]), 'outputs': array([[0.],
       [0.],
       [0.]]), 'errors': array([[0.],
       [0.],
       [0.]])}, {'weights': array([[ 0.003, -0.005,  0.01 ],
       [-0.008, -0.01 , -0.007]]), 'deltas': array([[0.],
       [0.],
       [0.]]), 'outputs': array([[0.],
       [0.],
       [0.]]), 'errors': array([[0.],
       [0.],
       [0.]])}]
Training complete!
Training done. epoch: 7 , total error: 0.0005481842483080681
[{'weights': array([[ 9.01851585e-02,  3.29845112e-02, -3.83110850e-02,
         1.35793269e-01,  4.29259795e-02, -8.28606639e-02,
        -1.42548555e+00,  1.25186309e+00,  2.58481042e-01,
         2.59004086e+00, -2.76695665e+00,  2.68774377e-01,
         5.34859524e-01, -4.92693773e-01,  5.76928337e-02,
        -4.45694944e-01,  5.06521468e-01,  4.80320609e-02,
         4.91723840e-01, -3.49211490e-01, -2.96537648e-02,
         4.18833531e-01,  6.79779218e-02, -4.09952868e-01,
        -5.77086414e-01,  4.14483028e-01,  2.59461971e-01,
         7.20852229e-01, -6.21792671e-01,  2.79902648e-03,
        -9.07043410e-01,  1.02913429e+00, -1.52322924e-02,
         7.03718358e-01,  7.49348137e-03, -6.02353255e-01,
        -5.09741346e-01,  3.18605257e-01,  2.89994673e-01,
         2.11934879e-01, -2.25232882e-02, -8.15530065e-02,
        -1.70699139e-01,  5.66667541e-01, -2.91109817e-01,
         4.34085207e-02, -8.16257289e-01,  8.75707353e-01,
         9.98585847e-02],
       [ 8.76327859e-02,  4.47597667e-02, -3.82774125e-02,
         1.30292487e-01,  5.15504670e-02, -8.67278137e-02,
        -1.40587867e+00,  1.24505180e+00,  2.58942014e-01,
         2.59041706e+00, -2.75947330e+00,  2.60171377e-01,
         5.29514092e-01, -5.14342117e-01,  5.99431652e-02,
        -4.36085191e-01,  4.92648186e-01,  4.95521453e-02,
         4.91911874e-01, -3.41556314e-01, -2.92404201e-02,
         4.25155031e-01,  8.08718139e-02, -3.96911705e-01,
        -5.71776696e-01,  4.25805691e-01,  2.62086144e-01,
         7.20855601e-01, -6.19621367e-01, -1.01190940e-02,
        -9.09006853e-01,  1.03280908e+00, -1.36870913e-02,
         7.03957554e-01,  3.54928569e-03, -6.01391700e-01,
        -5.01756017e-01,  3.21813808e-01,  2.81057349e-01,
         2.02813102e-01, -2.29038666e-02, -8.37940953e-02,
        -1.64379105e-01,  5.49115183e-01, -2.91620938e-01,
         3.14207278e-02, -8.20876550e-01,  8.80570962e-01,
         8.81151400e-02],
       [-3.00000000e-03,  1.00000000e-03, -1.00000000e-03,
         9.00000000e-03,  1.00000000e-03,  7.00000000e-03,
         4.00000000e-03, -1.00000000e-03, -9.00000000e-03,
        -5.00000000e-03, -3.00000000e-03,  6.00000000e-03,
         7.00000000e-03,  8.00000000e-03,  5.00000000e-03,
        -9.00000000e-03, -9.00000000e-03,  2.00000000e-03,
        -5.00000000e-03,  8.00000000e-03, -7.00000000e-03,
        -8.00000000e-03, -7.00000000e-03,  5.00000000e-03,
         8.00000000e-03,  7.00000000e-03, -2.00000000e-03,
         1.00000000e-03,  9.00000000e-03,  0.00000000e+00,
        -2.00000000e-03,  9.00000000e-03,  7.00000000e-03,
        -3.00000000e-03,  2.00000000e-03, -2.00000000e-03,
         8.00000000e-03,  2.00000000e-03,  4.00000000e-03,
         4.00000000e-03,  1.00000000e-02,  9.00000000e-03,
        -1.00000000e-02,  4.00000000e-03,  2.00000000e-03,
        -3.00000000e-03,  8.00000000e-03, -4.00000000e-03,
        -7.00000000e-03]]), 'deltas': array([[7.79155394e-06],
       [7.75406739e-06],
       [0.00000000e+00]]), 'outputs': array([[0.99805238],
       [0.99806177],
       [1.        ]]), 'errors': 0.004008354761738916}, {'weights': array([[-3.32849831, -3.32347712,  2.90741703],
       [ 3.3333704 ,  3.31833589, -2.90729905]]), 'deltas': array([[-0.00053527],
       [ 0.00053543]]), 'outputs': array([[0.02341161],
       [0.97658494]]), 'errors': array([[-0.02341161],
       [ 0.02341506]])}]
Accuracy: 95.40229885057471 %

train_data group 4 length:  347
   0   1   2   3   4   5   6   7   8  ...  40  41  42  43  44  45  46  47  48
0   1   0   0   1   0   0   1   0   0 ...   1   0   1   0   0   0   1   0   0
1   1   0   0   0   1   0   1   0   0 ...   1   0   1   0   0   0   1   0   0
2   1   0   0   0   1   0   1   0   0 ...   1   0   1   0   0   0   1   0   0
3   1   0   0   0   1   0   1   0   0 ...   1   0   1   0   0   1   0   0   0
4   0   1   0   1   0   0   1   0   0 ...   1   0   1   0   0   0   1   0   0

[5 rows x 49 columns]
Initial Neural Network:
[{'weights': array([[ 0.009, -0.004,  0.005, -0.003, -0.01 ,  0.004,  0.009, -0.005,
        -0.005, -0.003,  0.009, -0.01 , -0.003,  0.01 , -0.005, -0.005,
        -0.004,  0.01 ,  0.004,  0.003, -0.008,  0.004, -0.01 , -0.007,
         0.004,  0.001, -0.008,  0.01 ,  0.007, -0.005,  0.008, -0.003,
        -0.008, -0.01 ,  0.001, -0.007,  0.006, -0.007,  0.008, -0.003,
         0.004, -0.005,  0.01 , -0.004, -0.004, -0.008, -0.001,  0.005,
         0.002],
       [-0.008, -0.007,  0.001,  0.01 ,  0.003,  0.001, -0.007,  0.01 ,
         0.004, -0.01 , -0.008, -0.005, -0.008,  0.01 ,  0.003,  0.004,
         0.001,  0.008, -0.008, -0.003,  0.004, -0.01 ,  0.008, -0.01 ,
         0.005, -0.004,  0.01 , -0.006, -0.01 , -0.007,  0.006, -0.008,
        -0.005, -0.005, -0.003,  0.009, -0.003, -0.009,  0.002,  0.008,
         0.   ,  0.002,  0.006, -0.003,  0.001, -0.004, -0.008,  0.   ,
         0.009],
       [-0.01 ,  0.009, -0.003, -0.009, -0.007,  0.004, -0.009,  0.005,
         0.008,  0.007, -0.004,  0.006, -0.01 , -0.001,  0.007, -0.007,
        -0.003, -0.003, -0.004, -0.009, -0.01 ,  0.003,  0.001,  0.006,
        -0.005,  0.008, -0.005, -0.009, -0.003,  0.007, -0.005, -0.009,
        -0.008, -0.01 ,  0.002,  0.002, -0.003,  0.007,  0.009,  0.002,
         0.004, -0.006, -0.002, -0.001, -0.004, -0.003, -0.001, -0.006,
         0.003]]), 'deltas': array([[0.],
       [0.],
       [0.]]), 'outputs': array([[0.],
       [0.],
       [0.]]), 'errors': array([[0.],
       [0.],
       [0.]])}, {'weights': array([[-0.001,  0.002, -0.001],
       [ 0.006, -0.001,  0.008]]), 'deltas': array([[0.],
       [0.],
       [0.]]), 'outputs': array([[0.],
       [0.],
       [0.]]), 'errors': array([[0.],
       [0.],
       [0.]])}]
Training complete!
Training done. epoch: 8 , total error: 0.0006645943140448717
[{'weights': array([[ 6.58689309e-01, -5.05142666e-01, -2.58130338e-01,
         6.74942289e-02,  5.49954996e-01, -7.41032920e-01,
        -1.04907873e+00,  1.51805161e+00, -5.84556575e-01,
         2.86190243e+00, -2.47570281e+00, -5.04783317e-01,
        -3.51195029e-01,  1.39304219e-01,  9.93071144e-02,
        -4.36405282e-01,  3.92243829e-01, -6.94222426e-02,
         3.91309493e-01, -4.95248114e-01, -1.16450738e-02,
         8.77434348e-01, -2.57086912e-01, -7.47931132e-01,
        -4.38664030e-01,  6.84392851e-01, -3.63312517e-01,
         7.36617838e-01, -7.09077272e-01, -1.30124262e-01,
        -1.42600354e+00,  1.28240673e+00,  2.60131135e-02,
         2.32256015e-01, -3.46173877e-01, -1.66658336e-02,
         4.57279745e-01, -1.30415156e-01, -4.34448285e-01,
         1.73474096e-01, -2.36673565e-01, -5.53842271e-02,
        -6.19241403e-01,  3.89961806e-01,  1.16695901e-01,
         2.89669603e-01, -6.98488879e-01,  2.90235580e-01,
        -1.12583696e-01],
       [ 6.26469382e-01, -5.24006438e-01, -1.43871953e-01,
         7.09495156e-02,  5.25890354e-01, -6.10248878e-01,
        -1.06770554e+00,  1.49005003e+00, -4.42753500e-01,
         2.84064710e+00, -2.52155851e+00, -3.69497597e-01,
        -3.25003484e-01,  1.07256078e-01,  1.95338397e-01,
        -4.35483994e-01,  4.00974492e-01,  2.01004923e-02,
         4.05077373e-01, -5.28112663e-01,  8.86262812e-02,
         8.56066972e-01, -2.21421902e-01, -6.74054079e-01,
        -4.62280458e-01,  7.98464829e-01, -3.52593380e-01,
         7.32296874e-01, -7.41663796e-01, -4.10420877e-02,
        -1.42134155e+00,  1.27530370e+00,  1.11628835e-01,
         2.09125093e-01, -3.12876516e-01,  7.73424145e-02,
         4.35799469e-01, -1.05457634e-01, -3.67750844e-01,
         2.22252600e-01, -2.47642684e-01,  7.98107501e-03,
        -6.04839260e-01,  3.74061060e-01,  2.07369191e-01,
         2.82439302e-01, -7.16786174e-01,  3.94937863e-01,
        -1.84090090e-02],
       [-1.00000000e-02,  9.00000000e-03, -3.00000000e-03,
        -9.00000000e-03, -7.00000000e-03,  4.00000000e-03,
        -9.00000000e-03,  5.00000000e-03,  8.00000000e-03,
         7.00000000e-03, -4.00000000e-03,  6.00000000e-03,
        -1.00000000e-02, -1.00000000e-03,  7.00000000e-03,
        -7.00000000e-03, -3.00000000e-03, -3.00000000e-03,
        -4.00000000e-03, -9.00000000e-03, -1.00000000e-02,
         3.00000000e-03,  1.00000000e-03,  6.00000000e-03,
        -5.00000000e-03,  8.00000000e-03, -5.00000000e-03,
        -9.00000000e-03, -3.00000000e-03,  7.00000000e-03,
        -5.00000000e-03, -9.00000000e-03, -8.00000000e-03,
        -1.00000000e-02,  2.00000000e-03,  2.00000000e-03,
        -3.00000000e-03,  7.00000000e-03,  9.00000000e-03,
         2.00000000e-03,  4.00000000e-03, -6.00000000e-03,
        -2.00000000e-03, -1.00000000e-03, -4.00000000e-03,
        -3.00000000e-03, -1.00000000e-03, -6.00000000e-03,
         3.00000000e-03]]), 'deltas': array([[8.20311709e-05],
       [8.39882809e-05],
       [0.00000000e+00]]), 'outputs': array([[0.98281774],
       [0.98240033],
       [1.        ]]), 'errors': 0.004857644131100287}, {'weights': array([[-3.43699539, -3.42097981,  3.10572932],
       [ 3.4389802 ,  3.41899715, -3.10570132]]), 'deltas': array([[-0.00064748],
       [ 0.00064744]]), 'outputs': array([[0.02578012],
       [0.97422066]]), 'errors': array([[-0.02578012],
       [ 0.02577934]])}]
Accuracy: 88.63636363636364 %

Feedforward Neural Network AVG Accuracy (%): 95.1958640130252 %
