Namespace(error_threshold=0.001, max_epochs=1000, num_layers=2, num_nodes_per_hidden_layer=18, training_rate=0.5)

train_data group 0 length:  38
   0   1   2   3   4   5   6   7   8  ...  50  51  52  53  54  55  56  57  58
0   0   0   0   0   1   0   0   1   0 ...   1   0   1   0   1   0   1   0   0
1   0   0   0   0   0   0   1   1   0 ...   1   0   1   0   1   0   1   0   0
2   0   0   0   0   0   1   0   1   0 ...   0   1   0   1   1   0   1   0   1
3   0   0   0   0   1   0   0   1   0 ...   0   1   0   1   1   0   1   0   1
4   1   0   0   0   0   0   0   0   1 ...   1   0   1   0   0   1   1   0   2

[5 rows x 59 columns]
Initial Neural Network:
[{'weights': array([[ 0.004,  0.008, -0.01 , ...,  0.006, -0.007,  0.009],
       [ 0.006,  0.007,  0.   , ..., -0.002, -0.008,  0.002],
       [-0.01 ,  0.003, -0.006, ...,  0.001,  0.004, -0.005],
       ...,
       [ 0.009, -0.003, -0.001, ..., -0.009, -0.008,  0.01 ],
       [ 0.008, -0.006,  0.004, ..., -0.009,  0.005, -0.009],
       [-0.004, -0.002, -0.004, ..., -0.001, -0.005, -0.007]]), 'deltas': array([[0.],
       [0.],
       [0.],
       [0.],
       [0.],
       [0.],
       [0.],
       [0.],
       [0.],
       [0.],
       [0.],
       [0.],
       [0.],
       [0.],
       [0.],
       [0.],
       [0.],
       [0.],
       [0.]]), 'outputs': array([[0.],
       [0.],
       [0.],
       [0.],
       [0.],
       [0.],
       [0.],
       [0.],
       [0.],
       [0.],
       [0.],
       [0.],
       [0.],
       [0.],
       [0.],
       [0.],
       [0.],
       [0.],
       [0.]]), 'errors': array([[0.],
       [0.],
       [0.],
       [0.],
       [0.],
       [0.],
       [0.],
       [0.],
       [0.],
       [0.],
       [0.],
       [0.],
       [0.],
       [0.],
       [0.],
       [0.],
       [0.],
       [0.],
       [0.]])}, {'weights': array([[-0.005,  0.001,  0.005,  0.004, -0.001,  0.003, -0.009, -0.008,
        -0.009,  0.001,  0.008,  0.007, -0.009,  0.004, -0.01 ,  0.007,
         0.001,  0.006,  0.002],
       [ 0.006,  0.009, -0.003, -0.003, -0.005,  0.002, -0.003, -0.008,
        -0.003,  0.002,  0.007, -0.006,  0.01 , -0.003, -0.005,  0.003,
        -0.003,  0.009, -0.006],
       [ 0.004,  0.005,  0.008,  0.01 , -0.01 , -0.008,  0.001,  0.007,
        -0.009,  0.001, -0.005,  0.001, -0.007, -0.005,  0.008, -0.001,
         0.001, -0.001, -0.007],
       [-0.004,  0.001,  0.005,  0.007,  0.003, -0.005, -0.004, -0.004,
         0.009,  0.009,  0.002, -0.005, -0.01 , -0.003, -0.004,  0.002,
        -0.008,  0.009, -0.007]]), 'deltas': array([[0.],
       [0.],
       [0.],
       [0.],
       [0.]]), 'outputs': array([[0.],
       [0.],
       [0.],
       [0.],
       [0.]]), 'errors': array([[0.],
       [0.],
       [0.],
       [0.],
       [0.]])}]
Training complete!
Training done. epoch: 107 , total error: 0.0008560996472318441
[{'weights': array([[-0.00342706,  0.30618591, -0.07790797, ..., -0.22366201,
         0.15920929, -0.05445272],
       [-0.24985645,  0.33418828, -0.11880573, ..., -0.73298293,
         0.39605422, -0.32492871],
       [ 0.07940527,  0.29093656, -0.06681731, ..., -0.24001858,
         0.19679181, -0.05322677],
       ...,
       [-0.36654369,  0.31532314, -0.23162976, ..., -0.53179175,
         0.29060458, -0.21418718],
       [-0.23963717,  0.33020835, -0.10496039, ..., -0.82249388,
         0.49337663, -0.33411725],
       [-0.004     , -0.002     , -0.004     , ..., -0.001     ,
        -0.005     , -0.007     ]]), 'deltas': array([[9.82740993e-06],
       [1.70285901e-04],
       [8.43521106e-06],
       [1.69156248e-04],
       [8.92226874e-06],
       [4.42324384e-06],
       [6.94707484e-05],
       [9.16284128e-06],
       [2.11236767e-04],
       [4.41101114e-06],
       [1.65209813e-04],
       [1.61424992e-04],
       [1.67209642e-04],
       [1.67025661e-04],
       [5.41841436e-06],
       [8.01447377e-06],
       [2.08869684e-04],
       [1.52197315e-04],
       [0.00000000e+00]]), 'outputs': array([[0.99829879],
       [0.96965121],
       [0.99854015],
       [0.969859  ],
       [0.99845572],
       [0.99923502],
       [0.9878468 ],
       [0.99841402],
       [0.96205561],
       [0.99923713],
       [0.97058419],
       [0.97127863],
       [0.97021684],
       [0.97025065],
       [0.99906275],
       [0.99861307],
       [0.96249806],
       [0.97296746],
       [1.        ]]), 'errors': 0.005786577626520082}, {'weights': array([[-0.90499976, -0.82509184,  0.02008734, -0.45073766,  6.44001675,
        -1.13131094, -1.05156402, -0.59326276,  1.81630153, -1.27561602,
        -0.63738751, -0.64952048, -0.70171699, -0.85033363, -1.06439352,
        -0.70904625,  2.34421359, -0.84661295, -2.22004537],
       [-1.28616471, -1.04691792, -1.66393946, -1.10022949, -4.11287034,
        -1.34456429, -1.22378588, -1.40385113, -1.1188333 , -1.41045207,
        -1.0460268 , -1.04282943, -1.0448848 , -1.06194414, -1.46469121,
        -1.34210811, -1.11469293, -0.98598802,  2.65270315],
       [ 0.39357856, -1.00312805,  0.89781384, -1.22258049,  1.05244813,
         1.00383761,  0.30133796,  0.3668457 , -1.83756219,  1.51065786,
        -1.26451967, -1.35251752, -1.20408343, -1.05640363,  1.44771156,
         0.41883205, -1.82394272, -1.40347078, -4.70531129],
       [ 0.23752781,  1.02496995, -0.20842995,  1.07208094, -0.68306618,
         0.01063604,  0.34950564,  0.1414265 ,  0.88539442, -0.07419315,
         1.10181579,  1.10681376,  1.07630479,  1.05433261, -0.13514752,
         0.17033367,  0.73166085,  1.18818007, -4.86976105]]), 'deltas': array([[-1.26254579e-03],
       [-1.09455203e-19],
       [-1.23294056e-08],
       [ 3.94162463e-04]]), 'outputs': array([[3.61933354e-02],
       [3.30840148e-10],
       [1.11044022e-04],
       [9.79944341e-01]]), 'errors': array([[-3.61933354e-02],
       [-3.30840148e-10],
       [-1.11044022e-04],
       [ 2.00556585e-02]])}]
neural_net output [7.57010039e-01 9.68617238e-06 1.18356355e-01 2.90229687e-02]
target: 0 prediction: 0
neural_net output [7.76305669e-01 4.89870877e-06 1.81995304e-01 2.52451362e-02]
target: 0 prediction: 0
neural_net output [0.10022014 0.92713117 0.00864827 0.00793696]
target: 1 prediction: 1
neural_net output [0.09802951 0.93165735 0.00880271 0.0077687 ]
target: 1 prediction: 1
neural_net output [1.53702925e-01 5.51097946e-06 7.86588201e-01 1.01458651e-02]
target: 2 prediction: 2
neural_net output [1.48914702e-01 9.99208813e-06 8.99508275e-01 5.49854145e-03]
target: 2 prediction: 2
neural_net output [3.92074284e-02 4.44744373e-10 1.49806103e-04 9.74258066e-01]
target: 3 prediction: 3
neural_net output [3.73697619e-02 3.25029699e-10 1.07565240e-04 9.80244737e-01]
target: 3 prediction: 3
neural_net output [3.83490165e-02 3.18199165e-10 1.04992202e-04 9.80481444e-01]
target: 3 prediction: 3
Accuracy: 100.0 %

train_data group 1 length:  38
   0   1   2   3   4   5   6   7   8  ...  50  51  52  53  54  55  56  57  58
0   0   0   0   0   0   0   1   1   0 ...   1   0   1   0   1   0   1   0   0
1   0   0   0   0   0   0   1   1   0 ...   1   0   1   0   1   0   1   0   0
2   0   0   0   1   0   0   0   1   0 ...   0   1   0   1   1   0   1   0   1
3   0   0   0   0   0   0   1   1   0 ...   0   1   0   1   1   0   1   0   1
4   0   0   0   0   1   0   0   1   0 ...   1   0   1   0   0   1   1   0   2

[5 rows x 59 columns]
Initial Neural Network:
[{'weights': array([[ 0.   ,  0.001,  0.002, ..., -0.001, -0.005, -0.004],
       [ 0.007,  0.005,  0.002, ..., -0.004,  0.003,  0.001],
       [-0.007, -0.01 , -0.005, ...,  0.009,  0.001,  0.004],
       ...,
       [-0.002,  0.005, -0.009, ...,  0.01 ,  0.009,  0.008],
       [-0.01 , -0.002, -0.005, ..., -0.001,  0.005,  0.005],
       [ 0.007, -0.009, -0.005, ...,  0.006,  0.001, -0.01 ]]), 'deltas': array([[0.],
       [0.],
       [0.],
       [0.],
       [0.],
       [0.],
       [0.],
       [0.],
       [0.],
       [0.],
       [0.],
       [0.],
       [0.],
       [0.],
       [0.],
       [0.],
       [0.],
       [0.],
       [0.]]), 'outputs': array([[0.],
       [0.],
       [0.],
       [0.],
       [0.],
       [0.],
       [0.],
       [0.],
       [0.],
       [0.],
       [0.],
       [0.],
       [0.],
       [0.],
       [0.],
       [0.],
       [0.],
       [0.],
       [0.]]), 'errors': array([[0.],
       [0.],
       [0.],
       [0.],
       [0.],
       [0.],
       [0.],
       [0.],
       [0.],
       [0.],
       [0.],
       [0.],
       [0.],
       [0.],
       [0.],
       [0.],
       [0.],
       [0.],
       [0.]])}, {'weights': array([[ 0.003,  0.005,  0.003, -0.003, -0.002, -0.009,  0.002,  0.002,
        -0.007,  0.002, -0.001, -0.003, -0.001, -0.006,  0.008,  0.007,
         0.002,  0.001,  0.001],
       [ 0.006, -0.009, -0.009,  0.009,  0.006, -0.004,  0.006, -0.007,
        -0.006,  0.006,  0.007,  0.007, -0.006,  0.002,  0.006, -0.009,
        -0.005,  0.009, -0.001],
       [ 0.005, -0.003, -0.007, -0.001,  0.007, -0.008, -0.003,  0.006,
        -0.007,  0.01 , -0.003, -0.005,  0.009,  0.009,  0.007,  0.005,
         0.007, -0.009,  0.   ],
       [ 0.008,  0.004,  0.001,  0.002, -0.006,  0.001,  0.001, -0.003,
        -0.005,  0.002,  0.   ,  0.004,  0.003, -0.008, -0.007,  0.007,
        -0.003,  0.004, -0.001]]), 'deltas': array([[0.],
       [0.],
       [0.],
       [0.],
       [0.]]), 'outputs': array([[0.],
       [0.],
       [0.],
       [0.],
       [0.]]), 'errors': array([[0.],
       [0.],
       [0.],
       [0.],
       [0.]])}]
Training complete!
Training done. epoch: 73 , total error: 0.0009447704221710624
[{'weights': array([[ 0.13601772,  0.33525628, -0.08623611, ..., -0.43476434,
         0.27977156, -0.15299278],
       [ 0.15762561,  0.33443522, -0.08699594, ..., -0.37654788,
         0.26412681, -0.11042107],
       [ 0.12503944,  0.32853738, -0.08853263, ..., -0.51327614,
         0.32975892, -0.18951721],
       ...,
       [ 0.08968586,  0.34542912, -0.08016734, ..., -0.50713488,
         0.34170471, -0.17643017],
       [ 0.07922951,  0.34018953, -0.07083696, ..., -0.55703263,
         0.3601445 , -0.19588813],
       [ 0.007     , -0.009     , -0.005     , ...,  0.006     ,
         0.001     , -0.01      ]]), 'deltas': array([[5.01515658e-05],
       [3.63773780e-05],
       [6.59496897e-05],
       [8.66299047e-05],
       [3.55586813e-05],
       [7.34088367e-05],
       [2.67736404e-05],
       [8.13462931e-05],
       [7.38825635e-05],
       [1.53996760e-05],
       [1.12480961e-05],
       [8.82496771e-05],
       [7.27566803e-05],
       [1.71024113e-05],
       [9.30158856e-05],
       [9.14851740e-05],
       [6.98190530e-05],
       [7.53868861e-05],
       [0.00000000e+00]]), 'outputs': array([[0.99216931],
       [0.99433238],
       [0.98967665],
       [0.98639438],
       [0.99446065],
       [0.98849531],
       [0.99583494],
       [0.98723507],
       [0.98842019],
       [0.9976086 ],
       [0.99825442],
       [0.98613636],
       [0.98859871],
       [0.99734348],
       [0.98537634],
       [0.98562056],
       [0.9890642 ],
       [0.98818156],
       [1.        ]]), 'errors': 0.006455038977709557}, {'weights': array([[-0.7587828 , -0.73761351, -0.8195817 , -0.55012731, -0.76211063,
        -0.76860359, -0.92671834, -0.87154416, -0.72736192, -1.17023134,
        -1.13874768, -0.75841474, -0.77636463,  5.7408746 , -0.52192805,
        -0.57028539, -0.52386617, -0.49675021, -1.22760316],
       [-1.13030226, -1.22577189, -1.06455444, -1.00659542, -1.19756175,
        -1.06371415, -1.22473568, -1.02634134, -1.04267693, -1.32126513,
        -1.61326329, -0.98360065, -1.06849973, -4.08042325, -0.99197287,
        -1.03738233, -1.11421912, -1.08970436,  1.87845899],
       [ 0.12027321,  0.50875056, -0.33269679, -1.13882963,  0.55711603,
        -0.46438491,  0.99040805, -0.51962523, -0.71000172,  2.01932619,
         3.48067383, -0.96659824, -0.42520175,  0.70187179, -1.151947  ,
        -0.95703699, -0.50378655, -0.76318047, -4.13478236],
       [ 0.48982461,  0.37608122,  0.60988726,  0.76842471,  0.34097572,
         0.64704468,  0.24754208,  0.68266229,  0.67939285,  0.03575382,
        -0.27441148,  0.78072658,  0.64742276, -0.69091101,  0.75499986,
         0.74454462,  0.59462906,  0.67627122, -4.66575449]]), 'deltas': array([[-6.59385235e-08],
       [-3.72240248e-19],
       [-6.82561284e-04],
       [ 1.14738336e-03]]), 'outputs': array([[2.56817955e-04],
       [6.10114947e-10],
       [2.64787888e-02],
       [9.65527567e-01]]), 'errors': array([[-2.56817955e-04],
       [-6.10114947e-10],
       [-2.64787888e-02],
       [ 3.44724329e-02]])}]
Accuracy: 100.0 %

train_data group 2 length:  37
   0   1   2   3   4   5   6   7   8  ...  50  51  52  53  54  55  56  57  58
0   0   0   0   0   0   0   1   1   0 ...   1   0   1   0   1   0   1   0   0
1   0   0   0   0   0   0   1   1   0 ...   1   0   1   0   1   0   1   0   0
2   0   0   0   1   0   0   0   1   0 ...   0   1   0   1   1   0   1   0   1
3   0   0   0   0   0   0   1   1   0 ...   0   1   0   1   1   0   1   0   1
4   0   0   0   0   1   0   0   1   0 ...   1   0   1   0   0   1   1   0   2

[5 rows x 59 columns]
Initial Neural Network:
[{'weights': array([[-0.01 ,  0.006, -0.009, ..., -0.004, -0.007, -0.004],
       [ 0.002,  0.01 ,  0.007, ...,  0.   , -0.007, -0.001],
       [ 0.008, -0.009, -0.009, ...,  0.008,  0.01 ,  0.   ],
       ...,
       [-0.006, -0.006, -0.01 , ...,  0.   , -0.003, -0.009],
       [-0.009,  0.007,  0.01 , ...,  0.009, -0.005,  0.002],
       [-0.008,  0.008, -0.007, ..., -0.005,  0.008,  0.01 ]]), 'deltas': array([[0.],
       [0.],
       [0.],
       [0.],
       [0.],
       [0.],
       [0.],
       [0.],
       [0.],
       [0.],
       [0.],
       [0.],
       [0.],
       [0.],
       [0.],
       [0.],
       [0.],
       [0.],
       [0.]]), 'outputs': array([[0.],
       [0.],
       [0.],
       [0.],
       [0.],
       [0.],
       [0.],
       [0.],
       [0.],
       [0.],
       [0.],
       [0.],
       [0.],
       [0.],
       [0.],
       [0.],
       [0.],
       [0.],
       [0.]]), 'errors': array([[0.],
       [0.],
       [0.],
       [0.],
       [0.],
       [0.],
       [0.],
       [0.],
       [0.],
       [0.],
       [0.],
       [0.],
       [0.],
       [0.],
       [0.],
       [0.],
       [0.],
       [0.],
       [0.]])}, {'weights': array([[-0.009,  0.009, -0.006,  0.   ,  0.008,  0.004,  0.004, -0.001,
         0.002, -0.009, -0.001, -0.004,  0.001, -0.009,  0.006,  0.005,
         0.007, -0.01 , -0.004],
       [-0.007,  0.009, -0.008,  0.004, -0.006,  0.002,  0.007,  0.   ,
         0.002, -0.001,  0.   ,  0.003,  0.002,  0.01 ,  0.01 ,  0.004,
         0.005,  0.007,  0.005],
       [ 0.006,  0.002,  0.001,  0.001,  0.004,  0.004,  0.009, -0.01 ,
         0.003,  0.009,  0.006,  0.01 , -0.001, -0.005,  0.   ,  0.01 ,
         0.009, -0.005, -0.001],
       [ 0.007, -0.001,  0.002, -0.003,  0.   , -0.007,  0.008, -0.007,
         0.006,  0.003,  0.007,  0.008, -0.007,  0.002, -0.008, -0.005,
        -0.005,  0.001,  0.002]]), 'deltas': array([[0.],
       [0.],
       [0.],
       [0.],
       [0.]]), 'outputs': array([[0.],
       [0.],
       [0.],
       [0.],
       [0.]]), 'errors': array([[0.],
       [0.],
       [0.],
       [0.],
       [0.]])}]
Training complete!
Training done. epoch: 259 , total error: 0.0003429319517711272
[{'weights': array([[-0.13003166,  0.56296015,  0.18880322, ..., -0.58754992,
         0.40240337, -0.17814654],
       [-0.0830006 ,  0.56595815,  0.18695939, ..., -0.52666945,
         0.34662882, -0.17404064],
       [-0.16761368,  0.5525261 ,  0.17600522, ..., -0.64417568,
         0.46345231, -0.19872337],
       ...,
       [-0.03404236,  0.55071008,  0.19499302, ..., -0.39539119,
         0.26163319, -0.139758  ],
       [ 0.05842723,  0.55716474,  0.23797862, ..., -0.20587996,
         0.09805156, -0.1098284 ],
       [-0.008     ,  0.008     , -0.007     , ..., -0.005     ,
         0.008     ,  0.01      ]]), 'deltas': array([[1.04926085e-05],
       [1.02119831e-05],
       [1.87173630e-05],
       [8.48160818e-06],
       [1.77426079e-05],
       [5.73368295e-06],
       [2.95660574e-05],
       [9.07124058e-06],
       [4.68310801e-06],
       [1.22773544e-05],
       [7.16519806e-06],
       [8.83310560e-06],
       [5.09977890e-06],
       [3.73052813e-06],
       [1.22460791e-05],
       [4.15515160e-06],
       [4.76050877e-06],
       [3.81848823e-06],
       [0.00000000e+00]]), 'outputs': array([[0.99599554],
       [0.99610306],
       [0.99283384],
       [0.99676553],
       [0.99320961],
       [0.99781575],
       [0.98863219],
       [0.99653989],
       [0.99821669],
       [0.99531117],
       [0.99726892],
       [0.99663103],
       [0.99805771],
       [0.99857994],
       [0.99532317],
       [0.99841805],
       [0.99818716],
       [0.99854641],
       [1.        ]]), 'errors': 0.0026307631932687967}, {'weights': array([[-1.7963478 , -1.88409678, -2.16185182, -1.64847772, -2.06819838,
        -1.5850897 , -2.99032517, -1.89287486, -1.7636665 , -1.84720343,
        -1.6983338 , -1.87707674, -1.77035647, -1.95773178, -1.87850652,
        -1.89986975, -1.78419975, -2.00924554,  0.92955571],
       [-0.52476119, -0.58382764,  0.41202838, -0.57030044,  0.1605147 ,
        -0.85596453,  1.66253402, -0.7008792 , -1.15162081, -0.31330929,
        -0.79029496, -0.69201009, -1.07458718, -1.40884041, -0.33976267,
        -1.30243878, -1.15000528, -1.49225107,  0.19157588],
       [-1.611624  , -0.34101725, -3.44532181, -2.70565823, -2.6029796 ,
        -1.81542493, -3.15541167,  0.25637932,  1.51685422, -2.25374615,
        -1.19911545,  0.16013347,  1.00467541,  4.75333931, -1.6230325 ,
         3.75683303,  1.71812424,  5.6687612 , -1.8810696 ],
       [ 0.54899977,  0.53121943,  0.60785001,  0.59285903,  0.57428559,
         0.54540178,  0.62417111,  0.51935802,  0.4959745 ,  0.5653307 ,
         0.55254518,  0.52084334,  0.50414973,  0.42932011,  0.55532046,
         0.44133337,  0.48297649,  0.40566183, -4.90368762]]), 'deltas': array([[-8.93917446e-30],
       [-7.33401785e-10],
       [-5.63762861e-04],
       [ 1.07091251e-04]]), 'outputs': array([[2.98984522e-15],
       [2.70817586e-05],
       [2.40342706e-02],
       [9.89597260e-01]]), 'errors': array([[-2.98984522e-15],
       [-2.70817586e-05],
       [-2.40342706e-02],
       [ 1.04027402e-02]])}]
Accuracy: 80.0 %

train_data group 3 length:  38
   0   1   2   3   4   5   6   7   8  ...  50  51  52  53  54  55  56  57  58
0   0   0   0   0   0   0   1   1   0 ...   1   0   1   0   1   0   1   0   0
1   0   0   0   0   0   0   1   1   0 ...   1   0   1   0   1   0   1   0   0
2   0   0   0   1   0   0   0   1   0 ...   0   1   0   1   1   0   1   0   1
3   0   0   0   0   0   0   1   1   0 ...   0   1   0   1   1   0   1   0   1
4   0   0   0   0   1   0   0   1   0 ...   1   0   1   0   0   1   1   0   2

[5 rows x 59 columns]
Initial Neural Network:
[{'weights': array([[ 0.006, -0.008, -0.001, ...,  0.005,  0.006,  0.003],
       [ 0.002,  0.006, -0.008, ...,  0.007, -0.005, -0.008],
       [-0.007,  0.008,  0.006, ...,  0.004, -0.008,  0.001],
       ...,
       [ 0.005,  0.009,  0.01 , ..., -0.003,  0.004, -0.001],
       [ 0.007,  0.001, -0.004, ...,  0.001, -0.007, -0.002],
       [ 0.001,  0.002, -0.01 , ...,  0.003,  0.003, -0.008]]), 'deltas': array([[0.],
       [0.],
       [0.],
       [0.],
       [0.],
       [0.],
       [0.],
       [0.],
       [0.],
       [0.],
       [0.],
       [0.],
       [0.],
       [0.],
       [0.],
       [0.],
       [0.],
       [0.],
       [0.]]), 'outputs': array([[0.],
       [0.],
       [0.],
       [0.],
       [0.],
       [0.],
       [0.],
       [0.],
       [0.],
       [0.],
       [0.],
       [0.],
       [0.],
       [0.],
       [0.],
       [0.],
       [0.],
       [0.],
       [0.]]), 'errors': array([[0.],
       [0.],
       [0.],
       [0.],
       [0.],
       [0.],
       [0.],
       [0.],
       [0.],
       [0.],
       [0.],
       [0.],
       [0.],
       [0.],
       [0.],
       [0.],
       [0.],
       [0.],
       [0.]])}, {'weights': array([[-0.008, -0.004, -0.002,  0.01 ,  0.006,  0.   , -0.004,  0.   ,
        -0.003, -0.003, -0.005,  0.01 ,  0.005,  0.002, -0.005, -0.005,
         0.007,  0.008, -0.005],
       [-0.01 ,  0.01 , -0.007,  0.002, -0.002, -0.003, -0.009,  0.004,
        -0.008,  0.005, -0.008, -0.008, -0.01 , -0.01 , -0.007,  0.009,
        -0.006,  0.006,  0.005],
       [ 0.001,  0.008,  0.005,  0.002,  0.001,  0.003,  0.005, -0.009,
         0.005, -0.009,  0.002,  0.009,  0.007,  0.009, -0.007, -0.007,
        -0.006,  0.005,  0.007],
       [-0.009,  0.009,  0.008,  0.002,  0.006,  0.002, -0.007, -0.004,
         0.001,  0.009, -0.01 , -0.001,  0.008,  0.002, -0.007,  0.01 ,
         0.   , -0.002,  0.01 ]]), 'deltas': array([[0.],
       [0.],
       [0.],
       [0.],
       [0.]]), 'outputs': array([[0.],
       [0.],
       [0.],
       [0.],
       [0.]]), 'errors': array([[0.],
       [0.],
       [0.],
       [0.],
       [0.]])}]
Training complete!
Training done. epoch: 138 , total error: 0.000964930178163016
[{'weights': array([[-0.10479889,  0.3626815 ,  0.01355599, ..., -0.85180668,
         0.65905519, -0.20075148],
       [-0.04920239,  0.34073244, -0.07706796, ..., -0.21956047,
         0.30621029,  0.07664982],
       [-0.09401794,  0.37782393, -0.00551888, ..., -0.82188696,
         0.61626023, -0.20062673],
       ...,
       [ 0.01054014,  0.37038206,  0.01901579, ..., -0.66314273,
         0.58081495, -0.08432778],
       [-0.11970445,  0.37318559, -0.01521712, ..., -0.8450688 ,
         0.61979745, -0.22127135],
       [ 0.001     ,  0.002     , -0.01      , ...,  0.003     ,
         0.003     , -0.008     ]]), 'deltas': array([[3.13065891e-05],
       [3.94702909e-06],
       [2.91044200e-05],
       [1.11601546e-04],
       [6.03094498e-05],
       [7.90518974e-05],
       [4.73180667e-05],
       [7.85729937e-05],
       [1.93285147e-05],
       [4.14039770e-05],
       [4.49582363e-05],
       [3.69734039e-05],
       [2.56072046e-05],
       [3.38739325e-05],
       [4.47713569e-05],
       [5.95810961e-05],
       [9.26801045e-06],
       [4.17106716e-05],
       [0.00000000e+00]]), 'outputs': array([[0.99511744],
       [0.99938705],
       [0.99546246],
       [0.9823688 ],
       [0.9905508 ],
       [0.98757697],
       [0.99260159],
       [0.98765318],
       [0.9969912 ],
       [0.99353235],
       [0.99297319],
       [0.99422849],
       [0.99600989],
       [0.9947149 ],
       [0.99300261],
       [0.99066601],
       [0.99855955],
       [0.99348413],
       [1.        ]]), 'errors': 0.006443379851386095}, {'weights': array([[-1.56350368,  5.97176354, -1.50859413,  1.2869034 , -0.66784439,
         0.00779128, -1.08444961, -0.13305997, -2.03218486, -1.29104398,
        -1.14157224, -1.30441573, -1.73121506, -1.4893538 , -1.21135119,
        -0.7356159 , -2.27326368, -1.06474805, -2.37491245],
       [-1.31051094, -3.93043821, -1.44816871, -1.89125815, -1.50227926,
        -1.69264368, -1.3764027 , -1.54106631, -1.33191644, -1.3402877 ,
        -1.40951466, -1.36910775, -1.37784287, -1.39609655, -1.28725601,
        -1.47751357, -1.47178814, -1.4699712 ,  2.50981235],
       [-0.1015905 ,  1.49442855,  1.09078952, -3.0409166 , -0.7401859 ,
        -1.0420069 , -0.78271847, -1.76705832,  1.54252964, -0.49931867,
        -0.34313005, -0.22263695,  1.13777829,  0.5185323 , -1.18901814,
        -0.72375919,  3.79759689,  0.25480283, -2.71771229],
       [ 0.58887578, -0.23107913,  0.48935275,  0.48227994,  0.57017428,
         0.507512  ,  0.59970495,  0.56384875,  0.49955613,  0.61826824,
         0.57312989,  0.59923135,  0.52711677,  0.54828109,  0.64007615,
         0.57746237,  0.31915473,  0.52086181, -5.09894179]]), 'deltas': array([[-4.05916912e-13],
       [-3.04341959e-23],
       [-1.41515175e-03],
       [ 4.48445802e-04]]), 'outputs': array([[6.37116293e-07],
       [5.51671967e-12],
       [3.83615005e-02],
       [9.78593094e-01]]), 'errors': array([[-6.37116293e-07],
       [-5.51671967e-12],
       [-3.83615005e-02],
       [ 2.14069063e-02]])}]
Accuracy: 100.0 %

train_data group 4 length:  37
   0   1   2   3   4   5   6   7   8  ...  50  51  52  53  54  55  56  57  58
0   0   0   0   0   0   0   1   1   0 ...   1   0   1   0   1   0   1   0   0
1   0   0   0   0   0   0   1   1   0 ...   1   0   1   0   1   0   1   0   0
2   0   0   0   1   0   0   0   1   0 ...   0   1   0   1   1   0   1   0   1
3   0   0   0   0   0   0   1   1   0 ...   0   1   0   1   1   0   1   0   1
4   0   0   0   0   1   0   0   1   0 ...   1   0   1   0   0   1   1   0   2

[5 rows x 59 columns]
Initial Neural Network:
[{'weights': array([[ 0.002,  0.009, -0.008, ...,  0.009, -0.008, -0.007],
       [ 0.008,  0.008,  0.005, ...,  0.003, -0.005,  0.01 ],
       [ 0.003,  0.   , -0.008, ...,  0.   , -0.01 , -0.004],
       ...,
       [ 0.009, -0.006, -0.002, ..., -0.002,  0.006,  0.01 ],
       [-0.006,  0.007,  0.003, ..., -0.003,  0.008,  0.009],
       [ 0.005,  0.001,  0.004, ..., -0.009,  0.009,  0.004]]), 'deltas': array([[0.],
       [0.],
       [0.],
       [0.],
       [0.],
       [0.],
       [0.],
       [0.],
       [0.],
       [0.],
       [0.],
       [0.],
       [0.],
       [0.],
       [0.],
       [0.],
       [0.],
       [0.],
       [0.]]), 'outputs': array([[0.],
       [0.],
       [0.],
       [0.],
       [0.],
       [0.],
       [0.],
       [0.],
       [0.],
       [0.],
       [0.],
       [0.],
       [0.],
       [0.],
       [0.],
       [0.],
       [0.],
       [0.],
       [0.]]), 'errors': array([[0.],
       [0.],
       [0.],
       [0.],
       [0.],
       [0.],
       [0.],
       [0.],
       [0.],
       [0.],
       [0.],
       [0.],
       [0.],
       [0.],
       [0.],
       [0.],
       [0.],
       [0.],
       [0.]])}, {'weights': array([[-0.008,  0.001,  0.006, -0.004,  0.002,  0.005, -0.006, -0.006,
        -0.002,  0.003, -0.004,  0.003, -0.009,  0.007,  0.007, -0.008,
        -0.001,  0.008,  0.007],
       [ 0.007,  0.004,  0.004, -0.003,  0.007, -0.004, -0.01 , -0.005,
         0.007,  0.004,  0.008,  0.008,  0.01 , -0.007,  0.   ,  0.003,
         0.002, -0.001,  0.004],
       [ 0.005,  0.007,  0.002,  0.001,  0.001,  0.003,  0.007,  0.01 ,
        -0.007,  0.004, -0.008, -0.001,  0.   , -0.006,  0.001,  0.009,
         0.   , -0.002, -0.003],
       [-0.006, -0.007, -0.003,  0.006,  0.003, -0.004,  0.007, -0.001,
        -0.005, -0.002,  0.002,  0.007, -0.006, -0.001,  0.007,  0.003,
         0.002, -0.006, -0.01 ]]), 'deltas': array([[0.],
       [0.],
       [0.],
       [0.],
       [0.]]), 'outputs': array([[0.],
       [0.],
       [0.],
       [0.],
       [0.]]), 'errors': array([[0.],
       [0.],
       [0.],
       [0.],
       [0.]])}]
Training complete!
Training done. epoch: 125 , total error: 0.0009993465345491904
[{'weights': array([[ 4.01260162e-02,  3.61138539e-01, -2.54309806e-01, ...,
        -1.29740280e+00,  1.20274994e+00, -1.02652858e-01],
       [ 4.94586759e-02,  3.57180556e-01, -2.52952045e-01, ...,
        -1.30943113e+00,  1.20371106e+00, -9.37200626e-02],
       [ 4.22425942e-02,  3.48469972e-01, -2.84619762e-01, ...,
        -1.30459912e+00,  1.19787962e+00, -1.00719499e-01],
       ...,
       [ 3.86860472e-02,  3.42073652e-01, -2.89338183e-01, ...,
        -1.30539833e+00,  1.21168622e+00, -8.77121019e-02],
       [ 3.88889759e-02,  3.55637049e-01, -2.52346563e-01, ...,
        -1.31268355e+00,  1.21728237e+00, -9.14011837e-02],
       [ 5.00000000e-03,  1.00000000e-03,  4.00000000e-03, ...,
        -9.00000000e-03,  9.00000000e-03,  4.00000000e-03]]), 'deltas': array([[-4.06190842e-05],
       [-2.26602256e-05],
       [-1.85639049e-05],
       [-1.21995812e-05],
       [-4.23491097e-05],
       [-1.75656716e-05],
       [-1.35035046e-05],
       [-3.56067213e-05],
       [-6.46644794e-05],
       [-3.75824616e-05],
       [-3.43813337e-05],
       [-7.43132974e-06],
       [-8.92660596e-05],
       [-7.98430342e-05],
       [-1.52066774e-05],
       [-1.97118417e-05],
       [-2.16615975e-05],
       [-2.69655020e-05],
       [-0.00000000e+00]]), 'outputs': array([[0.1307031 ],
       [0.06801069],
       [0.05494607],
       [0.03537617],
       [0.13731423],
       [0.05182006],
       [0.03931794],
       [0.11218459],
       [0.23709248],
       [0.1193765 ],
       [0.8922097 ],
       [0.02123799],
       [0.48254245],
       [0.66328771],
       [0.04451801],
       [0.05856825],
       [0.06478956],
       [0.08218182],
       [1.        ]]), 'errors': -0.00035750005374059635}, {'weights': array([[-1.73545791, -1.70896545, -1.7141286 , -1.72410783, -1.79152427,
        -1.72173544, -1.76514581, -1.73371235, -1.76251388, -1.71629791,
        -2.30386437, -1.89769097, -1.82643052, -1.90807253, -1.71957539,
        -1.74447207, -1.76588668, -1.69101616,  2.08027554],
       [-0.22372535, -0.71492612, -0.81173083, -1.15709182, -0.10408645,
        -0.83539905, -1.04229545, -0.33954676,  0.12664485, -0.26144043,
         5.59925675, -1.36857092,  0.8170057 ,  1.77299271, -0.99850986,
        -0.73044763, -0.64501619, -0.56378715, -2.05876625],
       [-0.59906788, -0.03717269,  0.24957529,  0.85499162, -0.36704669,
         0.20432247,  0.85469813, -0.42197067, -0.78363348, -0.58603825,
        -2.31404582,  2.88080638, -1.00823955, -1.3415588 ,  0.56101193,
         0.18358243,  0.13874457, -0.28467361, -0.38999637],
       [ 0.5227658 ,  0.51202832,  0.52054611,  0.51166847,  0.51122917,
         0.51851594,  0.51803865,  0.50386479,  0.50393688,  0.52575721,
         0.36641384,  0.49457514,  0.46673894,  0.46524739,  0.50870339,
         0.51561919,  0.54046955,  0.51663867, -4.82259527]]), 'deltas': array([[-0.00017186],
       [ 0.000317  ],
       [-0.00026437],
       [-0.00118967]]), 'outputs': array([[0.01319691],
       [0.98203346],
       [0.01639438],
       [0.03511356]]), 'errors': array([[-0.01319691],
       [ 0.01796654],
       [-0.01639438],
       [-0.03511356]])}]
Accuracy: 90.0 %

Feedforward Neural Network AVG Accuracy (%): 94.0 %
