Namespace(error_threshold=0.001, max_epochs=1000, num_layers=2, num_nodes_per_hidden_layer=6, training_rate=0.5)

train_data group 0 length:  38
   0   1   2   3   4   5   6   7   8  ...  50  51  52  53  54  55  56  57  58
0   0   0   0   0   1   0   0   1   0 ...   1   0   1   0   1   0   1   0   0
1   0   0   0   0   0   0   1   1   0 ...   1   0   1   0   1   0   1   0   0
2   0   0   0   0   0   1   0   1   0 ...   0   1   0   1   1   0   1   0   1
3   0   0   0   0   1   0   0   1   0 ...   0   1   0   1   1   0   1   0   1
4   1   0   0   0   0   0   0   0   1 ...   1   0   1   0   0   1   1   0   2

[5 rows x 59 columns]
Initial Neural Network:
[{'weights': array([[-0.008, -0.002, -0.003,  0.003,  0.009, -0.008,  0.009,  0.009,
         0.007,  0.   ,  0.01 ,  0.01 , -0.008,  0.007, -0.001, -0.008,
        -0.006,  0.005, -0.004, -0.002,  0.002, -0.005, -0.007, -0.004,
         0.002,  0.003,  0.003, -0.009,  0.006,  0.001, -0.006,  0.005,
        -0.003,  0.   , -0.006,  0.008, -0.007,  0.008,  0.005,  0.009,
         0.009,  0.008, -0.004,  0.004, -0.01 ,  0.006,  0.009,  0.005,
         0.002, -0.01 , -0.001, -0.003,  0.009,  0.008, -0.003,  0.008,
        -0.007,  0.004,  0.005],
       [ 0.01 ,  0.004,  0.005, -0.01 ,  0.008,  0.001,  0.005, -0.003,
         0.009,  0.002, -0.003,  0.006,  0.007, -0.005, -0.008,  0.007,
         0.004,  0.005,  0.006,  0.009,  0.01 ,  0.   ,  0.008,  0.007,
         0.007,  0.001, -0.007,  0.005,  0.01 , -0.002, -0.005,  0.007,
        -0.009,  0.008,  0.007,  0.   ,  0.002, -0.004, -0.008,  0.009,
        -0.006, -0.001,  0.007, -0.002, -0.004,  0.009,  0.01 ,  0.002,
         0.008,  0.005, -0.009,  0.005, -0.009,  0.01 ,  0.006, -0.003,
        -0.01 ,  0.   , -0.007],
       [ 0.007, -0.008,  0.007,  0.01 , -0.002, -0.01 ,  0.006,  0.007,
         0.002, -0.001,  0.007,  0.002, -0.002, -0.009,  0.006,  0.007,
        -0.003, -0.001,  0.009,  0.008, -0.008, -0.006, -0.002,  0.006,
         0.009, -0.009, -0.007,  0.004,  0.007,  0.004,  0.002,  0.007,
         0.004,  0.008, -0.005, -0.005,  0.001,  0.004,  0.003,  0.002,
        -0.006, -0.009,  0.009, -0.008,  0.001, -0.008,  0.005, -0.002,
         0.005, -0.005, -0.002,  0.005,  0.003,  0.005, -0.001, -0.006,
         0.009, -0.004,  0.009],
       [ 0.001,  0.   ,  0.009,  0.005, -0.004, -0.002,  0.009,  0.006,
        -0.004,  0.001,  0.002, -0.005, -0.008, -0.003,  0.001,  0.009,
        -0.007,  0.004,  0.001, -0.005,  0.008,  0.008, -0.01 , -0.001,
        -0.008, -0.008,  0.003, -0.002,  0.003, -0.002,  0.005,  0.01 ,
        -0.005,  0.009, -0.008, -0.008,  0.003, -0.002,  0.009, -0.005,
        -0.001,  0.002, -0.009, -0.005, -0.002,  0.009,  0.01 ,  0.001,
         0.01 , -0.005, -0.002, -0.005,  0.008,  0.008, -0.01 , -0.001,
        -0.002,  0.01 ,  0.006],
       [ 0.004,  0.   ,  0.007, -0.006,  0.01 , -0.008,  0.008,  0.004,
        -0.009, -0.009,  0.005,  0.01 ,  0.004,  0.009,  0.005, -0.005,
        -0.006, -0.005, -0.01 ,  0.004, -0.003, -0.002,  0.003,  0.007,
         0.005, -0.003, -0.007,  0.007,  0.008, -0.007, -0.002, -0.003,
        -0.005,  0.002,  0.   ,  0.005,  0.01 ,  0.008, -0.01 ,  0.005,
        -0.002, -0.002, -0.001,  0.001, -0.007, -0.004, -0.003, -0.007,
        -0.006,  0.01 , -0.002,  0.004, -0.008,  0.008, -0.007, -0.007,
        -0.005, -0.004,  0.001],
       [-0.01 , -0.005,  0.   , -0.006, -0.007,  0.009,  0.001,  0.005,
        -0.004,  0.001,  0.004, -0.002, -0.006,  0.007,  0.002,  0.007,
        -0.005,  0.005,  0.001,  0.009,  0.003,  0.001,  0.002,  0.   ,
         0.004, -0.005,  0.003, -0.006, -0.003, -0.006,  0.007,  0.005,
        -0.001,  0.009, -0.002, -0.009, -0.004,  0.007,  0.002,  0.008,
        -0.009, -0.009, -0.006, -0.001, -0.008,  0.004, -0.004,  0.009,
         0.004,  0.005,  0.002, -0.003, -0.006, -0.001,  0.009,  0.01 ,
        -0.005,  0.009,  0.01 ],
       [ 0.008,  0.006, -0.007, -0.006,  0.   , -0.008, -0.007,  0.005,
        -0.01 ,  0.004, -0.01 , -0.006, -0.008,  0.005, -0.003,  0.01 ,
         0.004, -0.005,  0.009, -0.008,  0.003, -0.002, -0.009,  0.   ,
         0.002,  0.006,  0.006,  0.002, -0.01 , -0.004, -0.005, -0.003,
        -0.01 ,  0.01 , -0.004, -0.005,  0.004,  0.006, -0.001, -0.001,
         0.004, -0.007,  0.004,  0.007, -0.003, -0.003, -0.005, -0.001,
        -0.001, -0.001, -0.007, -0.005,  0.007,  0.004, -0.002, -0.006,
        -0.007,  0.009, -0.007]]), 'deltas': array([[0.],
       [0.],
       [0.],
       [0.],
       [0.],
       [0.],
       [0.]]), 'outputs': array([[0.],
       [0.],
       [0.],
       [0.],
       [0.],
       [0.],
       [0.]]), 'errors': array([[0.],
       [0.],
       [0.],
       [0.],
       [0.],
       [0.],
       [0.]])}, {'weights': array([[-0.005, -0.007, -0.002,  0.006, -0.003, -0.008, -0.007],
       [-0.005,  0.006,  0.007, -0.007,  0.003, -0.001, -0.008],
       [-0.01 ,  0.004, -0.005,  0.003, -0.005, -0.004,  0.009],
       [-0.006, -0.007,  0.005,  0.007,  0.01 ,  0.002,  0.008]]), 'deltas': array([[0.],
       [0.],
       [0.],
       [0.],
       [0.]]), 'outputs': array([[0.],
       [0.],
       [0.],
       [0.],
       [0.]]), 'errors': array([[0.],
       [0.],
       [0.],
       [0.],
       [0.]])}]
Training complete!
Training done. epoch: 196 , total error: 0.0009574335164246714
[{'weights': array([[-7.47129400e-02,  3.35672900e-01,  8.57428106e-02,
         3.42967382e-01, -1.30719442e-01, -3.63514437e-01,
        -3.21317142e-01, -6.83794151e-01,  5.73913282e-01,
        -2.41880297e-01,  3.14805772e-01, -1.78806344e-01,
        -3.48396685e-02, -1.44012424e-01,  5.09712237e-02,
        -4.56922663e-01,  3.17041794e-01, -1.00800910e-01,
        -1.18702139e-02, -5.18290214e-02,  3.96192766e-02,
        -5.12204015e-01,  4.40381356e-01,  3.16890542e-01,
        -3.84948751e-01, -4.32444108e-02, -7.66364579e-02,
        -3.50117005e-01,  2.21236136e-01,  2.67468802e-01,
        -2.49398029e-01, -1.43951642e-01, -5.89370195e-01,
         4.60489326e-01, -8.42020294e-02, -3.96788394e-02,
        -2.48880297e-01,  3.22086099e-01,  6.15401627e-01,
        -7.99488299e-01, -5.18770653e-01, -8.59087840e-01,
         1.50685792e+00, -2.37880297e-01,  6.72607430e-01,
        -8.02488299e-01,  7.06592351e-01, -8.18473220e-01,
        -9.34389473e-02, -4.04419215e-02,  1.14999428e-01,
        -2.44880297e-01,  1.24999428e-01, -2.33880297e-01,
        -1.05336860e+00,  9.32487726e-01, -3.23217156e-01,
         1.94336287e-01, -1.20880869e-01],
       [-1.22080726e-01,  3.52712891e-01,  1.11053512e-01,
         2.48137338e-01, -1.39642689e-01, -2.99237680e-01,
        -3.15967450e-01, -7.25178709e-01,  5.43153906e-01,
        -2.23513127e-01,  3.05683373e-01, -2.65195049e-01,
        -1.65516203e-01, -9.05057051e-02,  6.19971046e-02,
        -3.90706080e-01,  2.13681277e-01, -2.47066368e-01,
         5.10899308e-02, -8.63978229e-03,  4.65914159e-02,
        -4.89284026e-01,  3.50364468e-01,  3.47399164e-01,
        -3.74504409e-01, -1.31060945e-01, -6.29638579e-02,
        -2.01866627e-01,  2.88418234e-02,  2.87823453e-01,
        -2.76582495e-01, -1.99265761e-01, -7.46834707e-01,
         5.57809904e-01, -4.23929313e-02, -1.38631872e-01,
        -2.23513127e-01,  1.68385306e-01,  6.20851947e-01,
        -7.54748929e-01, -4.97522537e-01, -1.01106110e+00,
         1.54607196e+00, -2.27513127e-01,  5.71724126e-01,
        -7.54748929e-01,  7.31573805e-01, -9.07598608e-01,
        -1.07056404e-01, -6.79683988e-02,  2.84883239e-02,
        -2.20513127e-01,  2.84883239e-02, -2.15513127e-01,
        -9.83262056e-01,  7.98237253e-01, -5.80734170e-01,
         3.82709367e-01, -1.95024803e-01],
       [ 3.88288894e-02,  2.95068575e-01,  3.32678834e-01,
         3.50213915e-01, -9.69017472e-02, -4.70555003e-01,
        -4.09557632e-01, -8.00242312e-01,  8.39018144e-01,
        -1.41849802e-01,  2.71523971e-01, -9.18983374e-02,
         4.53688054e-01, -5.30902746e-01,  1.01990524e-01,
        -9.74679604e-02,  1.31243792e-01,  1.63048216e-01,
        -1.93566333e-01, -2.26271975e-02,  9.09211462e-02,
        -6.36820187e-01,  6.40395744e-01,  5.92951111e-01,
        -5.59750836e-01, -1.09856067e-02,  2.47614383e-02,
         1.77916781e-01, -1.37140950e-01,  7.95377584e-02,
         2.55169351e-01, -2.91931277e-01, -1.67222791e-02,
         5.84981107e-02,  2.24212656e-01, -2.04436825e-01,
        -1.39849802e-01,  7.26897457e-01,  5.44315890e-01,
        -1.09158771e+00, -7.36222261e-01, -3.93087732e-01,
         1.29393563e+00, -1.48849802e-01,  1.12436355e+00,
        -1.10158771e+00,  6.57588344e-01, -6.24812513e-01,
        -1.04380639e-01,  1.34156471e-01,  1.68625634e-01,
        -1.35849802e-01,  1.73625634e-01, -1.35849802e-01,
        -1.23543752e+00,  1.25821335e+00, -1.18030493e-01,
         1.52806324e-01,  3.87758317e-02],
       [-1.22902236e-01,  3.37718804e-01, -1.35472013e-02,
         3.48422275e-01, -2.31140799e-02, -1.71476548e-01,
        -2.93425556e-01, -3.41822312e-01,  3.87497769e-01,
         1.53997693e-01,  2.94715869e-01, -4.07038105e-01,
        -1.16574394e-01, -1.42814431e-01,  2.93064282e-01,
        -3.57039737e-01,  4.02715194e-01, -2.67109142e-01,
         7.81029070e-02,  7.17914520e-02,  1.68890241e-01,
        -5.66992223e-01,  2.78597775e-01,  5.62095884e-01,
        -2.41025978e-01,  2.27333070e-02,  1.59421501e-02,
        -1.28932241e-01,  1.73607698e-01,  2.74807455e-01,
        -1.31654397e-01, -8.64776012e-02, -6.52937264e-01,
         7.00612721e-01,  2.87586985e-02, -1.08324144e-03,
         1.55997693e-01,  2.14853403e-01,  6.12613774e-01,
        -9.34789413e-01, -6.14873913e-01, -9.61852763e-01,
         1.45940444e+00,  1.47997693e-01,  9.71464870e-01,
        -9.20789413e-01,  1.06668049e+00, -1.01200504e+00,
         6.50663444e-03,  4.21688226e-02, -1.11322236e-01,
         1.47997693e-01, -1.01322236e-01,  1.60997693e-01,
        -7.86791720e-01,  8.19467177e-01, -1.99845225e-01,
         2.51520682e-01,  4.96754570e-02],
       [-2.00990577e-01,  3.99962234e-01,  9.97307921e-02,
         2.37680968e-01,  1.84194143e-01, -2.69584859e-01,
        -5.65300227e-01, -6.35542874e-01,  5.01235349e-01,
         7.79061970e-02,  3.26670173e-01, -5.27883895e-01,
        -2.54467303e-01, -8.65640651e-02,  2.29723843e-01,
         5.24273456e-02, -1.92734871e-01, -7.60661474e-02,
         2.49833646e-02,  1.52031701e-01, -2.44256443e-01,
        -5.86701682e-01,  1.41847140e-01,  1.24035518e+00,
        -9.11808158e-01,  5.22002466e-02, -1.91507772e-01,
         3.70156173e-01, -4.84463699e-01,  6.11558982e-02,
         3.22102246e-02, -2.34673648e-01, -8.22378579e-01,
         6.90071054e-01, -1.38701165e-01,  1.43936402e-02,
         9.69061970e-02,  7.03718461e-02,  7.19869654e-01,
        -1.00345522e+00, -6.79054370e-01, -1.15077943e+00,
         1.60862008e+00,  8.79061970e-02,  8.72147697e-01,
        -1.01245522e+00,  9.66890002e-01, -1.10619753e+00,
         8.30218624e-02, -2.08329388e-01, -2.18213722e-01,
         9.09061970e-02, -2.24213722e-01,  9.49061970e-02,
        -9.28549025e-01,  7.85241500e-01, -4.27819215e-01,
         2.89511689e-01, -1.28307525e-01],
       [-1.95408869e-01,  3.51442142e-01,  7.71407491e-02,
         4.15172382e-01, -1.37253747e-01, -3.13417991e-01,
        -3.76057525e-01, -6.13413095e-01,  4.54030236e-01,
        -1.37707933e-01,  3.11658162e-01, -3.31333088e-01,
        -2.19133443e-01, -1.13082641e-01,  1.74833226e-01,
        -3.49772170e-01,  1.91389311e-01, -1.62486052e-01,
         2.06925644e-02, -5.66033308e-02,  5.60139599e-02,
        -4.99084005e-01,  2.92468930e-01,  5.72544037e-01,
        -5.19311820e-01, -1.23550207e-01, -3.88326511e-02,
        -4.10222032e-04, -1.68972636e-01,  2.33812306e-01,
        -9.90525111e-02, -2.89142653e-01, -7.79142956e-01,
         6.26760098e-01,  6.06743165e-03, -1.77450290e-01,
        -1.42707933e-01,  1.37784511e-01,  6.39289632e-01,
        -7.81749069e-01, -5.22710724e-01, -1.06318130e+00,
         1.54021710e+00, -1.39707933e-01,  6.21366211e-01,
        -7.85749069e-01,  8.03293286e-01, -9.58676145e-01,
        -1.01069579e-01, -5.03132796e-02, -1.96749256e-02,
        -1.41707933e-01, -2.76749256e-02, -1.39707933e-01,
        -9.19457002e-01,  7.78074144e-01, -5.36328011e-01,
         3.79945153e-01, -1.50382858e-01],
       [ 8.00000000e-03,  6.00000000e-03, -7.00000000e-03,
        -6.00000000e-03,  0.00000000e+00, -8.00000000e-03,
        -7.00000000e-03,  5.00000000e-03, -1.00000000e-02,
         4.00000000e-03, -1.00000000e-02, -6.00000000e-03,
        -8.00000000e-03,  5.00000000e-03, -3.00000000e-03,
         1.00000000e-02,  4.00000000e-03, -5.00000000e-03,
         9.00000000e-03, -8.00000000e-03,  3.00000000e-03,
        -2.00000000e-03, -9.00000000e-03,  0.00000000e+00,
         2.00000000e-03,  6.00000000e-03,  6.00000000e-03,
         2.00000000e-03, -1.00000000e-02, -4.00000000e-03,
        -5.00000000e-03, -3.00000000e-03, -1.00000000e-02,
         1.00000000e-02, -4.00000000e-03, -5.00000000e-03,
         4.00000000e-03,  6.00000000e-03, -1.00000000e-03,
        -1.00000000e-03,  4.00000000e-03, -7.00000000e-03,
         4.00000000e-03,  7.00000000e-03, -3.00000000e-03,
        -3.00000000e-03, -5.00000000e-03, -1.00000000e-03,
        -1.00000000e-03, -1.00000000e-03, -7.00000000e-03,
        -5.00000000e-03,  7.00000000e-03,  4.00000000e-03,
        -2.00000000e-03, -6.00000000e-03, -7.00000000e-03,
         9.00000000e-03, -7.00000000e-03]]), 'deltas': array([[-0.00010184],
       [-0.00010432],
       [-0.00036687],
       [-0.00011195],
       [-0.00017741],
       [-0.00029505],
       [-0.        ]]), 'outputs': array([[0.06441877],
       [0.06610567],
       [0.31864057],
       [0.92866209],
       [0.8808014 ],
       [0.22541929],
       [1.        ]]), 'errors': -0.0016897893501358766}, {'weights': array([[-2.16954141, -2.01768531, -3.93586436, -2.83184183, -6.8886493 ,
        -2.08036828,  2.60414887],
       [-3.34907594, -2.52517196, -3.25901369,  4.20581595,  5.39166196,
        -1.48548467, -2.20367332],
       [-0.77061639, -2.60462339,  7.24203174, -3.61638156,  1.46569224,
        -2.94652471, -3.01231548],
       [ 2.32721862,  2.60956139,  0.50296753,  1.71849037, -0.06612788,
         2.2558226 , -5.85791705]]), 'deltas': array([[-9.40183351e-08],
       [ 8.13060957e-05],
       [-6.16780567e-04],
       [-1.15845795e-03]]), 'outputs': array([[3.06671121e-04],
       [9.90941893e-01],
       [2.51534295e-02],
       [3.46414299e-02]]), 'errors': array([[-0.00030667],
       [ 0.00905811],
       [-0.02515343],
       [-0.03464143]])}]
neural_net output [0.92765193 0.09931634 0.04667686 0.00292805]
target: 0 prediction: 0
neural_net output [0.9298395  0.09919475 0.04687099 0.00288053]
target: 0 prediction: 0
neural_net output [7.20998824e-05 9.84414014e-01 1.71158259e-02 8.07038362e-02]
target: 1 prediction: 1
neural_net output [1.11933480e-04 9.80847847e-01 2.10167670e-02 7.12354208e-02]
target: 1 prediction: 1
neural_net output [0.01651713 0.00942454 0.80757867 0.03646973]
target: 2 prediction: 2
neural_net output [0.03356573 0.00359216 0.93678385 0.02221668]
target: 2 prediction: 2
neural_net output [5.38254106e-08 3.34226033e-02 1.66957856e-02 9.62940651e-01]
target: 3 prediction: 3
neural_net output [3.31337996e-08 3.82245216e-02 1.47523071e-02 9.68846613e-01]
target: 3 prediction: 3
neural_net output [8.05132282e-08 2.25765416e-02 1.38772467e-02 9.65640262e-01]
target: 3 prediction: 3
Accuracy: 100.0 %

train_data group 1 length:  38
   0   1   2   3   4   5   6   7   8  ...  50  51  52  53  54  55  56  57  58
0   0   0   0   0   0   0   1   1   0 ...   1   0   1   0   1   0   1   0   0
1   0   0   0   0   0   0   1   1   0 ...   1   0   1   0   1   0   1   0   0
2   0   0   0   1   0   0   0   1   0 ...   0   1   0   1   1   0   1   0   1
3   0   0   0   0   0   0   1   1   0 ...   0   1   0   1   1   0   1   0   1
4   0   0   0   0   1   0   0   1   0 ...   1   0   1   0   0   1   1   0   2

[5 rows x 59 columns]
Initial Neural Network:
[{'weights': array([[ 0.006, -0.008,  0.004, -0.005,  0.004,  0.01 , -0.001, -0.008,
        -0.007,  0.01 ,  0.003, -0.001,  0.003, -0.004, -0.009, -0.001,
        -0.008,  0.003, -0.005,  0.004,  0.007, -0.008, -0.001, -0.009,
         0.002,  0.008,  0.   , -0.001, -0.001,  0.007, -0.009,  0.   ,
        -0.006, -0.007, -0.003, -0.005, -0.003, -0.002,  0.009,  0.003,
        -0.006,  0.006, -0.01 , -0.01 , -0.001, -0.008,  0.006,  0.008,
         0.001, -0.008, -0.01 ,  0.006,  0.   ,  0.009, -0.008, -0.007,
         0.009,  0.007,  0.01 ],
       [ 0.01 , -0.008, -0.01 , -0.008, -0.008,  0.003,  0.01 , -0.006,
         0.004, -0.009, -0.01 ,  0.006,  0.001, -0.007, -0.005,  0.001,
        -0.007, -0.01 , -0.002,  0.   ,  0.008,  0.003,  0.004,  0.005,
        -0.009,  0.008, -0.01 , -0.001, -0.002,  0.005, -0.007, -0.007,
         0.   , -0.006,  0.005,  0.   ,  0.001, -0.002, -0.006, -0.01 ,
        -0.005, -0.001, -0.003,  0.002,  0.005,  0.001,  0.009,  0.006,
        -0.009, -0.007, -0.008,  0.009,  0.008,  0.01 ,  0.001, -0.001,
         0.004,  0.008, -0.005],
       [ 0.   ,  0.003,  0.003, -0.008,  0.003,  0.005,  0.007, -0.002,
         0.009, -0.003,  0.   , -0.009,  0.008,  0.001,  0.007,  0.006,
         0.008, -0.01 , -0.005,  0.005, -0.008,  0.006,  0.008, -0.003,
        -0.003, -0.006, -0.001, -0.001, -0.005,  0.009,  0.007, -0.007,
         0.008, -0.004, -0.01 , -0.008,  0.005,  0.007,  0.006,  0.   ,
         0.006,  0.002,  0.002,  0.009,  0.001, -0.009,  0.006, -0.002,
        -0.005, -0.004,  0.006,  0.007,  0.01 , -0.009,  0.007,  0.   ,
        -0.006,  0.008, -0.004],
       [-0.004, -0.004, -0.01 ,  0.009, -0.01 , -0.004,  0.006,  0.01 ,
        -0.004, -0.005, -0.006, -0.005, -0.005,  0.007, -0.008,  0.007,
        -0.003,  0.005,  0.009,  0.004,  0.008,  0.002, -0.005,  0.008,
        -0.004,  0.002,  0.008, -0.005,  0.008,  0.003, -0.009, -0.008,
         0.005,  0.007,  0.004,  0.004,  0.006,  0.002,  0.003, -0.006,
         0.006,  0.007, -0.009,  0.003,  0.002,  0.003,  0.006,  0.002,
        -0.001, -0.001,  0.002,  0.002,  0.005, -0.007, -0.01 ,  0.001,
         0.008,  0.006, -0.002],
       [-0.001,  0.006, -0.005,  0.001,  0.009, -0.009,  0.009,  0.006,
         0.01 ,  0.004,  0.004, -0.008,  0.008,  0.008, -0.005, -0.006,
         0.004,  0.01 ,  0.009, -0.01 , -0.002,  0.01 , -0.004,  0.01 ,
         0.   , -0.001, -0.009,  0.009, -0.009, -0.009,  0.003, -0.008,
         0.   , -0.007,  0.003, -0.009,  0.009, -0.002,  0.002, -0.005,
         0.002,  0.006, -0.003,  0.008, -0.009,  0.   ,  0.001, -0.008,
         0.01 ,  0.003,  0.006,  0.001, -0.004,  0.006,  0.01 ,  0.005,
         0.001,  0.004,  0.001],
       [ 0.007,  0.01 , -0.008, -0.003,  0.009,  0.007, -0.002,  0.002,
         0.01 ,  0.003, -0.005,  0.   ,  0.001, -0.001,  0.004, -0.005,
        -0.01 ,  0.005,  0.009, -0.006, -0.007, -0.007, -0.002, -0.003,
         0.006,  0.002, -0.01 , -0.01 , -0.001, -0.004, -0.001, -0.001,
         0.   ,  0.006,  0.006, -0.008, -0.001, -0.01 ,  0.009,  0.005,
        -0.001, -0.009, -0.009, -0.001,  0.01 ,  0.01 , -0.005, -0.007,
         0.003,  0.001, -0.003, -0.006,  0.005,  0.003, -0.008,  0.009,
         0.003,  0.   , -0.004],
       [-0.01 ,  0.01 , -0.003,  0.001, -0.001,  0.01 , -0.007,  0.01 ,
        -0.001, -0.009,  0.005,  0.009,  0.003,  0.006, -0.007, -0.007,
        -0.004,  0.008,  0.   , -0.002, -0.004,  0.003, -0.005, -0.008,
        -0.009, -0.008,  0.008, -0.006,  0.007,  0.005, -0.005, -0.003,
        -0.002, -0.008,  0.009, -0.002, -0.003,  0.007,  0.001,  0.   ,
        -0.005,  0.003,  0.   ,  0.004, -0.006, -0.006,  0.008,  0.003,
        -0.006,  0.   ,  0.   ,  0.003, -0.006, -0.005,  0.008, -0.001,
        -0.009,  0.001, -0.007]]), 'deltas': array([[0.],
       [0.],
       [0.],
       [0.],
       [0.],
       [0.],
       [0.]]), 'outputs': array([[0.],
       [0.],
       [0.],
       [0.],
       [0.],
       [0.],
       [0.]]), 'errors': array([[0.],
       [0.],
       [0.],
       [0.],
       [0.],
       [0.],
       [0.]])}, {'weights': array([[ 0.003, -0.005, -0.005, -0.009,  0.006,  0.01 ,  0.009],
       [ 0.005,  0.005,  0.   ,  0.003,  0.001,  0.002,  0.003],
       [-0.008,  0.01 ,  0.002, -0.008,  0.001, -0.008, -0.008],
       [-0.01 ,  0.009,  0.009,  0.01 , -0.01 ,  0.007, -0.008]]), 'deltas': array([[0.],
       [0.],
       [0.],
       [0.],
       [0.]]), 'outputs': array([[0.],
       [0.],
       [0.],
       [0.],
       [0.]]), 'errors': array([[0.],
       [0.],
       [0.],
       [0.],
       [0.]])}]
Training complete!
Training done. epoch: 193 , total error: 0.0009911184340681547
[{'weights': array([[ 2.71228212e-01,  4.42159961e-01, -3.14456135e-01,
         3.18758701e-01, -3.17693899e-01, -3.66525960e-01,
        -2.03173679e-01, -6.43327188e-01,  4.48624390e-01,
        -1.77075990e-01,  3.04118480e-01, -2.94745289e-01,
        -3.40058041e-01, -4.58292520e-02,  1.96184495e-01,
        -4.67970389e-01,  2.79267591e-01, -5.71877583e-01,
         2.93426674e-01,  1.80056487e-02,  8.97424626e-02,
        -5.14427894e-01,  5.12801085e-01,  2.98678625e-01,
        -4.92754615e-01, -4.19232017e-01,  2.47529219e-01,
        -5.20295639e-01,  3.38592841e-01,  1.95242408e-01,
        -3.96937037e-01,  1.99918308e-02, -5.00116614e-01,
         3.07413816e-01, -2.94525787e-01,  1.06822989e-01,
        -1.90075990e-01,  3.08468165e-01,  5.49770804e-01,
        -8.40865777e-01, -5.56295156e-01, -1.06045049e+00,
         1.61411884e+00, -1.97075990e-01,  6.63162979e-01,
        -8.51865777e-01,  6.94369680e-01, -8.60072478e-01,
        -2.98638874e-02, -1.56838911e-01, -2.62680861e-03,
        -1.81075990e-01,  7.37319139e-03, -1.78075990e-01,
        -1.03894177e+00,  8.44238969e-01, -5.70540496e-01,
         4.06837698e-01, -1.69702798e-01],
       [ 2.78847979e-01,  4.21144904e-01, -5.21146229e-01,
         6.85361988e-01, -4.81882171e-01, -1.89926548e-01,
        -1.81198962e-01, -2.26053023e-01,  2.46253983e-01,
         2.85329409e-01,  2.79389457e-01, -5.55517906e-01,
        -3.44166514e-01, -2.70685305e-01,  6.26052780e-01,
        -6.43634677e-01,  6.59835638e-01, -6.03744563e-01,
         3.37393749e-01, -7.57217263e-02,  3.60273501e-01,
        -6.22388583e-01,  3.57260134e-01,  6.45594155e-01,
        -3.55264746e-01, -1.07079094e-01,  1.27280055e-01,
        -5.19928961e-01,  5.39129922e-01,  2.23235982e-01,
        -2.96754925e-01,  8.67199040e-02, -2.97857623e-01,
         3.14058584e-01, -1.72015458e-01,  1.99216419e-01,
         2.95329409e-01,  2.91871924e-01,  5.17713120e-01,
        -1.09971349e+00, -7.49398381e-01, -1.09743483e+00,
         1.56570476e+00,  2.96329409e-01,  1.11691445e+00,
        -1.08871349e+00,  1.12054418e+00, -1.08334322e+00,
         9.31875637e-02, -8.69866030e-02, -2.80128448e-01,
         3.03329409e-01, -2.64128448e-01,  3.04329409e-01,
        -7.94384084e-01,  8.16585045e-01, -1.02148669e-01,
         1.36349630e-01,  1.72009607e-02],
       [ 4.71382704e-01,  4.20927562e-01, -3.62459895e-01,
         5.49200537e-01, -3.88106430e-01, -4.43165201e-01,
        -2.09291647e-01, -5.57232010e-01,  5.89719640e-01,
        -2.28260065e-01,  2.87846103e-01, -4.60984079e-02,
         1.30237637e-01, -2.96988884e-01,  2.08238877e-01,
        -3.89193252e-01,  4.28680882e-01, -5.99497260e-01,
         3.34085092e-01,  1.71774769e-02,  2.55722321e-01,
        -5.72748711e-01,  8.37496407e-01,  3.19168847e-01,
        -5.50428912e-01, -3.57510092e-01,  3.75997722e-01,
        -4.75062799e-01,  4.94550429e-01,  1.28296110e-01,
         2.12216602e-02, -1.15030140e-01,  6.01018122e-02,
        -3.06141822e-02, -2.38506539e-01,  2.45994169e-01,
        -2.20260065e-01,  7.31446879e-01,  5.24794018e-01,
        -9.92493202e-01, -6.63181802e-01, -6.09415808e-01,
         1.53334531e+00, -2.16260065e-01,  1.01898083e+00,
        -1.00149320e+00,  6.17180949e-01, -5.87693319e-01,
        -1.32965035e-01,  1.49452665e-01,  2.56747695e-01,
        -2.18260065e-01,  2.60747695e-01, -2.34260065e-01,
        -1.21075327e+00,  1.24324090e+00, -1.89746537e-01,
         2.17234167e-01,  2.14876300e-02],
       [ 5.66913993e-01,  4.51429569e-01, -6.97950117e-01,
         9.12956023e-01, -8.17850790e-01, -3.04043709e-01,
        -4.08775916e-01, -6.60801670e-01,  3.86480723e-01,
        -3.35459001e-01,  3.30665716e-01, -2.91527662e-01,
        -2.58404717e-01, -2.38500850e-01,  2.10584620e-01,
        -8.16796500e-01,  5.40475553e-01, -7.89685281e-01,
         2.19621721e-01, -8.78625079e-02,  4.03605121e-01,
        -5.77331024e-01,  6.24469078e-01,  1.88683925e-01,
        -5.15142926e-01, -4.03698045e-01,  1.33377098e-01,
        -1.12948805e+00,  8.52167100e-01,  1.66120239e-02,
        -4.92478994e-01,  1.81546023e-01,  3.02816842e-02,
        -2.98602631e-01, -4.66612146e-01,  1.94291199e-01,
        -3.24459001e-01,  5.35648287e-01,  5.34847824e-01,
        -1.02135806e+00, -6.72170506e-01, -1.04769519e+00,
         1.77400375e+00, -3.27459001e-01,  7.37037111e-01,
        -1.01235806e+00,  6.46477336e-01, -9.18798283e-01,
        -1.79354802e-01, -1.02966145e-01,  5.21380541e-02,
        -3.28459001e-01,  5.51380541e-02, -3.37459001e-01,
        -1.35581706e+00,  1.06649611e+00, -4.02709830e-01,
         1.36388883e-01, -2.82320947e-01],
       [ 1.22567127e-01,  4.47830928e-01, -1.13255719e-01,
         3.11404493e-02, -2.02535200e-01, -2.16335993e-01,
        -1.32298008e-01, -5.84241220e-01,  5.27354805e-01,
        -4.19333914e-02,  3.06556893e-01, -3.37509917e-01,
        -3.86523377e-01, -1.28454416e-01,  4.53091378e-01,
        -2.08586107e-01,  1.33699692e-01, -5.32736985e-01,
         2.27335455e-01, -7.49256223e-02,  3.14440737e-01,
        -4.88864833e-01,  4.67911809e-01,  4.28583431e-01,
        -4.64516823e-01, -4.26857139e-01,  3.43970723e-01,
        -8.02507876e-02,  7.36437224e-03,  5.17767297e-02,
        -1.54953707e-01,  1.62905617e-02, -6.19436897e-01,
         5.39550482e-01, -2.27931583e-02, -5.60932570e-02,
        -3.69333914e-02,  2.45590147e-01,  5.53903822e-01,
        -8.31446992e-01, -5.32724923e-01, -1.10436323e+00,
         1.61513513e+00, -3.79333914e-02,  7.44560577e-01,
        -8.26446992e-01,  8.09639050e-01, -8.89525466e-01,
         1.50771283e-01, -2.10657698e-01, -2.09530239e-02,
        -4.49333914e-02, -3.09530239e-02, -3.99333914e-02,
        -8.62380384e-01,  8.04493968e-01, -6.99520408e-01,
         6.31633993e-01, -7.18864154e-02],
       [ 2.25283088e-01,  4.50111381e-01, -2.32575224e-01,
         1.63377230e-01, -2.67291679e-01, -2.75890111e-01,
        -2.13144500e-01, -6.60136678e-01,  5.02006863e-01,
        -1.78829194e-01,  2.99655998e-01, -2.92956618e-01,
        -3.57545035e-01, -1.57489525e-01,  3.48904745e-01,
        -4.54101644e-01,  2.68971829e-01, -5.06121037e-01,
         1.35248380e-01, -5.65344692e-02,  2.58277311e-01,
        -5.12498269e-01,  5.15197648e-01,  2.99612057e-01,
        -4.78441251e-01, -4.78543482e-01,  3.00413668e-01,
        -3.63963467e-01,  1.82833652e-01, -2.85251057e-02,
        -2.05164960e-01,  5.75602505e-02, -5.19777780e-01,
         3.55647965e-01, -1.76727958e-01,  4.59814339e-03,
        -1.82829194e-01,  3.07813166e-01,  5.45589691e-01,
        -8.37703478e-01, -5.50465468e-01, -1.08410732e+00,
         1.62727217e+00, -1.82829194e-01,  6.82573663e-01,
        -8.32703478e-01,  6.75132779e-01, -8.57262594e-01,
         3.42363715e-02, -2.00366186e-01,  8.69937915e-03,
        -1.87829194e-01,  1.66993792e-02, -1.78829194e-01,
        -1.03253267e+00,  8.63402857e-01, -6.79104057e-01,
         5.11974242e-01, -1.74129815e-01],
       [-1.00000000e-02,  1.00000000e-02, -3.00000000e-03,
         1.00000000e-03, -1.00000000e-03,  1.00000000e-02,
        -7.00000000e-03,  1.00000000e-02, -1.00000000e-03,
        -9.00000000e-03,  5.00000000e-03,  9.00000000e-03,
         3.00000000e-03,  6.00000000e-03, -7.00000000e-03,
        -7.00000000e-03, -4.00000000e-03,  8.00000000e-03,
         0.00000000e+00, -2.00000000e-03, -4.00000000e-03,
         3.00000000e-03, -5.00000000e-03, -8.00000000e-03,
        -9.00000000e-03, -8.00000000e-03,  8.00000000e-03,
        -6.00000000e-03,  7.00000000e-03,  5.00000000e-03,
        -5.00000000e-03, -3.00000000e-03, -2.00000000e-03,
        -8.00000000e-03,  9.00000000e-03, -2.00000000e-03,
        -3.00000000e-03,  7.00000000e-03,  1.00000000e-03,
         0.00000000e+00, -5.00000000e-03,  3.00000000e-03,
         0.00000000e+00,  4.00000000e-03, -6.00000000e-03,
        -6.00000000e-03,  8.00000000e-03,  3.00000000e-03,
        -6.00000000e-03,  0.00000000e+00,  0.00000000e+00,
         3.00000000e-03, -6.00000000e-03, -5.00000000e-03,
         8.00000000e-03, -1.00000000e-03, -9.00000000e-03,
         1.00000000e-03, -7.00000000e-03]]), 'deltas': array([[1.01434276e-04],
       [1.88167848e-04],
       [8.46847441e-06],
       [6.92496970e-04],
       [1.76000301e-05],
       [7.23966132e-05],
       [0.00000000e+00]]), 'outputs': array([[0.98382922],
       [0.96956058],
       [0.99867001],
       [0.87601398],
       [0.99723189],
       [0.98851313],
       [1.        ]]), 'errors': 0.006375791539747728}, {'weights': array([[-2.63542192, -4.37167934, -3.49605016, -6.06506861, -2.68550025,
        -2.84155199,  2.5761957 ],
       [-3.9221235 ,  6.51796844, -4.69531097,  0.91142141, -0.08765568,
         0.2896504 , -2.67788132],
       [-1.65108258, -1.9141286 ,  5.03463143,  5.70919267, -4.29585325,
        -3.81647679, -1.93490783],
       [ 2.71949286,  0.78997331,  2.06971894, -0.02987142,  2.25535355,
         1.95599673, -6.00167385]]), 'deltas': array([[-7.77244928e-17],
       [-3.80259604e-04],
       [-9.36376625e-04],
       [ 6.12182980e-04]]), 'outputs': array([[8.81614958e-09],
       [1.96951604e-02],
       [3.10872966e-02],
       [9.74941718e-01]]), 'errors': array([[-8.81614958e-09],
       [-1.96951604e-02],
       [-3.10872966e-02],
       [ 2.50582824e-02]])}]
Accuracy: 100.0 %

train_data group 2 length:  37
   0   1   2   3   4   5   6   7   8  ...  50  51  52  53  54  55  56  57  58
0   0   0   0   0   0   0   1   1   0 ...   1   0   1   0   1   0   1   0   0
1   0   0   0   0   0   0   1   1   0 ...   1   0   1   0   1   0   1   0   0
2   0   0   0   1   0   0   0   1   0 ...   0   1   0   1   1   0   1   0   1
3   0   0   0   0   0   0   1   1   0 ...   0   1   0   1   1   0   1   0   1
4   0   0   0   0   1   0   0   1   0 ...   1   0   1   0   0   1   1   0   2

[5 rows x 59 columns]
Initial Neural Network:
[{'weights': array([[ 0.009,  0.009,  0.009,  0.006,  0.003, -0.007, -0.008, -0.003,
        -0.008,  0.01 ,  0.004,  0.001,  0.01 ,  0.003,  0.   ,  0.004,
         0.01 , -0.007,  0.002,  0.003, -0.004, -0.008,  0.005, -0.001,
         0.009, -0.001, -0.004, -0.006,  0.   ,  0.009, -0.002, -0.003,
         0.01 , -0.006,  0.005,  0.005, -0.01 ,  0.007, -0.005,  0.01 ,
         0.009, -0.004, -0.003,  0.009,  0.006, -0.006,  0.008,  0.002,
         0.001,  0.006, -0.006,  0.   , -0.003, -0.002,  0.006, -0.006,
        -0.01 , -0.007, -0.008],
       [-0.002, -0.009, -0.01 , -0.009, -0.008, -0.006,  0.   , -0.008,
        -0.01 ,  0.003,  0.006,  0.001, -0.006, -0.001,  0.   , -0.001,
        -0.002, -0.004,  0.003,  0.002, -0.004, -0.006, -0.006, -0.002,
         0.005,  0.001, -0.01 , -0.006,  0.006, -0.01 , -0.01 ,  0.006,
        -0.006, -0.01 , -0.01 ,  0.005, -0.009,  0.   , -0.005,  0.004,
         0.006,  0.001, -0.01 , -0.001,  0.009, -0.003,  0.003, -0.007,
         0.002, -0.001, -0.006,  0.005,  0.003,  0.   , -0.001,  0.008,
         0.004, -0.01 , -0.008],
       [ 0.01 , -0.008,  0.01 , -0.005,  0.001, -0.002,  0.007,  0.003,
        -0.005,  0.   , -0.004, -0.009,  0.001, -0.006,  0.01 ,  0.004,
         0.006,  0.008, -0.003,  0.008,  0.008,  0.007,  0.005,  0.005,
         0.001,  0.   ,  0.009, -0.009, -0.008, -0.003,  0.   ,  0.003,
         0.001,  0.004, -0.005,  0.009,  0.009, -0.007,  0.004, -0.008,
        -0.009,  0.003, -0.009, -0.006, -0.001,  0.   , -0.006,  0.008,
         0.01 , -0.002, -0.007,  0.005, -0.007,  0.004, -0.004, -0.006,
        -0.001,  0.   , -0.006],
       [ 0.006,  0.003, -0.007,  0.002, -0.007,  0.007,  0.004, -0.001,
         0.008,  0.003,  0.006,  0.01 , -0.007,  0.01 ,  0.005,  0.003,
        -0.002,  0.   , -0.009, -0.004,  0.009,  0.006, -0.004, -0.002,
        -0.002,  0.005, -0.003,  0.003,  0.001, -0.005,  0.   ,  0.008,
         0.009,  0.009, -0.003, -0.01 , -0.004,  0.004,  0.009, -0.009,
        -0.008, -0.006, -0.008, -0.01 , -0.006, -0.001, -0.007, -0.006,
         0.008, -0.004, -0.009, -0.001, -0.003, -0.007, -0.004,  0.   ,
         0.004, -0.009,  0.002],
       [-0.009, -0.01 , -0.001,  0.007,  0.009, -0.006, -0.008, -0.005,
        -0.004,  0.   ,  0.   ,  0.005,  0.003,  0.005, -0.005,  0.009,
         0.01 , -0.004,  0.003,  0.002,  0.008,  0.001,  0.01 ,  0.009,
        -0.003, -0.006, -0.003,  0.001,  0.004,  0.008,  0.006,  0.004,
        -0.003,  0.009, -0.004, -0.006, -0.001, -0.004, -0.008,  0.001,
         0.001, -0.001, -0.001, -0.003,  0.   ,  0.009, -0.002,  0.006,
         0.007, -0.009,  0.002,  0.   , -0.001, -0.003,  0.006,  0.01 ,
        -0.002,  0.001, -0.005],
       [-0.009, -0.009,  0.008,  0.004, -0.002, -0.006,  0.   ,  0.007,
         0.003, -0.007, -0.009,  0.001,  0.004,  0.008, -0.003,  0.004,
         0.007, -0.007,  0.002, -0.006, -0.004, -0.005,  0.007, -0.005,
        -0.006, -0.006, -0.01 ,  0.005, -0.004,  0.009, -0.01 , -0.005,
        -0.003,  0.009, -0.009,  0.008,  0.   ,  0.002,  0.006, -0.007,
        -0.001, -0.002, -0.004,  0.009, -0.009,  0.005, -0.004, -0.009,
        -0.009, -0.005,  0.007,  0.003, -0.009, -0.008,  0.01 ,  0.01 ,
        -0.006,  0.009, -0.009],
       [ 0.001, -0.009,  0.009, -0.008,  0.005, -0.007,  0.005, -0.006,
         0.001,  0.004,  0.   , -0.002,  0.005,  0.007,  0.002, -0.008,
         0.005,  0.005,  0.005,  0.002, -0.001,  0.004, -0.01 , -0.004,
        -0.005, -0.005, -0.01 ,  0.004, -0.003, -0.006, -0.005,  0.004,
         0.004,  0.009, -0.006,  0.002, -0.007,  0.002, -0.007,  0.004,
        -0.006,  0.01 , -0.002, -0.001,  0.005,  0.007, -0.009, -0.01 ,
         0.002, -0.005, -0.006, -0.009, -0.001,  0.007,  0.   , -0.001,
         0.009,  0.001, -0.005]]), 'deltas': array([[0.],
       [0.],
       [0.],
       [0.],
       [0.],
       [0.],
       [0.]]), 'outputs': array([[0.],
       [0.],
       [0.],
       [0.],
       [0.],
       [0.],
       [0.]]), 'errors': array([[0.],
       [0.],
       [0.],
       [0.],
       [0.],
       [0.],
       [0.]])}, {'weights': array([[ 0.002, -0.009,  0.005, -0.01 , -0.006,  0.01 , -0.006],
       [ 0.01 ,  0.002,  0.01 ,  0.007, -0.005,  0.008, -0.003],
       [-0.004, -0.004,  0.001, -0.007,  0.001, -0.008,  0.008],
       [ 0.003,  0.006,  0.007,  0.008, -0.008,  0.004, -0.008]]), 'deltas': array([[0.],
       [0.],
       [0.],
       [0.],
       [0.]]), 'outputs': array([[0.],
       [0.],
       [0.],
       [0.],
       [0.]]), 'errors': array([[0.],
       [0.],
       [0.],
       [0.],
       [0.]])}]
Training complete!
Training done. epoch: 253 , total error: 0.00044319801947611447
[{'weights': array([[ 1.37353013e-01,  5.39964795e-01, -2.93767526e-01,
         1.67723976e-01, -5.57795787e-02, -8.62900220e-02,
        -4.20248100e-01, -5.91262257e-01,  5.48218813e-01,
        -9.47974974e-01,  2.26462625e-01,  7.04468906e-01,
        -4.80934210e-01,  7.52768534e-01, -2.90877767e-01,
        -5.71451591e-02,  3.91017159e-02, -5.39114021e-01,
        -9.29986434e-02,  5.23273764e-01,  7.07954569e-02,
         5.69611744e-02,  7.63068174e-01, -3.23131769e-01,
        -5.23941022e-01,  1.20094467e-01, -1.57137910e-01,
        -1.33843918e+00,  1.30039573e+00,  5.05531983e-01,
        -2.36671482e-01, -2.96903944e-01, -1.09078626e+00,
         1.06274282e+00, -2.97574369e-01,  2.75530926e-01,
        -9.67974974e-01, -1.25204868e-01,  6.79271949e-01,
         3.83864450e-01,  1.46446060e-01, -8.72519607e-01,
         1.65400508e+00, -9.48974974e-01, -3.99907893e-01,
         3.67864450e-01,  7.13581556e-02, -9.34015989e-02,
         1.60731625e-01, -1.85775068e-01,  9.19931531e-01,
        -9.57974974e-01,  9.22931531e-01, -9.59974974e-01,
        -5.78110524e-01,  5.46067081e-01, -1.53237651e-01,
         1.04194208e-01, -4.00434432e-02],
       [-1.25082247e-01,  5.50358205e-01,  1.38475103e-01,
        -2.70603643e-01,  7.40046562e-02, -6.58927083e-01,
         4.08139147e-01, -6.87343035e-01,  8.29707174e-01,
        -9.79944450e-01,  2.37553843e-01,  9.12754745e-01,
        -1.68446166e-01,  6.24183899e-01, -3.02373595e-01,
         4.38173865e-02,  1.13546752e-01, -3.87823135e-01,
         3.93196117e-01,  7.72196712e-01, -6.20205555e-01,
         8.10901206e-01,  2.18626196e-01, -4.58048956e-01,
        -4.20114308e-01,  8.08439926e-01, -6.57075787e-01,
         7.02866247e-01, -5.42502109e-01, -2.74399570e-01,
        -6.48373393e-01,  1.06913710e+00, -7.80630150e-01,
         9.24994289e-01,  6.64253273e-01, -5.08889135e-01,
        -9.91944450e-01,  2.51891365e-02,  8.22235153e-01,
         2.94884298e-01, -7.77055556e-01,  3.13026820e-01,
         1.60433732e+00, -9.83944450e-01, -1.21520160e-01,
         2.87884298e-01, -1.11221724e-02,  1.67486311e-01,
        -3.66830591e-02,  1.98047198e-01,  1.13730859e+00,
        -9.77944450e-01,  1.14630859e+00, -9.82944450e-01,
        -6.93060151e-01,  8.60424290e-01, -1.86310055e-01,
         3.40674194e-01,  1.52364138e-01],
       [-1.25722188e-01,  5.74050411e-01, -6.89581260e-02,
        -1.28498450e-01, -7.67215769e-02, -3.17361943e-01,
        -1.73681617e-01, -9.29396370e-01,  5.97502880e-01,
        -7.57331625e-01,  2.28709145e-01,  1.85728990e-01,
        -5.66557575e-01,  4.87456028e-01, -2.45791943e-01,
        -4.49305735e-01,  1.29412246e-01, -4.37872322e-01,
        -4.72800295e-02,  2.15159268e-01, -3.89004059e-02,
         1.44798285e-01,  1.78906086e-01, -2.69135701e-01,
        -3.66462159e-01, -1.02822043e-01, -2.18071446e-01,
        -4.83482530e-01,  1.36589040e-01,  4.04434052e-01,
        -5.21274366e-01, -2.13053175e-01, -1.15806939e+00,
         8.33175901e-01, -4.18020939e-02, -2.84091396e-01,
        -7.48331625e-01, -2.35486781e-01,  7.74816407e-01,
        -1.22891490e-01, -4.74363044e-01, -8.65771092e-01,
         1.75257227e+00, -7.63331625e-01, -2.16001999e-01,
        -1.14891490e-01,  3.06610454e-01, -6.34503944e-01,
        -1.14207091e-01, -2.07686399e-01,  4.20438135e-01,
        -7.52331625e-01,  4.20438135e-01, -7.53331625e-01,
        -8.76223115e-01,  5.36329626e-01, -8.85485284e-01,
         5.54591795e-01, -3.35893490e-01],
       [ 4.72064446e-02,  5.77209431e-01, -1.70152735e-01,
        -1.44403353e-01, -3.08290101e-02, -3.43920767e-01,
        -2.08908378e-01, -9.61621511e-01,  6.86823143e-01,
        -7.48697620e-01,  2.36231776e-01,  2.49667476e-01,
        -4.41837031e-01,  4.15211277e-01, -2.47172613e-01,
        -4.53882132e-01,  1.73083765e-01, -4.27911644e-01,
         4.21401455e-02,  1.75710898e-01, -7.57377660e-02,
         8.85789534e-02,  2.70042365e-01, -2.72332167e-01,
        -3.70087519e-01, -1.08737508e-01, -1.71060859e-01,
        -6.85614936e-01,  4.07816569e-01,  4.35572356e-01,
        -4.68963098e-01, -2.45407625e-01, -1.06056494e+00,
         7.96766573e-01, -2.06026679e-02, -2.74195699e-01,
        -7.55697620e-01, -8.20760663e-02,  7.61353075e-01,
        -2.05377756e-01, -5.24921328e-01, -7.67567503e-01,
         1.74038808e+00, -7.61697620e-01, -9.14206113e-02,
        -1.97377756e-01,  2.99743311e-01, -5.94541679e-01,
        -1.36406037e-01, -1.41392331e-01,  4.60899253e-01,
        -7.52697620e-01,  4.66899253e-01, -7.58697620e-01,
        -9.52075376e-01,  6.66277009e-01, -6.93613780e-01,
         4.06815413e-01, -2.79798367e-01],
       [ 1.07461202e-01,  5.16192091e-01, -2.99732203e-01,
        -1.45546927e-01,  5.99992655e-02, -5.04001365e-01,
         1.79860372e-01, -6.35700570e-01,  5.58933006e-01,
        -8.78431256e-01,  2.22904220e-01,  5.92759472e-01,
        -5.16566698e-01,  7.25318491e-01, -2.73519357e-01,
        -7.52645118e-02,  2.64969480e-02, -5.94037013e-01,
         3.07166419e-01,  2.08764079e-01,  1.93389508e-02,
         4.95686691e-01,  2.14129966e-01, -3.47592716e-01,
        -4.12991505e-01,  2.45321364e-01, -3.22088928e-01,
        -3.62624754e-01,  2.99857190e-01,  1.87569647e-01,
        -3.15998869e-01,  7.86616581e-02, -1.01565356e+00,
         9.53885995e-01,  2.08977901e-01, -2.86745465e-01,
        -8.79431256e-01, -2.47119581e-01,  7.31131598e-01,
         3.15651675e-01, -5.78113979e-01, -1.86808893e-01,
         1.57458656e+00, -8.81431256e-01, -3.82419239e-01,
         3.23651675e-01,  7.39425353e-02, -1.37710099e-01,
         1.12599828e-01, -1.82367391e-01,  8.12663692e-01,
        -8.78431256e-01,  8.09663692e-01, -8.81431256e-01,
        -5.57779581e-01,  5.06012017e-01, -1.89427035e-01,
         1.20659471e-01, -7.27675637e-02],
       [-2.61668918e-01,  5.49555033e-01, -1.60309715e-01,
         7.63372705e-02, -7.13538275e-02, -1.94323010e-01,
        -2.00726623e-01, -6.15087574e-01,  3.76597784e-01,
        -8.26563635e-01,  2.21909516e-01,  3.41164328e-01,
        -7.64125237e-01,  7.89465780e-01, -2.64830334e-01,
        -2.84784953e-01,  4.72951624e-02, -6.46696171e-01,
        -2.07885377e-01,  3.86201030e-01,  2.04890727e-01,
         1.17822399e-01,  3.42035547e-01, -3.08747008e-01,
        -4.08600729e-01,  2.08601650e-02, -2.85349955e-01,
        -6.00002666e-01,  3.52512876e-01,  3.75283685e-01,
        -1.89342781e-01, -4.40430694e-01, -1.36638553e+00,
         1.12389574e+00, -3.17268009e-01,  6.77782182e-02,
        -8.19563635e-01, -4.80491661e-01,  7.83543176e-01,
         2.69022329e-01, -1.15374878e-01, -1.05353459e+00,
         1.73298331e+00, -8.10563635e-01, -5.33512120e-01,
         2.81022329e-01,  2.59667809e-01, -5.21157599e-01,
         7.13766731e-02, -3.33866463e-01,  5.78073844e-01,
        -8.16563635e-01,  5.62073844e-01, -8.27563635e-01,
        -5.33541305e-01,  3.05051515e-01, -7.35299087e-01,
         4.89809296e-01, -2.57489790e-01],
       [ 1.00000000e-03, -9.00000000e-03,  9.00000000e-03,
        -8.00000000e-03,  5.00000000e-03, -7.00000000e-03,
         5.00000000e-03, -6.00000000e-03,  1.00000000e-03,
         4.00000000e-03,  0.00000000e+00, -2.00000000e-03,
         5.00000000e-03,  7.00000000e-03,  2.00000000e-03,
        -8.00000000e-03,  5.00000000e-03,  5.00000000e-03,
         5.00000000e-03,  2.00000000e-03, -1.00000000e-03,
         4.00000000e-03, -1.00000000e-02, -4.00000000e-03,
        -5.00000000e-03, -5.00000000e-03, -1.00000000e-02,
         4.00000000e-03, -3.00000000e-03, -6.00000000e-03,
        -5.00000000e-03,  4.00000000e-03,  4.00000000e-03,
         9.00000000e-03, -6.00000000e-03,  2.00000000e-03,
        -7.00000000e-03,  2.00000000e-03, -7.00000000e-03,
         4.00000000e-03, -6.00000000e-03,  1.00000000e-02,
        -2.00000000e-03, -1.00000000e-03,  5.00000000e-03,
         7.00000000e-03, -9.00000000e-03, -1.00000000e-02,
         2.00000000e-03, -5.00000000e-03, -6.00000000e-03,
        -9.00000000e-03, -1.00000000e-03,  7.00000000e-03,
         0.00000000e+00, -1.00000000e-03,  9.00000000e-03,
         1.00000000e-03, -5.00000000e-03]]), 'deltas': array([[4.30927840e-06],
       [1.51847804e-06],
       [8.95401837e-05],
       [5.75567723e-05],
       [1.50667484e-05],
       [3.01065757e-05],
       [0.00000000e+00]]), 'outputs': array([[0.99873784],
       [0.99955561],
       [0.97308281],
       [0.98286982],
       [0.99557302],
       [0.99111415],
       [1.        ]]), 'errors': 0.0034185227848296416}, {'weights': array([[ 2.79610941,  1.17123339, -4.40521582, -5.82230044,  1.13489994,
         4.73512831, -3.92401791],
       [-4.23420435, -7.10374884, -2.58866132, -2.69163028, -2.50557896,
        -2.43949592,  3.37354867],
       [ 2.01078316,  6.39719676, -2.09695935, -0.37688573, -4.28194528,
        -8.73036369, -3.21015079],
       [ 0.51963878, -0.2985052 ,  3.00249103,  2.75260623,  2.05023463,
         2.29466977, -6.51258444]]), 'deltas': array([[-2.38901960e-04],
       [-2.17262276e-16],
       [-1.57554588e-09],
       [ 6.27380006e-04]]), 'outputs': array([[1.55782712e-02],
       [1.47398195e-08],
       [3.96939343e-05],
       [9.74628521e-01]]), 'errors': array([[-1.55782712e-02],
       [-1.47398195e-08],
       [-3.96939343e-05],
       [ 2.53714787e-02]])}]
Accuracy: 100.0 %

train_data group 3 length:  38
   0   1   2   3   4   5   6   7   8  ...  50  51  52  53  54  55  56  57  58
0   0   0   0   0   0   0   1   1   0 ...   1   0   1   0   1   0   1   0   0
1   0   0   0   0   0   0   1   1   0 ...   1   0   1   0   1   0   1   0   0
2   0   0   0   1   0   0   0   1   0 ...   0   1   0   1   1   0   1   0   1
3   0   0   0   0   0   0   1   1   0 ...   0   1   0   1   1   0   1   0   1
4   0   0   0   0   1   0   0   1   0 ...   1   0   1   0   0   1   1   0   2

[5 rows x 59 columns]
Initial Neural Network:
[{'weights': array([[ 0.003,  0.001, -0.002, -0.003,  0.008, -0.004, -0.006, -0.008,
         0.005, -0.005, -0.004,  0.005,  0.001, -0.003,  0.009, -0.002,
        -0.003, -0.006,  0.002,  0.006, -0.009, -0.003, -0.003, -0.009,
         0.002, -0.006, -0.004, -0.006,  0.005,  0.001, -0.009,  0.003,
        -0.003,  0.004,  0.005,  0.009,  0.007, -0.01 , -0.003, -0.002,
         0.   ,  0.008,  0.005, -0.002,  0.007, -0.008,  0.004, -0.009,
         0.003,  0.009,  0.007, -0.007,  0.008,  0.007,  0.004,  0.006,
         0.005,  0.006, -0.006],
       [ 0.005,  0.005, -0.005, -0.005, -0.01 , -0.009, -0.01 , -0.005,
         0.004, -0.004,  0.007,  0.003,  0.004,  0.002,  0.001, -0.001,
         0.002, -0.001,  0.   , -0.002,  0.   ,  0.008,  0.004,  0.008,
        -0.006,  0.01 , -0.005,  0.006,  0.006, -0.006,  0.009, -0.008,
        -0.002,  0.003, -0.003,  0.009,  0.001, -0.01 ,  0.004, -0.006,
        -0.003, -0.007, -0.001, -0.005,  0.007,  0.009,  0.   ,  0.   ,
         0.007, -0.002, -0.001,  0.007,  0.005, -0.001,  0.005,  0.008,
        -0.007,  0.002, -0.004],
       [ 0.008, -0.007, -0.001,  0.006, -0.009,  0.004, -0.005,  0.01 ,
        -0.003,  0.001, -0.009,  0.002, -0.01 ,  0.009,  0.003, -0.005,
         0.01 ,  0.005,  0.004,  0.003,  0.003,  0.002,  0.004, -0.001,
        -0.009,  0.001,  0.008,  0.002, -0.001,  0.007,  0.007, -0.006,
         0.009,  0.005, -0.008, -0.008,  0.009,  0.007, -0.006, -0.004,
         0.006, -0.007, -0.001, -0.001,  0.008,  0.002, -0.01 , -0.008,
         0.01 , -0.006, -0.007, -0.006,  0.002,  0.008, -0.002,  0.007,
        -0.006,  0.008, -0.003],
       [ 0.007,  0.008, -0.007,  0.005, -0.009,  0.008, -0.008, -0.007,
        -0.005,  0.   , -0.007,  0.008,  0.004, -0.003, -0.007,  0.001,
        -0.004, -0.01 , -0.009,  0.005,  0.007, -0.006, -0.005,  0.007,
        -0.005, -0.01 , -0.006, -0.006, -0.01 ,  0.005, -0.003,  0.009,
         0.001,  0.01 ,  0.001,  0.002, -0.008,  0.009, -0.01 , -0.005,
        -0.003, -0.008, -0.006, -0.002,  0.01 , -0.008,  0.007, -0.005,
         0.008,  0.006, -0.001,  0.01 ,  0.005,  0.002,  0.009,  0.009,
        -0.001,  0.   , -0.007],
       [ 0.004,  0.002,  0.   , -0.009,  0.006,  0.003, -0.003,  0.007,
         0.002, -0.01 ,  0.006,  0.01 ,  0.   ,  0.001,  0.002,  0.007,
         0.006,  0.003,  0.   , -0.007, -0.008,  0.003,  0.   , -0.003,
         0.002, -0.01 ,  0.002,  0.003,  0.003, -0.002,  0.01 ,  0.007,
        -0.001,  0.001,  0.004,  0.004,  0.001, -0.008, -0.007, -0.008,
         0.005, -0.006, -0.008, -0.01 , -0.002, -0.007, -0.005, -0.002,
         0.002,  0.003, -0.009, -0.006,  0.01 , -0.007,  0.007, -0.009,
         0.009,  0.004,  0.008],
       [ 0.008,  0.004, -0.003,  0.005, -0.009, -0.006,  0.01 , -0.007,
        -0.008,  0.004,  0.004,  0.007,  0.   , -0.004, -0.009,  0.002,
         0.005, -0.001, -0.004, -0.009, -0.008, -0.01 ,  0.004,  0.004,
         0.005,  0.01 ,  0.001,  0.009,  0.004,  0.002, -0.009, -0.006,
        -0.007, -0.001,  0.006,  0.004,  0.002,  0.001, -0.001, -0.007,
        -0.007, -0.005,  0.006, -0.007, -0.006,  0.01 , -0.004, -0.001,
        -0.009, -0.008,  0.01 ,  0.003,  0.005, -0.006,  0.01 ,  0.002,
        -0.001,  0.007,  0.009],
       [ 0.   ,  0.007, -0.004, -0.003, -0.005,  0.004, -0.004, -0.009,
         0.005, -0.006,  0.002, -0.007,  0.003, -0.01 ,  0.   ,  0.009,
         0.01 ,  0.007, -0.001, -0.002,  0.005,  0.008, -0.008,  0.006,
        -0.008, -0.007, -0.007,  0.008, -0.009, -0.005,  0.008,  0.007,
        -0.001,  0.003, -0.009, -0.004, -0.004,  0.002, -0.005,  0.009,
         0.01 ,  0.009,  0.005, -0.01 , -0.004, -0.005,  0.007,  0.003,
        -0.002,  0.   , -0.002,  0.003,  0.007, -0.005,  0.006,  0.008,
        -0.009,  0.006, -0.01 ]]), 'deltas': array([[0.],
       [0.],
       [0.],
       [0.],
       [0.],
       [0.],
       [0.]]), 'outputs': array([[0.],
       [0.],
       [0.],
       [0.],
       [0.],
       [0.],
       [0.]]), 'errors': array([[0.],
       [0.],
       [0.],
       [0.],
       [0.],
       [0.],
       [0.]])}, {'weights': array([[-0.005,  0.006,  0.002,  0.004,  0.007, -0.005, -0.008],
       [ 0.   ,  0.005,  0.007,  0.004,  0.   , -0.01 , -0.001],
       [ 0.005, -0.01 , -0.003,  0.   , -0.004, -0.01 , -0.009],
       [-0.002,  0.001,  0.009, -0.004,  0.006,  0.006,  0.003]]), 'deltas': array([[0.],
       [0.],
       [0.],
       [0.],
       [0.]]), 'outputs': array([[0.],
       [0.],
       [0.],
       [0.],
       [0.]]), 'errors': array([[0.],
       [0.],
       [0.],
       [0.],
       [0.]])}]
Training complete!
Training done. epoch: 205 , total error: 0.000757543403732881
[{'weights': array([[-3.36974778e-01,  3.98331275e-01, -1.10534300e-01,
        -1.81756349e-01, -3.64412838e-01, -3.48304296e-01,
         7.58250607e-01, -3.74110116e-01,  1.88709438e-01,
        -8.39413405e-01,  2.69904057e-01,  3.83108669e-01,
        -5.21612148e-01,  6.89154475e-01, -3.42943005e-01,
        -2.46629098e-01,  5.92284201e-02, -9.38833686e-01,
         3.91704279e-01, -3.36826060e-02,  3.91411335e-01,
         3.87416159e-01,  1.36719122e-01, -2.96013155e-01,
        -4.23522804e-01, -2.29383975e-01,  3.69832968e-02,
        -1.04748140e-01, -7.86525387e-02, -4.08814509e-02,
        -4.49262482e-01,  3.02743254e-01, -9.93328193e-01,
         8.11927515e-01,  3.28481374e-02, -2.01248816e-01,
        -8.27413405e-01, -2.96687916e-01,  6.67945645e-01,
         2.65754998e-01, -4.48596432e-01, -4.15755772e-01,
         1.52936493e+00, -8.36413405e-01, -4.43155676e-01,
         2.59754998e-01,  7.46552794e-02, -2.62055958e-01,
        -1.67091292e-01, -3.30938597e-03,  6.59012726e-01,
        -8.41413405e-01,  6.60012726e-01, -8.27413405e-01,
        -5.62658407e-01,  3.90257728e-01, -8.95369724e-01,
         7.23969045e-01, -1.88400678e-01],
       [-1.43288691e-01,  3.92005396e-01, -1.53470727e-02,
         2.95312927e-02, -2.49410026e-01, -3.43417102e-01,
         1.06086165e-01, -6.38834221e-01,  4.42994183e-01,
        -7.32376729e-01,  2.72884823e-01,  2.70651867e-01,
        -2.91500732e-01,  4.20611837e-01, -3.16951144e-01,
        -4.85929917e-01,  2.92089878e-01, -8.77399060e-01,
         9.46384720e-03,  4.02253710e-01,  2.67841464e-01,
         1.33647075e-01,  2.94232122e-01, -2.43949208e-01,
        -3.64770028e-01, -2.52988706e-01,  6.31486671e-02,
        -3.55354151e-01,  1.72514112e-01,  6.10931311e-02,
        -3.73876503e-02, -2.23545519e-01, -7.96964342e-01,
         6.03124303e-01, -6.29155936e-02, -1.25924445e-01,
        -7.27376729e-01, -1.33756468e-02,  6.39852467e-01,
        -1.04940130e-01, -3.81598558e-01, -6.28841872e-01,
         1.53297712e+00, -7.33376729e-01, -8.88999087e-02,
        -8.99401298e-02,  1.82894536e-01, -3.77734575e-01,
        -2.56023291e-01,  6.61832527e-02,  5.32536690e-01,
        -7.21376729e-01,  5.38536690e-01, -7.29376729e-01,
        -8.22316859e-01,  6.40476820e-01, -9.44325954e-01,
         7.44485915e-01, -1.98840039e-01],
       [-8.76149020e-02,  3.82067451e-01, -2.53603840e-03,
         1.05786108e-01, -2.33335975e-01, -2.97298195e-01,
        -4.91462554e-02, -6.67142427e-01,  4.96064620e-01,
        -7.12265692e-01,  2.54696530e-01,  2.73491355e-01,
        -2.29363639e-01,  3.64337026e-01, -3.11051194e-01,
        -5.26035832e-01,  3.52958025e-01, -8.60223702e-01,
        -1.11485290e-01,  5.26125008e-01,  2.82506176e-01,
         6.10579463e-02,  3.60976622e-01, -2.48177939e-01,
        -3.55934437e-01, -2.51301986e-01,  8.22241780e-02,
        -4.53291068e-01,  2.76213260e-01,  7.41783583e-02,
         9.31139244e-02, -3.37370090e-01, -7.19813054e-01,
         5.55735246e-01, -1.02321923e-01, -9.17558843e-02,
        -7.04265692e-01,  8.18652537e-02,  6.29196639e-01,
        -1.78874008e-01, -3.25686849e-01, -6.74253874e-01,
         1.53312861e+00, -7.14265692e-01,  4.79620048e-03,
        -1.72874008e-01,  1.90149774e-01, -3.86227582e-01,
        -2.71514408e-01,  9.74366001e-02,  5.28187885e-01,
        -7.19265692e-01,  5.37187885e-01, -7.05265692e-01,
        -8.90139700e-01,  7.17061893e-01, -9.26860991e-01,
         7.50783183e-01, -1.81077808e-01],
       [-4.04342393e-02,  3.85969242e-01, -1.55430281e-02,
         9.49153281e-02, -2.35526464e-01, -3.19732732e-01,
        -2.79921830e-02, -6.91707452e-01,  5.17363376e-01,
        -7.32988011e-01,  2.49120261e-01,  3.22523674e-01,
        -1.09735167e-01,  2.66219669e-01, -3.24828579e-01,
        -5.41123922e-01,  3.75779846e-01, -9.23914617e-01,
        -2.13297449e-01,  6.37326439e-01,  3.30541551e-01,
         3.80753526e-02,  4.05088792e-01, -2.42000306e-01,
        -3.72507915e-01, -1.41804167e-01, -3.65399093e-02,
        -4.92140575e-01,  3.13796499e-01,  3.64679866e-02,
         3.00581477e-01, -4.88393541e-01, -5.99676390e-01,
         4.48332313e-01, -7.04350972e-02, -8.89089793e-02,
        -7.40988011e-01,  1.85315987e-01,  6.09369575e-01,
        -2.30041628e-01, -3.88349408e-01, -5.41593614e-01,
         1.48358696e+00, -7.34988011e-01,  7.26975515e-02,
        -2.33041628e-01,  1.51470277e-01, -3.11814354e-01,
        -3.64237288e-01,  2.15893211e-01,  5.69643935e-01,
        -7.22988011e-01,  5.75643935e-01, -7.30988011e-01,
        -9.49029639e-01,  8.04685562e-01, -8.10917382e-01,
         6.47573306e-01, -1.69344076e-01],
       [-2.08264542e-01,  3.95264704e-01, -2.84615553e-02,
        -2.45271987e-02, -2.19882147e-01, -3.63233748e-01,
         2.50713797e-01, -5.63642567e-01,  3.71251877e-01,
        -7.55992247e-01,  2.74823031e-01,  2.85778526e-01,
        -3.66154243e-01,  4.88245882e-01, -3.20482329e-01,
        -4.59112795e-01,  2.70722105e-01, -8.73800015e-01,
         1.23986776e-01,  2.56448956e-01,  2.79973594e-01,
         2.07623665e-01,  2.20029815e-01, -2.57647666e-01,
        -3.69396504e-01, -2.88709643e-01,  7.93189536e-02,
        -2.50205609e-01,  5.48149193e-02,  5.83214830e-02,
        -1.41612481e-01, -1.03099691e-01, -8.65279337e-01,
         6.63888648e-01, -2.53424031e-02, -1.68048287e-01,
        -7.44992247e-01, -9.59319028e-02,  6.41520145e-01,
        -2.39866846e-02, -4.19447800e-01, -5.74480543e-01,
         1.52952990e+00, -7.55992247e-01, -1.87404005e-01,
        -2.29866846e-02,  1.63709579e-01, -3.72100269e-01,
        -2.50715762e-01,  5.43250727e-02,  5.35601557e-01,
        -7.51992247e-01,  5.54601557e-01, -7.52992247e-01,
        -7.54978931e-01,  5.51588242e-01, -9.43468548e-01,
         7.55077858e-01, -1.93390690e-01],
       [-2.40280445e-01,  3.98702135e-01, -2.75150284e-02,
        -3.97872959e-02, -2.14952581e-01, -3.74378530e-01,
         3.05903714e-01, -5.48528522e-01,  3.32220489e-01,
        -7.48858416e-01,  2.71894490e-01,  2.90655893e-01,
        -3.96871449e-01,  5.14580304e-01, -3.32016887e-01,
        -4.52576200e-01,  2.58268167e-01, -8.66342048e-01,
         1.71693323e-01,  1.82376496e-01,  2.88964196e-01,
         2.25984551e-01,  1.99107773e-01, -2.54146193e-01,
        -3.69254164e-01, -2.88195870e-01,  9.78878371e-02,
        -1.99232551e-01,  1.09245180e-02,  5.39396009e-02,
        -2.08621866e-01, -5.96257680e-02, -9.01748528e-01,
         6.92440495e-01, -1.54732503e-02, -1.75834783e-01,
        -7.50858416e-01, -1.25238918e-01,  6.50617592e-01,
         1.91717088e-02, -4.41870540e-01, -5.48905056e-01,
         1.53632598e+00, -7.59858416e-01, -2.33479742e-01,
         3.61717088e-02,  1.53295174e-01, -3.59603207e-01,
        -2.53815249e-01,  3.55072165e-02,  5.61550383e-01,
        -7.49858416e-01,  5.56550383e-01, -7.58858416e-01,
        -7.16686707e-01,  5.27378674e-01, -9.55063395e-01,
         7.59755362e-01, -1.92308033e-01],
       [ 0.00000000e+00,  7.00000000e-03, -4.00000000e-03,
        -3.00000000e-03, -5.00000000e-03,  4.00000000e-03,
        -4.00000000e-03, -9.00000000e-03,  5.00000000e-03,
        -6.00000000e-03,  2.00000000e-03, -7.00000000e-03,
         3.00000000e-03, -1.00000000e-02,  0.00000000e+00,
         9.00000000e-03,  1.00000000e-02,  7.00000000e-03,
        -1.00000000e-03, -2.00000000e-03,  5.00000000e-03,
         8.00000000e-03, -8.00000000e-03,  6.00000000e-03,
        -8.00000000e-03, -7.00000000e-03, -7.00000000e-03,
         8.00000000e-03, -9.00000000e-03, -5.00000000e-03,
         8.00000000e-03,  7.00000000e-03, -1.00000000e-03,
         3.00000000e-03, -9.00000000e-03, -4.00000000e-03,
        -4.00000000e-03,  2.00000000e-03, -5.00000000e-03,
         9.00000000e-03,  1.00000000e-02,  9.00000000e-03,
         5.00000000e-03, -1.00000000e-02, -4.00000000e-03,
        -5.00000000e-03,  7.00000000e-03,  3.00000000e-03,
        -2.00000000e-03,  0.00000000e+00, -2.00000000e-03,
         3.00000000e-03,  7.00000000e-03, -5.00000000e-03,
         6.00000000e-03,  8.00000000e-03, -9.00000000e-03,
         6.00000000e-03, -1.00000000e-02]]), 'deltas': array([[-9.81652663e-05],
       [-3.72661551e-05],
       [-1.97074704e-05],
       [-1.48913092e-05],
       [-7.82175554e-05],
       [-1.01991899e-04],
       [-0.00000000e+00]]), 'outputs': array([[0.78583096],
       [0.06859697],
       [0.03501368],
       [0.02621797],
       [0.15956067],
       [0.22588557],
       [1.        ]]), 'errors': -0.0005832731994022595}, {'weights': array([[ 8.00205343, -1.92906528, -2.62413769, -2.59417217, -1.26676896,
        -0.91935312, -1.6345832 ],
       [-6.09294575, -3.36532679, -3.13242997, -3.99288925, -3.56248588,
        -3.53838222,  2.09417139],
       [-3.08822813, -0.96651809, -0.55743166,  6.18259172, -1.10103796,
        -1.83428259, -1.07787182],
       [ 1.21558635,  1.67478129,  1.71358886,  1.53939149,  1.60810721,
         1.64198092, -5.38391462]]), 'deltas': array([[ 0.0003492 ],
       [-0.00011783],
       [-0.00030664],
       [-0.00070825]]), 'outputs': array([[0.98113429],
       [0.0109147 ],
       [0.01766791],
       [0.02697937]]), 'errors': array([[ 0.01886571],
       [-0.0109147 ],
       [-0.01766791],
       [-0.02697937]])}]
Accuracy: 88.88888888888889 %

train_data group 4 length:  37
   0   1   2   3   4   5   6   7   8  ...  50  51  52  53  54  55  56  57  58
0   0   0   0   0   0   0   1   1   0 ...   1   0   1   0   1   0   1   0   0
1   0   0   0   0   0   0   1   1   0 ...   1   0   1   0   1   0   1   0   0
2   0   0   0   1   0   0   0   1   0 ...   0   1   0   1   1   0   1   0   1
3   0   0   0   0   0   0   1   1   0 ...   0   1   0   1   1   0   1   0   1
4   0   0   0   0   1   0   0   1   0 ...   1   0   1   0   0   1   1   0   2

[5 rows x 59 columns]
Initial Neural Network:
[{'weights': array([[-0.006, -0.006,  0.002, -0.003,  0.008,  0.009,  0.004,  0.001,
        -0.009, -0.003,  0.008, -0.009, -0.001,  0.005, -0.008, -0.009,
        -0.006, -0.003, -0.01 ,  0.003,  0.   , -0.006, -0.008,  0.008,
        -0.008,  0.01 , -0.008, -0.003,  0.001, -0.002, -0.004, -0.007,
        -0.005, -0.006,  0.004, -0.006,  0.001, -0.007, -0.004,  0.006,
         0.008,  0.008,  0.005, -0.009,  0.008, -0.004, -0.002, -0.005,
         0.01 , -0.003,  0.003,  0.002, -0.001,  0.008, -0.002, -0.004,
        -0.01 ,  0.004,  0.001],
       [ 0.003, -0.009,  0.004, -0.009, -0.01 ,  0.001, -0.005, -0.006,
         0.006, -0.009, -0.003,  0.005,  0.005,  0.003, -0.01 ,  0.005,
         0.01 ,  0.003, -0.002,  0.008,  0.01 , -0.002, -0.007,  0.003,
        -0.005,  0.001, -0.004,  0.007,  0.005,  0.01 ,  0.007,  0.003,
         0.001, -0.002, -0.006, -0.001,  0.006,  0.01 , -0.007,  0.005,
        -0.001,  0.005,  0.   ,  0.003, -0.001,  0.003, -0.008,  0.009,
         0.005,  0.01 , -0.008,  0.009, -0.004, -0.001,  0.   ,  0.01 ,
         0.003, -0.007, -0.003],
       [-0.004,  0.006,  0.001, -0.002, -0.004, -0.01 , -0.004,  0.01 ,
         0.004,  0.009, -0.003,  0.01 , -0.001,  0.007,  0.003, -0.01 ,
        -0.002,  0.007, -0.009, -0.009, -0.002,  0.009, -0.004,  0.009,
         0.01 , -0.009,  0.003,  0.004,  0.006, -0.005,  0.001, -0.003,
        -0.005,  0.001, -0.005,  0.003, -0.005,  0.004,  0.005, -0.003,
        -0.005,  0.006, -0.003,  0.004, -0.005,  0.001,  0.002,  0.005,
         0.005,  0.006, -0.003,  0.   ,  0.007, -0.004,  0.01 ,  0.005,
         0.004, -0.01 , -0.003],
       [ 0.008,  0.002, -0.003,  0.007,  0.004, -0.009,  0.   ,  0.005,
        -0.009,  0.003, -0.007,  0.007, -0.004,  0.001,  0.001, -0.006,
         0.005, -0.007, -0.008, -0.009,  0.004, -0.006, -0.008, -0.004,
         0.006,  0.01 ,  0.003, -0.004, -0.007,  0.   , -0.002, -0.003,
         0.   , -0.005,  0.001,  0.008,  0.007, -0.009,  0.   , -0.009,
         0.003, -0.002,  0.   , -0.006, -0.002,  0.003, -0.001,  0.004,
         0.007,  0.01 ,  0.01 , -0.007,  0.002, -0.01 ,  0.004, -0.002,
         0.003, -0.006,  0.   ],
       [ 0.005, -0.009,  0.   ,  0.007, -0.009, -0.008, -0.002,  0.008,
        -0.005,  0.   ,  0.   , -0.005, -0.008, -0.01 , -0.007, -0.009,
         0.001, -0.01 , -0.005,  0.009,  0.005, -0.006,  0.006, -0.009,
        -0.004, -0.008, -0.005,  0.004, -0.006,  0.002,  0.009,  0.007,
         0.005,  0.005, -0.005, -0.009, -0.004, -0.002, -0.009, -0.005,
        -0.002,  0.005, -0.002,  0.   ,  0.003,  0.004,  0.007, -0.002,
         0.007,  0.002,  0.008, -0.003,  0.001, -0.004, -0.004, -0.004,
        -0.002, -0.003, -0.009],
       [-0.003,  0.004,  0.008,  0.004, -0.008,  0.004, -0.002, -0.009,
         0.007, -0.009, -0.006,  0.007, -0.009, -0.006,  0.009,  0.003,
        -0.002, -0.009,  0.004, -0.004, -0.004,  0.008,  0.008,  0.01 ,
         0.001, -0.002,  0.008,  0.008,  0.   , -0.01 ,  0.004, -0.008,
        -0.007,  0.01 , -0.005, -0.009,  0.01 , -0.01 , -0.001,  0.003,
         0.001,  0.008,  0.001, -0.003,  0.001, -0.002, -0.001, -0.007,
        -0.001,  0.   ,  0.003,  0.008, -0.006,  0.01 ,  0.01 ,  0.002,
         0.008, -0.006, -0.009],
       [ 0.008,  0.007, -0.006,  0.008, -0.008, -0.008, -0.001, -0.009,
         0.003,  0.008,  0.002,  0.002,  0.001,  0.002,  0.003, -0.003,
         0.004, -0.008, -0.007, -0.003,  0.001,  0.003,  0.001,  0.007,
         0.007,  0.004, -0.01 , -0.001,  0.   , -0.001, -0.008, -0.003,
         0.009, -0.009, -0.006, -0.003, -0.005,  0.005, -0.01 , -0.005,
         0.007,  0.007,  0.006,  0.007,  0.001, -0.005,  0.002, -0.008,
        -0.005, -0.001,  0.009,  0.   ,  0.   , -0.005,  0.004,  0.008,
         0.008, -0.003, -0.004]]), 'deltas': array([[0.],
       [0.],
       [0.],
       [0.],
       [0.],
       [0.],
       [0.]]), 'outputs': array([[0.],
       [0.],
       [0.],
       [0.],
       [0.],
       [0.],
       [0.]]), 'errors': array([[0.],
       [0.],
       [0.],
       [0.],
       [0.],
       [0.],
       [0.]])}, {'weights': array([[-0.002, -0.002,  0.003,  0.006,  0.008, -0.004,  0.007],
       [ 0.008, -0.01 , -0.005,  0.007,  0.009,  0.005, -0.009],
       [ 0.008, -0.01 , -0.004,  0.003, -0.01 ,  0.007,  0.001],
       [ 0.01 ,  0.009,  0.007,  0.004,  0.004,  0.01 , -0.001]]), 'deltas': array([[0.],
       [0.],
       [0.],
       [0.],
       [0.]]), 'outputs': array([[0.],
       [0.],
       [0.],
       [0.],
       [0.]]), 'errors': array([[0.],
       [0.],
       [0.],
       [0.],
       [0.]])}]
Training complete!
Training done. epoch: 379 , total error: 0.0009640207349217508
[{'weights': array([[-1.11055467e-01,  4.20572800e-01, -1.51252804e-01,
        -8.88865276e-02, -2.97039848e-01, -2.02320343e-02,
        -3.69284913e-02, -8.09658145e-01,  5.08835773e-01,
        -7.98642194e-01,  3.75541993e-01,  1.26277829e-01,
        -3.85834640e-01,  5.48121221e-01, -4.59108953e-01,
        -1.76385034e-01, -1.31437338e-01, -1.42372001e-01,
        -6.18035964e-01,  2.51132143e-01,  2.06453450e-01,
         5.02660489e-01, -1.29658816e-01, -4.55079097e-01,
        -2.24744949e-01, -1.45160477e-01, -1.45661895e-01,
        -2.39535480e-02, -2.70868824e-01, -9.15850242e-02,
        -3.88962338e-01,  1.74724990e-01, -6.04308214e-01,
         3.00485842e-01,  1.46105880e-01, -4.40928252e-01,
        -7.94642194e-01, -1.80650313e-01,  7.40613874e-01,
        -6.21437405e-02, -6.67013012e-01, -3.70923774e-01,
         1.56175661e+00, -8.04642194e-01, -2.16678632e-01,
        -7.21437405e-02,  2.22813299e-01, -5.22635671e-01,
         1.22779399e-02, -2.98100312e-01,  5.05819821e-01,
        -7.93642194e-01,  5.01819821e-01, -7.87642194e-01,
        -8.65785934e-01,  5.66963562e-01, -1.85957898e+00,
         1.56075661e+00, -2.91822372e-01],
       [-3.30003613e-01,  3.89689803e-01, -2.02980929e-01,
         3.61739579e-01, -4.98831767e-01, -1.30136722e-01,
         2.46137011e-01, -3.02017517e-01,  1.62630879e-01,
        -8.73058852e-01,  3.78639865e-01,  3.48032349e-01,
        -7.64343696e-01,  1.06831000e+00, -4.45352946e-01,
        -1.18869138e-01, -5.51749997e-03, -2.44850970e-01,
         1.45269344e-02,  3.79002138e-02,  7.20371837e-02,
         5.51132298e-01,  4.72239766e-02, -5.38725975e-01,
        -2.10016938e-01,  5.00962637e-02, -1.92482902e-01,
         4.59685737e-02, -1.73355212e-01,  2.59699197e-01,
        -3.88283258e-01,  9.19742316e-03, -8.27034684e-01,
         6.86648046e-01, -7.77962599e-02, -6.85903782e-02,
        -8.58058852e-01, -5.37826625e-01,  6.82173476e-01,
         5.88325363e-01, -1.32176957e-01, -6.14829191e-01,
         1.47567836e+00, -8.61058852e-01, -7.23712001e-01,
         5.86325363e-01,  1.14509136e-01, -2.52895774e-01,
         2.26776570e-01, -3.51163208e-01,  7.16672214e-01,
        -8.55058852e-01,  7.20672214e-01, -8.65058852e-01,
        -2.80733489e-01,  1.51346851e-01, -1.61206500e+00,
         1.46867836e+00, -1.42386638e-01],
       [-2.14664878e-01,  3.98263211e-01, -3.66514257e-01,
         3.44474791e-01, -4.41280049e-01, -1.21500419e-01,
         2.55950779e-01, -2.32892015e-01,  1.18621193e-01,
        -8.61500194e-01,  3.87741671e-01,  3.61487701e-01,
        -7.23501934e-01,  1.04777873e+00, -4.43547618e-01,
        -1.65658771e-01,  2.53879489e-02, -2.48083914e-01,
        -7.88773112e-02,  6.40030310e-02,  1.21687372e-01,
         6.35763786e-01, -4.46946697e-03, -5.21978048e-01,
        -2.13587093e-01,  4.74120045e-02, -1.81682827e-01,
        -9.89297929e-03, -1.08377843e-01,  1.91499875e-01,
        -2.59147896e-01, -6.76228019e-02, -8.09558707e-01,
         6.77287885e-01, -7.21002415e-02, -5.81705809e-02,
        -8.75500194e-01, -4.95204862e-01,  6.91567655e-01,
         5.51866579e-01, -2.50156730e-01, -4.89469512e-01,
         1.47985561e+00, -8.66500194e-01, -6.88137401e-01,
         5.55866579e-01,  1.25615751e-01, -2.46886574e-01,
         2.96247263e-01, -4.13518085e-01,  7.39229372e-01,
        -8.70500194e-01,  7.49229372e-01, -8.74500194e-01,
        -3.05633615e-01,  1.92362793e-01, -1.60712644e+00,
         1.47285561e+00, -1.31270822e-01],
       [-2.97700743e-01,  3.99387935e-01, -3.26960359e-01,
         4.77020177e-01, -4.99357386e-01, -1.14775755e-01,
         2.57226266e-01, -1.79361184e-01,  6.12013190e-02,
        -8.62992483e-01,  3.93299075e-01,  3.58533542e-01,
        -7.46435087e-01,  1.07473679e+00, -4.44461572e-01,
        -1.80298840e-01,  6.51389745e-02, -3.15952867e-01,
        -1.22996516e-01,  9.02724295e-02,  2.14517088e-01,
         6.37146213e-01, -1.44944679e-02, -5.36262951e-01,
        -2.12548660e-01,  9.05793082e-02, -1.91739173e-01,
         5.47927908e-02, -1.79952656e-01,  2.13626375e-01,
        -2.21707316e-01, -1.11078925e-01, -7.61939714e-01,
         6.42779849e-01, -8.83878354e-02, -1.67720299e-02,
        -8.58992483e-01, -5.33072179e-01,  6.95929671e-01,
         5.70975126e-01, -2.23188295e-01, -5.24840694e-01,
         1.50086161e+00, -8.71992483e-01, -6.96134991e-01,
         5.82975126e-01,  1.43684084e-01, -2.54843949e-01,
         2.24520410e-01, -3.21680275e-01,  7.61832617e-01,
        -8.72992483e-01,  7.53832617e-01, -8.75992483e-01,
        -2.82017357e-01,  1.69857492e-01, -1.61202147e+00,
         1.49486161e+00, -1.14159865e-01],
       [-6.41214839e-02,  3.85066243e-01, -2.81589701e-01,
         6.01160347e-01, -5.32856826e-01, -1.51623434e-01,
         1.97830126e-01, -1.49435287e-01,  3.22300558e-01,
        -9.35270792e-01,  3.58172530e-01,  7.41963533e-01,
        -2.46740429e-01,  8.49962994e-01, -4.58357294e-01,
        -8.65962887e-02,  2.48461560e-01, -1.66930606e-01,
         7.32706749e-03,  5.51832072e-02,  2.73285602e-01,
         4.31678564e-01,  5.55415686e-01, -5.98557520e-01,
        -2.31671459e-01, -5.18927866e-02,  2.08758058e-01,
         1.73324430e-01, -5.45915873e-03,  1.76205032e-01,
        -1.21020015e-02,  2.37622413e-02, -3.19630638e-01,
         4.99495910e-01, -5.50672858e-02,  2.10932557e-01,
        -9.39270792e-01, -1.34599418e-02,  6.65928789e-01,
         4.36667216e-01, -1.45086587e-01, -1.80064322e-01,
         1.43128697e+00, -9.35270792e-01, -2.68801944e-01,
         4.45667216e-01,  2.17732462e-02,  1.53092025e-01,
         2.98103847e-01, -1.19238576e-01,  1.11313606e+00,
        -9.38270792e-01,  1.10613606e+00, -9.39270792e-01,
        -4.97603576e-01,  6.59468847e-01, -1.26542170e+00,
         1.43028697e+00,  1.60865271e-01],
       [-2.96645510e-01,  4.01364713e-01, -1.95470682e-01,
         2.20897674e-01, -4.09106280e-01, -1.35413901e-01,
         2.67525292e-01, -3.56008010e-01,  2.00159316e-01,
        -8.70159804e-01,  3.65250131e-01,  3.43060979e-01,
        -7.80949948e-01,  1.04727026e+00, -4.26169011e-01,
        -9.01336479e-02, -6.27150463e-02, -2.02103017e-01,
         7.24112837e-02, -9.62262370e-03, -2.75343373e-02,
         5.44566052e-01,  5.95305520e-02, -5.28183388e-01,
        -2.02761910e-01, -1.15544484e-02, -1.36294246e-01,
         2.37723620e-02, -1.69621056e-01,  2.34462636e-01,
        -4.95091709e-01,  9.27803783e-02, -9.13725891e-01,
         7.62877197e-01, -5.92752398e-02, -1.08573454e-01,
        -8.51159804e-01, -5.51561501e-01,  6.77271236e-01,
         5.73601376e-01, -1.48807672e-01, -5.92593145e-01,
         1.45871193e+00, -8.64159804e-01, -7.23450070e-01,
         5.68601376e-01,  1.03746489e-01, -2.65595183e-01,
         2.54544055e-01, -4.09392749e-01,  7.10311110e-01,
        -8.53159804e-01,  7.01311110e-01, -8.51159804e-01,
        -2.80558428e-01,  1.38709734e-01, -1.60356062e+00,
         1.45171193e+00, -1.62848694e-01],
       [ 8.00000000e-03,  7.00000000e-03, -6.00000000e-03,
         8.00000000e-03, -8.00000000e-03, -8.00000000e-03,
        -1.00000000e-03, -9.00000000e-03,  3.00000000e-03,
         8.00000000e-03,  2.00000000e-03,  2.00000000e-03,
         1.00000000e-03,  2.00000000e-03,  3.00000000e-03,
        -3.00000000e-03,  4.00000000e-03, -8.00000000e-03,
        -7.00000000e-03, -3.00000000e-03,  1.00000000e-03,
         3.00000000e-03,  1.00000000e-03,  7.00000000e-03,
         7.00000000e-03,  4.00000000e-03, -1.00000000e-02,
        -1.00000000e-03,  0.00000000e+00, -1.00000000e-03,
        -8.00000000e-03, -3.00000000e-03,  9.00000000e-03,
        -9.00000000e-03, -6.00000000e-03, -3.00000000e-03,
        -5.00000000e-03,  5.00000000e-03, -1.00000000e-02,
        -5.00000000e-03,  7.00000000e-03,  7.00000000e-03,
         6.00000000e-03,  7.00000000e-03,  1.00000000e-03,
        -5.00000000e-03,  2.00000000e-03, -8.00000000e-03,
        -5.00000000e-03, -1.00000000e-03,  9.00000000e-03,
         0.00000000e+00,  0.00000000e+00, -5.00000000e-03,
         4.00000000e-03,  8.00000000e-03,  8.00000000e-03,
        -3.00000000e-03, -4.00000000e-03]]), 'deltas': array([[1.46878643e-05],
       [1.16066296e-05],
       [8.65738291e-06],
       [1.06973946e-05],
       [3.00510496e-07],
       [1.07768657e-05],
       [0.00000000e+00]]), 'outputs': array([[0.99742839],
       [0.99796897],
       [0.99848584],
       [0.99812837],
       [0.99994752],
       [0.99811444],
       [1.        ]]), 'errors': 0.005726276841018164}, {'weights': array([[ 9.11056838, -3.23291007, -1.95986542, -1.53040664, -2.62160008,
        -3.26014355, -3.49679442],
       [-6.39270187, -4.35159126, -4.58435579, -4.71894964, -5.68180029,
        -4.13149338,  2.82868858],
       [-3.06823632, -1.59505841, -1.60008393, -0.85712708,  5.5510888 ,
        -2.89414904, -2.42171632],
       [ 5.65596892,  0.91868313,  0.64197227,  0.99105281,  1.42715518,
         0.87304235, -7.39924384]]), 'deltas': array([[-8.36085139e-07],
       [-3.65433545e-24],
       [-1.08596535e-06],
       [ 1.84158493e-03]]), 'outputs': array([[9.14795434e-04],
       [1.91163162e-12],
       [1.04264030e-03],
       [9.56112445e-01]]), 'errors': array([[-9.14795434e-04],
       [-1.91163162e-12],
       [-1.04264030e-03],
       [ 4.38875554e-02]])}]
Accuracy: 80.0 %

Feedforward Neural Network AVG Accuracy (%): 93.77777777777779 %
