Namespace(error_threshold=0.001, max_epochs=1000, num_layers=2, num_nodes_per_hidden_layer=4, training_rate=0.5)

train_data group 0 length:  38
   0   1   2   3   4   5   6   7   8  ...  50  51  52  53  54  55  56  57  58
0   0   0   0   0   1   0   0   1   0 ...   1   0   1   0   1   0   1   0   0
1   0   0   0   0   0   0   1   1   0 ...   1   0   1   0   1   0   1   0   0
2   0   0   0   0   0   1   0   1   0 ...   0   1   0   1   1   0   1   0   1
3   0   0   0   0   1   0   0   1   0 ...   0   1   0   1   1   0   1   0   1
4   1   0   0   0   0   0   0   0   1 ...   1   0   1   0   0   1   1   0   2

[5 rows x 59 columns]
Initial Neural Network:
[{'weights': array([[ 0.006, -0.007,  0.005,  0.01 ,  0.005,  0.007,  0.006, -0.001,
         0.   ,  0.   ,  0.003, -0.005, -0.003, -0.005,  0.009, -0.005,
        -0.009,  0.004, -0.006, -0.001,  0.01 ,  0.001, -0.002,  0.007,
         0.006,  0.005,  0.01 ,  0.002,  0.001, -0.003,  0.002,  0.008,
        -0.005,  0.007, -0.008, -0.003, -0.009, -0.006, -0.008,  0.003,
         0.003,  0.003,  0.002, -0.009, -0.004,  0.004, -0.009, -0.008,
         0.009,  0.001,  0.006, -0.005, -0.006,  0.01 , -0.002,  0.009,
        -0.01 ,  0.007,  0.001],
       [ 0.004, -0.006, -0.006,  0.002,  0.   ,  0.01 , -0.001, -0.008,
        -0.01 ,  0.001,  0.004, -0.005, -0.005,  0.007, -0.007, -0.003,
         0.002, -0.004,  0.003,  0.008, -0.001, -0.005, -0.001, -0.003,
        -0.005,  0.005, -0.009,  0.003, -0.009, -0.008,  0.005,  0.005,
        -0.01 , -0.009, -0.006, -0.01 , -0.005, -0.005, -0.003,  0.005,
         0.005, -0.01 ,  0.01 ,  0.004,  0.   ,  0.009, -0.002, -0.002,
        -0.001,  0.001,  0.008,  0.   ,  0.004, -0.006, -0.006, -0.009,
         0.006, -0.008, -0.009],
       [ 0.001,  0.002,  0.007, -0.007, -0.008, -0.01 , -0.003, -0.003,
        -0.005,  0.009, -0.004,  0.001, -0.009, -0.002, -0.002,  0.   ,
         0.   ,  0.003,  0.   , -0.005,  0.01 ,  0.009,  0.007, -0.008,
         0.01 , -0.003, -0.005, -0.007, -0.01 ,  0.006, -0.002, -0.003,
        -0.002,  0.009,  0.004, -0.009, -0.01 ,  0.   , -0.009,  0.006,
         0.001, -0.004, -0.003, -0.003, -0.002, -0.003,  0.002, -0.004,
         0.004, -0.001,  0.008,  0.009, -0.006, -0.003,  0.001,  0.003,
        -0.009,  0.004, -0.002],
       [ 0.002, -0.008,  0.   , -0.002,  0.01 ,  0.002,  0.006,  0.   ,
        -0.007, -0.01 , -0.009,  0.01 ,  0.007, -0.01 , -0.004,  0.003,
         0.007, -0.004,  0.002, -0.01 ,  0.006, -0.009, -0.006,  0.004,
         0.   , -0.009, -0.001, -0.003, -0.001,  0.006, -0.009,  0.006,
        -0.009,  0.007,  0.004,  0.01 ,  0.004, -0.005, -0.002, -0.001,
        -0.003, -0.002, -0.007, -0.01 , -0.01 , -0.01 ,  0.003, -0.001,
        -0.01 , -0.001, -0.008, -0.007, -0.004, -0.009, -0.004,  0.005,
        -0.008, -0.006,  0.002],
       [ 0.002, -0.006,  0.009,  0.   ,  0.001,  0.   ,  0.001, -0.004,
         0.008,  0.007, -0.01 ,  0.006,  0.005,  0.008, -0.002,  0.007,
        -0.003, -0.001,  0.006,  0.002, -0.007, -0.01 ,  0.006, -0.009,
         0.01 , -0.001, -0.006, -0.01 ,  0.001, -0.01 , -0.008,  0.01 ,
        -0.009, -0.009, -0.009, -0.007,  0.005, -0.001, -0.001,  0.001,
        -0.007, -0.01 ,  0.008,  0.009,  0.001,  0.006, -0.008, -0.006,
         0.004,  0.008,  0.003, -0.004,  0.007, -0.001,  0.   , -0.01 ,
        -0.002, -0.009,  0.002]]), 'deltas': array([[0.],
       [0.],
       [0.],
       [0.],
       [0.]]), 'outputs': array([[0.],
       [0.],
       [0.],
       [0.],
       [0.]]), 'errors': array([[0.],
       [0.],
       [0.],
       [0.],
       [0.]])}, {'weights': array([[ 0.007,  0.01 ,  0.002,  0.   , -0.002],
       [-0.005,  0.01 ,  0.003,  0.005, -0.005],
       [ 0.003,  0.004,  0.001, -0.006, -0.001],
       [-0.009,  0.01 , -0.006,  0.008,  0.009]]), 'deltas': array([[0.],
       [0.],
       [0.],
       [0.],
       [0.]]), 'outputs': array([[0.],
       [0.],
       [0.],
       [0.],
       [0.]]), 'errors': array([[0.],
       [0.],
       [0.],
       [0.],
       [0.]])}]
Training complete!
Training done. epoch: 205 , total error: 0.0008268170002175844
[{'weights': array([[-4.31317834e-01,  3.28935737e-01,  4.97503735e-02,
         2.63984834e-02,  8.37790061e-02, -4.55359651e-01,
         1.45925085e-01, -4.62985436e-01,  1.78096636e-01,
        -7.43399285e-01,  3.63026347e-01,  9.44841382e-02,
        -5.46786953e-01,  5.97037338e-01, -3.33139184e-01,
        -3.46043808e-01,  4.81550077e-02, -4.13474849e-01,
        -9.60857935e-02, -3.33507225e-02,  2.66022565e-01,
         3.78701392e-01, -8.94758056e-02, -1.60572695e-01,
        -4.00541692e-01, -1.92471212e-01, -7.64175883e-02,
         5.16558327e-03, -2.86054384e-01,  3.26204441e-01,
        -6.44484309e-01,  4.13910673e-02, -1.17505716e+00,
         8.93168356e-01, -3.41138455e-02, -2.60774955e-01,
        -7.52399285e-01, -2.35534499e-01,  6.19724341e-01,
         6.43206435e-02, -6.00494957e-01, -5.02241556e-01,
         1.57024700e+00, -7.52399285e-01, -3.49209444e-01,
         6.53206435e-02,  2.71779508e-01, -5.72668308e-01,
         2.51390692e-02, -2.99027870e-01,  4.65510485e-01,
        -7.48399285e-01,  4.53510485e-01, -7.33399285e-01,
        -6.84078642e-01,  4.07189842e-01, -6.06968133e-01,
         3.20079332e-01, -2.82888800e-01],
       [-2.41629301e-02,  3.05531398e-01,  1.60934811e-01,
         3.27538783e-01, -8.65760467e-02, -2.89156842e-01,
        -1.78209358e-01, -4.62392397e-01,  6.57292212e-01,
        -8.88311887e-01,  3.30782982e-01,  7.70428721e-01,
         1.47100041e-01,  4.52676715e-01, -3.91876940e-01,
        -8.37669252e-03,  2.20276508e-01, -2.16874603e-01,
         8.80873544e-02,  2.40838849e-01,  1.06848215e-01,
         2.71745637e-01,  6.66343515e-01, -1.92130815e-01,
        -5.47058522e-01,  8.14936774e-02,  1.27406138e-01,
        -6.52718570e-02,  2.72171672e-01,  2.59071335e-01,
        -2.60519888e-01,  2.16348368e-01, -4.21244566e-01,
         6.15144382e-01,  1.64146831e-01,  3.27529843e-02,
        -8.94311887e-01,  4.17603650e-01,  5.80778876e-01,
         1.00829176e-01, -2.68174518e-01, -5.22408725e-02,
         1.42762709e+00, -8.85311887e-01,  1.17070639e-01,
         1.04829176e-01,  2.57446844e-02,  1.83155131e-01,
         2.19823570e-01, -6.92375525e-03,  1.11021170e+00,
        -8.89311887e-01,  1.10621170e+00, -8.95311887e-01,
        -7.99482711e-01,  9.97382526e-01, -6.20919670e-02,
         2.72991782e-01,  2.03899815e-01],
       [-3.45318207e-01,  3.44136462e-01,  1.07658154e-01,
         2.41702806e-01, -1.63256838e-01, -3.02222393e-01,
        -2.52478889e-01, -6.89770769e-01,  3.29991864e-01,
        -6.96096037e-01,  3.68214204e-01, -1.78970712e-02,
        -4.36092749e-01,  4.02713745e-01, -3.31399901e-01,
        -6.02304730e-01,  2.50525824e-01, -4.53908855e-01,
        -1.20476153e-01,  1.89236235e-01,  4.13698676e-02,
        -1.93181740e-02,  2.15740486e-01, -1.67140124e-01,
        -3.63061094e-01, -2.34535650e-01, -1.25243256e-01,
        -4.31875904e-01,  6.30969993e-02,  4.20074020e-01,
        -4.80104159e-01, -2.90748766e-01, -1.07092865e+00,
         7.26149747e-01, -2.95697417e-01, -6.10814876e-02,
        -7.15096037e-01, -8.91525725e-02,  6.29809558e-01,
        -1.90339853e-01, -2.62190539e-01, -1.00607797e+00,
         1.61558564e+00, -7.08096037e-01, -1.57439052e-01,
        -1.99339853e-01,  3.53523813e-01, -7.07302718e-01,
        -1.13676883e-01, -2.35102022e-01,  3.61317132e-01,
        -6.96096037e-01,  3.47317132e-01, -7.08096037e-01,
        -9.00435891e-01,  5.52656986e-01, -8.25308874e-01,
         4.68529969e-01, -3.53778905e-01],
       [-2.56196157e-02,  2.74992164e-01,  1.44441633e-01,
        -1.31676902e-01, -8.10144753e-02, -6.07400845e-01,
         3.43400103e-01, -6.94029109e-01,  5.94151171e-01,
        -8.63757001e-01,  2.94818121e-01,  4.67060942e-01,
         1.68191781e-01,  1.27681731e-01, -3.95751450e-01,
         6.96220309e-02, -1.52499969e-01, -2.26378642e-01,
        -5.11958662e-02, -2.22960009e-02,  2.00992571e-01,
         2.57269171e-01,  3.40914199e-01, -1.85636522e-01,
        -5.16424785e-01, -1.85258105e-01,  8.23801670e-02,
         1.67710933e-01, -2.64588871e-01,  9.36536062e-02,
        -4.71258834e-01,  2.87727289e-01, -3.48606191e-01,
         2.53728253e-01,  2.45902891e-01, -3.24780829e-01,
        -8.49757001e-01,  3.77009012e-01,  5.37672700e-01,
        -1.61802649e-01, -8.76779267e-01,  3.71370427e-01,
         1.25428790e+00, -8.63757001e-01,  5.79247105e-02,
        -1.70802649e-01, -4.18621370e-02, -4.90158012e-02,
        -1.15501322e-01,  1.16233835e-02,  7.52879063e-01,
        -8.60757001e-01,  7.56879063e-01, -8.62757001e-01,
        -1.01855965e+00,  9.26681712e-01, -1.59951233e-01,
         5.30732947e-02, -9.08779382e-02],
       [ 2.00000000e-03, -6.00000000e-03,  9.00000000e-03,
         0.00000000e+00,  1.00000000e-03,  0.00000000e+00,
         1.00000000e-03, -4.00000000e-03,  8.00000000e-03,
         7.00000000e-03, -1.00000000e-02,  6.00000000e-03,
         5.00000000e-03,  8.00000000e-03, -2.00000000e-03,
         7.00000000e-03, -3.00000000e-03, -1.00000000e-03,
         6.00000000e-03,  2.00000000e-03, -7.00000000e-03,
        -1.00000000e-02,  6.00000000e-03, -9.00000000e-03,
         1.00000000e-02, -1.00000000e-03, -6.00000000e-03,
        -1.00000000e-02,  1.00000000e-03, -1.00000000e-02,
        -8.00000000e-03,  1.00000000e-02, -9.00000000e-03,
        -9.00000000e-03, -9.00000000e-03, -7.00000000e-03,
         5.00000000e-03, -1.00000000e-03, -1.00000000e-03,
         1.00000000e-03, -7.00000000e-03, -1.00000000e-02,
         8.00000000e-03,  9.00000000e-03,  1.00000000e-03,
         6.00000000e-03, -8.00000000e-03, -6.00000000e-03,
         4.00000000e-03,  8.00000000e-03,  3.00000000e-03,
        -4.00000000e-03,  7.00000000e-03, -1.00000000e-03,
         0.00000000e+00, -1.00000000e-02, -2.00000000e-03,
        -9.00000000e-03,  2.00000000e-03]]), 'deltas': array([[1.59171431e-04],
       [2.27993680e-07],
       [9.32288970e-05],
       [1.49609219e-05],
       [0.00000000e+00]]), 'outputs': array([[0.97187873],
       [0.99996085],
       [0.98372737],
       [0.99742451],
       [1.        ]]), 'errors': 0.005823956410467234}, {'weights': array([[-0.28246142, -3.24341614, -1.79141786,  4.08941991, -2.28746037],
       [-2.38036678, -3.056798  , -2.135733  , -9.00171712,  2.60633674],
       [-3.94343908,  0.64032367, -4.31315846,  7.58411076, -6.14639327],
       [ 3.69742919,  1.57561852,  4.41049855,  0.01183336, -5.95847328]]), 'deltas': array([[-8.55746262e-04],
       [-9.45969220e-13],
       [-5.89539149e-06],
       [ 7.44595197e-04]]), 'outputs': array([[2.96974333e-02],
       [9.72609963e-07],
       [2.43099941e-03],
       [9.72327149e-01]]), 'errors': array([[-2.96974333e-02],
       [-9.72609963e-07],
       [-2.43099941e-03],
       [ 2.76728513e-02]])}]
neural_net output [0.05516857 0.00077479 0.17356667 0.03528056]
target: 0 prediction: 2
neural_net output [0.04578542 0.00149822 0.13856073 0.0294269 ]
target: 0 prediction: 2
neural_net output [0.08480119 0.92194128 0.00213284 0.00280591]
target: 1 prediction: 1
neural_net output [0.09051376 0.92880013 0.00212331 0.0026472 ]
target: 1 prediction: 1
neural_net output [1.59361912e-01 8.27305620e-05 7.83224747e-01 2.00312065e-02]
target: 2 prediction: 2
neural_net output [1.69607517e-01 1.01350848e-04 8.52702029e-01 1.33890413e-02]
target: 2 prediction: 2
neural_net output [3.09343201e-02 1.07650172e-06 2.83215913e-03 9.67603211e-01]
target: 3 prediction: 3
neural_net output [2.97474924e-02 9.84738190e-07 2.42704476e-03 9.72138894e-01]
target: 3 prediction: 3
neural_net output [2.96651896e-02 9.31722821e-07 2.31418525e-03 9.73756194e-01]
target: 3 prediction: 3
Accuracy: 77.77777777777779 %

train_data group 1 length:  38
   0   1   2   3   4   5   6   7   8  ...  50  51  52  53  54  55  56  57  58
0   0   0   0   0   0   0   1   1   0 ...   1   0   1   0   1   0   1   0   0
1   0   0   0   0   0   0   1   1   0 ...   1   0   1   0   1   0   1   0   0
2   0   0   0   1   0   0   0   1   0 ...   0   1   0   1   1   0   1   0   1
3   0   0   0   0   0   0   1   1   0 ...   0   1   0   1   1   0   1   0   1
4   0   0   0   0   1   0   0   1   0 ...   1   0   1   0   0   1   1   0   2

[5 rows x 59 columns]
Initial Neural Network:
[{'weights': array([[-0.003,  0.002,  0.001,  0.005, -0.003,  0.   , -0.002,  0.007,
         0.002,  0.008, -0.01 ,  0.004, -0.005,  0.004, -0.001, -0.01 ,
        -0.001,  0.004, -0.002,  0.006, -0.007,  0.01 ,  0.   , -0.001,
         0.01 , -0.003,  0.008,  0.002, -0.006,  0.009,  0.01 ,  0.007,
         0.005, -0.004, -0.002, -0.001,  0.005,  0.003,  0.002,  0.006,
        -0.004,  0.006, -0.008,  0.002,  0.009,  0.006,  0.006, -0.007,
         0.003,  0.002, -0.003, -0.007,  0.007,  0.008,  0.   ,  0.009,
        -0.01 , -0.009,  0.006],
       [-0.002,  0.008,  0.006, -0.008,  0.01 ,  0.01 ,  0.004, -0.003,
         0.007,  0.009, -0.005,  0.004,  0.008,  0.004,  0.008,  0.   ,
        -0.005,  0.   , -0.01 , -0.003, -0.005, -0.004,  0.002, -0.001,
         0.   , -0.003,  0.004, -0.004, -0.009, -0.009, -0.002,  0.   ,
         0.01 , -0.004,  0.003, -0.003,  0.009, -0.01 ,  0.003,  0.005,
        -0.003,  0.01 , -0.007, -0.007,  0.005, -0.002, -0.003, -0.001,
         0.009, -0.004,  0.009, -0.01 ,  0.006, -0.01 ,  0.009, -0.004,
         0.009,  0.01 , -0.003],
       [-0.01 ,  0.009,  0.009, -0.005,  0.002, -0.007, -0.002,  0.008,
        -0.008, -0.003, -0.01 , -0.009, -0.003, -0.006, -0.01 ,  0.004,
        -0.005, -0.008,  0.004, -0.007, -0.007,  0.007,  0.002,  0.002,
        -0.009,  0.008,  0.005, -0.01 , -0.009,  0.008, -0.009, -0.003,
        -0.009,  0.009,  0.005,  0.005,  0.009,  0.002, -0.006,  0.007,
         0.001, -0.004,  0.01 ,  0.009,  0.007,  0.01 , -0.007, -0.006,
        -0.002, -0.001,  0.009,  0.009,  0.01 , -0.01 , -0.008,  0.   ,
         0.001,  0.001, -0.007],
       [ 0.003,  0.003,  0.005,  0.008,  0.   , -0.001,  0.007,  0.009,
         0.002, -0.001, -0.006, -0.007,  0.01 ,  0.001, -0.006,  0.   ,
        -0.002,  0.005, -0.005, -0.004,  0.004, -0.003,  0.005,  0.008,
         0.   , -0.001,  0.009, -0.004,  0.006,  0.   ,  0.009,  0.001,
         0.01 , -0.004, -0.004,  0.008, -0.002, -0.009, -0.006,  0.004,
         0.01 ,  0.009,  0.009, -0.009, -0.005, -0.002, -0.008,  0.006,
         0.004,  0.006,  0.008,  0.   , -0.003,  0.002, -0.009,  0.001,
         0.007, -0.005, -0.008],
       [-0.002,  0.   , -0.001,  0.009, -0.002, -0.001, -0.001, -0.006,
        -0.004, -0.002, -0.003,  0.001, -0.002,  0.009, -0.01 ,  0.004,
        -0.005,  0.01 , -0.004, -0.009,  0.007,  0.01 , -0.001, -0.01 ,
         0.007,  0.002, -0.008,  0.001,  0.007, -0.004, -0.01 , -0.009,
         0.005,  0.003,  0.009, -0.009, -0.002,  0.001, -0.008,  0.001,
         0.01 ,  0.   ,  0.01 , -0.01 ,  0.004,  0.009,  0.002,  0.   ,
         0.002, -0.01 , -0.003, -0.007,  0.002, -0.004,  0.008,  0.009,
        -0.003, -0.002,  0.007]]), 'deltas': array([[0.],
       [0.],
       [0.],
       [0.],
       [0.]]), 'outputs': array([[0.],
       [0.],
       [0.],
       [0.],
       [0.]]), 'errors': array([[0.],
       [0.],
       [0.],
       [0.],
       [0.]])}, {'weights': array([[ 0.005,  0.008,  0.002,  0.01 , -0.005],
       [ 0.01 , -0.01 ,  0.009,  0.   , -0.001],
       [-0.005,  0.006, -0.001,  0.006, -0.01 ],
       [-0.004,  0.008, -0.003,  0.003, -0.004]]), 'deltas': array([[0.],
       [0.],
       [0.],
       [0.],
       [0.]]), 'outputs': array([[0.],
       [0.],
       [0.],
       [0.],
       [0.]]), 'errors': array([[0.],
       [0.],
       [0.],
       [0.],
       [0.]])}]
Training complete!
Training done. epoch: 360 , total error: 0.0009907747027131596
[{'weights': array([[ 4.75509586e-01,  3.84644883e-01, -4.25305435e-01,
         7.56177204e-01, -4.55278436e-01, -2.28147607e-01,
        -3.53288581e-01, -3.49143120e-01,  5.12454734e-01,
        -1.01768458e+00,  3.31444074e-01,  8.42552120e-01,
        -3.31502672e-02,  5.52101334e-01, -3.66639454e-01,
        -2.89228226e-01,  4.32539840e-01, -6.25200285e-01,
         2.44297266e-01,  2.46506407e-01,  2.89708225e-01,
         2.25832362e-01,  9.64163832e-01, -3.03592059e-01,
        -7.13092521e-01, -1.39891081e-01,  2.99202695e-01,
        -4.04201129e-01,  5.54512743e-01,  7.80843785e-02,
        -3.90700272e-02,  1.41297262e-01, -1.22545108e-01,
         2.77856721e-01, -1.54383780e-01,  3.05695394e-01,
        -1.02068458e+00,  4.72211388e-01,  4.90060076e-01,
         2.28724729e-01, -8.48287349e-02, -2.19922519e-01,
         1.47874745e+00, -1.02368458e+00, -5.94131154e-02,
         2.28724729e-01, -3.37652806e-02,  1.87076894e-01,
         3.20082546e-01, -1.60770932e-01,  1.17699619e+00,
        -1.03268458e+00,  1.18699619e+00, -1.01768458e+00,
        -8.02959851e-01,  9.66271464e-01, -3.39594583e-01,
         4.74906197e-01,  1.60311614e-01],
       [-1.70150202e-01,  4.70465850e-01, -8.46643326e-02,
         1.22782504e-01, -1.77991542e-01, -4.70985241e-01,
         6.55673609e-02, -5.81167421e-01,  3.12191818e-01,
        -8.97803882e-01,  4.60060003e-01,  1.72768277e-01,
        -8.28682381e-01,  9.10262936e-01, -3.34556157e-01,
        -6.83290610e-01,  4.05315007e-01, -9.46322595e-01,
         5.41652570e-02,  6.67203625e-02,  5.34461372e-01,
         4.83868797e-01,  1.47959483e-01, -2.96657325e-01,
        -6.11146558e-01,  7.39479890e-02, -3.45923592e-01,
        -2.30793698e-01, -5.51819054e-02,  5.03477218e-02,
        -1.41610216e-01, -1.92713109e-01, -1.05182558e+00,
         7.84849979e-01, -9.99048727e-02, -1.73070730e-01,
        -8.97803882e-01, -3.26536111e-01,  5.88345932e-01,
         3.70018458e-01, -6.33958732e-01, -5.53604649e-01,
         1.82139166e+00, -9.13803882e-01, -6.32994061e-01,
         3.63018458e-01,  3.48070528e-01, -6.25046131e-01,
         2.45354216e-01, -5.13329819e-01,  6.42828279e-01,
        -9.16803882e-01,  6.39828279e-01, -9.16803882e-01,
        -5.32785424e-01,  2.64809821e-01, -9.16802569e-01,
         6.62826966e-01, -2.75975603e-01],
       [ 9.41161423e-02,  4.80979930e-01, -1.29228734e-01,
         2.40251636e-01, -4.64349147e-01, -3.21939784e-01,
        -2.66148294e-01, -8.79617495e-01,  5.17299245e-01,
        -7.13896605e-01,  4.29687777e-01, -1.00109422e-01,
        -5.78386728e-01,  5.22783984e-01, -3.25715506e-01,
        -6.42461298e-01,  2.79143048e-01, -7.72293059e-01,
         1.93207019e-01,  7.57649461e-02,  1.23002844e-01,
        -1.86354159e-01,  5.43932514e-01, -2.37925392e-01,
        -4.79971214e-01, -5.34366478e-01,  1.85048227e-01,
        -4.59408074e-01,  7.80898234e-02,  4.51284922e-01,
        -6.32088011e-01, -1.85515161e-01, -8.95612685e-01,
         5.33294435e-01, -4.31888716e-01,  7.95704656e-02,
        -7.01896605e-01,  5.74428715e-02,  5.74173340e-01,
        -2.80037856e-01, -4.06358323e-01, -1.12704775e+00,
         1.88898443e+00, -7.01896605e-01, -6.82803944e-02,
        -2.77037856e-01,  5.33960811e-01, -9.09279061e-01,
         1.09789036e-01, -4.75107287e-01,  3.57578355e-01,
        -7.01896605e-01,  3.58578355e-01, -7.20896605e-01,
        -1.00593446e+00,  6.35616211e-01, -1.21342559e+00,
         8.53107336e-01, -3.69318250e-01],
       [-1.24569310e-01,  5.29044818e-01, -2.30156230e-01,
        -2.28040270e-03,  3.24599693e-02, -7.63287781e-01,
         2.35872850e-01, -6.23868538e-01,  2.86952451e-01,
        -9.72660696e-01,  6.25972891e-01, -1.52282822e-02,
        -7.07440523e-01,  7.19681385e-01, -3.55156949e-01,
        -1.21695256e+00,  8.67036474e-01, -1.07441004e+00,
         2.18086522e-01, -1.56257977e-01,  6.64665411e-01,
         7.65093348e-01, -1.39348739e-01, -2.59945555e-01,
        -7.03715142e-01,  3.05543380e-01, -6.45459468e-01,
        -3.52196745e-01,  6.28065749e-03, -6.91362266e-02,
        -1.80547038e-02, -2.50725157e-01, -1.13347723e+00,
         7.91561142e-01,  2.18841806e-01, -5.62757893e-01,
        -9.73660696e-01, -2.75569176e-01,  6.77990994e-01,
         2.10322792e-01, -1.30242128e+00, -2.29110575e-01,
         2.18327647e+00, -9.80660696e-01, -5.59238879e-01,
         2.04322792e-01,  6.12052385e-01, -9.61968472e-01,
         3.75722924e-01, -7.13639011e-01,  6.31744609e-01,
        -9.71660696e-01,  6.20744609e-01, -9.69660696e-01,
        -7.74337904e-01,  4.18421817e-01, -1.05527571e+00,
         7.09359619e-01, -3.55916087e-01],
       [-2.00000000e-03,  0.00000000e+00, -1.00000000e-03,
         9.00000000e-03, -2.00000000e-03, -1.00000000e-03,
        -1.00000000e-03, -6.00000000e-03, -4.00000000e-03,
        -2.00000000e-03, -3.00000000e-03,  1.00000000e-03,
        -2.00000000e-03,  9.00000000e-03, -1.00000000e-02,
         4.00000000e-03, -5.00000000e-03,  1.00000000e-02,
        -4.00000000e-03, -9.00000000e-03,  7.00000000e-03,
         1.00000000e-02, -1.00000000e-03, -1.00000000e-02,
         7.00000000e-03,  2.00000000e-03, -8.00000000e-03,
         1.00000000e-03,  7.00000000e-03, -4.00000000e-03,
        -1.00000000e-02, -9.00000000e-03,  5.00000000e-03,
         3.00000000e-03,  9.00000000e-03, -9.00000000e-03,
        -2.00000000e-03,  1.00000000e-03, -8.00000000e-03,
         1.00000000e-03,  1.00000000e-02,  0.00000000e+00,
         1.00000000e-02, -1.00000000e-02,  4.00000000e-03,
         9.00000000e-03,  2.00000000e-03,  0.00000000e+00,
         2.00000000e-03, -1.00000000e-02, -3.00000000e-03,
        -7.00000000e-03,  2.00000000e-03, -4.00000000e-03,
         8.00000000e-03,  9.00000000e-03, -3.00000000e-03,
        -2.00000000e-03,  7.00000000e-03]]), 'deltas': array([[2.01655783e-06],
       [3.97346360e-04],
       [7.33310946e-05],
       [4.47637948e-04],
       [0.00000000e+00]]), 'outputs': array([[0.9996828 ],
       [0.93303398],
       [0.98833277],
       [0.92380445],
       [1.        ]]), 'errors': 0.006359416369568738}, {'weights': array([[  1.46242948,   6.61476518,  -9.27987447,   1.44309656,
         -3.14657753],
       [ -6.14313472,  -2.64417386,  -2.41331143,  -8.77907583,
          3.05296555],
       [  5.66815607, -10.13333909,  -4.62186027,   2.32729921,
         -3.27813514],
       [  0.98166077,   2.48058096,   5.33446549,   1.78367392,
         -6.69591053]]), 'deltas': array([[-1.11276489e-03],
       [-1.14446063e-14],
       [-5.77796372e-09],
       [ 8.05787304e-04]]), 'outputs': array([[3.39390311e-02],
       [1.06979472e-07],
       [7.60158074e-05],
       [9.71195733e-01]]), 'errors': array([[-3.39390311e-02],
       [-1.06979472e-07],
       [-7.60158074e-05],
       [ 2.88042670e-02]])}]
Accuracy: 100.0 %

train_data group 2 length:  37
   0   1   2   3   4   5   6   7   8  ...  50  51  52  53  54  55  56  57  58
0   0   0   0   0   0   0   1   1   0 ...   1   0   1   0   1   0   1   0   0
1   0   0   0   0   0   0   1   1   0 ...   1   0   1   0   1   0   1   0   0
2   0   0   0   1   0   0   0   1   0 ...   0   1   0   1   1   0   1   0   1
3   0   0   0   0   0   0   1   1   0 ...   0   1   0   1   1   0   1   0   1
4   0   0   0   0   1   0   0   1   0 ...   1   0   1   0   0   1   1   0   2

[5 rows x 59 columns]
Initial Neural Network:
[{'weights': array([[ 0.   ,  0.004,  0.009, -0.006, -0.002, -0.004,  0.008, -0.001,
         0.001,  0.007, -0.008, -0.002,  0.004,  0.004, -0.009, -0.008,
         0.004,  0.001, -0.009, -0.001, -0.006,  0.009, -0.004,  0.004,
         0.001, -0.003, -0.006,  0.004, -0.009, -0.002, -0.007,  0.01 ,
        -0.007, -0.01 ,  0.007,  0.004,  0.001, -0.01 , -0.008,  0.001,
         0.007, -0.006, -0.003, -0.008,  0.002, -0.007,  0.004,  0.007,
         0.007,  0.   , -0.002, -0.002,  0.004, -0.004,  0.007, -0.007,
         0.002,  0.01 ,  0.005],
       [-0.006,  0.008,  0.004,  0.009, -0.004,  0.005,  0.001,  0.007,
        -0.006, -0.004,  0.005,  0.004, -0.004, -0.006, -0.007, -0.004,
        -0.008,  0.009, -0.002, -0.001,  0.001,  0.004,  0.   , -0.009,
        -0.01 ,  0.003,  0.003,  0.006, -0.006, -0.009, -0.006, -0.005,
         0.001,  0.009, -0.007,  0.003,  0.008, -0.006, -0.004,  0.009,
        -0.004, -0.006, -0.009, -0.005,  0.002,  0.009, -0.006, -0.005,
        -0.005,  0.002, -0.005,  0.006, -0.005,  0.002,  0.003,  0.002,
         0.002,  0.   , -0.003],
       [-0.002, -0.01 , -0.009,  0.006, -0.003,  0.003, -0.007, -0.001,
         0.008, -0.002,  0.006,  0.003,  0.   , -0.007, -0.006,  0.01 ,
         0.008,  0.009, -0.006, -0.009, -0.004,  0.01 , -0.01 ,  0.   ,
         0.005, -0.009, -0.002, -0.003, -0.003, -0.006, -0.01 ,  0.005,
         0.001,  0.008,  0.005,  0.007,  0.005,  0.004, -0.01 ,  0.004,
        -0.003, -0.009,  0.006, -0.007, -0.001, -0.003,  0.007, -0.009,
         0.008,  0.   , -0.01 ,  0.004,  0.003, -0.008, -0.004, -0.009,
         0.007,  0.003, -0.007],
       [ 0.01 ,  0.01 ,  0.007, -0.008, -0.009,  0.001,  0.008,  0.007,
         0.008,  0.008, -0.007, -0.009,  0.01 ,  0.   ,  0.007,  0.01 ,
         0.002, -0.008,  0.   ,  0.01 ,  0.004,  0.002,  0.   , -0.006,
        -0.006, -0.006, -0.002, -0.007, -0.002,  0.008, -0.003,  0.009,
        -0.002,  0.001, -0.003, -0.004, -0.004,  0.004, -0.01 ,  0.01 ,
        -0.007,  0.009, -0.002, -0.01 ,  0.006, -0.009,  0.005,  0.009,
        -0.002, -0.006, -0.002,  0.005,  0.01 , -0.002, -0.003, -0.01 ,
         0.002,  0.003, -0.002],
       [ 0.002, -0.001,  0.007, -0.003,  0.005, -0.007,  0.009, -0.005,
        -0.01 ,  0.004,  0.001,  0.   , -0.006,  0.007,  0.001,  0.005,
         0.005, -0.003, -0.001,  0.005, -0.009, -0.006,  0.   , -0.001,
         0.004, -0.001,  0.008,  0.01 , -0.006, -0.002,  0.008, -0.005,
        -0.003,  0.003, -0.006, -0.005,  0.   , -0.009,  0.005, -0.005,
         0.004,  0.002,  0.007,  0.003,  0.004,  0.001,  0.007,  0.006,
        -0.007,  0.   , -0.008, -0.01 , -0.007, -0.002, -0.008,  0.005,
         0.008,  0.007,  0.001]]), 'deltas': array([[0.],
       [0.],
       [0.],
       [0.],
       [0.]]), 'outputs': array([[0.],
       [0.],
       [0.],
       [0.],
       [0.]]), 'errors': array([[0.],
       [0.],
       [0.],
       [0.],
       [0.]])}, {'weights': array([[-0.004,  0.008, -0.009, -0.009,  0.005],
       [-0.01 , -0.004, -0.007,  0.009, -0.001],
       [-0.007,  0.007,  0.004,  0.01 , -0.003],
       [-0.009, -0.006, -0.004, -0.01 , -0.009]]), 'deltas': array([[0.],
       [0.],
       [0.],
       [0.],
       [0.]]), 'outputs': array([[0.],
       [0.],
       [0.],
       [0.],
       [0.]]), 'errors': array([[0.],
       [0.],
       [0.],
       [0.],
       [0.]])}]
Training complete!
Training done. epoch: 431 , total error: 0.0007443583981765411
[{'weights': array([[-1.76284628e-01,  6.19332832e-01,  8.66518578e-03,
        -1.51889719e-01, -1.68770437e-01, -2.58026384e-01,
        -1.91468112e-01, -1.07451544e+00,  7.47074175e-01,
        -8.99510222e-01,  2.59527585e-01,  3.09541376e-01,
        -5.03204155e-01,  4.86181962e-01, -3.11419069e-01,
        -3.65904823e-01,  3.44635612e-02, -3.76759906e-01,
        -4.19948514e-01,  4.54707055e-01, -4.39896087e-04,
         1.73150036e-01,  2.74450983e-01, -3.31884358e-01,
        -4.33157922e-01, -1.06570525e-02, -3.25784209e-01,
        -1.53630384e-01, -1.78810877e-01,  2.32899546e-01,
        -4.11475680e-01, -1.47865127e-01, -1.16741117e+00,
         8.22969904e-01, -4.56880306e-03, -3.11872458e-01,
        -9.05510222e-01, -2.59786930e-01,  8.94342748e-01,
        -7.24868573e-02, -4.40879912e-01, -8.85536469e-01,
         1.90348534e+00, -9.14510222e-01, -2.51954404e-01,
        -8.04868573e-02,  2.81304987e-01, -5.97746249e-01,
        -1.55949407e-01, -1.64491854e-01,  5.77068961e-01,
        -9.08510222e-01,  5.83068961e-01, -9.10510222e-01,
        -9.72997080e-01,  6.45555818e-01, -9.10027756e-01,
         5.94586494e-01, -3.22441261e-01],
       [ 1.45512243e-01,  6.23497260e-01, -3.70979727e-02,
         9.21242391e-02, -2.68981753e-02, -4.87203619e-01,
        -2.22456414e-01, -9.26556483e-01,  9.98034045e-01,
        -9.30665019e-01,  2.66300925e-01,  7.39841655e-01,
        -9.43861217e-02,  4.77836949e-01, -3.29973265e-01,
        -1.26240341e-01,  1.84717903e-01,  8.27175050e-02,
        -2.98254893e-01,  4.49029081e-01, -1.56014131e-01,
         1.80850829e-01,  6.78485125e-01, -3.70949445e-01,
        -4.32908948e-01,  1.67553366e-01, -9.10758045e-02,
         2.04183721e-01, -1.33706160e-01,  2.84249551e-01,
         2.56734410e-02, -2.59445431e-01, -8.47583155e-01,
         9.28060717e-01,  2.46316535e-01, -1.79838973e-01,
        -9.18665019e-01,  2.00672350e-01,  8.63392624e-01,
        -6.79223928e-02, -4.14838985e-01, -4.50635634e-01,
         1.84361720e+00, -9.31665019e-01,  1.49399955e-01,
        -6.79223928e-02,  1.90316826e-01, -1.30839264e-01,
        -3.53034668e-03,  7.10079085e-02,  9.92142580e-01,
        -9.20665019e-01,  9.92142580e-01, -9.24665019e-01,
        -1.00058741e+00,  1.07606497e+00, -7.31799482e-01,
         8.04277044e-01,  6.74775618e-02],
       [ 2.64311408e-01,  5.89534259e-01, -1.31222703e-01,
        -1.51411761e-01,  1.12737960e-02, -5.42996902e-01,
        -3.09393280e-01, -1.23991264e+00,  9.99007459e-01,
        -1.04856649e+00,  2.77710905e-01,  5.29950407e-01,
        -1.80124028e-01,  2.48574921e-01, -3.29356076e-01,
        -2.87569983e-01,  5.76648001e-02, -2.71762514e-01,
        -6.63752289e-02, -1.44569896e-01,  2.24802457e-01,
         3.78389944e-02,  6.14107851e-01, -3.53812782e-01,
        -5.41039246e-01, -2.94128827e-01,  3.52236438e-02,
        -8.66855966e-01,  6.12950784e-01,  4.27586666e-01,
        -6.69749721e-01, -1.67421276e-02, -8.48776051e-01,
         6.09870868e-01, -1.33804713e-02, -2.22524712e-01,
        -1.04156649e+00,  1.98165456e-01,  7.96913339e-01,
        -1.98417483e-01, -6.76811265e-01, -3.77310932e-01,
         1.84678351e+00, -1.05356649e+00, -4.64876998e-02,
        -2.05417483e-01,  8.23668599e-02, -3.32272043e-01,
        -4.37111120e-01,  1.97205937e-01,  7.88661312e-01,
        -1.04256649e+00,  8.01661312e-01, -1.05456649e+00,
        -1.25298398e+00,  9.92078795e-01, -1.55062609e-01,
        -8.28425734e-02, -2.54905183e-01],
       [-2.52451509e-01,  7.48692051e-01, -3.27848765e-02,
        -1.53989331e-01,  6.29709610e-02, -7.54024279e-01,
         3.59705432e-02, -1.22021566e+00,  8.70599217e-01,
        -8.64693231e-01,  3.13630826e-01,  1.78445964e-01,
        -5.73352878e-01,  5.29463779e-01, -3.03727341e-01,
        -5.29401208e-01,  1.76784767e-01, -2.92565809e-01,
        -1.53609052e-02,  1.39131477e-01, -1.89821204e-01,
         5.41917712e-01, -1.71912189e-01, -3.52342061e-01,
        -3.92279902e-01, -6.23676823e-03, -3.66379673e-01,
         4.98986317e-01, -8.72602758e-01,  1.25912740e-01,
        -7.67014063e-01,  2.90484882e-01, -1.32768483e+00,
         9.62068387e-01,  3.59207432e-01, -7.30823873e-01,
        -8.76693231e-01, -4.41298877e-01,  1.15104780e+00,
        -1.97672130e-01, -1.06404777e+00, -6.14159489e-01,
         2.18628404e+00, -8.82693231e-01, -1.50944310e-01,
        -2.16672130e-01,  4.47777103e-01, -7.98393544e-01,
        -1.01549924e-01, -2.71066516e-01,  5.06076790e-01,
        -8.67693231e-01,  5.18076790e-01, -8.74693231e-01,
        -1.08336536e+00,  7.05748921e-01, -1.23820892e+00,
         8.78592482e-01, -3.66616441e-01],
       [ 2.00000000e-03, -1.00000000e-03,  7.00000000e-03,
        -3.00000000e-03,  5.00000000e-03, -7.00000000e-03,
         9.00000000e-03, -5.00000000e-03, -1.00000000e-02,
         4.00000000e-03,  1.00000000e-03,  0.00000000e+00,
        -6.00000000e-03,  7.00000000e-03,  1.00000000e-03,
         5.00000000e-03,  5.00000000e-03, -3.00000000e-03,
        -1.00000000e-03,  5.00000000e-03, -9.00000000e-03,
        -6.00000000e-03,  0.00000000e+00, -1.00000000e-03,
         4.00000000e-03, -1.00000000e-03,  8.00000000e-03,
         1.00000000e-02, -6.00000000e-03, -2.00000000e-03,
         8.00000000e-03, -5.00000000e-03, -3.00000000e-03,
         3.00000000e-03, -6.00000000e-03, -5.00000000e-03,
         0.00000000e+00, -9.00000000e-03,  5.00000000e-03,
        -5.00000000e-03,  4.00000000e-03,  2.00000000e-03,
         7.00000000e-03,  3.00000000e-03,  4.00000000e-03,
         1.00000000e-03,  7.00000000e-03,  6.00000000e-03,
        -7.00000000e-03,  0.00000000e+00, -8.00000000e-03,
        -1.00000000e-02, -7.00000000e-03, -2.00000000e-03,
        -8.00000000e-03,  5.00000000e-03,  8.00000000e-03,
         7.00000000e-03,  1.00000000e-03]]), 'deltas': array([[9.35945488e-06],
       [1.30491639e-07],
       [1.96357148e-06],
       [5.51879303e-06],
       [0.00000000e+00]]), 'outputs': array([[0.99818687],
       [0.99997477],
       [0.99962016],
       [0.99893168],
       [1.        ]]), 'errors': 0.005171408818046518}, {'weights': array([[  2.72922744,  -2.47616167,   3.1434755 ,  -5.5958856 ,
         -1.30287208],
       [ -4.43284667,  -5.39115477,  -7.48020732,  -9.05007422,
          2.36424119],
       [-10.65100378,  -5.645117  ,   4.56342051,   5.73380889,
         -3.21898194],
       [  4.1396813 ,   3.83299337,   2.27766405,   1.47330088,
         -8.05250399]]), 'deltas': array([[-8.33643956e-04],
       [-1.51523325e-21],
       [-1.00785412e-08],
       [ 6.14085941e-04]]), 'outputs': array([[2.93054920e-02],
       [3.89259971e-11],
       [1.00396978e-04],
       [9.74902294e-01]]), 'errors': array([[-2.93054920e-02],
       [-3.89259971e-11],
       [-1.00396978e-04],
       [ 2.50977062e-02]])}]
Accuracy: 80.0 %

train_data group 3 length:  38
   0   1   2   3   4   5   6   7   8  ...  50  51  52  53  54  55  56  57  58
0   0   0   0   0   0   0   1   1   0 ...   1   0   1   0   1   0   1   0   0
1   0   0   0   0   0   0   1   1   0 ...   1   0   1   0   1   0   1   0   0
2   0   0   0   1   0   0   0   1   0 ...   0   1   0   1   1   0   1   0   1
3   0   0   0   0   0   0   1   1   0 ...   0   1   0   1   1   0   1   0   1
4   0   0   0   0   1   0   0   1   0 ...   1   0   1   0   0   1   1   0   2

[5 rows x 59 columns]
Initial Neural Network:
[{'weights': array([[-0.001, -0.004, -0.009, -0.007,  0.005, -0.002,  0.   , -0.004,
         0.004,  0.002, -0.009, -0.007, -0.001,  0.01 , -0.001,  0.001,
         0.002,  0.003, -0.009,  0.002, -0.003, -0.008,  0.004,  0.001,
        -0.002,  0.007, -0.004,  0.009, -0.005, -0.007,  0.001,  0.005,
         0.005, -0.01 ,  0.01 ,  0.009, -0.005, -0.007, -0.002,  0.002,
        -0.009, -0.01 , -0.003,  0.002, -0.006,  0.001, -0.002,  0.   ,
         0.009, -0.006, -0.007, -0.003, -0.004, -0.007,  0.009,  0.005,
         0.003,  0.004, -0.005],
       [ 0.006, -0.01 , -0.005, -0.003, -0.002,  0.001,  0.   ,  0.01 ,
         0.005,  0.002, -0.001,  0.   ,  0.003, -0.01 , -0.003,  0.006,
         0.003, -0.008,  0.01 ,  0.009, -0.006, -0.005, -0.004,  0.004,
        -0.002,  0.002,  0.004,  0.009, -0.006, -0.01 , -0.004, -0.005,
        -0.001,  0.003, -0.003,  0.003, -0.006,  0.002, -0.004,  0.009,
         0.003, -0.008, -0.008,  0.006,  0.002,  0.001,  0.005, -0.003,
        -0.007,  0.009,  0.007, -0.007, -0.009, -0.008, -0.009,  0.002,
         0.008,  0.001, -0.002],
       [ 0.003,  0.009,  0.008,  0.002,  0.007,  0.007,  0.004,  0.009,
         0.01 ,  0.008, -0.01 ,  0.003, -0.001, -0.007, -0.003,  0.005,
        -0.005,  0.006, -0.008, -0.005,  0.001, -0.001,  0.001, -0.01 ,
        -0.002, -0.009,  0.   ,  0.009,  0.002, -0.01 , -0.006, -0.009,
        -0.001, -0.002, -0.003,  0.008, -0.003,  0.009, -0.002, -0.005,
         0.002, -0.001, -0.001, -0.004, -0.008, -0.009,  0.004, -0.003,
         0.005,  0.01 , -0.005, -0.007, -0.01 ,  0.005, -0.01 , -0.001,
         0.002, -0.01 , -0.002],
       [-0.005, -0.01 , -0.005, -0.001,  0.009,  0.001, -0.008,  0.006,
         0.005, -0.004,  0.006, -0.002, -0.008,  0.008,  0.007, -0.01 ,
        -0.008, -0.008, -0.009, -0.001, -0.006,  0.007, -0.007,  0.007,
        -0.004,  0.009,  0.007, -0.004, -0.006, -0.003, -0.01 ,  0.006,
        -0.008,  0.   ,  0.007,  0.006,  0.009,  0.01 ,  0.002,  0.009,
         0.   ,  0.002, -0.009, -0.001,  0.01 ,  0.003, -0.005,  0.005,
        -0.008, -0.007, -0.004, -0.005, -0.004,  0.003,  0.007,  0.009,
        -0.006,  0.008,  0.006],
       [-0.009, -0.003,  0.   ,  0.003,  0.007, -0.008,  0.003,  0.01 ,
         0.008, -0.008, -0.01 ,  0.003, -0.002, -0.009,  0.005,  0.003,
        -0.002,  0.001, -0.009,  0.01 , -0.004,  0.01 , -0.002,  0.005,
        -0.009, -0.004, -0.003,  0.001, -0.01 ,  0.008, -0.01 ,  0.001,
         0.001,  0.004, -0.01 , -0.004, -0.005, -0.001, -0.009,  0.008,
        -0.004,  0.004, -0.003,  0.007, -0.001, -0.009,  0.006,  0.007,
        -0.009, -0.006, -0.001, -0.009,  0.009, -0.01 ,  0.008,  0.008,
         0.01 , -0.002,  0.003]]), 'deltas': array([[0.],
       [0.],
       [0.],
       [0.],
       [0.]]), 'outputs': array([[0.],
       [0.],
       [0.],
       [0.],
       [0.]]), 'errors': array([[0.],
       [0.],
       [0.],
       [0.],
       [0.]])}, {'weights': array([[ 0.004,  0.001, -0.01 , -0.005, -0.009],
       [ 0.007,  0.008, -0.002, -0.003,  0.   ],
       [ 0.004, -0.004,  0.006,  0.01 , -0.004],
       [-0.001, -0.009,  0.009, -0.009,  0.007]]), 'deltas': array([[0.],
       [0.],
       [0.],
       [0.],
       [0.]]), 'outputs': array([[0.],
       [0.],
       [0.],
       [0.],
       [0.]]), 'errors': array([[0.],
       [0.],
       [0.],
       [0.],
       [0.]])}]
Training complete!
Training done. epoch: 296 , total error: 0.0008129660964084617
[{'weights': array([[-2.83811069e-01,  3.91445444e-01,  9.08381115e-02,
         7.66128523e-02, -9.41742619e-02, -1.88252660e-01,
        -1.47691071e-01, -5.92398323e-01,  4.55365667e-01,
        -8.32618513e-01,  2.96716782e-01,  3.84869076e-01,
        -5.20029187e-01,  7.42624409e-01, -3.51627878e-01,
        -4.56277492e-01,  3.22244836e-01, -9.30817539e-01,
         5.16925761e-02,  4.60788883e-01,  2.74303425e-01,
         1.31963798e-01,  4.54992404e-01, -2.70431469e-01,
        -4.58557388e-01, -7.97427930e-02, -5.42898627e-02,
        -5.10440351e-01,  3.77407695e-01,  4.09804945e-01,
        -8.25889166e-02, -4.65248684e-01, -9.82167017e-01,
         8.40134362e-01, -3.26735938e-01,  2.08703283e-01,
        -8.39618513e-01, -2.41237858e-01,  6.38536443e-01,
         2.93287272e-01, -2.23645018e-01, -6.94657738e-01,
         1.59388861e+00, -8.32618513e-01, -4.34319928e-01,
         2.92287272e-01,  1.31385016e-01, -2.70417672e-01,
        -1.29222121e-01, -4.81053498e-03,  6.90585858e-01,
        -8.37618513e-01,  6.93585858e-01, -8.41618513e-01,
        -5.34331241e-01,  4.11298585e-01, -9.71906967e-01,
         8.41874311e-01, -1.42032656e-01],
       [-2.29566393e-01,  4.35581036e-01,  9.25924366e-04,
         8.38356514e-02, -4.00945564e-01, -6.20506419e-01,
         4.89406826e-01, -6.93873000e-01,  4.80604061e-01,
        -8.00170129e-01,  2.98932099e-01,  2.73969091e-01,
        -4.02427927e-01,  5.25446775e-01, -3.61287786e-01,
        -3.34589064e-01,  1.15320125e-01, -1.02059019e+00,
         2.49974233e-01,  2.54312774e-01,  2.93034246e-01,
         1.52435432e-01,  2.91131614e-01, -2.78631314e-01,
        -4.00204671e-01, -3.93919538e-01,  1.71650600e-01,
        -1.97117387e-01, -2.81515518e-02,  3.20557309e-02,
        -2.53154372e-01, -2.61702973e-02, -8.29593200e-01,
         6.03324262e-01,  6.42159191e-02, -2.92484858e-01,
        -8.08170129e-01, -1.40491676e-01,  7.08842579e-01,
         1.25502868e-02, -4.68009032e-01, -6.05309810e-01,
         1.63422003e+00, -7.96170129e-01, -2.29819225e-01,
         4.55028683e-03,  1.64261963e-01, -3.90530902e-01,
        -3.18447793e-01,  9.21788544e-02,  5.80901191e-01,
        -8.09170129e-01,  5.64901191e-01, -8.10170129e-01,
        -8.07619842e-01,  5.72350904e-01, -1.04995188e+00,
         8.30682942e-01, -2.30268939e-01],
       [-2.59809849e-01,  3.92491642e-01,  2.77422714e-01,
         2.75320961e-02, -8.06996173e-02, -1.79979292e-01,
        -2.12923027e-01, -6.84573222e-01,  6.27607889e-01,
        -8.44837151e-01,  2.64966611e-01,  5.04905206e-01,
        -2.92636022e-01,  5.65377132e-01, -3.59706443e-01,
        -3.86863235e-01,  3.10897902e-01, -1.04992478e+00,
         7.52492870e-02,  6.53602345e-01,  2.39107816e-01,
         7.58981622e-02,  5.95739819e-01, -2.83804765e-01,
        -4.75798549e-01,  4.06841946e-02, -1.25649528e-01,
        -5.26157861e-01,  4.61192528e-01,  3.44894850e-01,
        -4.39872923e-02, -4.01872891e-01, -7.19392548e-01,
         6.40427215e-01, -2.37741635e-01,  1.66776302e-01,
        -8.55837151e-01, -6.75480005e-03,  6.18527637e-01,
         1.67098981e-01, -2.54600393e-01, -4.72471612e-01,
         1.50394382e+00, -8.56837151e-01, -2.56064314e-01,
         1.63098981e-01,  4.50536648e-02, -1.20018998e-01,
        -4.39801733e-01,  3.78836400e-01,  7.71871818e-01,
        -8.59837151e-01,  7.66871818e-01, -8.47837151e-01,
        -6.90738170e-01,  6.03772837e-01, -6.77773462e-01,
         5.93808129e-01, -7.79653330e-02],
       [-2.82665193e-01,  3.89326770e-01,  7.24491329e-02,
         7.79235185e-02, -1.12226272e-01, -2.63167351e-01,
        -4.54065769e-02, -5.79490540e-01,  4.45724569e-01,
        -8.31619422e-01,  3.05938895e-01,  3.80914556e-01,
        -5.14100473e-01,  7.20486707e-01, -3.44152205e-01,
        -4.65100512e-01,  3.02334541e-01, -9.60249960e-01,
         9.72307918e-02,  3.83208222e-01,  3.11044975e-01,
         1.35137995e-01,  4.40562498e-01, -2.65300502e-01,
        -4.52165962e-01, -8.93663178e-02, -3.93996532e-02,
        -4.63582349e-01,  3.08816378e-01,  3.49214727e-01,
        -8.69656071e-02, -4.14015091e-01, -9.58975789e-01,
         8.06209818e-01, -2.59321691e-01,  1.27555720e-01,
        -8.18619422e-01, -2.22278133e-01,  6.48179994e-01,
         2.77951590e-01, -2.48646654e-01, -6.54548139e-01,
         1.57904824e+00, -8.28619422e-01, -4.03717561e-01,
         2.71951590e-01,  1.31074231e-01, -2.75840202e-01,
        -1.56820651e-01, -2.94532050e-03,  6.78853451e-01,
        -8.32619422e-01,  6.78853451e-01, -8.24619422e-01,
        -5.51667832e-01,  4.22901861e-01, -9.78604454e-01,
         8.35838483e-01, -1.38765971e-01],
       [-9.00000000e-03, -3.00000000e-03,  0.00000000e+00,
         3.00000000e-03,  7.00000000e-03, -8.00000000e-03,
         3.00000000e-03,  1.00000000e-02,  8.00000000e-03,
        -8.00000000e-03, -1.00000000e-02,  3.00000000e-03,
        -2.00000000e-03, -9.00000000e-03,  5.00000000e-03,
         3.00000000e-03, -2.00000000e-03,  1.00000000e-03,
        -9.00000000e-03,  1.00000000e-02, -4.00000000e-03,
         1.00000000e-02, -2.00000000e-03,  5.00000000e-03,
        -9.00000000e-03, -4.00000000e-03, -3.00000000e-03,
         1.00000000e-03, -1.00000000e-02,  8.00000000e-03,
        -1.00000000e-02,  1.00000000e-03,  1.00000000e-03,
         4.00000000e-03, -1.00000000e-02, -4.00000000e-03,
        -5.00000000e-03, -1.00000000e-03, -9.00000000e-03,
         8.00000000e-03, -4.00000000e-03,  4.00000000e-03,
        -3.00000000e-03,  7.00000000e-03, -1.00000000e-03,
        -9.00000000e-03,  6.00000000e-03,  7.00000000e-03,
        -9.00000000e-03, -6.00000000e-03, -1.00000000e-03,
        -9.00000000e-03,  9.00000000e-03, -1.00000000e-02,
         8.00000000e-03,  8.00000000e-03,  1.00000000e-02,
        -2.00000000e-03,  3.00000000e-03]]), 'deltas': array([[0.00034399],
       [0.00063685],
       [0.00091842],
       [0.00038007],
       [0.        ]]), 'outputs': array([[0.07860277],
       [0.15953343],
       [0.73798073],
       [0.08771376],
       [1.        ]]), 'errors': 0.004749690004498874}, {'weights': array([[-2.14670431,  5.61694797, -2.46256956, -1.70333131, -2.33985924],
       [-3.83605262, -7.61549164, -6.40370128, -4.17860702,  2.47084311],
       [-5.40174606, -0.64793381,  8.64621951, -4.28022786, -1.80104312],
       [ 2.19319503,  4.48905735,  1.44211802,  2.54670892, -7.35196002]]), 'deltas': array([[-7.17359178e-04],
       [-2.42869522e-04],
       [ 5.95143550e-04],
       [-3.14090926e-05]]), 'outputs': array([[0.02715479],
       [0.01570813],
       [0.97529742],
       [0.0056202 ]]), 'errors': array([[-0.02715479],
       [-0.01570813],
       [ 0.02470258],
       [-0.0056202 ]])}]
Accuracy: 66.66666666666666 %

train_data group 4 length:  37
   0   1   2   3   4   5   6   7   8  ...  50  51  52  53  54  55  56  57  58
0   0   0   0   0   0   0   1   1   0 ...   1   0   1   0   1   0   1   0   0
1   0   0   0   0   0   0   1   1   0 ...   1   0   1   0   1   0   1   0   0
2   0   0   0   1   0   0   0   1   0 ...   0   1   0   1   1   0   1   0   1
3   0   0   0   0   0   0   1   1   0 ...   0   1   0   1   1   0   1   0   1
4   0   0   0   0   1   0   0   1   0 ...   1   0   1   0   0   1   1   0   2

[5 rows x 59 columns]
Initial Neural Network:
[{'weights': array([[ 0.003,  0.009,  0.001, -0.01 , -0.01 ,  0.001, -0.004,  0.009,
         0.008, -0.003,  0.006,  0.003, -0.004, -0.004,  0.008,  0.001,
        -0.001, -0.006,  0.005,  0.005,  0.009, -0.004,  0.001,  0.009,
         0.007, -0.009,  0.   , -0.009, -0.007, -0.003,  0.   ,  0.009,
        -0.007, -0.006, -0.008,  0.002, -0.003, -0.008,  0.002, -0.01 ,
         0.008,  0.009, -0.008,  0.009,  0.01 , -0.004,  0.008, -0.007,
         0.008, -0.004, -0.008, -0.001,  0.007,  0.003,  0.003,  0.009,
        -0.003,  0.007, -0.002],
       [ 0.002, -0.002, -0.007,  0.005,  0.002, -0.01 ,  0.004,  0.002,
        -0.003,  0.006,  0.005,  0.004,  0.003, -0.008,  0.007,  0.01 ,
         0.006,  0.006,  0.009, -0.004,  0.001,  0.004,  0.003,  0.008,
         0.003, -0.005,  0.003, -0.005,  0.004,  0.002,  0.003, -0.005,
         0.01 ,  0.   , -0.001,  0.001, -0.007, -0.006,  0.008, -0.008,
        -0.001, -0.006, -0.006,  0.008, -0.005,  0.009, -0.008, -0.001,
         0.008, -0.001, -0.003,  0.005, -0.007, -0.009, -0.007, -0.008,
         0.002,  0.003,  0.01 ],
       [-0.008, -0.008, -0.002, -0.001, -0.009,  0.01 ,  0.005, -0.005,
         0.   , -0.001, -0.004,  0.007,  0.001, -0.008,  0.007, -0.004,
         0.006,  0.002,  0.005,  0.005, -0.008,  0.   ,  0.005, -0.005,
         0.   , -0.009, -0.005,  0.   ,  0.01 , -0.009,  0.006, -0.002,
        -0.008, -0.01 , -0.007, -0.01 ,  0.   ,  0.01 , -0.008,  0.01 ,
         0.003,  0.01 , -0.003,  0.004,  0.003,  0.008,  0.009, -0.006,
        -0.001, -0.009, -0.002, -0.002, -0.001, -0.008, -0.005,  0.002,
        -0.005, -0.006,  0.004],
       [ 0.003, -0.008, -0.005, -0.002, -0.002,  0.004, -0.008, -0.009,
        -0.008,  0.005,  0.002,  0.007,  0.002, -0.002, -0.003,  0.   ,
        -0.001, -0.003,  0.008,  0.008, -0.002,  0.001,  0.007, -0.006,
         0.01 , -0.006, -0.004, -0.006,  0.007,  0.005,  0.009, -0.008,
         0.007,  0.006, -0.01 , -0.003, -0.004,  0.005, -0.009,  0.01 ,
        -0.007,  0.005,  0.003, -0.01 ,  0.01 , -0.009,  0.007,  0.003,
        -0.001,  0.003, -0.009,  0.005,  0.007, -0.009,  0.003,  0.009,
         0.   , -0.01 ,  0.002],
       [ 0.   ,  0.003, -0.007, -0.004,  0.004, -0.005, -0.01 ,  0.008,
         0.01 ,  0.009, -0.009, -0.01 , -0.006,  0.008, -0.004, -0.001,
        -0.004,  0.01 , -0.009,  0.004, -0.009,  0.001,  0.01 , -0.004,
        -0.006,  0.007,  0.009, -0.008, -0.008,  0.004, -0.002,  0.01 ,
         0.003, -0.008,  0.008,  0.008,  0.01 ,  0.01 , -0.008, -0.01 ,
        -0.002, -0.001,  0.003,  0.003, -0.01 , -0.001, -0.001,  0.007,
        -0.001,  0.001, -0.004,  0.001,  0.01 ,  0.009,  0.002,  0.01 ,
        -0.004,  0.   ,  0.001]]), 'deltas': array([[0.],
       [0.],
       [0.],
       [0.],
       [0.]]), 'outputs': array([[0.],
       [0.],
       [0.],
       [0.],
       [0.]]), 'errors': array([[0.],
       [0.],
       [0.],
       [0.],
       [0.]])}, {'weights': array([[-0.001, -0.006, -0.002, -0.003,  0.   ],
       [-0.006, -0.005,  0.003,  0.002,  0.01 ],
       [-0.009, -0.007, -0.009, -0.001,  0.001],
       [-0.008, -0.008,  0.007, -0.002, -0.008]]), 'deltas': array([[0.],
       [0.],
       [0.],
       [0.],
       [0.]]), 'outputs': array([[0.],
       [0.],
       [0.],
       [0.],
       [0.]]), 'errors': array([[0.],
       [0.],
       [0.],
       [0.],
       [0.]])}]
Training complete!
Training done. epoch: 661 , total error: 0.0009841967390913457
[{'weights': array([[ 5.05844166e-02,  4.38807202e-01, -4.05378982e-01,
         1.74942329e-01, -3.46545439e-01, -2.34832218e-01,
         1.36935416e-01, -5.50668950e-01,  3.92181675e-01,
        -8.11239920e-01,  3.80862958e-01,  2.60889687e-01,
        -4.04410980e-01,  6.85532059e-01, -4.56608355e-01,
        -3.10241452e-01,  1.34754176e-01, -2.70225246e-01,
        -6.54339019e-02,  1.62626980e-01,  1.05448920e-02,
         1.66766902e-01,  3.17546749e-01, -4.74321439e-01,
        -1.72479488e-01,  5.61404577e-02, -2.40627733e-01,
        -8.91490370e-02, -1.02338238e-01,  7.75886080e-02,
        -3.05809974e-01,  5.87340908e-02, -5.84264568e-01,
         3.95777293e-01, -6.99808249e-02, -1.11506451e-01,
        -8.11239920e-01, -1.25199882e-01,  7.40140401e-01,
         1.81212591e-03, -5.12294733e-01, -4.20721421e-01,
         1.57476880e+00, -7.99239920e-01, -1.77299401e-01,
         7.81212591e-03,  2.36887626e-01, -4.11374902e-01,
         8.92727022e-02, -2.60759978e-01,  6.24752645e-01,
        -8.09239920e-01,  6.39752645e-01, -8.05239920e-01,
        -7.93427794e-01,  6.29940519e-01, -1.76125607e+00,
         1.58976880e+00, -1.77487275e-01],
       [ 2.33282222e-02,  4.26683374e-01, -4.19344228e-01,
         3.78274496e-01, -4.92076165e-01, -2.36878214e-01,
         1.93429329e-01, -4.61005980e-01,  3.39422794e-01,
        -8.10303731e-01,  3.84893783e-01,  3.19826762e-01,
        -4.09968722e-01,  7.48434706e-01, -4.57049170e-01,
        -3.54558834e-01,  2.49975648e-01, -3.60539966e-01,
         1.59887517e-01,  2.65266888e-01, -1.73197624e-01,
         1.22722148e-01,  4.34175406e-01, -4.85809277e-01,
        -1.73671463e-01,  2.56646407e-01, -3.79229593e-01,
        -5.68758248e-02, -6.47073610e-02,  1.95385093e-01,
        -3.07470549e-01, -8.49772999e-03, -4.92694202e-01,
         3.82111016e-01, -1.53329215e-01,  3.27460289e-02,
        -8.23303731e-01, -1.31571155e-01,  7.40219890e-01,
         8.10718099e-02, -4.25551584e-01, -4.64778549e-01,
         1.57305068e+00, -8.08303731e-01, -2.14654996e-01,
         9.80718099e-02,  2.16342825e-01, -3.45926011e-01,
         3.98678369e-02, -1.53451023e-01,  6.92720545e-01,
        -8.11303731e-01,  6.88720545e-01, -8.25303731e-01,
        -7.34231921e-01,  5.98648735e-01, -1.69763386e+00,
         1.58205068e+00, -1.10583186e-01],
       [ 2.97805694e-02,  4.26778840e-01, -5.56881518e-01,
         1.89844623e-01, -2.52695064e-01, -2.03068997e-01,
         2.56369398e-01, -3.36966585e-01,  2.35094437e-01,
        -8.16554696e-01,  3.73679872e-01,  3.48002676e-01,
        -5.36102006e-01,  9.02779539e-01, -4.63549681e-01,
        -1.33559150e-01,  3.86870018e-02, -2.97987429e-01,
        -2.34829426e-01,  2.31598749e-01,  2.08345957e-01,
         4.16499547e-01,  1.60257050e-01, -4.91261022e-01,
        -1.82367722e-01,  8.36830588e-02, -1.94555207e-01,
        -1.02828472e-01,  1.59563236e-02,  7.34985704e-02,
        -2.05627019e-01,  3.02563003e-02, -7.16196062e-01,
         6.01323914e-01, -1.02373573e-02, -1.03634791e-01,
        -8.15554696e-01, -2.41884664e-01,  7.41027357e-01,
         2.31539855e-01, -5.50509819e-01, -3.18199725e-01,
         1.59739209e+00, -8.11554696e-01, -3.15412003e-01,
         2.29539855e-01,  2.38376430e-01, -3.32248578e-01,
         2.08755258e-01, -3.15627406e-01,  7.16682548e-01,
        -8.17554696e-01,  7.17682548e-01, -8.23554696e-01,
        -5.99014841e-01,  4.99142693e-01, -1.70226424e+00,
         1.59439209e+00, -9.28721481e-02],
       [ 4.82600657e-03,  4.20959576e-01, -3.89166926e-01,
         6.68449720e-01, -6.73207102e-01, -2.09197843e-01,
         1.70607841e-01, -3.44865705e-01,  3.39136977e-01,
        -8.43681984e-01,  3.83679770e-01,  4.85273487e-01,
        -2.34128134e-01,  7.16636928e-01, -4.74237521e-01,
        -3.59718225e-01,  3.69989497e-01, -4.72841443e-01,
         2.23962242e-01,  6.35782248e-01, -3.64631775e-01,
         3.97303714e-02,  6.84161558e-01, -5.26647793e-01,
        -1.73972865e-01,  4.88233690e-01, -4.86962418e-01,
         2.66083406e-02, -1.43370684e-02,  2.69977884e-01,
        -2.61885273e-01,  9.17866097e-03, -2.45918438e-01,
         2.70189710e-01, -2.65751046e-01,  2.64022318e-01,
        -8.52681984e-01,  4.59400710e-02,  7.26098719e-01,
         9.39144670e-02, -3.50055995e-01, -3.66015592e-01,
         1.57702484e+00, -8.58681984e-01, -6.26431948e-02,
         7.49144670e-02,  2.03080814e-01, -1.81809542e-01,
        -1.90030900e-01,  2.03302172e-01,  8.50953257e-01,
        -8.43681984e-01,  8.66953257e-01, -8.57681984e-01,
        -7.61767517e-01,  7.85038790e-01, -1.56275357e+00,
         1.56402484e+00,  1.32712722e-02],
       [ 0.00000000e+00,  3.00000000e-03, -7.00000000e-03,
        -4.00000000e-03,  4.00000000e-03, -5.00000000e-03,
        -1.00000000e-02,  8.00000000e-03,  1.00000000e-02,
         9.00000000e-03, -9.00000000e-03, -1.00000000e-02,
        -6.00000000e-03,  8.00000000e-03, -4.00000000e-03,
        -1.00000000e-03, -4.00000000e-03,  1.00000000e-02,
        -9.00000000e-03,  4.00000000e-03, -9.00000000e-03,
         1.00000000e-03,  1.00000000e-02, -4.00000000e-03,
        -6.00000000e-03,  7.00000000e-03,  9.00000000e-03,
        -8.00000000e-03, -8.00000000e-03,  4.00000000e-03,
        -2.00000000e-03,  1.00000000e-02,  3.00000000e-03,
        -8.00000000e-03,  8.00000000e-03,  8.00000000e-03,
         1.00000000e-02,  1.00000000e-02, -8.00000000e-03,
        -1.00000000e-02, -2.00000000e-03, -1.00000000e-03,
         3.00000000e-03,  3.00000000e-03, -1.00000000e-02,
        -1.00000000e-03, -1.00000000e-03,  7.00000000e-03,
        -1.00000000e-03,  1.00000000e-03, -4.00000000e-03,
         1.00000000e-03,  1.00000000e-02,  9.00000000e-03,
         2.00000000e-03,  1.00000000e-02, -4.00000000e-03,
         0.00000000e+00,  1.00000000e-03]]), 'deltas': array([[-0.0003186 ],
       [-0.00031132],
       [-0.00084179],
       [-0.00035054],
       [-0.        ]]), 'outputs': array([[0.09741091],
       [0.0949231 ],
       [0.63302735],
       [0.10851181],
       [1.        ]]), 'errors': -0.003623660416647346}, {'weights': array([[ 0.96051356, -3.64348809,  8.42627127, -6.50503784, -1.25955762],
       [-8.28936722, -7.76332081, -9.70717897, -8.24271633,  1.98324049],
       [-5.65368956, -0.98919449, -6.28930755,  9.23515981, -1.746024  ],
       [ 2.5022564 ,  2.15909207,  2.17802558,  1.79507576, -6.44803626]]), 'deltas': array([[ 1.72856470e-03],
       [-1.84125521e-06],
       [-2.13690574e-05],
       [-1.38160282e-04]]), 'outputs': array([[0.95751156],
       [0.00135785],
       [0.00463341],
       [0.01182427]]), 'errors': array([[ 0.04248844],
       [-0.00135785],
       [-0.00463341],
       [-0.01182427]])}]
Accuracy: 70.0 %

Feedforward Neural Network AVG Accuracy (%): 78.88888888888889 %
