Namespace(error_threshold=0.001, max_epochs=1000, num_layers=2, num_nodes_per_hidden_layer=8, training_rate=0.5)

train_data group 0 length:  38
   0   1   2   3   4   5   6   7   8  ...  50  51  52  53  54  55  56  57  58
0   0   0   0   0   1   0   0   1   0 ...   1   0   1   0   1   0   1   0   0
1   0   0   0   0   0   0   1   1   0 ...   1   0   1   0   1   0   1   0   0
2   0   0   0   0   0   1   0   1   0 ...   0   1   0   1   1   0   1   0   1
3   0   0   0   0   1   0   0   1   0 ...   0   1   0   1   1   0   1   0   1
4   1   0   0   0   0   0   0   0   1 ...   1   0   1   0   0   1   1   0   2

[5 rows x 59 columns]
Initial Neural Network:
[{'weights': array([[ 0.004, -0.009, -0.002, -0.01 ,  0.001, -0.002, -0.009,  0.006,
        -0.008,  0.004, -0.005,  0.003,  0.008, -0.003, -0.006, -0.008,
        -0.004, -0.005, -0.004,  0.001,  0.006,  0.001,  0.009,  0.007,
        -0.002, -0.002, -0.01 , -0.002, -0.005, -0.01 , -0.006, -0.001,
         0.004,  0.006,  0.009, -0.001,  0.002, -0.006,  0.003, -0.002,
         0.005, -0.007, -0.004,  0.007,  0.005, -0.002,  0.009,  0.008,
        -0.005, -0.01 , -0.005, -0.002, -0.006,  0.004,  0.003,  0.007,
         0.001,  0.004, -0.009],
       [ 0.002, -0.009,  0.003, -0.004,  0.009, -0.01 ,  0.   ,  0.002,
         0.003, -0.01 ,  0.009, -0.006, -0.004,  0.008, -0.004,  0.002,
        -0.007,  0.007, -0.004,  0.007,  0.004, -0.009,  0.006, -0.008,
         0.006, -0.001, -0.01 , -0.006, -0.001, -0.007,  0.004, -0.001,
         0.002,  0.005,  0.009,  0.01 ,  0.007,  0.   ,  0.004,  0.006,
        -0.007, -0.003,  0.003,  0.004,  0.003, -0.009,  0.001, -0.004,
        -0.006, -0.005, -0.003,  0.001, -0.01 , -0.008, -0.009,  0.005,
         0.004,  0.007,  0.01 ],
       [-0.006, -0.006,  0.   ,  0.003, -0.007,  0.009,  0.006,  0.003,
        -0.008, -0.009,  0.   , -0.004,  0.001, -0.003, -0.001,  0.   ,
         0.002, -0.001, -0.008,  0.001,  0.   ,  0.01 ,  0.01 , -0.001,
         0.01 , -0.008, -0.002, -0.004, -0.01 ,  0.004,  0.   ,  0.009,
         0.006,  0.003, -0.002,  0.009, -0.001, -0.004, -0.009,  0.008,
         0.   ,  0.01 ,  0.009, -0.006,  0.   ,  0.01 , -0.005, -0.004,
         0.   ,  0.002, -0.006, -0.005,  0.002, -0.007, -0.009,  0.004,
        -0.008, -0.006,  0.   ],
       [ 0.003,  0.006, -0.007, -0.01 ,  0.001,  0.01 , -0.009, -0.01 ,
        -0.01 ,  0.001,  0.   , -0.001,  0.01 , -0.005,  0.002, -0.01 ,
         0.007, -0.008,  0.007, -0.004, -0.003,  0.006,  0.002,  0.002,
        -0.005,  0.003,  0.007,  0.007, -0.006,  0.01 , -0.005,  0.001,
         0.   ,  0.   , -0.004,  0.009, -0.005,  0.01 ,  0.003,  0.003,
        -0.006,  0.01 ,  0.007,  0.002, -0.006, -0.008, -0.001, -0.003,
        -0.004,  0.009,  0.002,  0.004, -0.006,  0.002, -0.005,  0.005,
         0.007, -0.006,  0.009],
       [ 0.006, -0.007, -0.004,  0.008,  0.004, -0.009,  0.001,  0.008,
         0.005,  0.004,  0.01 ,  0.004,  0.001,  0.007, -0.009, -0.008,
        -0.006,  0.004,  0.003, -0.01 , -0.008,  0.004,  0.008,  0.006,
        -0.006,  0.008,  0.006, -0.001, -0.01 , -0.001, -0.01 ,  0.005,
         0.008, -0.001,  0.005,  0.002,  0.006,  0.007,  0.   , -0.009,
         0.002, -0.008, -0.004, -0.01 , -0.001, -0.005, -0.01 ,  0.007,
         0.01 ,  0.004, -0.006, -0.003, -0.002, -0.004,  0.009,  0.008,
        -0.003, -0.006, -0.008],
       [ 0.01 ,  0.009,  0.   ,  0.   ,  0.003, -0.004, -0.001,  0.007,
        -0.004, -0.009,  0.002, -0.003, -0.009,  0.004,  0.003, -0.003,
         0.001, -0.004,  0.009,  0.002, -0.008, -0.007,  0.01 ,  0.005,
        -0.001,  0.007,  0.001,  0.01 ,  0.   , -0.004,  0.006, -0.006,
        -0.007, -0.01 , -0.006, -0.002,  0.004,  0.   , -0.01 ,  0.005,
        -0.005,  0.004, -0.008, -0.002,  0.009,  0.004,  0.001,  0.008,
         0.01 , -0.001, -0.006,  0.009,  0.001, -0.01 ,  0.   ,  0.001,
        -0.004, -0.009,  0.006],
       [ 0.006,  0.004,  0.005,  0.007, -0.006, -0.004,  0.004,  0.003,
        -0.004,  0.003, -0.001, -0.005,  0.   , -0.001, -0.007,  0.002,
        -0.003, -0.01 ,  0.004,  0.006, -0.005, -0.002,  0.001, -0.005,
         0.01 ,  0.001,  0.009,  0.008,  0.005, -0.008,  0.001,  0.   ,
        -0.003, -0.005, -0.006, -0.005, -0.002, -0.01 , -0.01 , -0.004,
         0.009,  0.003, -0.003, -0.007,  0.002,  0.005,  0.002,  0.   ,
         0.005,  0.001, -0.009, -0.007, -0.008, -0.003,  0.002,  0.007,
         0.001, -0.003,  0.01 ],
       [ 0.008,  0.002,  0.004,  0.   , -0.004, -0.005, -0.002, -0.01 ,
        -0.006,  0.005,  0.006, -0.009,  0.007,  0.   ,  0.007, -0.001,
        -0.01 ,  0.004,  0.01 , -0.004, -0.004,  0.002, -0.001, -0.001,
        -0.006, -0.005,  0.006,  0.01 ,  0.   , -0.003,  0.002, -0.003,
        -0.001, -0.01 , -0.001,  0.007,  0.002,  0.   ,  0.   ,  0.007,
         0.008, -0.005,  0.007,  0.007, -0.005,  0.005,  0.004,  0.01 ,
         0.006, -0.004,  0.004, -0.007,  0.01 ,  0.006,  0.008,  0.007,
         0.   ,  0.005,  0.001],
       [ 0.005,  0.005, -0.008,  0.01 ,  0.002,  0.002, -0.007,  0.   ,
         0.005,  0.004, -0.009,  0.01 , -0.001,  0.004, -0.008, -0.01 ,
        -0.009,  0.004, -0.004,  0.   , -0.005, -0.004,  0.002, -0.002,
         0.   , -0.003, -0.002, -0.001,  0.002,  0.004, -0.007, -0.008,
        -0.01 , -0.009,  0.   ,  0.009, -0.01 ,  0.002, -0.005, -0.003,
        -0.001, -0.002,  0.008, -0.001, -0.006,  0.009,  0.008,  0.005,
        -0.005,  0.007,  0.003,  0.007,  0.005,  0.006,  0.005, -0.002,
        -0.005,  0.002,  0.005]]), 'deltas': array([[0.],
       [0.],
       [0.],
       [0.],
       [0.],
       [0.],
       [0.],
       [0.],
       [0.]]), 'outputs': array([[0.],
       [0.],
       [0.],
       [0.],
       [0.],
       [0.],
       [0.],
       [0.],
       [0.]]), 'errors': array([[0.],
       [0.],
       [0.],
       [0.],
       [0.],
       [0.],
       [0.],
       [0.],
       [0.]])}, {'weights': array([[ 0.007,  0.002, -0.008,  0.007,  0.004,  0.01 ,  0.007,  0.01 ,
        -0.009],
       [-0.005, -0.007,  0.005,  0.01 , -0.002,  0.002, -0.004,  0.006,
        -0.005],
       [ 0.002,  0.009,  0.01 , -0.001, -0.008,  0.004, -0.006,  0.006,
         0.006],
       [-0.01 , -0.01 , -0.01 ,  0.002,  0.003, -0.004, -0.004, -0.009,
         0.01 ]]), 'deltas': array([[0.],
       [0.],
       [0.],
       [0.],
       [0.]]), 'outputs': array([[0.],
       [0.],
       [0.],
       [0.],
       [0.]]), 'errors': array([[0.],
       [0.],
       [0.],
       [0.],
       [0.]])}]
Training complete!
Training done. epoch: 72 , total error: 0.0009612756655519529
[{'weights': array([[-9.68838424e-02,  2.73608327e-01,  9.98287826e-02,
         1.14044895e-01, -1.36087819e-01, -2.38800616e-01,
        -2.43976120e-01, -6.79880344e-01,  4.76613951e-01,
        -3.28175883e-01,  2.65523037e-01, -1.36613548e-01,
        -7.16519194e-02, -2.79687472e-02, -1.02645727e-01,
        -5.15702824e-01,  3.02436431e-01, -3.19461869e-01,
        -2.00990885e-02,  1.24643996e-01,  1.16505674e-02,
        -3.75773130e-01,  3.72809488e-01, -2.45613502e-02,
        -1.58741401e-01, -2.06684732e-01, -6.58166124e-03,
        -3.06175355e-01,  9.79089611e-02,  2.83417533e-01,
        -3.20783047e-01, -1.80900879e-01, -5.61666912e-01,
         3.70400518e-01, -1.55080531e-01, -3.81858622e-02,
        -3.30175883e-01,  1.56113568e-01,  5.50184949e-01,
        -5.80389028e-01, -3.84995361e-01, -7.61060578e-01,
         1.27096543e+00, -3.25175883e-01,  3.82122634e-01,
        -5.80389028e-01,  4.92621247e-01, -6.76887641e-01,
        -1.84647605e-01, -3.16187890e-02,  1.25909489e-01,
        -3.34175883e-01,  1.24909489e-01, -3.28175883e-01,
        -9.07564910e-01,  7.16298517e-01, -6.67777311e-01,
         4.71510918e-01, -2.10266394e-01],
       [-9.48968560e-02,  2.72219012e-01,  1.04238610e-01,
         1.20384134e-01, -1.27069407e-01, -2.46706127e-01,
        -2.36116761e-01, -6.82486938e-01,  4.88539545e-01,
        -3.40413109e-01,  2.75190448e-01, -1.40724733e-01,
        -7.56005721e-02, -2.57574593e-02, -9.75893619e-02,
        -5.02561299e-01,  2.98613906e-01, -2.97270379e-01,
        -2.12741326e-02,  1.28311678e-01,  5.28544042e-03,
        -3.86419166e-01,  3.72716545e-01, -3.79243303e-02,
        -1.52320442e-01, -1.94725895e-01, -1.52214983e-02,
        -3.20419067e-01,  1.14471673e-01,  2.82049165e-01,
        -3.13342528e-01, -1.71654030e-01, -5.54609242e-01,
         3.62661849e-01, -1.51448063e-01, -2.84993298e-02,
        -3.23413109e-01,  1.68691004e-01,  5.47385721e-01,
        -5.74611010e-01, -3.98433308e-01, -7.48786944e-01,
         1.27168597e+00, -3.26413109e-01,  3.84663617e-01,
        -5.89611010e-01,  4.82354846e-01, -6.84302239e-01,
        -1.84042748e-01, -2.59046454e-02,  1.28465715e-01,
        -3.29413109e-01,  1.21465715e-01, -3.38413109e-01,
        -9.20024119e-01,  7.17076725e-01, -6.46336227e-01,
         4.58388834e-01, -1.88947393e-01],
       [-1.03340909e-01,  2.75664163e-01,  9.59014827e-02,
         1.56963560e-01, -1.42800611e-01, -2.34272274e-01,
        -2.34701554e-01, -6.61852284e-01,  4.71266142e-01,
        -3.37900859e-01,  2.67341096e-01, -1.28026379e-01,
        -4.24891796e-02, -5.40053260e-02, -9.20916363e-02,
        -5.24167845e-01,  3.40581704e-01, -2.98341282e-01,
        -3.78167669e-02,  1.19002057e-01,  2.35698498e-02,
        -3.77165931e-01,  3.97889372e-01, -2.76834057e-02,
        -1.49626177e-01, -1.94129407e-01, -1.45673490e-03,
        -3.14357400e-01,  1.14771258e-01,  2.85670872e-01,
        -2.80032842e-01, -1.78224172e-01, -5.19662056e-01,
         3.43075914e-01, -1.76763422e-01, -1.82271947e-03,
        -3.29900859e-01,  1.94298369e-01,  5.34179424e-01,
        -5.90163077e-01, -4.02654843e-01, -7.11170289e-01,
         1.27613985e+00, -3.34900859e-01,  4.12576935e-01,
        -5.88163077e-01,  4.78610233e-01, -6.73196375e-01,
        -1.84134199e-01,  5.48057230e-04,  1.37314717e-01,
        -3.33900859e-01,  1.45314717e-01, -3.35900859e-01,
        -9.36063935e-01,  7.45477793e-01, -6.18583866e-01,
         4.18997725e-01, -1.85586142e-01],
       [ 4.37984171e-02,  2.55182265e-01,  1.71970600e-01,
         1.80756558e-01, -5.42001978e-02, -2.27017508e-01,
        -2.79571935e-01, -5.63422025e-01,  6.40340224e-01,
        -8.61593315e-02,  2.36620911e-01, -5.35433799e-02,
         3.32399216e-01, -3.98691979e-01,  1.70210963e-01,
        -1.32650066e-01,  2.26568265e-01, -2.96401673e-02,
        -3.08816874e-02,  1.54886885e-01, -5.44683118e-03,
        -4.89095279e-01,  5.54698069e-01,  1.84153304e-01,
        -1.47837894e-01,  8.27031819e-02,  2.42150173e-02,
        -1.30583578e-01,  2.28501777e-01,  1.67196398e-01,
        -4.31682088e-02, -2.11099899e-02, -9.99736283e-02,
         1.96891827e-01,  1.38030063e-01, -3.61118637e-02,
        -9.21593315e-02,  5.05817309e-01,  4.92961148e-01,
        -7.98700926e-01, -5.49952230e-01, -3.47722324e-01,
         1.09275208e+00, -8.51593315e-02,  8.92619125e-01,
        -8.09700926e-01,  6.08346823e-01, -5.15428624e-01,
        -2.39206251e-02,  1.25838824e-01,  1.86077531e-01,
        -8.31593315e-02,  1.78077531e-01, -8.51593315e-02,
        -8.93860257e-01,  9.90778457e-01, -1.01213275e-01,
         1.99131474e-01,  1.05918199e-01],
       [-8.33467775e-02,  2.75702814e-01,  9.23673477e-02,
         1.46270610e-01, -1.30399520e-01, -2.48602800e-01,
        -2.40409601e-01, -6.69435207e-01,  4.95017280e-01,
        -3.23261978e-01,  2.77296538e-01, -1.23452486e-01,
        -4.48179953e-02, -4.67052946e-02, -9.68946365e-02,
        -5.11923019e-01,  3.10505093e-01, -2.75792509e-01,
        -3.54248147e-02,  1.15925180e-01, -3.12578343e-03,
        -3.82282771e-01,  3.90619550e-01, -1.97124786e-02,
        -1.64042227e-01, -1.58657875e-01, -1.47600517e-02,
        -3.34226350e-01,  1.35808424e-01,  2.79006779e-01,
        -3.13714587e-01, -1.58710118e-01, -5.23475455e-01,
         3.43057529e-01, -1.57992516e-01, -2.24254105e-02,
        -3.21261978e-01,  1.96641091e-01,  5.45361456e-01,
        -6.04158496e-01, -3.99797388e-01, -7.32836563e-01,
         1.26247800e+00, -3.37261978e-01,  4.06740569e-01,
        -6.00158496e-01,  4.75729646e-01, -6.66147573e-01,
        -1.66350905e-01, -7.06702116e-03,  1.33844052e-01,
        -3.30261978e-01,  1.37844052e-01, -3.31261978e-01,
        -9.13420474e-01,  7.43002547e-01, -6.10372190e-01,
         4.13954263e-01, -1.95417926e-01],
       [-9.30383670e-02,  2.91917879e-01,  1.01337946e-01,
         1.39891030e-01, -1.32930825e-01, -2.42438305e-01,
        -2.39665458e-01, -6.67879172e-01,  4.78953071e-01,
        -3.37371650e-01,  2.70583641e-01, -1.35138092e-01,
        -6.42276820e-02, -4.19223410e-02, -8.77760779e-02,
        -5.13512995e-01,  3.19586894e-01, -3.07125619e-01,
        -2.00381887e-02,  1.22352459e-01,  1.18852479e-02,
        -3.90212487e-01,  3.87231950e-01, -2.23348733e-02,
        -1.59610691e-01, -1.85781717e-01,  1.85561555e-03,
        -3.04259636e-01,  1.22333535e-01,  2.80409905e-01,
        -2.93022664e-01, -1.83313342e-01, -5.50771440e-01,
         3.41845339e-01, -1.72775602e-01, -2.71504987e-02,
        -3.24371650e-01,  1.80333403e-01,  5.37122399e-01,
        -5.86010253e-01, -4.03377123e-01, -7.32404570e-01,
         1.26322724e+00, -3.30371650e-01,  4.08084152e-01,
        -5.87010253e-01,  4.90045075e-01, -6.72971176e-01,
        -1.73206378e-01, -9.71972330e-03,  1.30445549e-01,
        -3.19371650e-01,  1.37445549e-01, -3.38371650e-01,
        -9.19381903e-01,  7.28455802e-01, -6.34923557e-01,
         4.29997456e-01, -1.85926101e-01],
       [-9.35264806e-02,  2.86582631e-01,  1.04539028e-01,
         1.40886889e-01, -1.42217721e-01, -2.41421099e-01,
        -2.34200123e-01, -6.74367568e-01,  4.78010692e-01,
        -3.28098819e-01,  2.67301435e-01, -1.37559492e-01,
        -6.36581533e-02, -3.89648192e-02, -1.00733904e-01,
        -5.14321455e-01,  3.17964579e-01, -3.16776441e-01,
        -2.12270624e-02,  1.24846278e-01,  1.28003495e-02,
        -3.84394057e-01,  3.76587057e-01, -3.41477400e-02,
        -1.49402136e-01, -1.91703242e-01,  6.34636634e-03,
        -2.97813536e-01,  1.15456660e-01,  2.80739659e-01,
        -2.99181089e-01, -1.83915446e-01, -5.51259833e-01,
         3.47902957e-01, -1.76720143e-01, -2.96367333e-02,
        -3.33098819e-01,  1.68982139e-01,  5.34991054e-01,
        -5.92231251e-01, -3.88696180e-01, -7.35794904e-01,
         1.26923303e+00, -3.38098819e-01,  3.94874375e-01,
        -5.83231251e-01,  4.86451545e-01, -6.79808421e-01,
        -1.78803870e-01, -1.05530055e-02,  1.26741943e-01,
        -3.38098819e-01,  1.27741943e-01, -3.34098819e-01,
        -9.17330069e-01,  7.30973193e-01, -6.43041041e-01,
         4.45684165e-01, -1.85356876e-01],
       [-9.93712014e-02,  2.87372256e-01,  1.05003045e-01,
         1.17172460e-01, -1.41023898e-01, -2.38428577e-01,
        -2.33935105e-01, -6.96209679e-01,  4.73998657e-01,
        -3.22874495e-01,  2.72570066e-01, -1.53906593e-01,
        -8.35164148e-02, -1.99879777e-02, -8.87066289e-02,
        -5.14237437e-01,  2.97026415e-01, -3.21769503e-01,
        -6.60606051e-03,  1.16102979e-01,  1.20615635e-02,
        -3.76277894e-01,  3.53779580e-01, -3.23947550e-02,
        -1.57317952e-01, -2.16007218e-01,  1.07961963e-02,
        -2.87928428e-01,  9.17174068e-02,  2.91346699e-01,
        -3.15171870e-01, -1.86385851e-01, -5.77204614e-01,
         3.59993593e-01, -1.66021086e-01, -3.41899349e-02,
        -3.25874495e-01,  1.51264063e-01,  5.48721245e-01,
        -5.71321833e-01, -3.81924043e-01, -7.69602404e-01,
         1.28318992e+00, -3.20874495e-01,  3.67110812e-01,
        -5.73321833e-01,  4.92937332e-01, -6.85148354e-01,
        -1.76658586e-01, -2.75524356e-02,  1.25663474e-01,
        -3.34874495e-01,  1.31663474e-01, -3.21874495e-01,
        -8.98196328e-01,  7.06985307e-01, -6.85083489e-01,
         4.83872467e-01, -2.05211021e-01],
       [ 5.00000000e-03,  5.00000000e-03, -8.00000000e-03,
         1.00000000e-02,  2.00000000e-03,  2.00000000e-03,
        -7.00000000e-03,  0.00000000e+00,  5.00000000e-03,
         4.00000000e-03, -9.00000000e-03,  1.00000000e-02,
        -1.00000000e-03,  4.00000000e-03, -8.00000000e-03,
        -1.00000000e-02, -9.00000000e-03,  4.00000000e-03,
        -4.00000000e-03,  0.00000000e+00, -5.00000000e-03,
        -4.00000000e-03,  2.00000000e-03, -2.00000000e-03,
         0.00000000e+00, -3.00000000e-03, -2.00000000e-03,
        -1.00000000e-03,  2.00000000e-03,  4.00000000e-03,
        -7.00000000e-03, -8.00000000e-03, -1.00000000e-02,
        -9.00000000e-03,  0.00000000e+00,  9.00000000e-03,
        -1.00000000e-02,  2.00000000e-03, -5.00000000e-03,
        -3.00000000e-03, -1.00000000e-03, -2.00000000e-03,
         8.00000000e-03, -1.00000000e-03, -6.00000000e-03,
         9.00000000e-03,  8.00000000e-03,  5.00000000e-03,
        -5.00000000e-03,  7.00000000e-03,  3.00000000e-03,
         7.00000000e-03,  5.00000000e-03,  6.00000000e-03,
         5.00000000e-03, -2.00000000e-03, -5.00000000e-03,
         2.00000000e-03,  5.00000000e-03]]), 'deltas': array([[3.33746468e-04],
       [3.23102842e-04],
       [3.18742123e-04],
       [2.46117053e-05],
       [3.02562610e-04],
       [3.19530432e-04],
       [3.28865620e-04],
       [3.44197290e-04],
       [0.00000000e+00]]), 'outputs': array([[0.95013715],
       [0.9518123 ],
       [0.95249683],
       [0.99649399],
       [0.9550276 ],
       [0.95237316],
       [0.9509061 ],
       [0.94848626],
       [1.        ]]), 'errors': 0.00704455067615185}, {'weights': array([[-1.20478948, -1.22904881, -1.27054179, -2.83989637, -1.26947076,
        -1.2444283 , -1.2307556 , -1.17301817,  0.57781728],
       [-0.75778146, -0.77756436, -0.83722603, -1.38546929, -0.82576942,
        -0.79446454, -0.80237125, -0.75055082,  0.08179649],
       [-1.08815686, -1.00577641, -0.70828039,  5.6668808 , -0.75719012,
        -0.85427626, -0.90820797, -1.17595383, -2.9404669 ],
       [ 1.1134218 ,  1.11595499,  1.06957486,  0.35643475,  1.07729342,
         1.07606157,  1.0876264 ,  1.12489859, -4.22935391]]), 'deltas': array([[-8.25764293e-10],
       [-1.93165056e-06],
       [-8.80950719e-04],
       [ 9.80082373e-04]]), 'outputs': array([[2.87365277e-05],
       [1.39080583e-03],
       [3.01384516e-02],
       [9.68183496e-01]]), 'errors': array([[-2.87365277e-05],
       [-1.39080583e-03],
       [-3.01384516e-02],
       [ 3.18165036e-02]])}]
neural_net output [0.61454949 0.50535064 0.05597571 0.01498399]
target: 0 prediction: 0
neural_net output [0.62885567 0.51374206 0.05325576 0.01459472]
target: 0 prediction: 0
neural_net output [0.2869727  0.33821854 0.38916864 0.01965745]
target: 1 prediction: 2
neural_net output [0.23708612 0.30891554 0.48259552 0.0210514 ]
target: 1 prediction: 2
neural_net output [0.02595638 0.09826934 0.75436175 0.0758291 ]
target: 2 prediction: 2
neural_net output [0.0312878  0.11219878 0.84397386 0.0579514 ]
target: 2 prediction: 2
neural_net output [2.66814141e-05 1.32338754e-03 2.75430102e-02 9.70536775e-01]
target: 3 prediction: 3
neural_net output [2.24061169e-05 1.18605049e-03 2.52367795e-02 9.74377135e-01]
target: 3 prediction: 3
neural_net output [2.28693531e-05 1.20028415e-03 2.50977168e-02 9.74067494e-01]
target: 3 prediction: 3
Accuracy: 77.77777777777779 %

train_data group 1 length:  38
   0   1   2   3   4   5   6   7   8  ...  50  51  52  53  54  55  56  57  58
0   0   0   0   0   0   0   1   1   0 ...   1   0   1   0   1   0   1   0   0
1   0   0   0   0   0   0   1   1   0 ...   1   0   1   0   1   0   1   0   0
2   0   0   0   1   0   0   0   1   0 ...   0   1   0   1   1   0   1   0   1
3   0   0   0   0   0   0   1   1   0 ...   0   1   0   1   1   0   1   0   1
4   0   0   0   0   1   0   0   1   0 ...   1   0   1   0   0   1   1   0   2

[5 rows x 59 columns]
Initial Neural Network:
[{'weights': array([[-0.001,  0.01 , -0.006, -0.01 ,  0.008,  0.007, -0.002, -0.009,
         0.005,  0.002, -0.008,  0.009,  0.005,  0.008,  0.   , -0.002,
         0.008, -0.003,  0.   ,  0.002, -0.009,  0.001, -0.004, -0.006,
        -0.008, -0.009,  0.009, -0.003, -0.003, -0.009, -0.007,  0.005,
        -0.006,  0.009,  0.006,  0.   ,  0.003, -0.001, -0.008, -0.005,
         0.001, -0.001,  0.001,  0.004,  0.007,  0.006,  0.007,  0.006,
         0.   , -0.006,  0.008, -0.007, -0.003, -0.003,  0.008,  0.001,
        -0.006, -0.007,  0.01 ],
       [ 0.006, -0.001,  0.008, -0.003, -0.001, -0.001, -0.006, -0.003,
        -0.001, -0.008, -0.002,  0.002, -0.009, -0.003,  0.004, -0.008,
        -0.005,  0.01 ,  0.007,  0.008,  0.006, -0.001,  0.   ,  0.004,
        -0.004, -0.004,  0.001, -0.008,  0.003, -0.003, -0.01 , -0.004,
        -0.004,  0.003, -0.009, -0.002,  0.003,  0.005,  0.006, -0.008,
        -0.001,  0.004,  0.002, -0.009,  0.01 ,  0.008, -0.008, -0.002,
        -0.008, -0.001,  0.004,  0.001,  0.006,  0.003,  0.005,  0.008,
        -0.002, -0.001,  0.001],
       [-0.002,  0.   , -0.008, -0.002,  0.002,  0.009, -0.003,  0.009,
        -0.008, -0.008,  0.006,  0.008, -0.005,  0.005, -0.007, -0.002,
         0.008,  0.008, -0.005, -0.002, -0.003,  0.009,  0.01 ,  0.009,
         0.004,  0.002,  0.003,  0.007, -0.004, -0.001,  0.004,  0.01 ,
         0.009,  0.01 , -0.007, -0.001,  0.001,  0.002, -0.01 , -0.003,
        -0.003,  0.006, -0.007, -0.008, -0.001, -0.003, -0.008, -0.005,
         0.   ,  0.001, -0.009,  0.002,  0.007, -0.006,  0.003, -0.006,
        -0.004, -0.001,  0.   ],
       [ 0.006,  0.004, -0.001, -0.001, -0.005, -0.002,  0.002, -0.008,
         0.002,  0.005,  0.006, -0.002, -0.01 ,  0.002, -0.009,  0.   ,
        -0.009, -0.009,  0.   ,  0.004,  0.007,  0.01 , -0.003, -0.006,
         0.001,  0.   , -0.002,  0.002,  0.005,  0.   ,  0.01 ,  0.003,
         0.004,  0.004, -0.002, -0.001,  0.008,  0.005,  0.004,  0.009,
         0.   , -0.001, -0.009,  0.006,  0.007, -0.004,  0.002, -0.007,
        -0.001, -0.008,  0.007,  0.003,  0.003,  0.007, -0.004, -0.005,
         0.008, -0.01 , -0.01 ],
       [-0.009, -0.001,  0.   ,  0.005,  0.007, -0.003, -0.006, -0.001,
        -0.008,  0.004,  0.001,  0.   , -0.002, -0.01 ,  0.004,  0.006,
        -0.001, -0.001, -0.004, -0.001,  0.002,  0.003,  0.01 ,  0.002,
        -0.001,  0.001, -0.005,  0.008,  0.006,  0.005, -0.007, -0.002,
         0.003, -0.006,  0.007,  0.   ,  0.009, -0.001,  0.004, -0.003,
         0.002, -0.009, -0.005,  0.002,  0.01 , -0.008,  0.01 ,  0.001,
        -0.004, -0.007, -0.004, -0.01 , -0.01 ,  0.009, -0.005,  0.002,
         0.   , -0.009,  0.009],
       [-0.001,  0.006,  0.01 ,  0.003,  0.009, -0.006,  0.009, -0.01 ,
        -0.006,  0.002, -0.008,  0.007, -0.009, -0.003,  0.002, -0.004,
        -0.003, -0.002,  0.01 ,  0.005,  0.01 ,  0.006,  0.001, -0.008,
        -0.009, -0.009, -0.002,  0.007, -0.007,  0.007, -0.008, -0.003,
        -0.001, -0.009,  0.006,  0.009,  0.006, -0.006, -0.004, -0.002,
         0.   ,  0.003,  0.006, -0.003, -0.007,  0.01 ,  0.01 ,  0.008,
         0.002,  0.005, -0.008,  0.005,  0.009,  0.004,  0.006,  0.005,
        -0.006,  0.006, -0.002],
       [ 0.006, -0.01 , -0.004, -0.007, -0.002,  0.008, -0.009, -0.003,
         0.004, -0.001,  0.   , -0.005,  0.004,  0.005,  0.003,  0.004,
         0.002, -0.002, -0.009, -0.01 , -0.009, -0.003, -0.004, -0.01 ,
         0.003,  0.001,  0.009, -0.001,  0.003, -0.004, -0.01 ,  0.01 ,
        -0.008,  0.007,  0.01 , -0.006, -0.008, -0.007,  0.009, -0.006,
         0.007,  0.007,  0.007, -0.001, -0.01 ,  0.004, -0.006,  0.004,
        -0.005,  0.01 ,  0.01 , -0.008, -0.003,  0.002,  0.001,  0.009,
        -0.006, -0.001, -0.001],
       [-0.004,  0.004,  0.006, -0.004,  0.002,  0.005, -0.004, -0.006,
        -0.005,  0.004, -0.002,  0.01 , -0.002, -0.004, -0.001,  0.004,
         0.003,  0.005, -0.006, -0.008,  0.008, -0.008, -0.009,  0.002,
         0.001, -0.01 , -0.008, -0.008, -0.003,  0.002, -0.007,  0.008,
         0.006, -0.008, -0.007, -0.004, -0.007, -0.004, -0.006,  0.001,
         0.007, -0.008,  0.008,  0.006, -0.01 , -0.007,  0.006,  0.   ,
        -0.009,  0.   ,  0.01 , -0.008, -0.005, -0.009,  0.003, -0.007,
         0.01 ,  0.005, -0.007],
       [-0.001,  0.009,  0.001, -0.002,  0.01 ,  0.01 , -0.002,  0.009,
         0.004,  0.009,  0.009, -0.002,  0.001, -0.006,  0.006,  0.003,
        -0.008,  0.002,  0.001,  0.001,  0.006,  0.001, -0.007, -0.006,
         0.007, -0.005, -0.009, -0.006, -0.004, -0.003,  0.005,  0.004,
        -0.003,  0.005,  0.002,  0.007,  0.004, -0.007, -0.001, -0.008,
         0.009,  0.006, -0.009,  0.005,  0.004,  0.   , -0.009, -0.01 ,
         0.002,  0.004,  0.007,  0.009, -0.006, -0.01 , -0.004, -0.008,
         0.004,  0.009, -0.002]]), 'deltas': array([[0.],
       [0.],
       [0.],
       [0.],
       [0.],
       [0.],
       [0.],
       [0.],
       [0.]]), 'outputs': array([[0.],
       [0.],
       [0.],
       [0.],
       [0.],
       [0.],
       [0.],
       [0.],
       [0.]]), 'errors': array([[0.],
       [0.],
       [0.],
       [0.],
       [0.],
       [0.],
       [0.],
       [0.],
       [0.]])}, {'weights': array([[-0.003,  0.004,  0.002, -0.007,  0.007,  0.008, -0.001,  0.01 ,
         0.007],
       [-0.001, -0.007,  0.009,  0.01 ,  0.008, -0.01 , -0.003, -0.008,
        -0.009],
       [-0.002,  0.01 , -0.005,  0.006, -0.004, -0.001,  0.   ,  0.   ,
         0.001],
       [-0.004,  0.004,  0.002,  0.009, -0.009, -0.005, -0.002, -0.003,
         0.009]]), 'deltas': array([[0.],
       [0.],
       [0.],
       [0.],
       [0.]]), 'outputs': array([[0.],
       [0.],
       [0.],
       [0.],
       [0.]]), 'errors': array([[0.],
       [0.],
       [0.],
       [0.],
       [0.]])}]
Training complete!
Training done. epoch: 208 , total error: 0.0009937839993331566
[{'weights': array([[ 3.50545671e-01,  4.16163124e-01, -2.03146611e-01,
         1.51770399e-02, -5.56581676e-04, -4.32434403e-01,
        -1.91812155e-01, -6.81805421e-01,  6.25741506e-01,
        -2.55972276e-01,  2.71935007e-01, -6.50266469e-02,
         7.30407051e-02, -1.94174961e-01,  8.20703411e-02,
        -2.04566521e-01,  1.58502605e-01, -2.49799043e-01,
         2.40867073e-01, -7.40774286e-02,  2.09454828e-02,
        -5.45621652e-01,  7.48530012e-01,  1.15025575e-01,
        -3.86997851e-01, -5.05602503e-01,  4.53538588e-01,
        -2.53804927e-01,  1.95741012e-01,  1.28651577e-01,
        -2.66111162e-01,  7.43956700e-02, -3.60681445e-01,
         3.11617529e-01, -5.90422121e-02,  1.29782968e-02,
        -2.54972276e-01,  6.48314815e-01,  4.88639399e-01,
        -9.45045853e-01, -5.98435802e-01, -6.58317392e-01,
         1.46366155e+00, -2.53972276e-01,  8.94981938e-01,
        -9.34045853e-01,  5.52259151e-01, -5.91323067e-01,
         8.45064713e-02, -1.42570387e-01,  2.13908360e-01,
        -2.64972276e-01,  2.02908360e-01, -2.60972276e-01,
        -1.19001813e+00,  1.14695421e+00, -5.59073970e-01,
         4.94010055e-01, -4.20639152e-02],
       [ 3.02040575e-01,  4.11137355e-01, -3.19771296e-01,
         2.32607291e-01, -1.90347372e-01, -3.95571875e-01,
        -2.50829281e-01, -6.56326019e-01,  4.39591417e-01,
        -2.77917433e-01,  2.88753895e-01, -2.31571064e-01,
        -1.67822288e-01, -1.36272609e-01,  8.33602948e-02,
        -5.04135715e-01,  2.78401113e-01, -4.05583316e-01,
         1.66119441e-01, -9.41706651e-02,  1.51899938e-01,
        -5.40497367e-01,  5.96680199e-01,  2.32958440e-01,
        -5.02875874e-01, -5.55696859e-01,  3.39962257e-01,
        -4.46057794e-01,  2.28323192e-01,  1.04696883e-01,
        -3.37243136e-01,  2.81165066e-03, -4.14814819e-01,
         2.01080217e-01, -3.03094788e-01,  7.93601864e-02,
        -2.66917433e-01,  4.80147304e-01,  5.12797123e-01,
        -9.32761595e-01, -6.00054518e-01, -8.79522848e-01,
         1.54176020e+00, -2.78917433e-01,  7.22026993e-01,
        -9.16761595e-01,  5.70905720e-01, -7.93640322e-01,
         4.82490328e-02, -2.69983635e-01,  6.11828314e-02,
        -2.68917433e-01,  6.31828314e-02, -2.66917433e-01,
        -1.18967903e+00,  9.89944427e-01, -5.58508070e-01,
         3.42773468e-01, -2.11734602e-01],
       [ 3.48949312e-01,  4.05165697e-01, -2.26308897e-01,
         1.25831247e-01, -6.19089932e-02, -4.31217576e-01,
        -2.42506253e-01, -6.68108882e-01,  5.91113420e-01,
        -3.25373153e-01,  2.90858861e-01, -3.74811699e-02,
         9.21127567e-02, -1.72899064e-01, -4.20915478e-03,
        -3.54119553e-01,  2.82124091e-01, -2.83310744e-01,
         1.49859558e-01, -7.81817050e-02,  1.31637428e-01,
        -5.32933243e-01,  7.91310934e-01,  1.24954313e-01,
        -4.29327466e-01, -5.55225227e-01,  4.82229765e-01,
        -2.53336018e-01,  1.78340556e-01,  1.04366983e-01,
        -2.13355771e-01,  4.39933258e-02, -2.84326518e-01,
         2.25331056e-01, -1.48749633e-01,  6.27541705e-02,
        -3.16373153e-01,  6.76187800e-01,  4.96859571e-01,
        -9.44669679e-01, -6.06537285e-01, -6.31568430e-01,
         1.47348341e+00, -3.25373153e-01,  8.62674217e-01,
        -9.44669679e-01,  5.04156685e-01, -5.95152147e-01,
         9.10996509e-03, -8.61054272e-02,  2.30377691e-01,
        -3.15373153e-01,  2.46377691e-01, -3.23373153e-01,
        -1.25604283e+00,  1.17504737e+00, -5.61673041e-01,
         4.78677579e-01, -7.79954621e-02],
       [ 2.92701905e-01,  4.22303496e-01, -2.86324798e-01,
         2.07421496e-01, -2.58322886e-01, -3.37184274e-01,
        -2.74025713e-01, -7.24150981e-01,  4.81720208e-01,
        -2.59557389e-01,  3.00021837e-01, -2.67895222e-01,
        -2.27705756e-01, -1.45117938e-01,  1.19392920e-01,
        -4.85195577e-01,  2.39764804e-01, -4.42012202e-01,
         7.30787942e-02, -9.56510755e-02,  2.30153709e-01,
        -5.31566464e-01,  5.66693079e-01,  2.86356004e-01,
        -5.55913393e-01, -5.62346880e-01,  3.23916107e-01,
        -3.74666237e-01,  1.45235463e-01,  6.74143675e-02,
        -3.45033017e-01,  5.41878754e-02, -4.10083189e-01,
         1.81652416e-01, -2.60510770e-01,  2.10799968e-02,
        -2.56557389e-01,  4.44143971e-01,  5.21093983e-01,
        -9.19111338e-01, -6.02392424e-01, -9.46804887e-01,
         1.56732393e+00, -2.58557389e-01,  6.98680564e-01,
        -9.32111338e-01,  5.90698733e-01, -8.32129506e-01,
         1.07884149e-01, -3.53314922e-01,  3.51266153e-02,
        -2.61557389e-01,  3.11266153e-02, -2.57557389e-01,
        -1.19666873e+00,  9.51237953e-01, -6.18138131e-01,
         3.79707357e-01, -2.46430774e-01],
       [ 4.41981563e-01,  3.82290323e-01, -1.66386384e-01,
        -9.85027985e-03, -7.87611176e-02, -3.90858262e-03,
        -6.20232341e-01, -7.71788330e-01,  7.14921511e-01,
        -2.84226379e-01,  2.90184068e-01, -4.88245073e-02,
         1.69186093e-01, -7.99273248e-01,  5.74220337e-01,
        -1.08594762e-01,  6.57279433e-02, -1.83653038e-01,
        -1.12834535e-01, -9.95172398e-02,  3.44137995e-01,
        -5.77039358e-01,  8.30398918e-01,  4.50716591e-01,
        -7.37942970e-01, -5.36319273e-01,  4.84452455e-01,
         1.12864299e-01, -1.46731118e-01, -5.57001367e-01,
         1.73125634e-02,  4.87821985e-01, -5.60380636e-02,
         5.17124499e-03, -8.49832568e-02,  4.41164381e-02,
        -2.79226379e-01,  7.72084854e-01,  4.99144819e-01,
        -1.03087011e+00, -6.64204859e-01, -5.47866851e-01,
         1.44043127e+00, -2.86226379e-01,  9.90003294e-01,
        -1.03587011e+00,  4.72427522e-01, -5.09294341e-01,
         8.61013623e-04, -5.97278323e-02,  2.36359560e-01,
        -2.98226379e-01,  2.30359560e-01, -2.79226379e-01,
        -1.32109649e+00,  1.27022967e+00, -5.36792835e-01,
         4.79926016e-01, -3.88668186e-02],
       [ 3.36093330e-01,  4.16122736e-01, -1.54627928e-01,
        -1.22419475e-02,  4.05275008e-02, -4.33267225e-01,
        -2.01187934e-01, -6.93085866e-01,  6.38504399e-01,
        -2.77084457e-01,  2.74152695e-01, -3.46497053e-02,
         8.46316639e-02, -2.00985968e-01,  6.77728371e-02,
        -2.16528350e-01,  1.70946883e-01, -2.72409398e-01,
         2.45563978e-01, -3.94721833e-02,  5.07361369e-02,
        -5.33104499e-01,  7.80607489e-01,  7.14318280e-02,
        -3.67516285e-01, -5.38048829e-01,  4.88467361e-01,
        -1.68188348e-01,  1.29606880e-01,  1.25053462e-01,
        -1.91612866e-01,  2.39779366e-02, -3.81198805e-01,
         3.32617338e-01, -3.27954720e-02,  9.21400478e-03,
        -2.73084457e-01,  6.60441025e-01,  5.03849999e-01,
        -9.35788034e-01, -5.88732079e-01, -6.38726463e-01,
         1.47696153e+00, -2.82084457e-01,  8.88206566e-01,
        -9.23788034e-01,  5.44736210e-01, -5.65317677e-01,
         3.69114706e-02, -6.84929378e-02,  2.32502990e-01,
        -2.74084457e-01,  2.49502990e-01, -2.75084457e-01,
        -1.20687249e+00,  1.17929102e+00, -6.44554228e-01,
         6.05972761e-01, -4.05814673e-02],
       [ 3.46846463e-01,  3.88453642e-01, -2.31848885e-01,
         8.24223085e-02,  1.74607670e-01, -4.91705383e-01,
        -1.14427973e-01, -4.00600348e-01,  5.73948192e-01,
         2.62743713e-01,  2.69331998e-01, -3.65727868e-01,
         8.65505497e-02, -1.33368806e-01,  2.31166100e-01,
        -2.09273711e-01,  3.87621555e-01,  1.21004103e-02,
         4.05260187e-01, -1.66790239e-01, -1.08222515e-01,
        -6.68341583e-01,  5.69945713e-01,  4.16642527e-01,
        -1.59898814e-01, -1.81862301e-01,  3.64210144e-01,
         9.56316874e-03,  1.64784675e-01,  4.08094506e-01,
        -2.16370977e-01, -2.33756858e-02, -4.29749391e-01,
         6.01097235e-01,  9.19599812e-02,  8.43878621e-02,
         2.55743713e-01,  6.29872678e-01,  4.90306921e-01,
        -1.21557547e+00, -7.20816302e-01, -7.67041269e-01,
         1.41746170e+00,  2.62743713e-01,  1.37192331e+00,
        -1.20557547e+00,  1.03615668e+00, -8.65808837e-01,
         2.71631316e-01, -9.42834724e-02, -8.13958700e-02,
         2.55743713e-01, -9.43958700e-02,  2.65743713e-01,
        -9.44831756e-01,  1.12717960e+00, -4.18850827e-01,
         5.84198670e-01,  1.71347843e-01],
       [ 2.96089866e-01,  4.10472722e-01, -2.74488292e-01,
         9.66556989e-02,  2.00257597e-02, -4.98649641e-01,
        -1.42117711e-01, -5.90384091e-01,  4.82372492e-01,
        -2.43558685e-01,  2.81242966e-01, -1.22695880e-01,
        -4.39859573e-03, -1.66344780e-01,  6.67317765e-02,
        -2.95253044e-01,  2.05241445e-01, -3.15359092e-01,
         3.70135515e-01, -8.58384643e-02, -6.69495575e-02,
        -5.49450448e-01,  6.82997534e-01,  3.94935348e-02,
        -2.84052220e-01, -5.38384630e-01,  4.23373031e-01,
        -3.90661814e-01,  2.82650215e-01,  2.23022820e-01,
        -2.69833482e-01, -4.72009370e-02, -4.44885196e-01,
         3.45873597e-01, -1.63730759e-01,  5.57191598e-02,
        -2.54558685e-01,  5.75676145e-01,  4.95311852e-01,
        -9.29440912e-01, -5.86204274e-01, -7.36569017e-01,
         1.48032038e+00, -2.41558685e-01,  8.23429313e-01,
        -9.37440912e-01,  5.73603108e-01, -6.64614707e-01,
         1.33662006e-02, -1.19377800e-01,  1.60547086e-01,
        -2.55558685e-01,  1.45547086e-01, -2.56558685e-01,
        -1.17499960e+00,  1.07398800e+00, -5.58811691e-01,
         4.76800092e-01, -1.04011599e-01],
       [-1.00000000e-03,  9.00000000e-03,  1.00000000e-03,
        -2.00000000e-03,  1.00000000e-02,  1.00000000e-02,
        -2.00000000e-03,  9.00000000e-03,  4.00000000e-03,
         9.00000000e-03,  9.00000000e-03, -2.00000000e-03,
         1.00000000e-03, -6.00000000e-03,  6.00000000e-03,
         3.00000000e-03, -8.00000000e-03,  2.00000000e-03,
         1.00000000e-03,  1.00000000e-03,  6.00000000e-03,
         1.00000000e-03, -7.00000000e-03, -6.00000000e-03,
         7.00000000e-03, -5.00000000e-03, -9.00000000e-03,
        -6.00000000e-03, -4.00000000e-03, -3.00000000e-03,
         5.00000000e-03,  4.00000000e-03, -3.00000000e-03,
         5.00000000e-03,  2.00000000e-03,  7.00000000e-03,
         4.00000000e-03, -7.00000000e-03, -1.00000000e-03,
        -8.00000000e-03,  9.00000000e-03,  6.00000000e-03,
        -9.00000000e-03,  5.00000000e-03,  4.00000000e-03,
         0.00000000e+00, -9.00000000e-03, -1.00000000e-02,
         2.00000000e-03,  4.00000000e-03,  7.00000000e-03,
         9.00000000e-03, -6.00000000e-03, -1.00000000e-02,
        -4.00000000e-03, -8.00000000e-03,  4.00000000e-03,
         9.00000000e-03, -2.00000000e-03]]), 'deltas': array([[2.27314636e-06],
       [2.81272646e-05],
       [3.49050722e-06],
       [3.45673530e-05],
       [5.24381397e-06],
       [1.78442441e-06],
       [7.52356214e-07],
       [4.98490777e-06],
       [0.00000000e+00]]), 'outputs': array([[0.99961976],
       [0.99527449],
       [0.99941601],
       [0.99418617],
       [0.99912241],
       [0.99970154],
       [0.99987418],
       [0.99916577],
       [1.        ]]), 'errors': 0.005980477956160954}, {'weights': array([[-2.27690485, -2.36799645, -2.23115565, -2.44424662, -5.66151275,
        -2.20779835, -4.94410921, -2.28221818,  2.7200711 ],
       [-1.97351543, -4.58767697, -2.83861769, -5.02793378,  2.98442398,
        -1.41301354,  5.83299525, -1.90342884, -2.57547732],
       [-3.26849572,  3.32993195, -1.73383455,  4.75785383,  3.62193697,
        -4.50047537, -1.46040047, -2.83890033, -2.95378886],
       [ 1.18361437,  2.82681737,  0.90005821,  3.01542339, -1.38001341,
         1.27401639,  0.6071613 ,  1.67851599, -6.98987963]]), 'deltas': array([[-1.53544455e-19],
       [-1.13346711e-10],
       [-3.74935475e-05],
       [ 1.86374338e-03]]), 'outputs': array([[3.91847489e-10],
       [1.06464979e-05],
       [6.14208917e-03],
       [9.55842978e-01]]), 'errors': array([[-3.91847489e-10],
       [-1.06464979e-05],
       [-6.14208917e-03],
       [ 4.41570224e-02]])}]
Accuracy: 77.77777777777779 %

train_data group 2 length:  37
   0   1   2   3   4   5   6   7   8  ...  50  51  52  53  54  55  56  57  58
0   0   0   0   0   0   0   1   1   0 ...   1   0   1   0   1   0   1   0   0
1   0   0   0   0   0   0   1   1   0 ...   1   0   1   0   1   0   1   0   0
2   0   0   0   1   0   0   0   1   0 ...   0   1   0   1   1   0   1   0   1
3   0   0   0   0   0   0   1   1   0 ...   0   1   0   1   1   0   1   0   1
4   0   0   0   0   1   0   0   1   0 ...   1   0   1   0   0   1   1   0   2

[5 rows x 59 columns]
Initial Neural Network:
[{'weights': array([[-0.007, -0.002, -0.002, -0.001,  0.002,  0.005, -0.01 , -0.005,
        -0.006,  0.003, -0.005,  0.01 ,  0.005, -0.005,  0.009, -0.006,
         0.008,  0.005, -0.008,  0.009, -0.006, -0.001,  0.005,  0.001,
        -0.008, -0.01 ,  0.005, -0.001, -0.009,  0.001,  0.005,  0.006,
         0.009,  0.003,  0.001,  0.005, -0.01 ,  0.001,  0.008,  0.004,
         0.004, -0.001,  0.002,  0.006,  0.005,  0.005,  0.009, -0.009,
        -0.004, -0.01 , -0.004, -0.002,  0.002,  0.002,  0.009, -0.007,
        -0.002, -0.005,  0.007],
       [ 0.003, -0.003, -0.002,  0.003,  0.   ,  0.008, -0.002,  0.004,
         0.007,  0.005, -0.01 ,  0.008,  0.004, -0.009,  0.006,  0.009,
        -0.005, -0.003, -0.004, -0.007,  0.005,  0.007,  0.01 ,  0.007,
        -0.002, -0.004, -0.004, -0.007,  0.009, -0.007,  0.003, -0.001,
         0.001, -0.001,  0.002, -0.009, -0.008, -0.01 , -0.01 ,  0.001,
         0.004, -0.003, -0.007,  0.008,  0.002, -0.005,  0.006,  0.002,
         0.002, -0.008, -0.003, -0.006, -0.009, -0.004,  0.007, -0.008,
         0.01 ,  0.009, -0.01 ],
       [ 0.007, -0.005,  0.008, -0.01 , -0.005,  0.001,  0.005,  0.002,
        -0.007,  0.003,  0.   , -0.009, -0.006, -0.01 , -0.009,  0.003,
        -0.01 , -0.003, -0.01 ,  0.006,  0.001,  0.   ,  0.007,  0.001,
        -0.002, -0.004,  0.005,  0.005,  0.008, -0.01 , -0.009, -0.009,
         0.007, -0.01 , -0.007, -0.006,  0.006, -0.001, -0.005, -0.002,
         0.01 ,  0.001,  0.001, -0.004, -0.01 ,  0.004, -0.001, -0.007,
        -0.006,  0.003,  0.007,  0.002, -0.01 , -0.003,  0.   , -0.001,
        -0.002, -0.003,  0.007],
       [-0.01 ,  0.01 ,  0.002, -0.009, -0.003, -0.005, -0.007, -0.004,
         0.01 , -0.008, -0.009, -0.004, -0.007, -0.005,  0.001,  0.01 ,
         0.008,  0.008,  0.005,  0.005, -0.007, -0.01 , -0.01 , -0.002,
         0.005,  0.002, -0.004,  0.008, -0.009, -0.003,  0.007,  0.009,
        -0.005,  0.009, -0.01 ,  0.   , -0.009, -0.008, -0.006,  0.01 ,
         0.008,  0.005, -0.006,  0.004,  0.001, -0.003,  0.003,  0.005,
         0.008,  0.005, -0.003, -0.004, -0.009,  0.   ,  0.002, -0.01 ,
         0.004,  0.003, -0.004],
       [-0.002, -0.006,  0.01 ,  0.   , -0.002, -0.001,  0.002, -0.004,
         0.006,  0.006,  0.008, -0.004, -0.009,  0.005,  0.009,  0.008,
         0.006,  0.002,  0.008,  0.001,  0.005, -0.006,  0.   , -0.01 ,
         0.005, -0.004,  0.007, -0.001,  0.01 , -0.007,  0.004,  0.009,
        -0.006,  0.   ,  0.009, -0.004,  0.004, -0.001,  0.007, -0.005,
        -0.001, -0.009, -0.005,  0.004,  0.01 , -0.007,  0.007, -0.01 ,
         0.005, -0.007,  0.   ,  0.009, -0.009,  0.001, -0.008,  0.001,
         0.001,  0.   , -0.005],
       [-0.008, -0.003,  0.004, -0.001, -0.001,  0.006, -0.002,  0.   ,
        -0.002,  0.   , -0.01 ,  0.002,  0.002,  0.002,  0.002,  0.005,
        -0.004, -0.009,  0.01 , -0.008,  0.   ,  0.008,  0.002,  0.004,
        -0.007, -0.007,  0.004, -0.004,  0.002,  0.008, -0.005, -0.007,
        -0.007,  0.001,  0.005,  0.001,  0.006,  0.007, -0.006, -0.003,
        -0.004, -0.002, -0.01 , -0.002,  0.008, -0.008,  0.002,  0.009,
         0.01 , -0.002,  0.006, -0.008,  0.005,  0.005, -0.008, -0.01 ,
        -0.004, -0.009,  0.006],
       [ 0.01 , -0.002, -0.01 , -0.002, -0.01 ,  0.007,  0.004,  0.001,
         0.009, -0.002, -0.005, -0.003,  0.01 ,  0.003, -0.007,  0.   ,
         0.005,  0.007,  0.001, -0.001, -0.007,  0.001,  0.   , -0.006,
        -0.002, -0.005, -0.01 , -0.002, -0.005, -0.001, -0.01 , -0.009,
         0.006,  0.001,  0.003,  0.005,  0.006,  0.007,  0.003,  0.002,
         0.002,  0.   , -0.007,  0.009,  0.007, -0.007, -0.002,  0.007,
         0.004,  0.006, -0.001, -0.008,  0.002, -0.008,  0.003, -0.001,
        -0.009, -0.002,  0.01 ],
       [ 0.002, -0.005, -0.003, -0.008, -0.001,  0.004,  0.007, -0.001,
        -0.006, -0.001, -0.004, -0.004, -0.008, -0.01 , -0.005,  0.005,
         0.005,  0.006,  0.003, -0.004, -0.005,  0.006,  0.009, -0.009,
        -0.007,  0.   ,  0.007, -0.006, -0.006,  0.001,  0.006, -0.007,
        -0.003, -0.006,  0.01 , -0.009,  0.002, -0.008,  0.01 ,  0.006,
        -0.002,  0.009,  0.008, -0.006,  0.009,  0.009,  0.001,  0.003,
        -0.01 ,  0.005,  0.005, -0.01 ,  0.003, -0.007,  0.002,  0.005,
        -0.002,  0.004,  0.006],
       [ 0.003, -0.008,  0.004, -0.008, -0.007,  0.008,  0.   , -0.01 ,
         0.004,  0.002,  0.003, -0.001, -0.001,  0.   ,  0.001, -0.005,
        -0.004, -0.001, -0.004,  0.007,  0.005, -0.008,  0.008, -0.003,
        -0.008, -0.002,  0.007, -0.008,  0.009, -0.008,  0.001,  0.01 ,
         0.001, -0.008,  0.01 , -0.006, -0.002,  0.   , -0.005, -0.001,
         0.009, -0.003,  0.001,  0.   , -0.001,  0.006, -0.01 ,  0.01 ,
        -0.003,  0.005,  0.008,  0.008, -0.009,  0.009,  0.001, -0.001,
        -0.004,  0.008, -0.01 ]]), 'deltas': array([[0.],
       [0.],
       [0.],
       [0.],
       [0.],
       [0.],
       [0.],
       [0.],
       [0.]]), 'outputs': array([[0.],
       [0.],
       [0.],
       [0.],
       [0.],
       [0.],
       [0.],
       [0.],
       [0.]]), 'errors': array([[0.],
       [0.],
       [0.],
       [0.],
       [0.],
       [0.],
       [0.],
       [0.],
       [0.]])}, {'weights': array([[ 0.005, -0.007, -0.001,  0.004,  0.004, -0.004, -0.005, -0.01 ,
         0.01 ],
       [-0.003,  0.01 ,  0.002,  0.01 ,  0.003, -0.007, -0.003, -0.006,
        -0.002],
       [-0.009,  0.007,  0.004,  0.009,  0.001, -0.01 , -0.007,  0.003,
        -0.007],
       [-0.009, -0.008, -0.005,  0.005, -0.001, -0.002, -0.001, -0.01 ,
        -0.007]]), 'deltas': array([[0.],
       [0.],
       [0.],
       [0.],
       [0.]]), 'outputs': array([[0.],
       [0.],
       [0.],
       [0.],
       [0.]]), 'errors': array([[0.],
       [0.],
       [0.],
       [0.],
       [0.]])}]
Training complete!
Training done. epoch: 219 , total error: 0.0009844445707668018
[{'weights': array([[-2.51421588e-01,  5.18155268e-01,  1.07514056e-01,
         3.35880068e-02, -1.54308866e-01, -4.21390825e-01,
        -1.25944035e-01, -8.74504586e-01,  5.84696603e-01,
        -7.68426740e-01,  2.23162977e-01,  2.74455779e-01,
        -3.43615722e-01,  3.32057680e-01, -2.58249941e-01,
        -4.10188703e-01,  1.33380720e-01, -1.49015685e-01,
        -2.66319801e-01,  1.03368565e-01,  3.31589379e-02,
         6.62134189e-02,  3.10031204e-01, -2.80383372e-01,
        -3.77669233e-01, -1.63117520e-01, -1.20690463e-01,
        -3.87799682e-01,  9.89916988e-02,  4.02150790e-01,
        -4.58531898e-01, -2.10426876e-01, -9.19337363e-01,
         6.52529380e-01, -8.06590262e-02, -1.92148957e-01,
        -7.81426740e-01, -6.00328006e-02,  7.11181804e-01,
        -1.45530247e-01, -3.86634116e-01, -6.36781094e-01,
         1.52103397e+00, -7.65426740e-01, -1.24277736e-01,
        -1.44530247e-01,  1.55675390e-01, -4.34483373e-01,
        -3.51282343e-01,  5.84743600e-02,  4.88618757e-01,
        -7.73426740e-01,  4.94618757e-01, -7.69426740e-01,
        -9.11956986e-01,  6.35149003e-01, -8.42773488e-01,
         5.56965505e-01, -2.71807983e-01],
       [-6.19645112e-02,  5.09114450e-01,  1.21247812e-01,
         4.17002825e-02, -1.56077848e-01, -4.13614861e-01,
        -1.15925169e-01, -8.48680169e-01,  7.77160324e-01,
        -7.77151809e-01,  2.12938966e-01,  4.84692998e-01,
        -9.63899594e-02,  2.77098707e-01, -2.62228593e-01,
        -2.35729496e-01,  1.57209651e-01, -2.56197901e-02,
        -2.10118208e-01,  1.59435705e-01, -1.52175517e-02,
         6.06597439e-02,  5.37547213e-01, -2.72421430e-01,
        -3.86305372e-01,  2.01692208e-02, -1.10689066e-01,
        -3.63239187e-01,  2.82719342e-01,  3.58294871e-01,
        -3.50864263e-01, -9.49504531e-02, -7.14237576e-01,
         6.31717731e-01,  7.24230013e-02, -1.61942846e-01,
        -7.90151809e-01,  1.72550842e-01,  6.78605275e-01,
        -1.70524153e-01, -3.73298542e-01, -4.11467394e-01,
         1.47839790e+00, -7.74151809e-01,  9.10043084e-02,
        -1.76524153e-01,  1.16283778e-01, -1.90803623e-01,
        -2.57439916e-01,  1.68920071e-01,  6.96631964e-01,
        -7.88151809e-01,  6.90631964e-01, -7.86151809e-01,
        -9.46675962e-01,  8.63156117e-01, -6.19108596e-01,
         5.55588751e-01, -9.25198450e-02],
       [-1.23746856e-01,  5.06724732e-01,  3.41710298e-01,
         2.97629326e-02, -2.05412907e-01, -4.24701717e-01,
        -1.30734741e-01, -9.22440798e-01,  9.10042540e-01,
        -7.75473952e-01,  2.17570806e-01,  5.44504888e-01,
         4.38382368e-02,  2.02554114e-01, -2.78790609e-01,
        -1.57286490e-01,  1.42888232e-01,  1.02168741e-01,
        -3.49505769e-01,  2.31811977e-01,  2.12679215e-03,
         1.94639387e-02,  6.40884012e-01, -2.80925254e-01,
        -3.80820955e-01,  1.62354802e-01, -1.68753061e-01,
        -6.75228443e-02,  7.31245860e-02,  3.00824660e-01,
        -3.71990950e-01,  3.57680312e-02, -5.50697765e-01,
         5.40299506e-01,  1.81370056e-01, -2.01768314e-01,
        -7.72473952e-01,  3.19358330e-01,  6.85045153e-01,
        -2.41327789e-01, -3.71463086e-01, -3.21201525e-01,
         1.47574030e+00, -7.82473952e-01,  2.21929531e-01,
        -2.35327789e-01,  1.06943062e-01, -1.22341320e-01,
        -3.47548452e-01,  3.37150194e-01,  7.78075694e-01,
        -7.76473952e-01,  7.61075694e-01, -7.81473952e-01,
        -1.01780174e+00,  1.00940348e+00, -6.74653061e-01,
         6.62254803e-01, -3.98258276e-04],
       [-3.30096556e-01,  5.30466726e-01,  1.87897654e-01,
         6.49595343e-02, -2.45252851e-01, -4.49773678e-01,
        -7.66722216e-02, -8.97561174e-01,  6.07089782e-01,
        -7.90472060e-01,  2.21294514e-01,  2.51706154e-01,
        -4.34619580e-01,  3.93557035e-01, -2.66408847e-01,
        -3.32287309e-01,  5.38159175e-02, -2.13995351e-01,
        -3.11713861e-01,  1.14403405e-01,  1.25834416e-01,
         1.10633021e-01,  2.36908666e-01, -2.85853041e-01,
        -3.75160038e-01, -1.68511866e-01, -1.29959526e-01,
        -3.69231150e-01,  7.17597585e-02,  4.26951311e-01,
        -3.84217272e-01, -3.26205431e-01, -9.41923085e-01,
         6.49451694e-01, -4.42559677e-02, -2.62215424e-01,
        -7.91472060e-01, -1.51172599e-01,  7.05656313e-01,
        -7.24830459e-02, -3.64039737e-01, -6.70972462e-01,
         1.52801287e+00, -7.78472060e-01, -2.12988346e-01,
        -8.54830459e-02,  1.50325268e-01, -4.38796660e-01,
        -3.10912906e-01,  2.74415142e-02,  4.83000668e-01,
        -7.86472060e-01,  4.77000668e-01, -7.82472060e-01,
        -8.62955106e-01,  5.58483714e-01, -9.28137573e-01,
         6.38666181e-01, -3.00471392e-01],
       [-2.28653825e-01,  4.96983367e-01,  2.60249211e-01,
         1.57194317e-01, -3.06265962e-01, -3.93679528e-01,
         4.87989739e-02, -6.91467439e-01,  7.27093993e-01,
        -8.76049057e-01,  2.22664951e-01,  6.97010660e-01,
        -1.88855395e-01,  5.05758868e-01, -2.78276918e-01,
         7.86452605e-03,  3.97620282e-02, -7.01875037e-02,
        -1.88161941e-01,  2.05740222e-01,  1.02235776e-01,
         1.21688678e-01,  6.71139050e-01, -3.23059084e-01,
        -4.47142090e-01,  6.66066740e-02, -2.99801197e-02,
        -2.13390506e-01,  2.56017060e-01,  4.52244222e-01,
        -2.02338380e-01, -2.10279288e-01, -7.36647010e-01,
         7.64273565e-01,  3.22883565e-02,  6.33819778e-03,
        -8.78049057e-01,  9.32392659e-02,  6.82542429e-01,
         1.40893917e-01, -1.98005289e-01, -3.48060104e-01,
         1.44674100e+00, -8.78049057e-01, -1.02267362e-01,
         1.38893917e-01, -2.97153642e-04,  3.09237079e-02,
        -1.30375874e-01,  1.62002428e-01,  9.15675611e-01,
        -8.73049057e-01,  9.06675611e-01, -8.81049057e-01,
        -7.44155140e-01,  7.70781695e-01, -6.19012098e-01,
         6.53638652e-01,  2.86265543e-02],
       [-2.79258279e-01,  5.22016649e-01,  1.31034785e-01,
         3.32897740e-02, -1.76307638e-01, -4.17580140e-01,
        -1.06754365e-01, -8.77622068e-01,  5.87062853e-01,
        -7.72518173e-01,  2.18319821e-01,  2.57639138e-01,
        -3.74636927e-01,  3.53344827e-01, -2.61267114e-01,
        -3.90622514e-01,  1.03063300e-01, -1.76662649e-01,
        -2.75746170e-01,  8.90860725e-02,  6.77635314e-02,
         8.62450345e-02,  2.86571787e-01, -2.73095679e-01,
        -3.81280358e-01, -1.53999069e-01, -1.37560145e-01,
        -3.78049776e-01,  8.74905609e-02,  4.11447060e-01,
        -4.48587793e-01, -2.55418481e-01, -9.45191240e-01,
         6.50632025e-01, -7.48024195e-02, -2.07756795e-01,
        -7.66518173e-01, -8.71459800e-02,  7.05006728e-01,
        -1.35901789e-01, -3.97556748e-01, -6.51738386e-01,
         1.51725409e+00, -7.74518173e-01, -1.47657425e-01,
        -1.40901789e-01,  1.53230526e-01, -4.30789741e-01,
        -3.33582399e-01,  5.30231839e-02,  4.89958959e-01,
        -7.80518173e-01,  4.88958959e-01, -7.67518173e-01,
        -9.13419963e-01,  6.06860748e-01, -8.77890581e-01,
         5.76331367e-01, -2.82559215e-01],
       [ 4.87949083e-02,  4.92708415e-01,  1.94621068e-01,
        -9.52095289e-03, -2.34320991e-01, -5.12925878e-01,
        -8.91840196e-02, -1.03991026e+00,  9.43082814e-01,
        -7.88729181e-01,  2.07856371e-01,  4.64045359e-01,
         5.06492193e-02,  1.27197420e-01, -2.78674090e-01,
        -1.74180387e-01,  7.23529368e-02,  7.49786881e-02,
        -2.79152064e-01, -5.50197447e-02,  1.52365670e-01,
         1.42696319e-01,  4.25920906e-01, -2.88358233e-01,
        -3.94086442e-01, -6.72166402e-02, -5.46108102e-02,
        -3.22160059e-01,  2.08332608e-01,  8.64011244e-02,
        -3.90379185e-01,  1.77150610e-01, -4.75692069e-01,
         3.75864619e-01,  3.22267894e-01, -4.21095344e-01,
        -7.80729181e-01,  3.01566601e-01,  6.72862733e-01,
        -2.82527604e-01, -5.12537348e-01, -2.21335805e-01,
         1.40877488e+00, -7.77729181e-01,  1.84700154e-01,
        -2.91527604e-01,  6.07092180e-02, -1.62536668e-01,
        -2.61075952e-01,  1.64248501e-01,  6.78901730e-01,
        -7.94729181e-01,  6.81901730e-01, -7.94729181e-01,
        -1.06825678e+00,  9.63429334e-01, -6.45502988e-01,
         5.27675537e-01, -9.68274504e-02],
       [-2.82686726e-02,  5.30714027e-01,  3.11366512e-01,
         2.73471877e-02, -1.02143428e-01, -5.69700198e-01,
        -2.29109034e-01, -1.11163722e+00,  1.04884361e+00,
        -8.04484213e-01,  2.34794880e-01,  5.04895727e-01,
         1.81225809e-01,  3.50229177e-02, -2.95042333e-01,
        -2.42260713e-01,  1.96467106e-01,  2.16291949e-01,
        -4.05224848e-01,  4.11018054e-01, -2.77878761e-01,
         1.83319190e-01,  4.66719112e-01, -3.23809520e-01,
        -3.83022388e-01,  3.65313836e-01, -4.14107442e-01,
         5.50804392e-01, -6.18597999e-01, -2.20300470e-01,
        -3.17276591e-01,  4.81783456e-01, -4.87355490e-01,
         4.22561883e-01,  4.47397874e-01, -5.02191481e-01,
        -8.01484213e-01,  3.77359970e-01,  7.93242288e-01,
        -4.14911650e-01, -5.37438654e-01, -2.47069839e-01,
         1.54719910e+00, -8.09484213e-01,  3.74118044e-01,
        -4.11911650e-01,  1.25862928e-01, -1.77656534e-01,
        -4.34146334e-01,  3.73352728e-01,  7.52690607e-01,
        -8.13484213e-01,  7.50690607e-01, -8.10484213e-01,
        -1.22239586e+00,  1.17360226e+00, -8.53930511e-01,
         8.00136905e-01, -4.97936062e-02],
       [ 3.00000000e-03, -8.00000000e-03,  4.00000000e-03,
        -8.00000000e-03, -7.00000000e-03,  8.00000000e-03,
         0.00000000e+00, -1.00000000e-02,  4.00000000e-03,
         2.00000000e-03,  3.00000000e-03, -1.00000000e-03,
        -1.00000000e-03,  0.00000000e+00,  1.00000000e-03,
        -5.00000000e-03, -4.00000000e-03, -1.00000000e-03,
        -4.00000000e-03,  7.00000000e-03,  5.00000000e-03,
        -8.00000000e-03,  8.00000000e-03, -3.00000000e-03,
        -8.00000000e-03, -2.00000000e-03,  7.00000000e-03,
        -8.00000000e-03,  9.00000000e-03, -8.00000000e-03,
         1.00000000e-03,  1.00000000e-02,  1.00000000e-03,
        -8.00000000e-03,  1.00000000e-02, -6.00000000e-03,
        -2.00000000e-03,  0.00000000e+00, -5.00000000e-03,
        -1.00000000e-03,  9.00000000e-03, -3.00000000e-03,
         1.00000000e-03,  0.00000000e+00, -1.00000000e-03,
         6.00000000e-03, -1.00000000e-02,  1.00000000e-02,
        -3.00000000e-03,  5.00000000e-03,  8.00000000e-03,
         8.00000000e-03, -9.00000000e-03,  9.00000000e-03,
         1.00000000e-03, -1.00000000e-03, -4.00000000e-03,
         8.00000000e-03, -1.00000000e-02]]), 'deltas': array([[1.07938102e-04],
       [1.17393713e-05],
       [4.08500356e-06],
       [1.25971223e-04],
       [1.94820650e-06],
       [1.16634913e-04],
       [1.56402132e-05],
       [4.41935507e-06],
       [0.00000000e+00]]), 'outputs': array([[0.98421228],
       [0.99830717],
       [0.99941159],
       [0.98152418],
       [0.99971946],
       [0.98291776],
       [0.99774339],
       [0.9993634 ],
       [1.        ]]), 'errors': 0.006946507480234836}, {'weights': array([[-1.10422983, -2.12460064, -3.07598969,  0.72045342,  6.40086918,
        -0.89740946, -3.44271428,  1.51252777, -2.0434081 ],
       [-2.53252861, -2.54634476, -2.68316293, -2.71012918, -3.76687678,
        -2.54502842, -3.53138418, -5.96398664,  2.6790068 ],
       [-2.48507789, -1.26888067,  0.23009779, -3.28089119, -2.05894626,
        -2.60992784,  7.01852004,  3.28942755, -2.88853959],
       [ 2.15042637,  1.30840964,  0.82580839,  2.33403507,  1.16089554,
         2.22860325,  0.10806707, -0.3504169 , -6.34971145]]), 'deltas': array([[-3.03607490e-04],
       [-4.29692705e-21],
       [-3.68631703e-04],
       [ 1.23792291e-03]]), 'outputs': array([[1.75795414e-02],
       [6.55509500e-11],
       [1.93886641e-02],
       [9.64168051e-01]]), 'errors': array([[-1.75795414e-02],
       [-6.55509500e-11],
       [-1.93886641e-02],
       [ 3.58319490e-02]])}]
Accuracy: 100.0 %

train_data group 3 length:  38
   0   1   2   3   4   5   6   7   8  ...  50  51  52  53  54  55  56  57  58
0   0   0   0   0   0   0   1   1   0 ...   1   0   1   0   1   0   1   0   0
1   0   0   0   0   0   0   1   1   0 ...   1   0   1   0   1   0   1   0   0
2   0   0   0   1   0   0   0   1   0 ...   0   1   0   1   1   0   1   0   1
3   0   0   0   0   0   0   1   1   0 ...   0   1   0   1   1   0   1   0   1
4   0   0   0   0   1   0   0   1   0 ...   1   0   1   0   0   1   1   0   2

[5 rows x 59 columns]
Initial Neural Network:
[{'weights': array([[ 0.001,  0.007, -0.01 , -0.009,  0.009,  0.009, -0.01 ,  0.004,
         0.008,  0.008,  0.005, -0.002, -0.006,  0.008, -0.002,  0.01 ,
        -0.003, -0.001,  0.005,  0.009, -0.009,  0.008,  0.01 ,  0.004,
         0.002, -0.001, -0.009,  0.01 , -0.004, -0.004,  0.007, -0.001,
        -0.002,  0.001,  0.   , -0.001, -0.009,  0.004,  0.007,  0.007,
        -0.003,  0.006,  0.009, -0.007,  0.009,  0.003, -0.004,  0.009,
        -0.01 , -0.006, -0.007, -0.01 , -0.007,  0.004, -0.009,  0.004,
        -0.003,  0.01 ,  0.002],
       [-0.002, -0.002,  0.007,  0.001,  0.006,  0.004,  0.006, -0.007,
        -0.002,  0.004, -0.003,  0.001, -0.002,  0.01 ,  0.003, -0.003,
        -0.01 , -0.009,  0.002,  0.008, -0.003, -0.004, -0.008, -0.008,
         0.005,  0.01 , -0.008,  0.004, -0.005, -0.01 ,  0.008, -0.003,
        -0.006, -0.01 , -0.008,  0.005, -0.007, -0.006, -0.007,  0.01 ,
         0.002,  0.002, -0.009, -0.001,  0.002, -0.009, -0.001, -0.001,
         0.01 , -0.004, -0.007, -0.01 ,  0.003,  0.003, -0.003, -0.008,
        -0.004,  0.   , -0.01 ],
       [ 0.003,  0.006,  0.   ,  0.007,  0.004, -0.002,  0.006,  0.005,
        -0.008, -0.002,  0.003, -0.004, -0.007,  0.   , -0.001, -0.007,
        -0.004, -0.002, -0.008, -0.003, -0.004, -0.002, -0.005, -0.009,
         0.009,  0.001,  0.003, -0.002,  0.003, -0.01 , -0.009,  0.006,
         0.001,  0.005,  0.003,  0.01 ,  0.005, -0.007, -0.008,  0.003,
         0.009, -0.003,  0.005, -0.004,  0.   ,  0.004,  0.003, -0.005,
        -0.009, -0.003, -0.001, -0.003, -0.007, -0.007,  0.006,  0.01 ,
        -0.007, -0.006, -0.008],
       [-0.003,  0.007,  0.003, -0.004, -0.006, -0.002, -0.008,  0.009,
         0.003, -0.001,  0.004, -0.003, -0.004, -0.006,  0.004,  0.01 ,
        -0.01 , -0.002, -0.009,  0.006,  0.008, -0.009,  0.001, -0.005,
        -0.004, -0.004,  0.005,  0.01 , -0.004,  0.005,  0.005,  0.009,
         0.001,  0.005,  0.008,  0.   ,  0.008, -0.006,  0.01 ,  0.009,
        -0.003,  0.004,  0.002, -0.002,  0.008,  0.001,  0.004, -0.007,
        -0.002, -0.008,  0.004,  0.007,  0.007,  0.002, -0.01 , -0.002,
        -0.003,  0.005, -0.01 ],
       [-0.002,  0.006,  0.   ,  0.   ,  0.002,  0.004, -0.005,  0.009,
        -0.008, -0.008, -0.002,  0.003, -0.01 , -0.006,  0.009, -0.008,
         0.002,  0.001,  0.   , -0.003, -0.009,  0.005,  0.002, -0.007,
         0.005, -0.002, -0.004, -0.005, -0.003,  0.01 , -0.005, -0.006,
        -0.003,  0.005, -0.01 , -0.002, -0.006, -0.007, -0.008,  0.   ,
         0.009,  0.008, -0.001, -0.002, -0.01 , -0.002, -0.008, -0.005,
        -0.005,  0.008,  0.005,  0.004, -0.002,  0.006,  0.007, -0.005,
         0.002, -0.003,  0.009],
       [ 0.007,  0.001,  0.007, -0.008, -0.001, -0.001,  0.007,  0.   ,
         0.002,  0.01 ,  0.009,  0.009,  0.01 , -0.008,  0.001,  0.004,
        -0.005, -0.003, -0.004, -0.003, -0.002, -0.004,  0.001,  0.   ,
         0.01 ,  0.004,  0.002,  0.001, -0.004, -0.007, -0.009, -0.005,
        -0.008,  0.006,  0.008,  0.001, -0.006,  0.002, -0.007,  0.01 ,
         0.   ,  0.006, -0.007,  0.001,  0.001,  0.001,  0.002,  0.004,
        -0.007,  0.001, -0.006,  0.   ,  0.   ,  0.008, -0.007, -0.009,
         0.003, -0.005, -0.008],
       [ 0.01 , -0.007,  0.008,  0.007, -0.001, -0.007,  0.009,  0.004,
         0.007,  0.008, -0.005, -0.009,  0.004, -0.002,  0.004, -0.006,
        -0.004,  0.006, -0.01 ,  0.   , -0.01 ,  0.007,  0.002, -0.004,
         0.002, -0.003,  0.005, -0.009,  0.006,  0.   ,  0.006,  0.009,
         0.001,  0.009, -0.01 ,  0.001,  0.008, -0.008,  0.007, -0.01 ,
        -0.006, -0.01 , -0.001,  0.   ,  0.007, -0.003, -0.008, -0.01 ,
        -0.006, -0.003,  0.002, -0.003, -0.005, -0.006, -0.003, -0.007,
        -0.003,  0.008, -0.004],
       [-0.005,  0.009,  0.001,  0.007, -0.008, -0.003, -0.006,  0.008,
        -0.007, -0.003, -0.004, -0.007, -0.001,  0.001, -0.009,  0.007,
         0.009,  0.003, -0.01 , -0.002,  0.007,  0.001,  0.003, -0.001,
         0.002,  0.001, -0.009,  0.006, -0.003,  0.006, -0.01 ,  0.007,
        -0.003, -0.003,  0.003,  0.004,  0.007,  0.001,  0.008, -0.008,
         0.001,  0.005, -0.007, -0.001,  0.009, -0.006, -0.009, -0.004,
         0.007,  0.005,  0.005,  0.001, -0.001,  0.006,  0.004,  0.01 ,
        -0.009, -0.004, -0.005],
       [-0.008, -0.002,  0.004,  0.003, -0.003, -0.01 ,  0.003,  0.01 ,
         0.007, -0.01 ,  0.01 , -0.008,  0.003,  0.008, -0.009,  0.001,
        -0.006, -0.004,  0.008, -0.008,  0.004,  0.005,  0.005, -0.01 ,
        -0.004, -0.003,  0.002, -0.008, -0.004, -0.01 , -0.003,  0.005,
         0.01 ,  0.006, -0.009,  0.007, -0.001,  0.007,  0.003,  0.007,
         0.007, -0.008,  0.   ,  0.007,  0.005, -0.008, -0.004,  0.002,
         0.005,  0.004,  0.01 ,  0.003,  0.002,  0.005,  0.008,  0.004,
         0.002, -0.003, -0.008]]), 'deltas': array([[0.],
       [0.],
       [0.],
       [0.],
       [0.],
       [0.],
       [0.],
       [0.],
       [0.]]), 'outputs': array([[0.],
       [0.],
       [0.],
       [0.],
       [0.],
       [0.],
       [0.],
       [0.],
       [0.]]), 'errors': array([[0.],
       [0.],
       [0.],
       [0.],
       [0.],
       [0.],
       [0.],
       [0.],
       [0.]])}, {'weights': array([[ 0.009, -0.008, -0.01 , -0.007, -0.005, -0.005,  0.005,  0.006,
         0.001],
       [ 0.003,  0.004, -0.008, -0.001, -0.008,  0.01 ,  0.   , -0.006,
        -0.01 ],
       [-0.007,  0.009,  0.003, -0.009,  0.006, -0.007, -0.007,  0.007,
         0.006],
       [ 0.003,  0.   , -0.004,  0.005,  0.002,  0.009, -0.005,  0.006,
         0.004]]), 'deltas': array([[0.],
       [0.],
       [0.],
       [0.],
       [0.]]), 'outputs': array([[0.],
       [0.],
       [0.],
       [0.],
       [0.]]), 'errors': array([[0.],
       [0.],
       [0.],
       [0.],
       [0.]])}]
Training complete!
Training done. epoch: 219 , total error: 0.0009338579499560589
[{'weights': array([[-2.19078248e-01,  4.08828513e-01, -3.19456740e-02,
        -8.16745354e-02, -3.33364044e-01, -3.07711687e-01,
         3.44230283e-01, -5.97793585e-01,  3.92078193e-01,
        -7.32109502e-01,  2.71857281e-01,  2.53536829e-01,
        -4.57052710e-01,  5.76700005e-01, -3.37362687e-01,
        -2.28380491e-01,  1.76650994e-02, -1.03355657e+00,
         4.03280599e-01,  4.53627869e-01, -3.70672909e-02,
         3.06013413e-01,  1.24008605e-01, -2.65154209e-01,
        -3.58583200e-01, -1.82642988e-01, -4.50724031e-02,
        -2.98930899e-01,  8.72155074e-02,  1.03570216e-01,
        -3.85025266e-01,  6.57396589e-02, -9.19761832e-01,
         7.01046440e-01, -3.38806614e-02, -1.84834730e-01,
        -7.49109502e-01, -1.70628110e-01,  6.21117079e-01,
         8.99051410e-02, -4.20149453e-01, -5.45972116e-01,
         1.50051568e+00, -7.47109502e-01, -2.91620532e-01,
         8.59051410e-02,  1.44052167e-01, -3.56767559e-01,
        -2.54023022e-01,  2.03076307e-02,  5.15394110e-01,
        -7.50109502e-01,  5.15394110e-01, -7.36109502e-01,
        -6.66204361e-01,  4.43488969e-01, -7.90578571e-01,
         5.79863179e-01, -2.15715391e-01],
       [-2.54358488e-01,  4.02854476e-01, -2.01225635e-02,
         9.54764132e-02, -2.71459487e-01, -2.61105609e-01,
         1.68459185e-01, -5.20447684e-01,  3.51191610e-01,
        -7.39049935e-01,  2.66062375e-01,  3.14731486e-01,
        -4.62362312e-01,  6.41307673e-01, -3.28201435e-01,
        -3.28726469e-01,  1.55470395e-01, -9.42390189e-01,
         2.35082903e-01,  3.10086429e-01,  2.34964782e-01,
         3.11205604e-01,  1.46815070e-01, -2.74060426e-01,
        -3.59216323e-01, -2.56879800e-01,  9.86237259e-02,
        -1.62444993e-01,  1.18891868e-03,  7.57888531e-02,
        -1.96441784e-01, -4.46031427e-02, -8.93641193e-01,
         7.17385119e-01, -7.70190203e-02, -8.62370536e-02,
        -7.50049935e-01, -1.72365709e-01,  6.19506761e-01,
         1.32652810e-01, -3.29684278e-01, -6.18985323e-01,
         1.52646346e+00, -7.44049935e-01, -2.80908884e-01,
         1.13652810e-01,  1.71557575e-01, -3.33813649e-01,
        -1.24431941e-01, -2.98241326e-02,  5.75793861e-01,
        -7.53049935e-01,  5.85793861e-01, -7.40049935e-01,
        -6.23397126e-01,  4.52141052e-01, -9.29840265e-01,
         7.65584191e-01, -1.70256074e-01],
       [-2.46864000e-01,  4.09352664e-01, -2.89472860e-02,
         1.21208404e-01, -2.81896819e-01, -2.60424020e-01,
         1.60056730e-01, -4.96950454e-01,  3.42436126e-01,
        -7.45638133e-01,  2.68050094e-01,  3.23073712e-01,
        -4.62861839e-01,  6.36340639e-01, -3.32993127e-01,
        -3.30171133e-01,  1.67656806e-01, -9.32576317e-01,
         2.25648453e-01,  2.87354543e-01,  2.51058993e-01,
         2.95919967e-01,  1.75209631e-01, -2.74646597e-01,
        -3.54997329e-01, -2.54828912e-01,  1.07314585e-01,
        -1.53535631e-01,  3.02130350e-03,  9.97973623e-02,
        -1.83182318e-01, -8.11293723e-02, -8.67384772e-01,
         7.21870444e-01, -9.01785756e-02, -4.83357520e-02,
        -7.38638133e-01, -1.65384622e-01,  6.15234745e-01,
         1.30273682e-01, -3.19495523e-01, -6.14411222e-01,
         1.53703055e+00, -7.47638133e-01, -2.78788010e-01,
         1.31273682e-01,  1.72378985e-01, -3.25893313e-01,
        -1.46553323e-01, -1.69610042e-02,  5.91123806e-01,
        -7.46638133e-01,  5.85123806e-01, -7.50638133e-01,
        -6.10364451e-01,  4.74850124e-01, -9.36019915e-01,
         7.71505587e-01, -1.59514328e-01],
       [-2.48221347e-01,  4.08002744e-01, -3.38250205e-02,
         1.11126714e-01, -2.82767239e-01, -2.49082086e-01,
         1.38535346e-01, -4.77118976e-01,  3.45888087e-01,
        -7.50350532e-01,  2.66606639e-01,  3.40513004e-01,
        -4.75154035e-01,  6.56254624e-01, -3.30331477e-01,
        -3.08680345e-01,  1.65449457e-01, -9.27637807e-01,
         2.23165186e-01,  2.95375899e-01,  2.68865834e-01,
         2.97365917e-01,  1.86783809e-01, -2.75370622e-01,
        -3.69009993e-01, -2.45045681e-01,  1.02814793e-01,
        -1.35093867e-01, -2.13702172e-03,  1.25947200e-01,
        -1.65384893e-01, -8.47931951e-02, -8.71342799e-01,
         7.34111910e-01, -9.63851194e-02, -3.88457693e-02,
        -7.41350532e-01, -1.73188097e-01,  6.28104759e-01,
         1.64202981e-01, -3.19002437e-01, -6.01108384e-01,
         1.52923046e+00, -7.51350532e-01, -2.90433870e-01,
         1.56202981e-01,  1.60874621e-01, -3.07105510e-01,
        -1.19169878e-01, -3.40610105e-02,  6.10119644e-01,
        -7.42350532e-01,  6.13119644e-01, -7.47350532e-01,
        -6.04147551e-01,  4.48916662e-01, -9.30181626e-01,
         7.88950737e-01, -1.53230889e-01],
       [-2.72916135e-01,  4.03142226e-01, -1.03483665e-01,
        -1.27314751e-02, -3.39672037e-01, -6.08186868e-02,
         1.67563377e-01, -4.59022352e-01,  2.36105956e-01,
        -8.30801569e-01,  2.60489020e-01,  3.39396153e-01,
        -4.83736543e-01,  6.15589143e-01, -3.62768996e-01,
        -2.28923772e-01, -9.92623822e-04, -1.18161657e+00,
         2.58760696e-01,  4.81906728e-01,  2.06032750e-01,
         5.17538216e-01, -2.04937673e-02, -3.08973556e-01,
        -4.06987289e-01, -3.58075854e-01,  1.28159458e-01,
        -4.73837784e-01,  2.41921387e-01, -1.69791720e-01,
        -5.87094277e-01,  5.31969601e-01, -9.06964234e-01,
         6.85047838e-01, -6.99191480e-02, -1.65997248e-01,
        -8.28801569e-01, -2.10524213e-01,  5.94194514e-01,
         2.00214872e-01, -2.25131444e-01, -6.35962860e-01,
         1.47597948e+00, -8.24801569e-01, -4.34131268e-01,
         1.98214872e-01,  5.04216910e-02, -2.87338087e-01,
        -2.95770673e-01,  7.48542771e-02,  6.03885173e-01,
        -8.18801569e-01,  5.96885173e-01, -8.16801569e-01,
        -6.15586698e-01,  3.93670301e-01, -6.68644434e-01,
         4.43728037e-01, -2.14916396e-01],
       [-3.74066462e-02,  4.20394362e-01, -7.05318975e-02,
        -9.35896657e-02, -5.28675066e-01, -5.15791333e-01,
         5.07950110e-01, -8.52433299e-01,  5.24783162e-01,
        -7.17364977e-01,  2.69102372e-01,  1.46612469e-01,
        -2.31392986e-01,  2.41743710e-01, -3.37000860e-01,
        -2.69975979e-01, -6.06741569e-02, -8.34109443e-01,
         3.40071599e-01,  3.07276985e-01, -1.54889277e-01,
         1.71138910e-01,  1.06278377e-01, -2.69387651e-01,
        -3.30679772e-01, -3.46942339e-01,  2.32922024e-02,
        -2.48045365e-01, -8.46047714e-02, -9.67518217e-02,
        -2.60124555e-01,  6.22624066e-03, -7.38625992e-01,
         4.06975855e-01,  9.79164077e-02, -4.18566544e-01,
        -7.33364977e-01,  3.28827136e-02,  6.25018849e-01,
        -2.55186722e-01, -5.58075396e-01, -5.20376548e-01,
         1.47516679e+00, -7.26364977e-01, -6.34634147e-02,
        -2.64186722e-01,  1.34530184e-01, -4.58180320e-01,
        -3.79437763e-01,  4.37876264e-02,  3.91714841e-01,
        -7.27364977e-01,  3.97714841e-01, -7.19364977e-01,
        -9.99551699e-01,  6.53901563e-01, -1.04135957e+00,
         7.09709431e-01, -3.37650136e-01],
       [-1.70595542e-01,  3.86619638e-01, -9.34993593e-02,
         2.42909236e-01, -3.25270061e-01, -2.29615802e-01,
         1.66011875e-01, -3.65578570e-01,  3.34138554e-01,
        -8.11827055e-01,  2.54873912e-01,  5.08513127e-01,
        -4.71291783e-01,  7.77454932e-01, -3.42603165e-01,
        -2.14538465e-01,  1.62098448e-01, -9.79357496e-01,
         2.04680827e-01,  4.21411353e-01,  2.96825299e-01,
         3.94343881e-01,  2.81428794e-01, -2.88612180e-01,
        -4.22600512e-01, -4.09352227e-03, -3.63464942e-02,
        -1.46056718e-01,  1.00616702e-01,  1.38656770e-01,
         1.60830102e-01, -3.26926889e-01, -8.00912373e-01,
         7.68472357e-01, -1.48286850e-01,  9.68468338e-02,
        -8.11827055e-01, -1.77726537e-01,  6.07249195e-01,
         3.36864381e-01, -2.52407407e-01, -4.88765105e-01,
         1.50155955e+00, -8.19827055e-01, -3.82304397e-01,
         3.43864381e-01,  6.71389196e-02, -1.27578936e-01,
        -2.13528016e-02, -3.00872149e-02,  7.79387039e-01,
        -8.22827055e-01,  7.72387039e-01, -8.25827055e-01,
        -4.75962675e-01,  4.23522658e-01, -8.14496604e-01,
         7.77056588e-01, -4.64400165e-02],
       [-5.45294303e-02,  3.88703511e-01,  4.85235777e-02,
         1.43440181e-01, -3.13639480e-01, -2.75046653e-01,
         1.44406404e-01, -4.93857722e-01,  5.81715832e-01,
        -8.46696904e-01,  2.39913123e-01,  6.79641891e-01,
        -4.60237363e-02,  4.93563104e-01, -3.69681257e-01,
        -8.64794507e-02,  1.89337561e-01, -1.00373065e+00,
         3.53223485e-01,  6.14302660e-01,  1.21062614e-01,
         2.52453264e-01,  5.74059581e-01, -2.97412135e-01,
        -4.37242600e-01, -8.76472630e-02,  1.66505373e-01,
        -1.67635133e-01,  2.57493243e-01,  9.37285908e-02,
        -7.75175759e-02,  7.36470953e-02, -4.62557812e-01,
         5.43415922e-01, -5.81910475e-03,  9.96772149e-02,
        -8.36696904e-01,  2.29528460e-01,  5.91958638e-01,
         1.10067917e-01, -3.49084309e-01, -1.30646532e-01,
         1.40928585e+00, -8.44696904e-01, -2.22098064e-02,
         1.12067917e-01, -1.38881881e-02,  8.77462982e-02,
        -2.14538377e-01,  3.13396487e-01,  9.35555014e-01,
        -8.42696904e-01,  9.29555014e-01, -8.37696904e-01,
        -7.21628987e-01,  8.22487098e-01, -4.59229817e-01,
         5.33087927e-01,  8.18581101e-02],
       [-8.00000000e-03, -2.00000000e-03,  4.00000000e-03,
         3.00000000e-03, -3.00000000e-03, -1.00000000e-02,
         3.00000000e-03,  1.00000000e-02,  7.00000000e-03,
        -1.00000000e-02,  1.00000000e-02, -8.00000000e-03,
         3.00000000e-03,  8.00000000e-03, -9.00000000e-03,
         1.00000000e-03, -6.00000000e-03, -4.00000000e-03,
         8.00000000e-03, -8.00000000e-03,  4.00000000e-03,
         5.00000000e-03,  5.00000000e-03, -1.00000000e-02,
        -4.00000000e-03, -3.00000000e-03,  2.00000000e-03,
        -8.00000000e-03, -4.00000000e-03, -1.00000000e-02,
        -3.00000000e-03,  5.00000000e-03,  1.00000000e-02,
         6.00000000e-03, -9.00000000e-03,  7.00000000e-03,
        -1.00000000e-03,  7.00000000e-03,  3.00000000e-03,
         7.00000000e-03,  7.00000000e-03, -8.00000000e-03,
         0.00000000e+00,  7.00000000e-03,  5.00000000e-03,
        -8.00000000e-03, -4.00000000e-03,  2.00000000e-03,
         5.00000000e-03,  4.00000000e-03,  1.00000000e-02,
         3.00000000e-03,  2.00000000e-03,  5.00000000e-03,
         8.00000000e-03,  4.00000000e-03,  2.00000000e-03,
        -3.00000000e-03, -8.00000000e-03]]), 'deltas': array([[7.35910825e-05],
       [3.38262442e-05],
       [3.22304549e-05],
       [2.85389997e-05],
       [8.87524221e-05],
       [1.14213665e-04],
       [1.85856039e-05],
       [1.47624661e-06],
       [0.00000000e+00]]), 'outputs': array([[0.98774291],
       [0.99440375],
       [0.99466918],
       [0.99528265],
       [0.98517922],
       [0.98084312],
       [0.99693298],
       [0.99975708],
       [1.        ]]), 'errors': 0.006078463568205628}, {'weights': array([[-2.15013927, -1.96116771, -2.17066671, -2.19498893,  6.97154773,
        -1.30810611, -2.7883783 , -3.4950946 , -2.8724956 ],
       [-2.56876587, -2.32552718, -2.32250853, -2.28156573, -6.06651923,
        -3.0753305 , -2.37667616, -3.13782232,  2.72698493],
       [ 0.26207178, -3.34632382, -2.972799  , -3.38401446, -0.17873835,
         3.72610572, -2.03842094,  6.12709606, -2.27584692],
       [ 1.4366509 ,  1.96065477,  1.93925984,  1.87478216,  0.21948954,
         1.35023579,  0.97960091,  0.13584286, -6.63173873]]), 'deltas': array([[-3.93622601e-11],
       [-3.82934826e-19],
       [-2.63309993e-04],
       [ 1.53602457e-03]]), 'outputs': array([[6.27395466e-06],
       [6.18817280e-10],
       [1.63612263e-02],
       [9.59999673e-01]]), 'errors': array([[-6.27395466e-06],
       [-6.18817280e-10],
       [-1.63612263e-02],
       [ 4.00003267e-02]])}]
Accuracy: 77.77777777777779 %

train_data group 4 length:  37
   0   1   2   3   4   5   6   7   8  ...  50  51  52  53  54  55  56  57  58
0   0   0   0   0   0   0   1   1   0 ...   1   0   1   0   1   0   1   0   0
1   0   0   0   0   0   0   1   1   0 ...   1   0   1   0   1   0   1   0   0
2   0   0   0   1   0   0   0   1   0 ...   0   1   0   1   1   0   1   0   1
3   0   0   0   0   0   0   1   1   0 ...   0   1   0   1   1   0   1   0   1
4   0   0   0   0   1   0   0   1   0 ...   1   0   1   0   0   1   1   0   2

[5 rows x 59 columns]
Initial Neural Network:
[{'weights': array([[ 0.001, -0.007, -0.001,  0.009, -0.007,  0.006, -0.001, -0.004,
         0.007, -0.002, -0.009, -0.008,  0.006, -0.005,  0.009, -0.005,
         0.003,  0.01 , -0.007, -0.008, -0.006,  0.002,  0.003,  0.004,
         0.001, -0.007,  0.005,  0.004, -0.007, -0.003,  0.006, -0.002,
         0.003,  0.008,  0.003, -0.007, -0.003, -0.007,  0.001, -0.002,
        -0.008,  0.   ,  0.   ,  0.008, -0.005,  0.004, -0.008, -0.001,
        -0.004, -0.003, -0.006,  0.005,  0.003,  0.001,  0.005, -0.007,
         0.009,  0.002, -0.009],
       [-0.005, -0.006, -0.002,  0.005, -0.008,  0.004,  0.006, -0.004,
        -0.002, -0.004, -0.006,  0.009,  0.007, -0.006,  0.004, -0.007,
        -0.006, -0.002,  0.005,  0.007, -0.003, -0.006, -0.004, -0.004,
         0.002,  0.003, -0.001,  0.009,  0.005,  0.01 , -0.003, -0.001,
         0.008,  0.002, -0.007,  0.003, -0.01 ,  0.   ,  0.   , -0.01 ,
         0.01 ,  0.008, -0.01 , -0.001,  0.009, -0.009,  0.008, -0.002,
         0.01 ,  0.003,  0.009,  0.008, -0.001, -0.006,  0.003, -0.009,
         0.002,  0.007, -0.003],
       [-0.005,  0.007,  0.007, -0.01 ,  0.007, -0.001, -0.009,  0.003,
        -0.006,  0.007,  0.002,  0.009, -0.009, -0.006,  0.007,  0.001,
        -0.004,  0.008, -0.005, -0.003, -0.002,  0.005, -0.009, -0.008,
        -0.006,  0.009, -0.005, -0.01 , -0.01 , -0.01 ,  0.001, -0.004,
         0.   , -0.004,  0.004, -0.007, -0.008, -0.001, -0.008, -0.007,
         0.004, -0.001, -0.009,  0.003,  0.006, -0.009,  0.008,  0.006,
        -0.009,  0.004, -0.008,  0.003, -0.004,  0.008,  0.003, -0.01 ,
         0.006, -0.003, -0.008],
       [ 0.004,  0.008,  0.004,  0.   ,  0.005, -0.008,  0.009,  0.007,
         0.004,  0.006, -0.002,  0.005,  0.01 ,  0.01 , -0.001, -0.008,
        -0.004,  0.005,  0.003,  0.003, -0.001,  0.   , -0.001, -0.009,
        -0.009,  0.   , -0.002,  0.002, -0.01 , -0.01 ,  0.002,  0.008,
        -0.01 , -0.01 , -0.009,  0.01 ,  0.005,  0.005,  0.008,  0.008,
         0.003,  0.003,  0.008, -0.004, -0.003,  0.004,  0.001, -0.007,
         0.004,  0.009,  0.009, -0.002,  0.004, -0.008, -0.002, -0.01 ,
        -0.004,  0.004,  0.003],
       [ 0.009, -0.002,  0.003,  0.005, -0.008,  0.007,  0.01 , -0.01 ,
        -0.001,  0.009,  0.002, -0.007, -0.005, -0.008, -0.005,  0.   ,
         0.003,  0.001, -0.007, -0.003, -0.007,  0.01 ,  0.004,  0.009,
         0.01 ,  0.007,  0.   , -0.002,  0.006, -0.001,  0.01 ,  0.006,
         0.006,  0.007, -0.001, -0.008, -0.003, -0.002,  0.001,  0.01 ,
         0.01 ,  0.   ,  0.007, -0.004,  0.   , -0.009,  0.005,  0.006,
        -0.005, -0.002, -0.003, -0.002, -0.003,  0.004,  0.   , -0.004,
        -0.01 ,  0.008,  0.009],
       [-0.007, -0.01 ,  0.006,  0.005, -0.003, -0.006, -0.002,  0.003,
         0.005, -0.002,  0.01 , -0.009, -0.004, -0.002, -0.006,  0.005,
         0.007, -0.004, -0.007, -0.008,  0.006, -0.009, -0.002,  0.002,
         0.008,  0.004, -0.009, -0.002, -0.01 ,  0.005, -0.009,  0.004,
         0.009,  0.004,  0.   , -0.002, -0.006, -0.003, -0.002,  0.005,
         0.007,  0.007,  0.008,  0.006,  0.002, -0.007,  0.002,  0.01 ,
         0.003,  0.004, -0.007, -0.005, -0.01 ,  0.009,  0.007, -0.006,
        -0.001, -0.008,  0.001],
       [ 0.003,  0.   , -0.007,  0.005,  0.009,  0.002, -0.009, -0.004,
         0.007, -0.009, -0.01 , -0.004,  0.001,  0.002,  0.003,  0.002,
         0.006,  0.01 , -0.005,  0.005, -0.004, -0.004,  0.002,  0.01 ,
        -0.004, -0.001, -0.003,  0.005, -0.009,  0.005,  0.001,  0.004,
         0.007,  0.007,  0.005,  0.002,  0.005, -0.008, -0.007, -0.003,
         0.008,  0.01 , -0.003, -0.005,  0.008, -0.002, -0.002,  0.004,
         0.003,  0.007,  0.009,  0.006, -0.005, -0.006,  0.01 ,  0.001,
         0.003, -0.004, -0.01 ],
       [-0.008,  0.007,  0.007, -0.001, -0.001,  0.005,  0.005,  0.007,
         0.003, -0.004,  0.008, -0.004, -0.01 , -0.006, -0.005, -0.007,
         0.001,  0.001,  0.009,  0.008, -0.008,  0.009,  0.006,  0.009,
         0.005, -0.006,  0.01 ,  0.002,  0.007, -0.005, -0.01 , -0.007,
        -0.008,  0.003,  0.005, -0.007,  0.003, -0.001,  0.001,  0.007,
         0.007, -0.01 ,  0.009, -0.007,  0.01 ,  0.002,  0.01 ,  0.007,
         0.   , -0.008, -0.005, -0.009, -0.008, -0.003,  0.007, -0.007,
         0.003,  0.007,  0.003],
       [ 0.002,  0.009,  0.004, -0.01 ,  0.003, -0.007,  0.002, -0.002,
         0.002,  0.008, -0.01 , -0.003, -0.01 , -0.008,  0.003, -0.004,
         0.01 ,  0.003, -0.001, -0.005, -0.001,  0.002,  0.01 , -0.008,
         0.002, -0.007,  0.008,  0.007,  0.001,  0.007, -0.004,  0.005,
         0.002,  0.01 ,  0.005,  0.008,  0.001,  0.004, -0.01 ,  0.009,
         0.002, -0.01 ,  0.006,  0.009,  0.01 , -0.007,  0.01 ,  0.004,
        -0.003, -0.006, -0.004,  0.007, -0.003,  0.001, -0.004,  0.007,
        -0.006, -0.009,  0.004]]), 'deltas': array([[0.],
       [0.],
       [0.],
       [0.],
       [0.],
       [0.],
       [0.],
       [0.],
       [0.]]), 'outputs': array([[0.],
       [0.],
       [0.],
       [0.],
       [0.],
       [0.],
       [0.],
       [0.],
       [0.]]), 'errors': array([[0.],
       [0.],
       [0.],
       [0.],
       [0.],
       [0.],
       [0.],
       [0.],
       [0.]])}, {'weights': array([[ 0.009,  0.006, -0.008, -0.002, -0.009,  0.004, -0.001,  0.008,
        -0.008],
       [ 0.007, -0.008, -0.009, -0.004,  0.008,  0.005,  0.002, -0.002,
        -0.006],
       [ 0.006,  0.   ,  0.001, -0.002,  0.004,  0.009,  0.007,  0.005,
        -0.002],
       [ 0.01 ,  0.   , -0.003,  0.003, -0.004,  0.004,  0.01 ,  0.008,
        -0.004]]), 'deltas': array([[0.],
       [0.],
       [0.],
       [0.],
       [0.]]), 'outputs': array([[0.],
       [0.],
       [0.],
       [0.],
       [0.]]), 'errors': array([[0.],
       [0.],
       [0.],
       [0.],
       [0.]])}]
Training complete!
Training done. epoch: 206 , total error: 0.000584304576476041
[{'weights': array([[ 8.91247189e-03,  3.99234537e-01, -2.68610929e-01,
         1.09639751e-01, -1.56361441e-01, -5.00307645e-02,
        -1.39712319e-01, -4.58919331e-01,  3.64990639e-01,
        -1.21904660e-01,  2.04325471e-01, -1.98349504e-01,
        -1.20455407e-01,  1.43510081e-01, -1.09983366e-01,
        -2.25290474e-01,  1.26361781e-01, -3.73043832e-02,
        -7.19356402e-02,  1.40266320e-02, -1.27153008e-02,
        -6.64639505e-01,  5.47992418e-01, -4.30470335e-02,
         7.27654288e-02, -1.38146858e-01,  3.92181663e-02,
         2.93683959e-02, -1.29297088e-01,  3.32375081e-02,
        -1.32522862e-01,  3.35666159e-03, -3.32886161e-01,
         2.46957469e-01, -9.82414718e-02, -2.68722039e-03,
        -1.22904660e-01,  1.72454689e-01,  6.44048780e-01,
        -8.01527501e-01, -2.89688594e-01, -1.01156341e+00,
         1.31622797e+00, -1.11904660e-01,  6.97598809e-01,
        -7.95527501e-01,  5.70888303e-01, -6.76816995e-01,
         3.55726298e-02, -1.39501322e-01,  1.69759674e-02,
        -1.14904660e-01,  2.59759674e-02, -1.18904660e-01,
        -9.14432161e-01,  8.15503469e-01, -1.40415666e+00,
         1.31822797e+00, -1.05928692e-01],
       [-4.13830767e-02,  3.91453187e-01, -3.40787356e-01,
         3.52463328e-01, -2.21678878e-01, -9.56286848e-02,
        -1.46385971e-01, -3.31668034e-01,  2.29720583e-01,
        -1.90980990e-01,  2.12289211e-01, -1.18255672e-01,
        -3.11711825e-02,  9.12007318e-02, -1.50977000e-01,
        -4.39581291e-01,  3.30633839e-01, -5.39271692e-02,
        -1.60086603e-02, -1.92632809e-02,  2.51659197e-04,
        -6.71116846e-01,  6.08632666e-01, -7.03307166e-02,
         2.48674454e-02, -1.93107814e-01,  9.91603626e-02,
         1.32402926e-01, -2.14350377e-01,  4.93838991e-02,
        -3.68526684e-03, -1.35646083e-01, -2.24223117e-01,
         1.38275666e-01, -3.04879669e-01,  2.04932218e-01,
        -1.96980990e-01,  2.54657914e-01,  6.45210833e-01,
        -8.18835209e-01, -2.71407790e-01, -9.26707689e-01,
         1.29714902e+00, -1.87980990e-01,  7.21887757e-01,
        -8.17835209e-01,  5.30223094e-01, -6.20170545e-01,
        -3.25531452e-02, -5.03943059e-02,  1.00033539e-01,
        -1.78980990e-01,  9.00335387e-02, -1.92980990e-01,
        -9.92816198e-01,  8.90868747e-01, -1.40109647e+00,
         1.31414902e+00, -9.89474511e-02],
       [-1.15048201e-01,  4.31920932e-01, -1.26587823e-01,
        -2.55320689e-01, -2.41302891e-03,  7.35479462e-02,
        -2.63831569e-02, -4.03198798e-01,  3.83914777e-01,
         1.21322520e-01,  1.95889708e-01, -3.15496249e-01,
        -2.49028204e-01,  1.38480245e-01,  8.62639378e-02,
         2.14053430e-01, -2.33337451e-01,  4.86463091e-02,
        -4.09857722e-01,  3.06981373e-01,  3.59460186e-02,
        -7.19613767e-01,  4.50205876e-01,  4.97492327e-02,
         1.85374637e-01,  1.68062351e-01, -1.80346372e-01,
         1.03257643e-01, -1.39541664e-01,  2.02642819e-02,
        -3.00240240e-01,  2.50691936e-01, -4.35012017e-01,
         4.14727996e-01,  2.54635920e-01, -2.73919941e-01,
         1.06322520e-01,  1.05124778e-01,  6.20673663e-01,
        -8.72404982e-01, -2.92152706e-01, -1.16192711e+00,
         1.31747327e+00,  1.17322520e-01,  8.55120961e-01,
        -8.74404982e-01,  7.73351242e-01, -7.75635263e-01,
         1.10705676e-01, -1.31989697e-01, -1.38606541e-01,
         1.17322520e-01, -1.34606541e-01,  1.22322520e-01,
        -7.48082462e-01,  7.24798441e-01, -1.33675729e+00,
         1.32347327e+00, -2.42840213e-02],
       [-7.07086931e-02,  3.93515137e-01, -3.23847366e-01,
         4.55371980e-01, -2.37490006e-01, -1.32871873e-01,
        -1.63484298e-01, -2.85065333e-01,  1.94550214e-01,
        -2.21509147e-01,  2.14755967e-01, -8.57619391e-02,
         5.77273628e-02,  3.97312588e-02, -1.79973741e-01,
        -5.42613733e-01,  4.29098614e-01, -2.31721933e-02,
         5.02357102e-02, -2.71210951e-02, -9.14575409e-02,
        -6.73554246e-01,  6.58035965e-01, -9.66839872e-02,
        -8.31285036e-03, -2.20333506e-01,  1.16818387e-01,
         1.93481538e-01, -3.02996657e-01,  2.98608664e-02,
         4.20869726e-02, -1.73462958e-01, -1.62337730e-01,
         4.08226114e-02, -4.01136090e-01,  3.00620971e-01,
        -2.22509147e-01,  3.26112848e-01,  6.42297967e-01,
        -8.21416787e-01, -2.81898454e-01, -8.59263789e-01,
         1.28115627e+00, -2.31509147e-01,  7.24901668e-01,
        -8.25416787e-01,  4.80554786e-01, -5.88069905e-01,
        -4.37857633e-02, -4.47293557e-02,  1.34994028e-01,
        -2.29509147e-01,  1.29994028e-01, -2.35509147e-01,
        -1.05892593e+00,  9.45410815e-01, -1.37867139e+00,
         1.27715627e+00, -9.85151190e-02],
       [ 4.61575221e-03,  4.05797630e-01, -2.35537895e-01,
         2.98159941e-02, -1.17614069e-01, -3.33338497e-02,
        -1.21603524e-01, -4.77576567e-01,  3.74716605e-01,
        -7.39796128e-02,  2.09969323e-01, -2.23849671e-01,
        -1.57843883e-01,  1.55409639e-01, -1.07425718e-01,
        -1.37288684e-01,  4.84287225e-02, -4.00187283e-02,
        -1.05663130e-01,  6.06366464e-02, -2.28147502e-02,
        -6.61442696e-01,  5.25407159e-01, -3.27865701e-02,
         1.09962145e-01, -8.63077563e-02,  1.44779472e-03,
         1.17313978e-02, -9.95913594e-02,  2.55356296e-02,
        -1.71413515e-01,  6.90179235e-02, -3.58306006e-01,
         2.79446044e-01, -2.98142517e-02, -7.10457099e-02,
        -8.59796128e-02,  1.54232649e-01,  6.38823313e-01,
        -7.92936310e-01, -2.74083805e-01, -1.03617089e+00,
         1.31837434e+00, -8.69796128e-02,  7.11076349e-01,
        -8.11936310e-01,  6.10048288e-01, -6.90908249e-01,
         4.72653564e-02, -1.46125318e-01, -1.18803488e-02,
        -8.49796128e-02, -1.18803488e-02, -7.89796128e-02,
        -8.85915923e-01,  7.90055961e-01, -1.41323430e+00,
         1.31937434e+00, -8.28599616e-02],
       [-4.60820548e-02,  4.04152139e-01, -2.14192027e-01,
        -9.01313766e-02, -3.77473256e-02,  1.20331535e-02,
        -1.08530385e-01, -4.25933840e-01,  3.70435963e-01,
        -8.36208866e-04,  2.12269561e-01, -2.75931230e-01,
        -2.02859332e-01,  1.89566487e-01, -6.22050325e-02,
         3.90688370e-02, -9.05667144e-02, -5.43191746e-02,
        -2.25854454e-01,  1.54515028e-01,  4.91607227e-02,
        -6.95645247e-01,  4.80176367e-01, -3.09141099e-02,
         1.81885112e-01, -1.02646417e-02, -5.82332358e-02,
         1.06985520e-03, -7.65677326e-02,  1.33818381e-02,
        -2.02199109e-01,  1.25319393e-01, -3.99887209e-01,
         3.49389332e-01,  1.05414603e-01, -1.70912480e-01,
        -4.83620887e-03,  1.17969648e-01,  6.34139326e-01,
        -8.16770642e-01, -2.80477919e-01, -1.08690976e+00,
         1.32472601e+00,  7.16379113e-03,  7.60272765e-01,
        -8.28770642e-01,  6.80039792e-01, -7.31537670e-01,
         9.49129696e-02, -1.51410847e-01, -7.16616685e-02,
        -3.83620887e-03, -7.46616685e-02,  1.01637911e-02,
        -8.13606851e-01,  7.51108974e-01, -1.38122389e+00,
         1.30872601e+00, -6.24978774e-02],
       [-1.75780857e-02,  4.03295363e-01, -2.92957255e-01,
         1.70194359e-01, -1.53980008e-01, -5.90397721e-02,
        -1.43269974e-01, -4.09448628e-01,  3.16113254e-01,
        -1.38997438e-01,  2.03489122e-01, -1.83827058e-01,
        -1.04735656e-01,  1.34129454e-01, -1.19729172e-01,
        -2.54545331e-01,  1.66209958e-01, -4.24519526e-02,
        -7.62411843e-02,  3.43499598e-02, -5.99219604e-03,
        -6.75846183e-01,  5.63551160e-01, -4.13858004e-02,
         6.13454504e-02, -1.25495198e-01,  2.51598244e-02,
         6.06135070e-02, -1.60948880e-01,  3.41532269e-02,
        -1.06316610e-01, -1.41719902e-02, -2.96686797e-01,
         2.14351424e-01, -1.41164849e-01,  5.18294760e-02,
        -1.24997438e-01,  1.86863147e-01,  6.40428775e-01,
        -8.11629858e-01, -2.74368932e-01, -9.91313365e-01,
         1.31434436e+00, -1.34997438e-01,  7.20294485e-01,
        -8.10629858e-01,  5.66878350e-01, -6.61213724e-01,
         3.10879338e-03, -8.94441666e-02,  4.26620645e-02,
        -1.23997438e-01,  2.86620645e-02, -1.35997438e-01,
        -9.28627296e-01,  8.43291922e-01, -1.41067973e+00,
         1.31334436e+00, -1.06335373e-01],
       [-1.81605475e-02,  4.17463802e-01, -2.01920673e-01,
        -9.23733448e-02, -5.02550186e-02, -1.58540241e-03,
        -1.15433307e-01, -4.69559120e-01,  4.03294629e-01,
        -2.54181811e-02,  2.11390583e-01, -2.62236893e-01,
        -1.99657146e-01,  1.81998639e-01, -7.96059833e-02,
        -1.66011237e-02, -6.56633670e-02, -4.15857294e-02,
        -1.58277947e-01,  1.31449226e-01,  2.14995917e-03,
        -6.72778678e-01,  4.93468360e-01, -2.94672948e-02,
         1.61513123e-01, -5.10703307e-02, -2.11941601e-02,
        -9.42144052e-03, -5.78430502e-02,  1.12897971e-02,
        -2.20290108e-01,  1.10735820e-01, -4.15851170e-01,
         3.34586679e-01,  8.94710049e-02, -1.67735496e-01,
        -1.84181811e-02,  1.26946377e-01,  6.30562731e-01,
        -8.05355418e-01, -2.83013865e-01, -1.08053281e+00,
         1.31470036e+00, -2.84181811e-02,  7.46090927e-01,
        -8.10355418e-01,  6.66531141e-01, -7.25795632e-01,
         9.50103883e-02, -1.79274879e-01, -5.98463096e-02,
        -3.04181811e-02, -6.28463096e-02, -2.44181811e-02,
        -8.26773599e-01,  7.50509108e-01, -1.37896485e+00,
         1.31270036e+00, -7.32644907e-02],
       [ 2.00000000e-03,  9.00000000e-03,  4.00000000e-03,
        -1.00000000e-02,  3.00000000e-03, -7.00000000e-03,
         2.00000000e-03, -2.00000000e-03,  2.00000000e-03,
         8.00000000e-03, -1.00000000e-02, -3.00000000e-03,
        -1.00000000e-02, -8.00000000e-03,  3.00000000e-03,
        -4.00000000e-03,  1.00000000e-02,  3.00000000e-03,
        -1.00000000e-03, -5.00000000e-03, -1.00000000e-03,
         2.00000000e-03,  1.00000000e-02, -8.00000000e-03,
         2.00000000e-03, -7.00000000e-03,  8.00000000e-03,
         7.00000000e-03,  1.00000000e-03,  7.00000000e-03,
        -4.00000000e-03,  5.00000000e-03,  2.00000000e-03,
         1.00000000e-02,  5.00000000e-03,  8.00000000e-03,
         1.00000000e-03,  4.00000000e-03, -1.00000000e-02,
         9.00000000e-03,  2.00000000e-03, -1.00000000e-02,
         6.00000000e-03,  9.00000000e-03,  1.00000000e-02,
        -7.00000000e-03,  1.00000000e-02,  4.00000000e-03,
        -3.00000000e-03, -6.00000000e-03, -4.00000000e-03,
         7.00000000e-03, -3.00000000e-03,  1.00000000e-03,
        -4.00000000e-03,  7.00000000e-03, -6.00000000e-03,
        -9.00000000e-03,  4.00000000e-03]]), 'deltas': array([[-1.10747096e-04],
       [-3.97297280e-05],
       [-3.21582846e-04],
       [-1.97796955e-05],
       [-1.84900709e-04],
       [-3.99789253e-04],
       [-9.72589014e-05],
       [-3.50581993e-04],
       [-0.00000000e+00]]), 'outputs': array([[0.07100964],
       [0.02425352],
       [0.74175808],
       [0.0119241 ],
       [0.12601788],
       [0.39108358],
       [0.06174543],
       [0.29708763],
       [1.        ]]), 'errors': -0.0016788188887761867}, {'weights': array([[-3.27324789, -3.51661128, -4.67082156, -3.97386831, -3.32924624,
        -3.55583408, -3.46129714, -3.33459545,  2.14123147],
       [-1.71949054, -2.56975465,  8.99219808, -3.6368063 , -1.22017755,
         0.72206535, -1.60180071, -0.31122688, -2.00347031],
       [-1.3611725 ,  1.64917103, -3.22464081,  7.74288321, -1.70664617,
        -2.08433909, -0.25934452, -2.39200863, -0.62452859],
       [ 1.29691458,  1.21771404,  0.8577556 ,  1.1667989 ,  1.29650413,
         1.1931914 ,  1.22925856,  1.30479765, -5.36672989]]), 'deltas': array([[-8.00350692e-05],
       [ 1.52357280e-04],
       [-7.47551344e-05],
       [-8.33025392e-04]]), 'outputs': array([[0.0089867 ],
       [0.98757931],
       [0.00868389],
       [0.02929445]]), 'errors': array([[-0.0089867 ],
       [ 0.01242069],
       [-0.00868389],
       [-0.02929445]])}]
Accuracy: 90.0 %

Feedforward Neural Network AVG Accuracy (%): 84.66666666666667 %
