Namespace(error_threshold=0.001, max_epochs=1000, num_layers=2, num_nodes_per_hidden_layer=5, training_rate=0.5)

train_data group 0 length:  38
   0   1   2   3   4   5   6   7   8  ...  50  51  52  53  54  55  56  57  58
0   0   0   0   0   1   0   0   1   0 ...   1   0   1   0   1   0   1   0   0
1   0   0   0   0   0   0   1   1   0 ...   1   0   1   0   1   0   1   0   0
2   0   0   0   0   0   1   0   1   0 ...   0   1   0   1   1   0   1   0   1
3   0   0   0   0   1   0   0   1   0 ...   0   1   0   1   1   0   1   0   1
4   1   0   0   0   0   0   0   0   1 ...   1   0   1   0   0   1   1   0   2

[5 rows x 59 columns]
Initial Neural Network:
[{'weights': array([[ 0.001,  0.008, -0.005, -0.008,  0.01 , -0.001, -0.006,  0.009,
         0.007, -0.006,  0.005, -0.003,  0.01 ,  0.005,  0.002,  0.004,
        -0.009,  0.01 , -0.001,  0.005,  0.003, -0.001, -0.007, -0.009,
        -0.007,  0.   ,  0.006,  0.004, -0.003, -0.002, -0.004,  0.009,
         0.002, -0.009,  0.   , -0.01 , -0.005, -0.005, -0.008, -0.009,
         0.005, -0.006, -0.006,  0.004,  0.002,  0.003, -0.009, -0.006,
         0.003,  0.001, -0.006,  0.002,  0.008,  0.005,  0.   ,  0.007,
         0.007,  0.008, -0.001],
       [-0.006, -0.003,  0.01 , -0.003,  0.002,  0.001,  0.009,  0.009,
         0.001, -0.009,  0.001,  0.006,  0.001, -0.001, -0.004,  0.004,
         0.008,  0.004, -0.002,  0.003, -0.008, -0.005,  0.009, -0.008,
         0.004, -0.004, -0.005,  0.002,  0.001, -0.008,  0.005,  0.009,
        -0.009,  0.008,  0.009, -0.002,  0.005,  0.003,  0.01 ,  0.002,
         0.008, -0.007,  0.009, -0.01 ,  0.   , -0.002, -0.009,  0.   ,
        -0.001,  0.008,  0.007,  0.001,  0.003, -0.001, -0.002,  0.006,
         0.009, -0.009, -0.004],
       [-0.006, -0.008, -0.004,  0.009, -0.01 , -0.007,  0.005, -0.007,
         0.008, -0.008, -0.005,  0.007,  0.01 , -0.001,  0.   ,  0.005,
        -0.004, -0.009,  0.   , -0.009, -0.007,  0.009,  0.008,  0.007,
         0.005,  0.008,  0.   , -0.003, -0.003, -0.009,  0.009, -0.002,
         0.   ,  0.01 ,  0.003, -0.005, -0.008,  0.007,  0.006,  0.006,
        -0.009,  0.004, -0.002,  0.003,  0.   , -0.008,  0.008, -0.002,
        -0.007,  0.009, -0.008,  0.005, -0.001,  0.006, -0.007,  0.004,
        -0.009,  0.009, -0.004],
       [-0.003,  0.007,  0.001,  0.003, -0.008,  0.01 , -0.008,  0.007,
         0.009, -0.001, -0.007,  0.002,  0.007, -0.007,  0.007,  0.01 ,
         0.006,  0.002, -0.001,  0.009, -0.003,  0.001,  0.008, -0.002,
         0.01 , -0.002, -0.003, -0.002,  0.007,  0.005,  0.   , -0.002,
        -0.007,  0.001,  0.   ,  0.01 ,  0.002,  0.001, -0.002, -0.006,
         0.009,  0.005, -0.003,  0.008, -0.007,  0.002,  0.003,  0.004,
         0.003,  0.007, -0.001, -0.002, -0.002,  0.001, -0.002,  0.009,
         0.   , -0.008, -0.009],
       [-0.008, -0.006, -0.008, -0.001, -0.005,  0.008,  0.005, -0.009,
         0.004,  0.001, -0.002, -0.006,  0.01 ,  0.007, -0.01 ,  0.006,
         0.002, -0.007,  0.   , -0.004,  0.005,  0.009, -0.004,  0.01 ,
        -0.002,  0.008,  0.008, -0.002,  0.   ,  0.008,  0.007,  0.004,
        -0.001,  0.001, -0.004, -0.004,  0.01 , -0.006, -0.002,  0.005,
         0.01 , -0.004, -0.008,  0.002, -0.007, -0.004,  0.009,  0.01 ,
        -0.009, -0.001,  0.   , -0.002,  0.001,  0.005, -0.007, -0.007,
        -0.007,  0.007, -0.007],
       [ 0.009,  0.004,  0.006, -0.004,  0.004,  0.01 ,  0.007,  0.008,
         0.01 , -0.006,  0.002, -0.009,  0.004,  0.005, -0.01 ,  0.007,
         0.008,  0.004, -0.005, -0.008,  0.004,  0.006,  0.004,  0.008,
        -0.004,  0.005, -0.005, -0.001,  0.004,  0.01 ,  0.005, -0.005,
        -0.003, -0.006, -0.005,  0.004, -0.001,  0.007, -0.008, -0.008,
         0.005, -0.002,  0.01 , -0.009,  0.004,  0.004,  0.008,  0.007,
        -0.002,  0.004, -0.002, -0.01 ,  0.002,  0.007,  0.009, -0.005,
        -0.005, -0.003,  0.008]]), 'deltas': array([[0.],
       [0.],
       [0.],
       [0.],
       [0.],
       [0.]]), 'outputs': array([[0.],
       [0.],
       [0.],
       [0.],
       [0.],
       [0.]]), 'errors': array([[0.],
       [0.],
       [0.],
       [0.],
       [0.],
       [0.]])}, {'weights': array([[-0.004, -0.002,  0.006, -0.004, -0.005, -0.006],
       [-0.009,  0.007, -0.009,  0.01 , -0.01 , -0.001],
       [-0.001, -0.005,  0.   , -0.001,  0.002, -0.005],
       [-0.009, -0.006, -0.007, -0.01 , -0.009,  0.008]]), 'deltas': array([[0.],
       [0.],
       [0.],
       [0.],
       [0.]]), 'outputs': array([[0.],
       [0.],
       [0.],
       [0.],
       [0.]]), 'errors': array([[0.],
       [0.],
       [0.],
       [0.],
       [0.]])}]
Training complete!
Training done. epoch: 281 , total error: 0.0002869516649917685
[{'weights': array([[-2.96846042e-01,  3.81932928e-01, -1.10336357e-02,
        -1.72500960e-02, -1.54812072e-01, -3.65101628e-01,
         1.36206149e-01, -6.58271720e-01,  3.48367323e-01,
        -8.33257841e-01,  3.95591954e-01,  1.07761490e-01,
        -4.34272331e-01,  4.87289885e-01, -3.61921950e-01,
        -3.14109279e-01, -1.67951182e-02, -4.76271998e-01,
        -5.90036808e-02,  5.71299408e-02,  1.69241341e-01,
         8.75504793e-02,  2.16028596e-01, -2.02651337e-01,
        -4.50832134e-01, -2.11915426e-01, -1.07988971e-01,
        -8.19797255e-02, -2.42924671e-01,  3.23057460e-01,
        -5.04930332e-01, -1.41031525e-01, -1.18081889e+00,
         8.47914493e-01, -1.72323087e-01, -1.63581310e-01,
        -8.32257841e-01, -1.61206952e-01,  7.05517707e-01,
        -6.49573112e-02, -4.82187545e-01, -7.57588656e-01,
         1.73412965e+00, -8.23257841e-01, -2.67947085e-01,
        -5.29573112e-02,  3.09220447e-01, -6.50124844e-01,
        -5.20552999e-02, -2.69849097e-01,  4.95353445e-01,
        -8.25257841e-01,  5.09353445e-01, -8.22257841e-01,
        -8.83215153e-01,  5.64310756e-01, -9.29605085e-01,
         6.18700688e-01, -3.26904397e-01],
       [ 4.10989152e-03,  2.93298608e-01,  1.75866579e-01,
         1.19959085e-01, -2.53299491e-01, -3.41792454e-01,
        -1.53901701e-01, -8.26902015e-01,  6.71142533e-01,
        -9.94377557e-01,  2.99121872e-01,  5.27496202e-01,
         1.95717585e-01,  6.30499853e-02, -4.28527053e-01,
        -2.17322122e-01,  6.35626397e-02, -1.90490409e-01,
        -1.69377241e-01,  1.42086364e-01,  4.90218033e-02,
         4.74609943e-02,  6.19649663e-01, -2.40613095e-01,
        -5.92257045e-01, -1.61881189e-01, -1.28782929e-02,
        -2.87541537e-01,  1.24782055e-01,  1.67940624e-01,
        -2.59296406e-01, -6.84036998e-02, -3.45455446e-01,
         1.78695964e-01, -5.09870184e-02, -1.07772464e-01,
        -9.80377557e-01,  4.38526288e-01,  5.63581725e-01,
        -1.67489939e-01, -3.60314835e-01, -1.44630551e-01,
         1.33456346e+00, -9.95377557e-01,  3.73045661e-03,
        -1.71489939e-01, -1.40340334e-01, -3.44191483e-02,
        -1.80595260e-01,  2.18357775e-02,  8.26618074e-01,
        -9.84377557e-01,  8.22618074e-01, -9.86377557e-01,
        -1.15686750e+00,  9.95108013e-01, -3.96478377e-01,
         2.30718895e-01, -1.69759482e-01],
       [-1.77519995e-01,  3.22938770e-01, -5.68109045e-02,
         2.45330993e-01,  7.44047010e-03, -3.00014141e-01,
        -6.53914500e-02, -3.44340812e-01,  3.42314554e-01,
        -9.76276546e-01,  3.71787188e-01,  5.95463100e-01,
        -2.96546862e-01,  6.96886954e-01, -3.94366349e-01,
        -1.27360250e-01,  1.25333992e-01, -2.99506022e-01,
         1.20602100e-01,  7.17593982e-02,  7.91182661e-02,
         5.36354983e-01,  2.78800341e-01, -2.01317981e-01,
        -5.87863601e-01,  1.67755137e-01, -1.62781394e-01,
        -2.34204061e-01,  2.25177804e-01,  2.66880441e-01,
        -2.99850222e-01,  2.79435246e-02, -9.80024568e-01,
         9.86998311e-01,  7.90509994e-02, -8.40772567e-02,
        -9.76276546e-01, -2.59015132e-02,  6.28431219e-01,
         3.81720583e-01, -2.32770878e-01, -3.76533107e-01,
         1.56755427e+00, -9.65276546e-01, -3.78746840e-01,
         3.67720583e-01,  8.68108686e-02, -8.38371259e-02,
         1.16786970e-01, -1.17813227e-01,  9.57250289e-01,
        -9.63276546e-01,  9.64250289e-01, -9.62276546e-01,
        -5.99555963e-01,  5.93529706e-01, -3.11156671e-01,
         3.08130414e-01, -7.02625731e-03],
       [-2.24215024e-01,  4.03114692e-01, -1.44007579e-01,
        -3.35452734e-01,  1.15543596e-02, -7.24310472e-01,
         6.68406702e-01, -7.59148833e-01,  4.28238778e-01,
        -8.24932912e-01,  4.29128297e-01,  4.28945588e-02,
        -3.10517323e-01,  3.51052541e-01, -3.80445273e-01,
        -3.43981700e-01,  1.30716445e-02, -3.67214756e-01,
         4.52722902e-03, -9.72078990e-02,  1.19985370e-01,
         2.43344214e-01,  4.84729648e-02, -2.06980359e-01,
        -4.14746876e-01, -1.98787395e-01, -1.53122661e-01,
         2.44172577e-01, -5.86082633e-01,  1.79276051e-01,
        -5.02976223e-01, -2.02098827e-02, -1.17870496e+00,
         8.25794904e-01,  2.20950100e-01, -5.57860156e-01,
        -8.21932912e-01, -2.48096919e-01,  8.92837872e-01,
        -1.74718096e-01, -1.07692590e+00, -2.49497153e-01,
         1.81444591e+00, -8.15932912e-01, -1.85191959e-01,
        -1.66718096e-01,  3.90498955e-01, -7.30409011e-01,
         9.23901385e-03, -3.46149069e-01,  4.76022856e-01,
        -8.25932912e-01,  4.75022856e-01, -8.22932912e-01,
        -9.94651008e-01,  6.54740953e-01, -9.90765486e-01,
         6.35855430e-01, -3.55910056e-01],
       [-2.82132588e-01,  3.71226152e-01,  6.36646977e-02,
         8.94921837e-03, -1.58875100e-01, -3.48497391e-01,
         3.86887860e-02, -7.36139044e-01,  4.39162819e-01,
        -7.51034608e-01,  3.82033160e-01,  7.00252236e-02,
        -3.75248050e-01,  4.41073001e-01, -3.50801175e-01,
        -3.42769731e-01,  5.87935064e-02, -5.09276264e-01,
        -7.63829780e-02,  1.07280722e-01,  1.80402295e-01,
         1.90177797e-02,  2.53679425e-01, -1.70240587e-01,
        -3.81432843e-01, -2.51568178e-01, -2.44080469e-02,
        -8.74499227e-02, -2.06526302e-01,  3.93794919e-01,
        -4.77203152e-01, -1.89567992e-01, -1.10389184e+00,
         8.11915616e-01, -1.30972046e-01, -1.69004179e-01,
        -7.42034608e-01, -8.09409768e-02,  7.02823816e-01,
        -1.64824456e-01, -4.66950371e-01, -7.99765926e-01,
         1.72477468e+00, -7.50034608e-01, -1.29151769e-01,
        -1.73824456e-01,  3.89668194e-01, -6.62644419e-01,
        -6.54751587e-02, -2.36501066e-01,  4.60058383e-01,
        -7.54034608e-01,  4.61058383e-01, -7.47034608e-01,
        -9.28859065e-01,  6.22882840e-01, -9.73320336e-01,
         6.81344111e-01, -2.98976225e-01],
       [ 9.00000000e-03,  4.00000000e-03,  6.00000000e-03,
        -4.00000000e-03,  4.00000000e-03,  1.00000000e-02,
         7.00000000e-03,  8.00000000e-03,  1.00000000e-02,
        -6.00000000e-03,  2.00000000e-03, -9.00000000e-03,
         4.00000000e-03,  5.00000000e-03, -1.00000000e-02,
         7.00000000e-03,  8.00000000e-03,  4.00000000e-03,
        -5.00000000e-03, -8.00000000e-03,  4.00000000e-03,
         6.00000000e-03,  4.00000000e-03,  8.00000000e-03,
        -4.00000000e-03,  5.00000000e-03, -5.00000000e-03,
        -1.00000000e-03,  4.00000000e-03,  1.00000000e-02,
         5.00000000e-03, -5.00000000e-03, -3.00000000e-03,
        -6.00000000e-03, -5.00000000e-03,  4.00000000e-03,
        -1.00000000e-03,  7.00000000e-03, -8.00000000e-03,
        -8.00000000e-03,  5.00000000e-03, -2.00000000e-03,
         1.00000000e-02, -9.00000000e-03,  4.00000000e-03,
         4.00000000e-03,  8.00000000e-03,  7.00000000e-03,
        -2.00000000e-03,  4.00000000e-03, -2.00000000e-03,
        -1.00000000e-02,  2.00000000e-03,  7.00000000e-03,
         9.00000000e-03, -5.00000000e-03, -5.00000000e-03,
        -3.00000000e-03,  8.00000000e-03]]), 'deltas': array([[4.38861101e-05],
       [6.52629296e-06],
       [1.66947392e-06],
       [2.63337010e-05],
       [2.98481663e-05],
       [0.00000000e+00]]), 'outputs': array([[0.98119563],
       [0.99724862],
       [0.99929762],
       [0.98880332],
       [0.98728957],
       [1.        ]]), 'errors': 0.0023785528272880514}, {'weights': array([[-2.49698562, -2.203982  ,  4.65016039,  2.47548479, -4.0846211 ,
        -2.36753066],
       [-2.00668072, -5.58088312, -3.39617599, -7.40236111, -1.90496861,
         2.53263636],
       [-5.25733271,  7.41931882, -4.13152324,  3.11150668, -4.0393359 ,
        -2.46505142],
       [ 3.28791604,  0.16829111,  1.37621216,  0.83212941,  4.95838663,
        -6.2225173 ]]), 'deltas': array([[-3.48434809e-04],
       [-5.20507681e-16],
       [-2.63392318e-05],
       [ 1.89634072e-04]]), 'outputs': array([[1.88448166e-02],
       [2.28146377e-08],
       [5.14543093e-03],
       [9.86132745e-01]]), 'errors': array([[-1.88448166e-02],
       [-2.28146377e-08],
       [-5.14543093e-03],
       [ 1.38672548e-02]])}]
neural_net output [0.79736437 0.0390792  0.00549274 0.01616673]
target: 0 prediction: 0
neural_net output [0.84909554 0.07582052 0.00523009 0.01088547]
target: 0 prediction: 0
neural_net output [0.08985263 0.92144086 0.07349513 0.00206067]
target: 1 prediction: 1
neural_net output [0.08623416 0.92493398 0.07729869 0.0020059 ]
target: 1 prediction: 1
neural_net output [0.36429025 0.00199936 0.5891604  0.01298923]
target: 2 prediction: 2
neural_net output [0.28850215 0.00307406 0.79377208 0.00821173]
target: 2 prediction: 2
neural_net output [1.79552658e-02 2.43683685e-08 4.87365477e-03 9.86329489e-01]
target: 3 prediction: 3
neural_net output [1.80190965e-02 2.10557126e-08 4.80291646e-03 9.87172628e-01]
target: 3 prediction: 3
neural_net output [1.78975132e-02 2.12665037e-08 4.81512253e-03 9.87145935e-01]
target: 3 prediction: 3
Accuracy: 100.0 %

train_data group 1 length:  38
   0   1   2   3   4   5   6   7   8  ...  50  51  52  53  54  55  56  57  58
0   0   0   0   0   0   0   1   1   0 ...   1   0   1   0   1   0   1   0   0
1   0   0   0   0   0   0   1   1   0 ...   1   0   1   0   1   0   1   0   0
2   0   0   0   1   0   0   0   1   0 ...   0   1   0   1   1   0   1   0   1
3   0   0   0   0   0   0   1   1   0 ...   0   1   0   1   1   0   1   0   1
4   0   0   0   0   1   0   0   1   0 ...   1   0   1   0   0   1   1   0   2

[5 rows x 59 columns]
Initial Neural Network:
[{'weights': array([[ 0.004, -0.01 ,  0.002,  0.007, -0.005, -0.006, -0.007, -0.002,
         0.008, -0.002, -0.002, -0.009,  0.007, -0.005,  0.   , -0.001,
        -0.002, -0.003, -0.01 ,  0.005, -0.006,  0.001, -0.003,  0.009,
         0.006,  0.008, -0.01 ,  0.002, -0.009, -0.001, -0.005,  0.   ,
         0.009,  0.003, -0.009, -0.002,  0.   ,  0.006,  0.002,  0.007,
        -0.003,  0.003, -0.006,  0.   ,  0.003,  0.006, -0.01 , -0.003,
        -0.001,  0.008,  0.002, -0.006, -0.009, -0.009, -0.003,  0.   ,
        -0.004,  0.   , -0.006],
       [ 0.004,  0.008,  0.007, -0.007, -0.001,  0.   , -0.01 ,  0.01 ,
        -0.003,  0.006,  0.01 ,  0.008, -0.004, -0.005, -0.009, -0.01 ,
        -0.009,  0.005,  0.007, -0.006,  0.   , -0.001, -0.008, -0.005,
        -0.009,  0.005, -0.008,  0.008,  0.008,  0.004, -0.01 , -0.005,
        -0.006, -0.004,  0.008,  0.005,  0.005, -0.01 , -0.009, -0.002,
         0.008, -0.009, -0.003,  0.   , -0.008,  0.009, -0.005,  0.005,
         0.001,  0.004,  0.008, -0.007,  0.01 ,  0.01 , -0.01 , -0.004,
        -0.01 ,  0.004, -0.006],
       [-0.002, -0.003,  0.009,  0.001,  0.001,  0.006, -0.009, -0.003,
         0.006, -0.009,  0.008, -0.006, -0.001,  0.006,  0.002, -0.004,
         0.004,  0.001,  0.005,  0.005, -0.007,  0.001,  0.003,  0.006,
        -0.003,  0.008,  0.009,  0.003, -0.005,  0.   ,  0.007, -0.005,
        -0.008,  0.01 , -0.001,  0.004,  0.007, -0.003, -0.008,  0.006,
        -0.004, -0.003,  0.002, -0.01 ,  0.   ,  0.008,  0.006, -0.01 ,
         0.003,  0.006,  0.   , -0.009, -0.01 ,  0.008, -0.001,  0.   ,
        -0.008, -0.009,  0.   ],
       [ 0.006,  0.001,  0.009, -0.001, -0.01 , -0.004,  0.009,  0.003,
        -0.003, -0.003, -0.005,  0.   ,  0.006,  0.005, -0.005, -0.001,
         0.004,  0.01 , -0.002, -0.006,  0.009, -0.008,  0.005,  0.002,
         0.003, -0.007, -0.005, -0.002, -0.004, -0.009,  0.001, -0.001,
        -0.001, -0.007,  0.   , -0.003, -0.001, -0.008,  0.007, -0.008,
         0.01 , -0.004,  0.004,  0.002,  0.   , -0.006,  0.006,  0.01 ,
         0.009,  0.01 , -0.008, -0.008, -0.009, -0.003,  0.005, -0.001,
        -0.01 ,  0.009,  0.003],
       [ 0.003, -0.007,  0.007,  0.004,  0.002,  0.004,  0.007, -0.005,
         0.007,  0.006,  0.002, -0.006,  0.   , -0.005,  0.005,  0.008,
         0.002, -0.007,  0.001, -0.008,  0.007,  0.01 ,  0.005,  0.005,
        -0.002,  0.003, -0.004, -0.004, -0.007, -0.002, -0.006,  0.006,
        -0.006,  0.003, -0.006,  0.006,  0.01 , -0.01 ,  0.006,  0.   ,
         0.   ,  0.003,  0.007,  0.004, -0.001, -0.002, -0.005, -0.008,
        -0.007, -0.006, -0.003, -0.009,  0.006,  0.01 ,  0.009, -0.001,
        -0.003,  0.01 ,  0.009],
       [ 0.006,  0.002,  0.01 ,  0.009,  0.009,  0.005,  0.006,  0.001,
        -0.006,  0.005, -0.005, -0.009,  0.003,  0.001, -0.01 ,  0.007,
        -0.008,  0.002,  0.005, -0.005, -0.007, -0.007, -0.002,  0.   ,
         0.001,  0.01 ,  0.007,  0.007,  0.002, -0.006,  0.01 ,  0.007,
         0.002,  0.007,  0.009,  0.001,  0.002,  0.006, -0.003, -0.01 ,
        -0.006,  0.007,  0.007, -0.01 ,  0.001, -0.002,  0.004,  0.007,
         0.003, -0.002,  0.006,  0.003,  0.006, -0.007,  0.008,  0.004,
         0.   ,  0.008,  0.005]]), 'deltas': array([[0.],
       [0.],
       [0.],
       [0.],
       [0.],
       [0.]]), 'outputs': array([[0.],
       [0.],
       [0.],
       [0.],
       [0.],
       [0.]]), 'errors': array([[0.],
       [0.],
       [0.],
       [0.],
       [0.],
       [0.]])}, {'weights': array([[ 0.001,  0.007,  0.   , -0.004, -0.004,  0.007],
       [-0.009,  0.006, -0.001, -0.006,  0.006,  0.01 ],
       [-0.007, -0.001, -0.006, -0.007,  0.009, -0.002],
       [-0.005,  0.01 , -0.009,  0.003,  0.009,  0.004]]), 'deltas': array([[0.],
       [0.],
       [0.],
       [0.],
       [0.]]), 'outputs': array([[0.],
       [0.],
       [0.],
       [0.],
       [0.]]), 'errors': array([[0.],
       [0.],
       [0.],
       [0.],
       [0.]])}]
Training complete!
Training done. epoch: 148 , total error: 0.0006434375938497804
[{'weights': array([[ 2.36973524e-01,  3.51133540e-01, -5.91611219e-01,
        -9.09823919e-03,  1.60742784e-02, -3.56511619e-01,
        -1.17807346e-01, -5.36228159e-01,  8.63810780e-02,
        -8.77254285e-01,  3.50835543e-01,  5.75716611e-02,
        -4.49537310e-01,  3.31103111e-01, -3.35412882e-01,
        -1.07351089e+00,  6.14663808e-01, -4.89737573e-01,
        -2.03730389e-01,  2.47568010e-01, -2.39471284e-02,
         3.24714126e-01,  9.26930781e-02, -2.68550476e-01,
        -5.91703809e-01,  4.58225583e-01, -9.16072665e-01,
        -4.06775850e-01, -5.60712316e-02,  6.32907046e-03,
         2.45539567e-01, -7.13715719e-01, -7.19421907e-01,
         2.75574826e-01, -6.15242416e-01,  1.48395335e-01,
        -8.75254285e-01, -5.34148958e-02,  4.72943710e-01,
         1.48783892e-02, -9.77369759e-01,  1.25943609e-02,
         1.37818260e+00, -8.75254285e-01, -4.60725470e-01,
         1.38783892e-02,  4.92184397e-02, -5.18065521e-01,
         2.82038431e-01, -7.30885512e-01,  4.21407204e-01,
        -8.81254285e-01,  4.10407204e-01, -8.84254285e-01,
        -8.70375896e-01,  4.11528814e-01, -8.49612719e-01,
         3.89765638e-01, -4.61847081e-01],
       [ 1.06907220e-01,  3.87259581e-01, -1.73152521e-01,
         2.56827288e-01, -2.88017664e-01, -2.31700061e-01,
        -2.86800567e-01, -5.94867129e-01,  3.72190406e-01,
        -6.83539334e-01,  3.51066976e-01,  1.26795634e-01,
        -3.23332594e-01,  3.83590110e-01, -3.07934240e-01,
        -5.59456562e-01,  3.10779838e-01, -4.95679500e-01,
         2.72241929e-01, -1.90910277e-01,  1.90671124e-01,
        -1.02235836e-01,  5.53098445e-01, -2.46153095e-01,
        -4.57386239e-01, -5.07180396e-01,  2.74503672e-01,
        -5.20593410e-01,  3.06916686e-01,  2.23821433e-01,
        -4.29499782e-01, -3.49983745e-02, -6.26345743e-01,
         3.86669019e-01, -4.25798716e-01,  2.09121992e-01,
        -6.84539334e-01,  1.70450779e-01,  4.63439411e-01,
        -1.95027580e-01, -2.51499225e-01, -7.49547110e-01,
         1.45690894e+00, -6.89539334e-01, -4.46491443e-02,
        -1.84027580e-01,  2.67497288e-01, -4.97174012e-01,
         1.46936140e-01, -3.71612864e-01,  4.67862610e-01,
        -6.96539334e-01,  4.69862610e-01, -6.79539334e-01,
        -8.92566913e-01,  6.48890189e-01, -6.72356899e-01,
         4.36680175e-01, -2.35676724e-01],
       [ 1.97947093e-01,  3.68988665e-01, -3.87179444e-01,
         2.98234918e-01, -2.98490669e-01, -2.41891577e-01,
        -2.25307653e-01, -5.40397936e-01,  2.52699271e-01,
        -7.28678869e-01,  3.41091930e-01,  8.98882731e-02,
        -3.90153664e-01,  4.07801886e-01, -3.01346888e-01,
        -6.37298589e-01,  3.46599923e-01, -4.61568501e-01,
         2.27621572e-01, -6.22395130e-02,  9.48777587e-03,
        -8.96000195e-02,  5.22580222e-01, -2.40955859e-01,
        -4.75723009e-01, -2.87371135e-01,  1.36724696e-02,
        -5.77424958e-01,  2.84726292e-01,  2.55481782e-01,
        -1.85529937e-01, -3.58650511e-01, -6.68123841e-01,
         3.79425175e-01, -5.82929054e-01,  2.95230388e-01,
        -7.12678869e-01,  8.98717886e-02,  4.58524412e-01,
        -1.24415998e-01, -3.24635010e-01, -6.81203803e-01,
         1.42981902e+00, -7.29678869e-01, -1.60282668e-01,
        -1.22415998e-01,  2.28932435e-01, -5.23631101e-01,
         2.66547418e-01, -5.48246084e-01,  4.28980203e-01,
        -7.28678869e-01,  4.18980203e-01, -7.11678869e-01,
        -8.51094867e-01,  5.59396201e-01, -7.25406103e-01,
         4.17707438e-01, -2.90698666e-01],
       [ 4.32002014e-01,  3.66269273e-01, -2.79569535e-01,
         4.52379041e-01, -3.44678259e-01, -2.76995409e-01,
        -1.97574374e-01, -4.28727713e-01,  5.70560464e-01,
        -8.15668390e-01,  3.27319198e-01,  6.22181943e-01,
         6.47312964e-03,  4.64315194e-01, -3.22955573e-01,
        -1.59747305e-01,  3.04580056e-01, -3.06309181e-01,
         2.07394093e-01,  7.78168855e-02,  1.73930953e-01,
         3.40619131e-02,  9.17439227e-01, -2.62324439e-01,
        -5.45343950e-01, -1.40855099e-01,  2.70687850e-01,
        -3.62126554e-01,  4.97959304e-01,  1.82767614e-01,
         1.34274022e-01, -1.84208885e-01, -2.80448673e-01,
         4.14281424e-01, -1.51784213e-01,  2.90616964e-01,
        -8.13668390e-01,  4.72516981e-01,  4.65797037e-01,
         7.18712297e-03, -1.81640361e-01, -2.68106547e-01,
         1.41424805e+00, -8.10668390e-01,  1.26645628e-01,
         9.18712297e-03,  1.24877655e-01,  3.29550953e-02,
         5.04985896e-01, -3.44153146e-01,  9.46501140e-01,
        -8.20668390e-01,  9.45501140e-01, -8.15668390e-01,
        -7.92481267e-01,  9.38314018e-01, -3.48629575e-01,
         4.89462326e-01,  1.44832751e-01],
       [ 8.49530904e-02,  3.74732700e-01, -1.49994221e-01,
         2.88069461e-01, -2.81706382e-01, -2.24892608e-01,
        -2.68290223e-01, -5.80660758e-01,  3.85532575e-01,
        -6.85486461e-01,  3.40802822e-01,  1.49555457e-01,
        -3.21040318e-01,  4.20169997e-01, -2.96257862e-01,
        -5.09080235e-01,  3.21952052e-01, -5.28305168e-01,
         2.70535198e-01, -1.69445295e-01,  2.23087082e-01,
        -7.17771557e-02,  5.81135434e-01, -2.38612239e-01,
        -4.49874222e-01, -5.24303962e-01,  3.26175779e-01,
        -4.90410816e-01,  2.82282633e-01,  2.21889082e-01,
        -4.07821024e-01, -1.31962412e-02, -6.32447966e-01,
         4.32319783e-01, -4.12787799e-01,  2.15659616e-01,
        -6.81486461e-01,  1.72835236e-01,  4.79125996e-01,
        -1.61602954e-01, -2.24697049e-01, -7.42436395e-01,
         1.47149172e+00, -6.87486461e-01, -3.65252289e-02,
        -1.63602954e-01,  2.67745502e-01, -4.77873685e-01,
         1.48747739e-01, -3.58875922e-01,  4.91358278e-01,
        -7.00486461e-01,  5.00358278e-01, -6.81486461e-01,
        -8.44089415e-01,  6.54961232e-01, -6.51147639e-01,
         4.61019456e-01, -1.88128183e-01],
       [ 6.00000000e-03,  2.00000000e-03,  1.00000000e-02,
         9.00000000e-03,  9.00000000e-03,  5.00000000e-03,
         6.00000000e-03,  1.00000000e-03, -6.00000000e-03,
         5.00000000e-03, -5.00000000e-03, -9.00000000e-03,
         3.00000000e-03,  1.00000000e-03, -1.00000000e-02,
         7.00000000e-03, -8.00000000e-03,  2.00000000e-03,
         5.00000000e-03, -5.00000000e-03, -7.00000000e-03,
        -7.00000000e-03, -2.00000000e-03,  0.00000000e+00,
         1.00000000e-03,  1.00000000e-02,  7.00000000e-03,
         7.00000000e-03,  2.00000000e-03, -6.00000000e-03,
         1.00000000e-02,  7.00000000e-03,  2.00000000e-03,
         7.00000000e-03,  9.00000000e-03,  1.00000000e-03,
         2.00000000e-03,  6.00000000e-03, -3.00000000e-03,
        -1.00000000e-02, -6.00000000e-03,  7.00000000e-03,
         7.00000000e-03, -1.00000000e-02,  1.00000000e-03,
        -2.00000000e-03,  4.00000000e-03,  7.00000000e-03,
         3.00000000e-03, -2.00000000e-03,  6.00000000e-03,
         3.00000000e-03,  6.00000000e-03, -7.00000000e-03,
         8.00000000e-03,  4.00000000e-03,  0.00000000e+00,
         8.00000000e-03,  5.00000000e-03]]), 'deltas': array([[1.03418389e-03],
       [2.63940991e-05],
       [8.72397955e-05],
       [4.44714674e-07],
       [1.74792590e-05],
       [0.00000000e+00]]), 'outputs': array([[0.52531522],
       [0.99359491],
       [0.97850289],
       [0.99989276],
       [0.99576754],
       [1.        ]]), 'errors': 0.004147367078557717}, {'weights': array([[ 4.55493997, -2.04749232, -2.8480408 , -2.77756892, -1.9181682 ,
        -1.34276316],
       [-8.26561286, -2.46196706, -2.66795008, -3.08310647, -2.40013506,
         1.67652893],
       [ 6.43795907, -2.92669494, -0.05662641,  1.63184375, -3.47116727,
        -3.8898617 ],
       [-0.02659515,  2.63350166,  2.03048453,  1.81028628,  2.77046832,
        -5.85378825]]), 'deltas': array([[-4.49536738e-08],
       [-3.45863656e-12],
       [-2.47420479e-05],
       [ 1.21713399e-03]]), 'outputs': array([[2.12045297e-04],
       [1.85974272e-06],
       [4.98658647e-03],
       [9.64475865e-01]]), 'errors': array([[-2.12045297e-04],
       [-1.85974272e-06],
       [-4.98658647e-03],
       [ 3.55241351e-02]])}]
Accuracy: 55.55555555555556 %

train_data group 2 length:  37
   0   1   2   3   4   5   6   7   8  ...  50  51  52  53  54  55  56  57  58
0   0   0   0   0   0   0   1   1   0 ...   1   0   1   0   1   0   1   0   0
1   0   0   0   0   0   0   1   1   0 ...   1   0   1   0   1   0   1   0   0
2   0   0   0   1   0   0   0   1   0 ...   0   1   0   1   1   0   1   0   1
3   0   0   0   0   0   0   1   1   0 ...   0   1   0   1   1   0   1   0   1
4   0   0   0   0   1   0   0   1   0 ...   1   0   1   0   0   1   1   0   2

[5 rows x 59 columns]
Initial Neural Network:
[{'weights': array([[-0.008,  0.007, -0.005,  0.006,  0.008,  0.004, -0.008,  0.003,
         0.002,  0.01 ,  0.001, -0.005,  0.001, -0.002, -0.008, -0.009,
        -0.003, -0.004, -0.003, -0.004,  0.004,  0.008, -0.009,  0.009,
        -0.002,  0.009,  0.007,  0.005, -0.004, -0.006, -0.004,  0.001,
         0.   , -0.009,  0.008,  0.003, -0.006,  0.001, -0.002, -0.007,
         0.005, -0.007,  0.003, -0.002, -0.004,  0.005, -0.003,  0.   ,
        -0.01 , -0.004,  0.008,  0.01 , -0.009,  0.001, -0.002, -0.007,
         0.   , -0.009,  0.001],
       [ 0.005, -0.003,  0.006,  0.008, -0.008, -0.003,  0.   ,  0.006,
         0.004,  0.   , -0.001, -0.003, -0.003,  0.01 ,  0.004, -0.003,
         0.006,  0.004,  0.   , -0.001,  0.01 ,  0.01 , -0.002,  0.009,
         0.005, -0.003, -0.01 ,  0.001, -0.005,  0.008,  0.009, -0.002,
        -0.003, -0.006,  0.002,  0.001,  0.003,  0.007,  0.003, -0.001,
         0.004,  0.006,  0.004,  0.002, -0.001,  0.002,  0.005,  0.   ,
        -0.007,  0.002, -0.01 , -0.007, -0.008, -0.008,  0.008, -0.006,
        -0.001,  0.008, -0.009],
       [ 0.   , -0.006, -0.01 , -0.005,  0.008,  0.009,  0.005, -0.007,
         0.006,  0.002,  0.005, -0.003, -0.007,  0.004,  0.   ,  0.004,
         0.004,  0.001, -0.007, -0.003,  0.   , -0.001,  0.007,  0.005,
        -0.01 ,  0.   ,  0.01 , -0.003,  0.006,  0.003, -0.004,  0.003,
        -0.007,  0.005,  0.008, -0.002, -0.008,  0.009,  0.001,  0.002,
         0.003, -0.008,  0.004,  0.01 , -0.009,  0.01 , -0.002,  0.001,
        -0.003,  0.002, -0.01 ,  0.008, -0.009,  0.001, -0.009,  0.008,
         0.002,  0.002, -0.004],
       [ 0.009, -0.006, -0.002, -0.009, -0.008,  0.009,  0.002,  0.007,
        -0.002, -0.002,  0.   ,  0.001, -0.002, -0.001,  0.01 , -0.005,
         0.   , -0.004, -0.009, -0.004,  0.002,  0.004,  0.009,  0.004,
        -0.009, -0.003,  0.005, -0.003, -0.004,  0.001,  0.006, -0.004,
         0.006,  0.001,  0.009, -0.001, -0.003,  0.006, -0.006, -0.004,
        -0.003,  0.007, -0.009, -0.005,  0.002, -0.01 ,  0.001,  0.009,
         0.009,  0.007, -0.008, -0.004, -0.006, -0.009,  0.004,  0.006,
         0.006, -0.006,  0.005],
       [ 0.01 , -0.007, -0.001, -0.005, -0.005, -0.002,  0.   , -0.002,
         0.001, -0.005, -0.002, -0.007, -0.006,  0.004, -0.006,  0.009,
         0.004,  0.009, -0.005,  0.005, -0.01 ,  0.005, -0.005,  0.001,
         0.003,  0.006,  0.008, -0.009,  0.006,  0.005, -0.005, -0.001,
         0.007,  0.004,  0.   ,  0.006, -0.008,  0.006, -0.009,  0.009,
        -0.004,  0.006, -0.009,  0.003, -0.008, -0.008,  0.01 , -0.001,
        -0.005,  0.003,  0.001, -0.008,  0.003,  0.002, -0.007,  0.008,
         0.007, -0.009,  0.008],
       [ 0.003,  0.   , -0.001,  0.002,  0.   , -0.01 , -0.006, -0.009,
        -0.006,  0.001, -0.002, -0.009,  0.008, -0.01 , -0.007,  0.005,
        -0.003, -0.006, -0.008,  0.003,  0.001, -0.01 , -0.008, -0.004,
         0.01 ,  0.01 , -0.001, -0.002,  0.002,  0.001, -0.005, -0.004,
         0.009, -0.01 ,  0.008, -0.007,  0.008, -0.005,  0.005, -0.009,
         0.01 ,  0.005,  0.004, -0.007,  0.01 , -0.005,  0.01 ,  0.002,
        -0.007, -0.009, -0.007,  0.001, -0.003, -0.006, -0.01 ,  0.003,
         0.01 , -0.008,  0.008]]), 'deltas': array([[0.],
       [0.],
       [0.],
       [0.],
       [0.],
       [0.]]), 'outputs': array([[0.],
       [0.],
       [0.],
       [0.],
       [0.],
       [0.]]), 'errors': array([[0.],
       [0.],
       [0.],
       [0.],
       [0.],
       [0.]])}, {'weights': array([[ 0.005, -0.005,  0.004, -0.002,  0.01 , -0.008],
       [-0.008,  0.003,  0.01 ,  0.001, -0.003,  0.004],
       [-0.009, -0.006, -0.001, -0.009,  0.01 ,  0.006],
       [ 0.007,  0.009, -0.008,  0.01 , -0.005, -0.001]]), 'deltas': array([[0.],
       [0.],
       [0.],
       [0.],
       [0.]]), 'outputs': array([[0.],
       [0.],
       [0.],
       [0.],
       [0.]]), 'errors': array([[0.],
       [0.],
       [0.],
       [0.],
       [0.]])}]
Training complete!
Training done. epoch: 217 , total error: 0.0009565812357762827
[{'weights': array([[-1.77284060e-01,  6.26284215e-01,  2.32593683e-01,
         3.62110374e-02,  2.12058467e-01, -3.61575348e-01,
        -6.48084609e-01, -9.31265311e-01,  8.52468696e-01,
        -3.17774818e-02,  1.99233774e-01, -2.45252907e-01,
        -3.83578814e-01, -9.42198068e-02,  3.85002006e-01,
        -2.78906517e-01,  1.83109902e-01,  3.39131276e-02,
        -2.86929797e-02,  1.91840363e-01, -2.87857126e-01,
        -4.89318289e-01,  3.11877577e-01,  3.77911756e-01,
        -2.78267659e-01, -1.58080746e-01,  9.02841309e-02,
        -3.49556102e-01,  2.66759487e-01,  4.31287247e-01,
        -2.34488299e-01, -2.89595562e-01, -8.02049822e-01,
         7.09253208e-01,  1.59486968e-02, -8.87453115e-02,
        -4.77774818e-02,  9.33037248e-02,  7.28558451e-01,
        -8.71881309e-01, -5.81074723e-01, -1.11546293e+00,
         1.65551852e+00, -4.37774818e-02,  7.77084694e-01,
        -8.59881309e-01,  7.53426525e-01, -8.40223139e-01,
        -1.56129192e-01,  5.83325775e-02, -3.40191329e-02,
        -3.17774818e-02, -5.10191329e-02, -4.07774818e-02,
        -9.08658791e-01,  8.15862176e-01, -4.73329701e-01,
         3.80533086e-01, -8.27966147e-02],
       [-2.16033782e-01,  6.11768101e-01,  2.60339586e-01,
        -6.41650025e-04,  1.17981286e-01, -2.99119302e-01,
        -5.93303878e-01, -9.35811267e-01,  8.21801628e-01,
        -1.22374295e-01,  2.00147346e-01, -2.05782690e-01,
        -3.86873231e-01, -6.91053839e-03,  2.80774130e-01,
        -3.72966325e-01,  2.51956686e-01, -1.61866331e-01,
         4.29363897e-02,  1.72819743e-01, -1.64899441e-01,
        -4.55697729e-01,  3.19189866e-01,  2.62986641e-01,
        -2.28488417e-01, -3.16401039e-01,  1.79391400e-01,
        -2.42227858e-01,  1.14218219e-01,  4.73943191e-01,
        -2.73753942e-01, -3.09198888e-01, -8.39404084e-01,
         7.06394444e-01, -1.45830493e-02, -1.06426590e-01,
        -1.19374295e-01,  5.75121211e-02,  7.59663660e-01,
        -8.09811125e-01, -5.36738576e-01, -1.10910248e+00,
         1.65820571e+00, -1.20374295e-01,  6.83801486e-01,
        -8.06811125e-01,  7.11052208e-01, -8.30061848e-01,
        -1.95991453e-01,  6.69818137e-02, -1.16353443e-02,
        -1.29374295e-01, -9.63534426e-03, -1.30374295e-01,
        -9.23185420e-01,  8.01175781e-01, -7.10595095e-01,
         5.93585456e-01, -1.33009639e-01],
       [-1.91262294e-01,  6.09970558e-01,  2.36867074e-01,
        -1.89969470e-02,  1.49718164e-01, -3.01957245e-01,
        -6.09339151e-01, -9.71547817e-01,  8.44547975e-01,
        -1.20777564e-01,  2.04118802e-01, -2.05341080e-01,
        -3.81397080e-01, -2.90744760e-02,  2.81471715e-01,
        -3.39105928e-01,  2.21106086e-01, -1.18110427e-01,
        -1.05184504e-02,  1.83486394e-01, -1.89857358e-01,
        -4.74912123e-01,  3.37440590e-01,  2.62142368e-01,
        -2.49670677e-01, -2.62073128e-01,  1.46073286e-01,
        -3.26795060e-01,  2.03795218e-01,  4.49709140e-01,
        -2.94280206e-01, -2.79428777e-01, -8.20834375e-01,
         6.92834533e-01, -3.86309137e-03, -1.16136751e-01,
        -1.30777564e-01,  9.09650916e-02,  7.41157393e-01,
        -8.23344762e-01, -5.51867010e-01, -1.10873762e+00,
         1.65638235e+00, -1.12777564e-01,  6.90344920e-01,
        -8.15344762e-01,  6.91977271e-01, -8.18977113e-01,
        -1.96289498e-01,  6.92896561e-02, -1.32222776e-02,
        -1.14777564e-01, -1.22222776e-02, -1.21777564e-01,
        -9.57122327e-01,  8.30122485e-01, -6.26007249e-01,
         5.04007407e-01, -1.29999842e-01],
       [-1.36598684e-01,  6.16859738e-01,  2.43144049e-01,
        -1.72113199e-02,  1.47575601e-01, -3.31667181e-01,
        -6.48984145e-01, -1.00152770e+00,  8.84645759e-01,
        -1.19129489e-01,  1.98788294e-01, -2.02540746e-01,
        -3.55668108e-01, -8.26410242e-02,  3.23427191e-01,
        -2.93629683e-01,  1.66747742e-01, -3.81696879e-02,
        -7.50753671e-02,  1.92336477e-01, -2.15973363e-01,
        -4.87156202e-01,  3.59531958e-01,  2.93789853e-01,
        -2.80047551e-01, -1.92303033e-01,  7.24210916e-02,
        -4.63944099e-01,  3.35062157e-01,  4.21187662e-01,
        -3.13999912e-01, -2.26069691e-01, -7.62644371e-01,
         6.47762430e-01,  1.29048663e-02, -1.26786808e-01,
        -1.20129489e-01,  1.32759233e-01,  7.20193922e-01,
        -8.61705606e-01, -5.82001952e-01, -1.07404063e+00,
         1.64629013e+00, -1.22129489e-01,  7.37823665e-01,
        -8.67705606e-01,  6.88075939e-01, -7.99957880e-01,
        -1.88798881e-01,  8.29169392e-02, -1.27524523e-02,
        -1.21129489e-01, -1.07524523e-02, -1.26129489e-01,
        -9.70835096e-01,  8.58953154e-01, -4.63116871e-01,
         3.41234930e-01, -1.16881942e-01],
       [-5.53480057e-02,  6.17264096e-01,  3.43611808e-01,
        -8.08107190e-02,  1.07372972e-01, -3.38561772e-01,
        -7.12782583e-01, -1.17061085e+00,  1.06035665e+00,
        -1.71820537e-01,  1.92989906e-01, -1.44423574e-01,
        -2.18020681e-01, -1.47789386e-01,  2.48555861e-01,
        -1.65097037e-01,  6.88428315e-02, -1.05739674e-01,
        -1.72143388e-01,  2.42191441e-01, -7.45625852e-02,
        -5.18992049e-01,  4.49502327e-01,  2.28242635e-01,
        -2.64007118e-01, -1.31509079e-01,  3.62548732e-02,
        -7.60391269e-01,  6.48137063e-01,  3.48836678e-01,
        -4.82235333e-01,  2.31444500e-02, -5.51553167e-01,
         4.53298961e-01,  9.23494163e-02, -1.95603622e-01,
        -1.74820537e-01,  3.09119654e-01,  6.68163825e-01,
        -9.13717148e-01, -6.35399697e-01, -9.22943785e-01,
         1.60890981e+00, -1.63820537e-01,  8.05462942e-01,
        -9.30717148e-01,  6.10168999e-01, -7.10423205e-01,
        -3.32316275e-01,  2.21062070e-01,  5.85663314e-02,
        -1.74820537e-01,  6.05663314e-02, -1.64820537e-01,
        -1.09653768e+00,  9.88283479e-01, -1.08898056e-01,
        -2.35614944e-03, -1.01254206e-01],
       [ 3.00000000e-03,  0.00000000e+00, -1.00000000e-03,
         2.00000000e-03,  0.00000000e+00, -1.00000000e-02,
        -6.00000000e-03, -9.00000000e-03, -6.00000000e-03,
         1.00000000e-03, -2.00000000e-03, -9.00000000e-03,
         8.00000000e-03, -1.00000000e-02, -7.00000000e-03,
         5.00000000e-03, -3.00000000e-03, -6.00000000e-03,
        -8.00000000e-03,  3.00000000e-03,  1.00000000e-03,
        -1.00000000e-02, -8.00000000e-03, -4.00000000e-03,
         1.00000000e-02,  1.00000000e-02, -1.00000000e-03,
        -2.00000000e-03,  2.00000000e-03,  1.00000000e-03,
        -5.00000000e-03, -4.00000000e-03,  9.00000000e-03,
        -1.00000000e-02,  8.00000000e-03, -7.00000000e-03,
         8.00000000e-03, -5.00000000e-03,  5.00000000e-03,
        -9.00000000e-03,  1.00000000e-02,  5.00000000e-03,
         4.00000000e-03, -7.00000000e-03,  1.00000000e-02,
        -5.00000000e-03,  1.00000000e-02,  2.00000000e-03,
        -7.00000000e-03, -9.00000000e-03, -7.00000000e-03,
         1.00000000e-03, -3.00000000e-03, -6.00000000e-03,
        -1.00000000e-02,  3.00000000e-03,  1.00000000e-02,
        -8.00000000e-03,  8.00000000e-03]]), 'deltas': array([[-0.0003098 ],
       [-0.00014614],
       [-0.00021011],
       [-0.0003762 ],
       [-0.00050957],
       [-0.        ]]), 'outputs': array([[0.15393473],
       [0.06576115],
       [0.09791586],
       [0.19694002],
       [0.68914359],
       [1.        ]]), 'errors': -0.0023786922457454725}, {'weights': array([[-5.56402448, -3.91997044, -4.2416059 , -4.99181139, -5.97709721,
         2.06305159],
       [ 8.22214874, -2.71797015, -1.9258997 ,  1.02724787, -6.03136351,
        -1.01641052],
       [-2.80831168, -3.90171022, -2.89422401, -1.19800939,  9.50469037,
        -1.55971458],
       [ 1.84983598,  2.17061158,  2.0834567 ,  1.87842002,  1.48354362,
        -5.43064962]]), 'deltas': array([[-0.0001043 ],
       [-0.00027611],
       [ 0.00048509],
       [-0.00099773]]), 'outputs': array([[0.01026566],
       [0.01675759],
       [0.97772583],
       [0.03210643]]), 'errors': array([[-0.01026566],
       [-0.01675759],
       [ 0.02227417],
       [-0.03210643]])}]
Accuracy: 90.0 %

train_data group 3 length:  38
   0   1   2   3   4   5   6   7   8  ...  50  51  52  53  54  55  56  57  58
0   0   0   0   0   0   0   1   1   0 ...   1   0   1   0   1   0   1   0   0
1   0   0   0   0   0   0   1   1   0 ...   1   0   1   0   1   0   1   0   0
2   0   0   0   1   0   0   0   1   0 ...   0   1   0   1   1   0   1   0   1
3   0   0   0   0   0   0   1   1   0 ...   0   1   0   1   1   0   1   0   1
4   0   0   0   0   1   0   0   1   0 ...   1   0   1   0   0   1   1   0   2

[5 rows x 59 columns]
Initial Neural Network:
[{'weights': array([[ 0.01 ,  0.01 ,  0.01 , -0.007, -0.006,  0.001,  0.007,  0.002,
        -0.007, -0.003,  0.004,  0.003, -0.008, -0.001,  0.002,  0.   ,
        -0.006, -0.006, -0.003, -0.009, -0.007,  0.001,  0.008,  0.   ,
        -0.005,  0.004,  0.01 ,  0.004,  0.005, -0.008,  0.   ,  0.009,
        -0.001,  0.   , -0.002,  0.009, -0.001,  0.009,  0.01 ,  0.003,
        -0.001, -0.003,  0.004, -0.003, -0.006, -0.003,  0.006, -0.009,
         0.01 ,  0.008, -0.002, -0.004,  0.008,  0.009,  0.009,  0.004,
        -0.006, -0.006, -0.005],
       [ 0.006,  0.009,  0.008,  0.005,  0.005, -0.002, -0.01 , -0.006,
        -0.009, -0.007, -0.009,  0.01 ,  0.009, -0.006,  0.006, -0.008,
         0.003, -0.006, -0.009, -0.004,  0.   , -0.001,  0.002,  0.003,
        -0.01 ,  0.   , -0.004, -0.005,  0.006,  0.01 ,  0.004, -0.009,
         0.   ,  0.001,  0.007, -0.004, -0.001, -0.007,  0.01 ,  0.007,
        -0.006, -0.01 ,  0.005, -0.002, -0.001, -0.004,  0.009,  0.007,
        -0.009,  0.007, -0.004,  0.01 , -0.002, -0.008,  0.006, -0.006,
        -0.009,  0.009, -0.002],
       [ 0.001, -0.002,  0.   , -0.009, -0.009, -0.002, -0.001,  0.003,
        -0.01 , -0.003,  0.002, -0.008, -0.007, -0.004,  0.   ,  0.008,
        -0.009, -0.009, -0.01 ,  0.003,  0.01 ,  0.   ,  0.005, -0.01 ,
         0.005,  0.009, -0.005, -0.002, -0.008,  0.003,  0.004,  0.007,
        -0.005, -0.008, -0.006, -0.004, -0.008, -0.009,  0.002,  0.009,
        -0.001,  0.007, -0.005,  0.001,  0.009,  0.008,  0.004, -0.01 ,
        -0.006, -0.01 , -0.005, -0.009,  0.   , -0.004,  0.006, -0.006,
         0.005,  0.004, -0.001],
       [ 0.006,  0.008, -0.004,  0.   , -0.007, -0.001, -0.002,  0.002,
         0.006, -0.005,  0.01 , -0.009,  0.008,  0.01 ,  0.006, -0.007,
         0.009, -0.004,  0.006,  0.001, -0.006,  0.   , -0.01 , -0.008,
         0.006, -0.009,  0.006,  0.01 , -0.007,  0.006,  0.009,  0.001,
         0.008, -0.007, -0.009, -0.003, -0.009, -0.006, -0.01 ,  0.006,
         0.007,  0.008, -0.01 ,  0.006, -0.004, -0.007,  0.007,  0.007,
        -0.003,  0.007, -0.007,  0.002,  0.004, -0.002, -0.01 ,  0.01 ,
         0.01 ,  0.007,  0.002],
       [ 0.005,  0.001, -0.01 , -0.002, -0.009, -0.003,  0.002,  0.009,
         0.   ,  0.005, -0.008, -0.005,  0.005,  0.01 ,  0.002,  0.002,
         0.007,  0.008,  0.003, -0.01 , -0.006,  0.   , -0.001, -0.006,
        -0.002,  0.004, -0.003, -0.004, -0.009,  0.002, -0.001,  0.006,
         0.001, -0.005, -0.002, -0.001, -0.006, -0.004, -0.005, -0.007,
         0.008, -0.002, -0.004, -0.008, -0.006,  0.   , -0.005, -0.001,
        -0.01 ,  0.006, -0.009, -0.004, -0.008,  0.005,  0.001,  0.007,
         0.002,  0.002, -0.006],
       [ 0.008, -0.008, -0.009, -0.001, -0.01 ,  0.009, -0.001,  0.003,
         0.006,  0.001, -0.003, -0.008, -0.006, -0.004,  0.003,  0.003,
         0.009, -0.001, -0.004, -0.005,  0.002,  0.001,  0.005, -0.009,
         0.005, -0.001, -0.002, -0.01 , -0.002,  0.   , -0.002,  0.004,
         0.001, -0.002, -0.002, -0.003,  0.001,  0.001,  0.004,  0.01 ,
         0.006,  0.007,  0.002, -0.001,  0.009,  0.004,  0.005,  0.003,
         0.005,  0.001,  0.009, -0.007,  0.001,  0.005, -0.001, -0.01 ,
        -0.006,  0.001,  0.002]]), 'deltas': array([[0.],
       [0.],
       [0.],
       [0.],
       [0.],
       [0.]]), 'outputs': array([[0.],
       [0.],
       [0.],
       [0.],
       [0.],
       [0.]]), 'errors': array([[0.],
       [0.],
       [0.],
       [0.],
       [0.],
       [0.]])}, {'weights': array([[ 0.004, -0.002, -0.005,  0.01 ,  0.   ,  0.009],
       [ 0.001,  0.008,  0.005,  0.   ,  0.   ,  0.007],
       [ 0.005,  0.001,  0.   ,  0.007, -0.008, -0.009],
       [ 0.008,  0.004, -0.008, -0.007,  0.01 , -0.002]]), 'deltas': array([[0.],
       [0.],
       [0.],
       [0.],
       [0.]]), 'outputs': array([[0.],
       [0.],
       [0.],
       [0.],
       [0.]]), 'errors': array([[0.],
       [0.],
       [0.],
       [0.],
       [0.]])}]
Training complete!
Training done. epoch: 285 , total error: 0.0007801487618526403
[{'weights': array([[-2.59941844e-01,  3.97825214e-01,  1.11247745e-01,
         8.85339751e-02, -2.38684666e-01, -2.06934984e-01,
        -2.81140034e-02, -5.99513502e-01,  4.33444939e-01,
        -8.30165825e-01,  2.96869765e-01,  3.76227497e-01,
        -5.06286213e-01,  6.85577782e-01, -3.47360132e-01,
        -3.07201908e-01,  1.40133345e-01, -9.35490257e-01,
         3.00512624e-02,  3.99310672e-01,  3.20059759e-01,
         1.06452079e-01,  4.56178924e-01, -2.72399446e-01,
        -4.47300120e-01, -1.44044756e-01, -3.02380671e-03,
        -5.57531428e-01,  4.05462865e-01,  3.05682020e-01,
        -2.93893489e-02, -4.36361234e-01, -9.83772295e-01,
         8.21703732e-01, -3.18229981e-01,  1.64161418e-01,
        -8.28165825e-01, -2.29598869e-01,  6.55342053e-01,
         2.62354078e-01, -1.52969693e-01, -7.47561632e-01,
         1.56662859e+00, -8.30165825e-01, -4.26422641e-01,
         2.56354078e-01,  1.22351997e-01, -2.86420560e-01,
        -1.93329483e-01,  5.02609201e-02,  6.64097261e-01,
        -8.31165825e-01,  6.74097261e-01, -8.18165825e-01,
        -5.58811747e-01,  4.10743184e-01, -9.59427989e-01,
         7.86359426e-01, -1.66068563e-01],
       [-1.47858139e-01,  3.82602513e-01,  2.10555391e-01,
         7.67473929e-02, -2.21189028e-01, -2.03992373e-01,
        -1.55715206e-01, -7.13804560e-01,  6.18955111e-01,
        -8.59224826e-01,  2.54703411e-01,  5.18671966e-01,
        -2.28914385e-01,  5.03656644e-01, -3.45591708e-01,
        -2.31012411e-01,  1.46162963e-01, -1.03566122e+00,
         8.19567991e-02,  6.34961419e-01,  2.19893552e-01,
         3.16401838e-02,  6.33857954e-01, -2.72622642e-01,
        -4.78724945e-01, -7.06678755e-02, -1.31815733e-02,
        -6.55102576e-01,  5.76253128e-01,  2.51057681e-01,
        -3.45794924e-04, -3.25561334e-01, -6.94485677e-01,
         6.15636229e-01, -2.28819495e-01,  1.51970046e-01,
        -8.53224826e-01,  1.02591109e-02,  6.25424750e-01,
         1.46691516e-01, -1.67518749e-01, -5.39905292e-01,
         1.46879942e+00, -8.54224826e-01, -2.20540964e-01,
         1.35691516e-01,  2.66126052e-02, -9.04620540e-02,
        -4.32467537e-01,  3.50618089e-01,  7.68375377e-01,
        -8.42224826e-01,  7.70375377e-01, -8.60224826e-01,
        -7.06533310e-01,  6.26683861e-01, -6.46839234e-01,
         5.66989785e-01, -8.18494488e-02],
       [-2.61605633e-01,  3.89681876e-01,  1.03560895e-01,
         7.32955705e-02, -2.35005444e-01, -2.63841720e-01,
         1.63380448e-02, -6.07225264e-01,  4.44648854e-01,
        -8.21238230e-01,  2.89015121e-01,  3.67646699e-01,
        -4.73442276e-01,  6.53715088e-01, -3.46849222e-01,
        -3.10551095e-01,  1.53974686e-01, -9.29744719e-01,
         5.29989604e-02,  4.12498147e-01,  3.02671202e-01,
         1.28162188e-01,  4.26999295e-01, -2.78846311e-01,
        -4.31891582e-01, -1.70007492e-01,  1.84310823e-02,
        -5.25720825e-01,  3.60144415e-01,  2.76460220e-01,
        -5.63952221e-02, -3.61641407e-01, -9.66188078e-01,
         7.97611669e-01, -2.54003797e-01,  8.84273871e-02,
        -8.26238230e-01, -2.16009027e-01,  6.51557074e-01,
         2.29113773e-01, -1.97748812e-01, -6.92674869e-01,
         1.55408550e+00, -8.17238230e-01, -3.66690182e-01,
         2.28113773e-01,  1.20628686e-01, -2.82205095e-01,
        -2.18094555e-01,  4.65181451e-02,  6.57661820e-01,
        -8.27238230e-01,  6.62661820e-01, -8.22238230e-01,
        -5.92124457e-01,  4.36548047e-01, -9.27244657e-01,
         7.80668247e-01, -1.56576410e-01],
       [-2.54568071e-01,  4.62281562e-01,  1.95538222e-02,
         8.72726995e-02, -3.95717742e-01, -5.79755896e-01,
         4.45489229e-01, -6.79405183e-01,  4.71960787e-01,
        -8.01561641e-01,  3.05287518e-01,  2.76829727e-01,
        -3.46173736e-01,  5.05854865e-01, -3.51125526e-01,
        -3.30697366e-01,  1.17252970e-01, -9.54930655e-01,
         2.47155698e-01,  4.01584037e-01,  8.77465240e-02,
         2.73833605e-01,  1.71368848e-01, -2.90512022e-01,
        -3.82134828e-01, -4.63484383e-01,  2.45039987e-01,
        -1.48828601e-01, -6.36157950e-02,  1.62919409e-01,
        -3.62111019e-01, -2.52785910e-04, -8.64692026e-01,
         6.50247629e-01,  1.47636545e-02, -2.42208051e-01,
        -8.05561641e-01, -1.25391174e-01,  7.28748307e-01,
        -3.22398884e-02, -5.68973961e-01, -4.88440376e-01,
         1.64353158e+00, -7.90561641e-01, -1.81204508e-01,
        -4.52398884e-02,  1.92719998e-01, -3.94164394e-01,
        -3.51285136e-01,  1.39840740e-01,  5.74117245e-01,
        -7.94561641e-01,  5.85117245e-01, -7.98561641e-01,
        -8.44801529e-01,  6.29357133e-01, -1.03906573e+00,
         8.40621333e-01, -2.13444396e-01],
       [-2.61654481e-01,  3.88401953e-01,  9.64603052e-02,
         1.05429711e-01, -2.41748050e-01, -1.89578598e-01,
        -6.68781840e-02, -5.92914396e-01,  4.48347052e-01,
        -8.29296538e-01,  2.93690869e-01,  3.74038325e-01,
        -4.94953896e-01,  7.04344727e-01, -3.45958174e-01,
        -2.92262816e-01,  1.47695472e-01, -9.45880459e-01,
         3.93957482e-02,  4.05306837e-01,  3.42610530e-01,
         1.00582618e-01,  4.68083766e-01, -2.77895834e-01,
        -4.53337894e-01, -1.19333868e-01, -3.32334755e-02,
        -5.85485740e-01,  4.18918396e-01,  3.27281762e-01,
         5.45945468e-03, -4.79308561e-01, -9.79625588e-01,
         8.22058244e-01, -3.35865761e-01,  1.79298418e-01,
        -8.40296538e-01, -2.45075334e-01,  6.41155112e-01,
         2.68649416e-01, -1.28359266e-01, -7.58728460e-01,
         1.56981692e+00, -8.42296538e-01, -4.35216760e-01,
         2.75649416e-01,  1.18009057e-01, -2.77576401e-01,
        -2.34919249e-01,  7.73519052e-02,  6.71729194e-01,
        -8.38296538e-01,  6.72729194e-01, -8.29296538e-01,
        -5.57647122e-01,  4.12079778e-01, -9.44917155e-01,
         7.95349811e-01, -1.59567344e-01],
       [ 8.00000000e-03, -8.00000000e-03, -9.00000000e-03,
        -1.00000000e-03, -1.00000000e-02,  9.00000000e-03,
        -1.00000000e-03,  3.00000000e-03,  6.00000000e-03,
         1.00000000e-03, -3.00000000e-03, -8.00000000e-03,
        -6.00000000e-03, -4.00000000e-03,  3.00000000e-03,
         3.00000000e-03,  9.00000000e-03, -1.00000000e-03,
        -4.00000000e-03, -5.00000000e-03,  2.00000000e-03,
         1.00000000e-03,  5.00000000e-03, -9.00000000e-03,
         5.00000000e-03, -1.00000000e-03, -2.00000000e-03,
        -1.00000000e-02, -2.00000000e-03,  0.00000000e+00,
        -2.00000000e-03,  4.00000000e-03,  1.00000000e-03,
        -2.00000000e-03, -2.00000000e-03, -3.00000000e-03,
         1.00000000e-03,  1.00000000e-03,  4.00000000e-03,
         1.00000000e-02,  6.00000000e-03,  7.00000000e-03,
         2.00000000e-03, -1.00000000e-03,  9.00000000e-03,
         4.00000000e-03,  5.00000000e-03,  3.00000000e-03,
         5.00000000e-03,  1.00000000e-03,  9.00000000e-03,
        -7.00000000e-03,  1.00000000e-03,  5.00000000e-03,
        -1.00000000e-03, -1.00000000e-02, -6.00000000e-03,
         1.00000000e-03,  2.00000000e-03]]), 'deltas': array([[0.00015499],
       [0.00016574],
       [0.00017682],
       [0.00013825],
       [0.00017214],
       [0.        ]]), 'outputs': array([[0.13406242],
       [0.85476617],
       [0.15713377],
       [0.11731946],
       [0.1520595 ],
       [1.        ]]), 'errors': 0.0013350551279832446}, {'weights': array([[-1.55346496, -1.6957391 , -1.2849782 ,  5.56899254, -1.82798967,
        -1.96884627],
       [-3.62465476, -5.87067251, -3.76516698, -6.85741017, -3.7467249 ,
         2.51342499],
       [-3.99677911,  8.48005298, -3.21346173, -0.53714978, -2.75194815,
        -1.99600408],
       [ 1.8073844 ,  0.85399428,  2.35171485,  4.5372878 ,  1.50003116,
        -7.51790583]]), 'deltas': array([[-9.13634022e-04],
       [-4.85069630e-05],
       [ 5.36408465e-04],
       [-1.95083057e-05]]), 'outputs': array([[0.03070134],
       [0.00698916],
       [0.97656324],
       [0.00442663]]), 'errors': array([[-0.03070134],
       [-0.00698916],
       [ 0.02343676],
       [-0.00442663]])}]
Accuracy: 77.77777777777779 %

train_data group 4 length:  37
   0   1   2   3   4   5   6   7   8  ...  50  51  52  53  54  55  56  57  58
0   0   0   0   0   0   0   1   1   0 ...   1   0   1   0   1   0   1   0   0
1   0   0   0   0   0   0   1   1   0 ...   1   0   1   0   1   0   1   0   0
2   0   0   0   1   0   0   0   1   0 ...   0   1   0   1   1   0   1   0   1
3   0   0   0   0   0   0   1   1   0 ...   0   1   0   1   1   0   1   0   1
4   0   0   0   0   1   0   0   1   0 ...   1   0   1   0   0   1   1   0   2

[5 rows x 59 columns]
Initial Neural Network:
[{'weights': array([[ 0.009, -0.005,  0.005, -0.008, -0.001,  0.007, -0.002, -0.008,
         0.003, -0.008,  0.005,  0.002,  0.009,  0.006, -0.006,  0.008,
         0.007,  0.005,  0.004, -0.003, -0.007,  0.003, -0.001,  0.01 ,
        -0.008,  0.01 ,  0.002,  0.009, -0.005, -0.01 ,  0.003,  0.   ,
         0.001,  0.007, -0.006,  0.003, -0.003, -0.007, -0.007,  0.003,
         0.001,  0.007,  0.01 ,  0.004, -0.005,  0.   ,  0.01 ,  0.005,
        -0.002, -0.003,  0.007,  0.003, -0.01 ,  0.001, -0.002, -0.002,
        -0.006, -0.007,  0.008],
       [ 0.001,  0.   , -0.008,  0.   ,  0.005, -0.006,  0.001,  0.006,
         0.01 , -0.008,  0.   ,  0.005,  0.01 ,  0.003,  0.003, -0.006,
        -0.001,  0.007,  0.001, -0.009, -0.009, -0.003, -0.008,  0.006,
         0.004, -0.005, -0.006,  0.004,  0.002,  0.005, -0.005,  0.004,
         0.   ,  0.008, -0.002, -0.01 , -0.008, -0.004,  0.01 ,  0.009,
         0.001,  0.003,  0.01 , -0.009,  0.007, -0.003, -0.008,  0.007,
        -0.01 , -0.007,  0.01 ,  0.006, -0.01 , -0.009,  0.006,  0.006,
        -0.003, -0.006, -0.004],
       [-0.003, -0.007, -0.008,  0.003, -0.001, -0.007, -0.006,  0.001,
         0.005, -0.007,  0.007,  0.01 ,  0.006,  0.   , -0.007, -0.002,
         0.008,  0.007,  0.008, -0.01 ,  0.01 , -0.004,  0.001,  0.009,
         0.005, -0.009,  0.002, -0.008, -0.003, -0.003,  0.009,  0.004,
        -0.001, -0.006,  0.003, -0.006, -0.008,  0.005,  0.001,  0.004,
        -0.001,  0.009,  0.009,  0.005, -0.01 , -0.002,  0.005,  0.007,
        -0.003,  0.01 , -0.009,  0.004,  0.009, -0.004,  0.006,  0.008,
        -0.006, -0.009, -0.007],
       [-0.006, -0.01 , -0.001,  0.   ,  0.001,  0.004,  0.009, -0.005,
         0.   ,  0.004, -0.001, -0.001, -0.002, -0.006, -0.001,  0.003,
        -0.001,  0.01 , -0.005, -0.003,  0.002,  0.003,  0.   , -0.01 ,
        -0.006, -0.005,  0.003, -0.003,  0.009,  0.004,  0.01 ,  0.01 ,
         0.009,  0.01 ,  0.002,  0.01 , -0.005, -0.002,  0.006, -0.006,
        -0.005,  0.004, -0.009, -0.005,  0.005, -0.002,  0.008, -0.001,
         0.003,  0.004,  0.005, -0.003,  0.007,  0.01 ,  0.007, -0.001,
         0.007, -0.008, -0.001],
       [ 0.005, -0.006, -0.001, -0.006,  0.009,  0.008,  0.   , -0.006,
        -0.004, -0.01 ,  0.007,  0.01 , -0.01 , -0.003,  0.01 , -0.005,
        -0.005,  0.004, -0.002,  0.005,  0.007,  0.001,  0.008,  0.007,
        -0.002,  0.008, -0.01 ,  0.01 ,  0.008, -0.009,  0.01 , -0.004,
         0.01 ,  0.009, -0.002,  0.009,  0.004,  0.001,  0.001, -0.008,
        -0.007, -0.006,  0.002,  0.006,  0.007, -0.006, -0.003,  0.003,
         0.01 , -0.003,  0.003,  0.005, -0.01 ,  0.003,  0.003,  0.009,
        -0.009,  0.004, -0.009],
       [ 0.   ,  0.009, -0.005, -0.003,  0.01 ,  0.006, -0.008,  0.004,
         0.009,  0.   ,  0.001, -0.008, -0.003, -0.01 , -0.004, -0.001,
        -0.007, -0.002, -0.007, -0.005, -0.006, -0.006, -0.007, -0.008,
         0.005,  0.005,  0.005,  0.001, -0.01 , -0.006, -0.006,  0.009,
         0.001, -0.008,  0.002, -0.004,  0.01 ,  0.006, -0.003,  0.003,
        -0.008, -0.002, -0.001, -0.004,  0.009, -0.005,  0.001,  0.009,
        -0.005,  0.009,  0.01 , -0.008, -0.009,  0.006,  0.004, -0.005,
        -0.004, -0.009,  0.004]]), 'deltas': array([[0.],
       [0.],
       [0.],
       [0.],
       [0.],
       [0.]]), 'outputs': array([[0.],
       [0.],
       [0.],
       [0.],
       [0.],
       [0.]]), 'errors': array([[0.],
       [0.],
       [0.],
       [0.],
       [0.],
       [0.]])}, {'weights': array([[-0.001,  0.008, -0.005,  0.004, -0.007,  0.003],
       [-0.009,  0.009, -0.003, -0.004, -0.006, -0.009],
       [ 0.009,  0.001,  0.001, -0.004,  0.001,  0.001],
       [ 0.002, -0.009,  0.01 ,  0.005,  0.006, -0.004]]), 'deltas': array([[0.],
       [0.],
       [0.],
       [0.],
       [0.]]), 'outputs': array([[0.],
       [0.],
       [0.],
       [0.],
       [0.]]), 'errors': array([[0.],
       [0.],
       [0.],
       [0.],
       [0.]])}]
Training complete!
Training done. epoch: 519 , total error: 0.0008415627026393201
[{'weights': array([[-5.96047379e-02,  4.07698378e-01, -2.40837531e-01,
         2.02224269e-01, -3.76754950e-01, -1.52815411e-01,
         4.57525803e-02, -6.23091958e-01,  4.38754554e-01,
        -7.95373195e-01,  3.86518792e-01,  2.28516999e-01,
        -2.64515047e-01,  5.34196597e-01, -4.40018954e-01,
        -2.10409818e-01,  4.60724143e-02, -1.72254528e-01,
        -7.85644199e-02,  9.07054219e-02, -2.02238778e-02,
         1.92206029e-01,  2.83929691e-01, -4.57236309e-01,
        -1.94236814e-01, -3.37040628e-02, -1.33633341e-01,
        -1.10039041e-02, -1.64333500e-01,  3.86518615e-02,
        -4.97774092e-01,  2.72784827e-01, -4.72955393e-01,
         3.01617990e-01, -1.08365802e-01, -7.39716017e-02,
        -7.90373195e-01, -4.56287279e-02,  7.19463182e-01,
        -7.67986626e-02, -5.63385239e-01, -3.85063558e-01,
         1.57448459e+00, -7.83373195e-01, -1.04538741e-01,
        -7.97986626e-02,  2.65168429e-01, -4.29505833e-01,
         7.14629742e-02, -2.55800378e-01,  6.15035791e-01,
        -7.84373195e-01,  5.98035791e-01, -7.86373195e-01,
        -8.69171857e-01,  6.85834454e-01, -1.74982199e+00,
         1.55748459e+00, -1.71337404e-01],
       [-1.18618669e-01,  4.02859983e-01, -3.75564403e-01,
         1.77738528e-01, -2.45289797e-01, -1.76065285e-01,
         1.44327596e-01, -4.34948628e-01,  2.67336581e-01,
        -8.10963011e-01,  3.93906597e-01,  2.30444366e-01,
        -3.96196277e-01,  6.66306261e-01, -4.37722031e-01,
        -1.88505200e-01, -2.10684688e-03, -2.05576009e-01,
        -4.95882403e-01,  3.81843797e-02,  4.69661986e-01,
         3.67519988e-01,  1.10825948e-01, -4.65867290e-01,
        -1.97090693e-01, -1.96916711e-01,  2.30466368e-03,
        -5.24941483e-02, -1.25117899e-01,  1.01523201e-02,
        -1.16376823e-01, -7.33875445e-02, -6.12167159e-01,
         4.36555112e-01, -1.06812986e-01, -8.87990608e-02,
        -8.10963011e-01, -1.66633447e-01,  7.31974623e-01,
         6.90097885e-02, -6.48652610e-01, -3.04775342e-01,
         1.58677892e+00, -8.11963011e-01, -2.36621836e-01,
         5.70097885e-02,  2.43457679e-01, -4.28069727e-01,
         1.68963981e-01, -3.69576028e-01,  6.29350964e-01,
        -7.96963011e-01,  6.09350964e-01, -8.11963011e-01,
        -7.36953222e-01,  5.65341175e-01, -1.76339096e+00,
         1.57077892e+00, -1.87612047e-01],
       [-2.19303051e-01,  3.93011309e-01, -4.93922335e-01,
         5.39178534e-01, -3.54475166e-01, -1.83203406e-01,
         1.67910742e-01, -1.60188655e-01,  4.43852810e-02,
        -8.26723347e-01,  4.20738887e-01,  2.94181085e-01,
        -3.61501721e-01,  6.94999435e-01, -4.56301089e-01,
        -3.40398043e-01,  2.24594669e-01, -3.09740092e-01,
        -6.11878208e-01,  9.68791306e-03,  8.05127013e-01,
         4.30794498e-01,  1.33555871e-01, -4.70495325e-01,
        -2.04658418e-01, -2.86072971e-01,  1.57269597e-01,
         4.50531340e-02, -1.77856508e-01, -2.30998619e-02,
         2.95187431e-01, -3.83890944e-01, -5.06633870e-01,
         3.77830496e-01, -2.41532186e-01,  1.16728811e-01,
        -8.27723347e-01, -1.16827342e-01,  7.32521395e-01,
         9.22259190e-02, -6.36369431e-01, -2.60388548e-01,
         1.61167795e+00, -8.14723347e-01, -2.20029293e-01,
         8.62259190e-02,  2.69359375e-01, -3.79162749e-01,
         1.16654364e-01, -2.31457738e-01,  6.88919973e-01,
        -8.15723347e-01,  7.06919973e-01, -8.23723347e-01,
        -7.25497428e-01,  6.17694054e-01, -1.73048133e+00,
         1.59367795e+00, -1.28803374e-01],
       [-1.50353424e-01,  3.97977862e-01, -3.32797737e-01,
         3.75692666e-01, -3.97580028e-01, -1.61776901e-01,
         9.69257488e-02, -4.42648074e-01,  2.68736261e-01,
        -7.96444967e-01,  3.97090407e-01,  2.32442747e-01,
        -3.20271745e-01,  5.86205771e-01, -4.43845839e-01,
        -3.02605106e-01,  1.35693293e-01, -2.42468849e-01,
        -2.50774058e-01,  5.93726165e-02,  2.68958477e-01,
         2.73315148e-01,  2.27563479e-01, -4.81591412e-01,
        -2.01199028e-01, -1.12651914e-01, -5.82598992e-02,
         2.28697246e-02, -1.85781537e-01,  3.49396162e-02,
        -1.85185144e-01,  5.33371503e-03, -4.80496869e-01,
         3.30585056e-01, -1.80077256e-01,  2.31654427e-02,
        -8.05444967e-01, -7.45832037e-02,  7.34773458e-01,
        -3.06571003e-02, -5.77017658e-01, -3.80704197e-01,
         1.57925501e+00, -8.05444967e-01, -1.39254713e-01,
        -2.66571003e-02,  2.73729493e-01, -4.35641306e-01,
         7.01530621e-02, -2.32064875e-01,  6.36533154e-01,
        -8.03444967e-01,  6.38533154e-01, -7.90444967e-01,
        -8.18102067e-01,  6.55190254e-01, -1.75016682e+00,
         1.58025501e+00, -1.69911813e-01],
       [-5.05568265e-02,  4.02768179e-01, -1.40072577e-01,
         3.71284714e-01, -5.46305927e-01, -1.58826001e-01,
        -3.07363501e-02, -7.04788547e-01,  5.33343758e-01,
        -7.87942335e-01,  3.87098977e-01,  2.46398569e-01,
        -1.64603396e-01,  4.21666913e-01, -4.21508306e-01,
        -2.98226035e-01,  1.26781246e-01, -2.01908225e-01,
         3.15982183e-01,  1.79105374e-01, -4.40624121e-01,
         3.02485367e-02,  4.62310378e-01, -4.57205328e-01,
        -1.82798376e-01,  9.79953586e-02, -2.61440148e-01,
         5.11342082e-02, -1.94578997e-01,  7.84972716e-02,
        -7.64558971e-01,  5.21616911e-01, -2.72931404e-01,
         1.30486615e-01, -1.31943094e-01, -2.25016951e-02,
        -7.73942335e-01,  8.61863269e-02,  7.14437645e-01,
        -1.90126425e-01, -4.60749704e-01, -4.79868521e-01,
         1.54611577e+00, -7.71942335e-01,  2.76816363e-02,
        -1.88126425e-01,  2.55073123e-01, -4.16517912e-01,
        -5.07254063e-02, -1.03719383e-01,  6.19497546e-01,
        -7.72942335e-01,  6.06497546e-01, -7.74942335e-01,
        -9.57068761e-01,  8.07623972e-01, -1.71456056e+00,
         1.54811577e+00, -1.70444789e-01],
       [ 0.00000000e+00,  9.00000000e-03, -5.00000000e-03,
        -3.00000000e-03,  1.00000000e-02,  6.00000000e-03,
        -8.00000000e-03,  4.00000000e-03,  9.00000000e-03,
         0.00000000e+00,  1.00000000e-03, -8.00000000e-03,
        -3.00000000e-03, -1.00000000e-02, -4.00000000e-03,
        -1.00000000e-03, -7.00000000e-03, -2.00000000e-03,
        -7.00000000e-03, -5.00000000e-03, -6.00000000e-03,
        -6.00000000e-03, -7.00000000e-03, -8.00000000e-03,
         5.00000000e-03,  5.00000000e-03,  5.00000000e-03,
         1.00000000e-03, -1.00000000e-02, -6.00000000e-03,
        -6.00000000e-03,  9.00000000e-03,  1.00000000e-03,
        -8.00000000e-03,  2.00000000e-03, -4.00000000e-03,
         1.00000000e-02,  6.00000000e-03, -3.00000000e-03,
         3.00000000e-03, -8.00000000e-03, -2.00000000e-03,
        -1.00000000e-03, -4.00000000e-03,  9.00000000e-03,
        -5.00000000e-03,  1.00000000e-03,  9.00000000e-03,
        -5.00000000e-03,  9.00000000e-03,  1.00000000e-02,
        -8.00000000e-03, -9.00000000e-03,  6.00000000e-03,
         4.00000000e-03, -5.00000000e-03, -4.00000000e-03,
        -9.00000000e-03,  4.00000000e-03]]), 'deltas': array([[-8.29714995e-05],
       [-3.45664091e-04],
       [-3.84182927e-04],
       [-1.80699891e-04],
       [-1.58681490e-05],
       [-0.00000000e+00]]), 'outputs': array([[0.05563692],
       [0.32362189],
       [0.58195914],
       [0.13179852],
       [0.01015151],
       [1.        ]]), 'errors': -0.0015791625488996456}, {'weights': array([[ -2.01340156,   8.50700302,   6.70170724,  -0.77383422,
        -14.08824304,  -1.3451207 ],
       [ -6.88436524,  -7.60101812,  -8.10592944,  -7.17190553,
         -6.37480873,   2.21604576],
       [ -2.22389174,  -7.12674024,  -0.11797641,  -1.36964574,
          9.33420475,  -0.92965254],
       [  2.10359655,   2.02378618,   1.95708401,   2.02901919,
          2.17777106,  -5.74172352]]), 'deltas': array([[ 4.90273469e-05],
       [-3.01039235e-06],
       [-8.12644529e-04],
       [-7.71513765e-04]]), 'outputs': array([[0.99297332],
       [0.00173656],
       [0.02892842],
       [0.02817591]]), 'errors': array([[ 0.00702668],
       [-0.00173656],
       [-0.02892842],
       [-0.02817591]])}]
Accuracy: 90.0 %

Feedforward Neural Network AVG Accuracy (%): 82.66666666666666 %
