Namespace(error_threshold=0.001, max_epochs=1000, num_layers=1, num_nodes_per_hidden_layer=4, training_rate=0.5)

train_data group 0 length:  38
   0   1   2   3   4   5   6   7   8  ...  50  51  52  53  54  55  56  57  58
0   0   0   0   0   1   0   0   1   0 ...   1   0   1   0   1   0   1   0   0
1   0   0   0   0   0   0   1   1   0 ...   1   0   1   0   1   0   1   0   0
2   0   0   0   0   0   1   0   1   0 ...   0   1   0   1   1   0   1   0   1
3   0   0   0   0   1   0   0   1   0 ...   0   1   0   1   1   0   1   0   1
4   1   0   0   0   0   0   0   0   1 ...   1   0   1   0   0   1   1   0   2

[5 rows x 59 columns]
Initial Neural Network:
[{'weights': array([[-0.002,  0.003, -0.01 , -0.005,  0.008, -0.006,  0.005,  0.009,
         0.006, -0.001,  0.003,  0.007, -0.005,  0.002,  0.   , -0.008,
         0.006,  0.009, -0.004, -0.008,  0.005, -0.009, -0.01 , -0.006,
         0.009, -0.009, -0.01 ,  0.005,  0.   , -0.003,  0.   ,  0.003,
        -0.004,  0.   , -0.01 , -0.008, -0.006,  0.003, -0.006, -0.004,
         0.005,  0.002,  0.009,  0.01 , -0.001, -0.006, -0.001,  0.007,
         0.004, -0.003, -0.005, -0.006,  0.005, -0.003, -0.005, -0.005,
         0.009,  0.007, -0.009],
       [ 0.01 , -0.004, -0.01 ,  0.008,  0.001, -0.005, -0.007, -0.004,
         0.01 , -0.009,  0.002, -0.008, -0.004,  0.007,  0.005, -0.009,
         0.003, -0.004,  0.003,  0.009, -0.001,  0.01 , -0.005,  0.001,
         0.008, -0.006,  0.   ,  0.004, -0.002,  0.005, -0.008,  0.002,
         0.007,  0.01 ,  0.004,  0.01 ,  0.01 , -0.001,  0.009, -0.006,
        -0.004,  0.002,  0.002,  0.008, -0.004, -0.007,  0.   , -0.001,
        -0.01 ,  0.003, -0.005, -0.007, -0.006,  0.   ,  0.01 ,  0.   ,
        -0.007,  0.007, -0.01 ],
       [ 0.001, -0.006,  0.01 , -0.008,  0.003, -0.001,  0.004,  0.006,
        -0.009,  0.001,  0.01 , -0.004, -0.008, -0.01 ,  0.008, -0.01 ,
         0.005,  0.005, -0.002,  0.004,  0.007,  0.006,  0.006,  0.009,
        -0.009, -0.004, -0.006,  0.009, -0.003, -0.008,  0.007, -0.008,
         0.006, -0.006,  0.004,  0.007, -0.008, -0.003, -0.006,  0.009,
        -0.003, -0.002,  0.01 ,  0.007,  0.008, -0.006,  0.006, -0.007,
         0.001,  0.   , -0.009, -0.009,  0.003,  0.005, -0.001,  0.009,
        -0.008, -0.007,  0.01 ],
       [-0.001, -0.003, -0.009,  0.009,  0.004,  0.005, -0.004, -0.01 ,
         0.008,  0.003,  0.008,  0.008, -0.003,  0.003, -0.005, -0.003,
        -0.008, -0.009,  0.   , -0.004,  0.   , -0.003, -0.004, -0.005,
         0.004,  0.008, -0.004,  0.008,  0.003,  0.006,  0.002, -0.002,
        -0.009, -0.001, -0.003, -0.006,  0.009,  0.008, -0.009,  0.   ,
         0.007, -0.01 , -0.006, -0.002, -0.003,  0.01 ,  0.   ,  0.007,
        -0.003,  0.003, -0.008,  0.005,  0.002,  0.01 , -0.006, -0.009,
         0.001, -0.009,  0.008]]), 'deltas': array([[0.],
       [0.],
       [0.],
       [0.],
       [0.]]), 'outputs': array([[0.],
       [0.],
       [0.],
       [0.],
       [0.]]), 'errors': array([[0.],
       [0.],
       [0.],
       [0.],
       [0.]])}]
Training complete!
Training done. epoch: 18 , total error: 0.0008527566301519768
[{'weights': array([[-2.45648363e-01, -1.07534820e-01, -1.51990430e-01,
         9.71604942e-02,  1.00892368e-01, -1.83961377e-04,
         6.27425121e-02,  2.92379925e-01, -5.14942125e-01,
        -3.54669543e-01, -7.34858529e-02,  1.99593196e-01,
        -4.15428982e-01,  4.01097566e-01, -2.26230784e-01,
         8.22190598e-02, -3.21781260e-01, -1.33725855e-01,
         1.74034101e-02,  5.96238036e-03, -1.25202136e-01,
         4.90152360e-01, -3.59950441e-01, -1.36524517e-01,
        -2.47239602e-01, -1.22673296e-01, -1.33888904e-01,
        -5.33905619e-02, -1.79171638e-01, -1.71918765e-01,
        -1.58520435e-01,  9.28770005e-02, -3.01730791e-01,
         6.01685917e-02, -3.07511364e-01,  5.19491645e-02,
        -3.59669543e-01, -4.01064909e-01, -1.99278466e-01,
         7.09450719e-01,  3.50275669e-01,  7.24442587e-02,
        -2.90612584e-01, -3.43669543e-01, -9.52012919e-01,
         7.07450719e-01, -5.08289164e-01,  2.76726964e-01,
        -4.14535980e-02, -1.95108602e-01,  1.11107343e-01,
        -3.59669543e-01,  1.21107343e-01, -3.56669543e-01,
         3.54781176e-01, -6.02343376e-01,  1.02547180e-01,
        -3.24109380e-01, -2.46562200e-01],
       [-1.15366866e-01, -1.01155998e-01, -5.28264968e-02,
        -8.22184437e-02,  8.40918509e-02,  1.14994721e-01,
         1.08231978e-02,  1.72787029e-01, -3.01445064e-01,
         4.79716976e-01, -7.18722190e-02, -5.57502791e-01,
        -2.26669175e-01, -1.99862024e-01,  2.99873165e-01,
        -2.90258413e-01,  1.49600378e-01, -4.90852618e-02,
        -7.73438855e-02, -4.36038428e-02,  4.23749555e-02,
        -1.92191775e-01, -4.01701865e-01,  1.64543918e-01,
         3.08691688e-01,  1.03194548e-01, -2.43852583e-01,
        -1.44017844e-01,  1.13598099e-02, -7.15209877e-02,
         4.26960802e-02, -1.06833127e-01, -7.68002322e-02,
        -4.08578024e-02, -7.54959312e-02, -4.51621034e-02,
         4.98716976e-01, -1.63571566e-01, -1.61256905e-01,
        -2.96546539e-01, -1.24458805e-01, -2.51887966e-01,
        -2.47028239e-01,  4.96716976e-01,  1.51888504e-01,
        -2.97546539e-01,  3.00911788e-01, -4.36569823e-01,
        -9.43198373e-02, -4.73381973e-02, -6.28375010e-01,
         4.81716976e-01, -6.29375010e-01,  4.88716976e-01,
         2.08170437e-01, -3.32828471e-01,  1.25778242e-01,
        -2.60436276e-01, -1.44658035e-01],
       [ 2.94276245e-01, -1.22887040e-01,  7.25984156e-02,
        -1.41638055e-01, -8.81529903e-02, -1.52639006e-01,
        -6.79367972e-02, -3.24209104e-01,  1.11829876e-01,
        -1.31734289e-01, -1.83717696e-01,  1.13072757e-01,
         5.01599109e-01, -6.18547379e-01, -1.02430957e-01,
        -1.83815731e-02, -1.95997654e-01,  2.33953936e-01,
        -1.84618393e-01, -1.64823788e-01, -7.98909824e-02,
        -2.07312599e-01,  1.70972573e-01, -8.36257290e-02,
        -7.74134726e-02, -1.13815191e-01, -1.05564036e-01,
        -1.27058288e-01, -7.63209392e-02, -3.47238845e-01,
         2.67317247e-01, -1.38457630e-01,  8.89577355e-01,
        -1.09895658e+00, -1.35684268e-01, -6.26949596e-02,
        -1.40734289e-01,  4.73055091e-01, -2.73802309e-01,
        -2.75897720e-01, -1.21179580e-01,  7.14859214e-01,
        -6.65324573e-01, -1.25734289e-01,  8.35184930e-02,
        -2.90897720e-01, -6.09974036e-01,  3.99594808e-01,
        -5.61113504e-01,  3.52734277e-01, -8.56449384e-02,
        -1.41734289e-01, -7.36449384e-02, -1.27734289e-01,
        -4.18632009e-01,  2.17252782e-01,  3.03109784e-01,
        -5.27489012e-01, -1.99379227e-01],
       [-3.99994767e-02,  2.78785257e-01,  1.03524739e-02,
        -2.29958520e-02, -1.06903290e-01, -1.59975059e-01,
        -1.50406567e-01, -5.93592005e-01,  3.99449491e-01,
        -3.05123746e-01,  2.28885175e-01, -9.69039425e-02,
        -2.77723839e-01,  2.35456814e-01, -1.54875489e-01,
        -3.42610276e-01,  1.39467762e-01, -2.64425825e-01,
         1.82796575e-03,  6.80385098e-02, -1.05831646e-02,
        -1.77406370e-01,  1.75038151e-01, -1.05792910e-01,
        -9.19813855e-02, -3.26547893e-01,  1.38405378e-01,
        -1.00373370e-01, -8.07691443e-02,  3.58554979e-01,
        -4.31800688e-01, -1.12896806e-01, -7.09094891e-01,
         5.06952377e-01, -7.82787241e-02, -1.22863790e-01,
        -2.99123746e-01, -1.11883492e-01,  4.71100042e-01,
        -2.44235318e-01, -1.47431275e-01, -7.99898933e-01,
         1.05431144e+00, -3.10123746e-01,  4.90928036e-02,
        -2.34235318e-01,  3.76869215e-01, -5.62011729e-01,
         3.17433944e-02, -2.23885909e-01,  1.07981232e-01,
        -3.03123746e-01,  1.17981232e-01, -2.98123746e-01,
        -5.58359064e-01,  3.51216550e-01, -1.00211427e+00,
         8.01971759e-01, -1.84142514e-01]]), 'deltas': array([[-0.0002756 ],
       [ 0.0007941 ],
       [-0.00039496],
       [-0.00020177]]), 'outputs': array([[0.01674194],
       [0.97140859],
       [0.02007616],
       [0.01430733]]), 'errors': array([[-0.01674194],
       [ 0.02859141],
       [-0.02007616],
       [-0.01430733]])}]
neural_net output [0.93259302 0.01822169 0.04042438 0.02225333]
target: 0 prediction: 0
neural_net output [0.94598037 0.03172954 0.05476866 0.00758641]
target: 0 prediction: 0
neural_net output [0.05181221 0.92072993 0.00514836 0.03661737]
target: 1 prediction: 1
neural_net output [0.02265759 0.97190139 0.01261527 0.02617487]
target: 1 prediction: 1
neural_net output [0.08838909 0.0226178  0.74344705 0.04863824]
target: 2 prediction: 2
neural_net output [0.02028646 0.01292589 0.95735348 0.02312965]
target: 2 prediction: 2
neural_net output [0.03193429 0.01008909 0.06371025 0.94088248]
target: 3 prediction: 3
neural_net output [0.01655108 0.01402708 0.01843682 0.97385041]
target: 3 prediction: 3
neural_net output [0.02965178 0.01035372 0.02491685 0.96967342]
target: 3 prediction: 3
Accuracy: 100.0 %

train_data group 1 length:  38
   0   1   2   3   4   5   6   7   8  ...  50  51  52  53  54  55  56  57  58
0   0   0   0   0   0   0   1   1   0 ...   1   0   1   0   1   0   1   0   0
1   0   0   0   0   0   0   1   1   0 ...   1   0   1   0   1   0   1   0   0
2   0   0   0   1   0   0   0   1   0 ...   0   1   0   1   1   0   1   0   1
3   0   0   0   0   0   0   1   1   0 ...   0   1   0   1   1   0   1   0   1
4   0   0   0   0   1   0   0   1   0 ...   1   0   1   0   0   1   1   0   2

[5 rows x 59 columns]
Initial Neural Network:
[{'weights': array([[-0.004,  0.006,  0.003,  0.001,  0.01 , -0.008, -0.004,  0.003,
        -0.006, -0.007,  0.008,  0.001,  0.002, -0.002,  0.008, -0.004,
        -0.01 , -0.001, -0.001,  0.   , -0.008,  0.001, -0.006,  0.008,
         0.002, -0.009,  0.01 , -0.004,  0.001, -0.002, -0.01 ,  0.003,
        -0.009, -0.002,  0.006,  0.001,  0.001, -0.005, -0.008,  0.005,
        -0.002,  0.002,  0.006,  0.01 , -0.002, -0.005,  0.009,  0.002,
         0.01 , -0.006,  0.004,  0.009, -0.01 , -0.007,  0.004,  0.002,
        -0.004, -0.008, -0.008],
       [-0.006, -0.001, -0.002,  0.001,  0.003, -0.003, -0.003, -0.008,
        -0.002, -0.003, -0.009,  0.008,  0.01 , -0.007, -0.007,  0.004,
        -0.004, -0.004,  0.003, -0.007,  0.009,  0.003,  0.01 ,  0.   ,
        -0.002,  0.002,  0.003,  0.01 ,  0.002, -0.001, -0.003, -0.007,
        -0.004,  0.003,  0.001,  0.002, -0.006,  0.006,  0.008,  0.005,
        -0.009,  0.004, -0.001,  0.   , -0.007,  0.006,  0.009,  0.007,
        -0.005, -0.007,  0.002, -0.01 ,  0.   ,  0.008, -0.003,  0.006,
         0.01 , -0.003, -0.006],
       [-0.006, -0.004,  0.004,  0.007,  0.001, -0.003,  0.002, -0.009,
         0.005,  0.005,  0.009, -0.007, -0.001, -0.005,  0.   , -0.002,
        -0.009, -0.008, -0.003, -0.005, -0.008,  0.002, -0.006,  0.004,
        -0.01 ,  0.   ,  0.009, -0.002, -0.01 ,  0.008,  0.   ,  0.01 ,
         0.006, -0.007,  0.008,  0.008,  0.006, -0.008, -0.007,  0.01 ,
         0.006,  0.006, -0.007,  0.004, -0.001, -0.008,  0.007,  0.004,
         0.009,  0.002, -0.006,  0.004, -0.002,  0.007,  0.005,  0.005,
         0.002,  0.006,  0.005],
       [ 0.002, -0.004,  0.002, -0.01 , -0.01 ,  0.006,  0.005,  0.009,
        -0.002,  0.   , -0.008, -0.008,  0.005,  0.001, -0.009,  0.01 ,
         0.001,  0.   , -0.007, -0.008, -0.004,  0.005, -0.001,  0.007,
        -0.008,  0.002, -0.001, -0.01 ,  0.001,  0.004, -0.006, -0.005,
         0.004,  0.005, -0.002,  0.004, -0.005, -0.001, -0.001,  0.009,
         0.01 ,  0.004, -0.005, -0.002, -0.004, -0.006,  0.   ,  0.006,
         0.002, -0.005, -0.004, -0.005, -0.004,  0.005,  0.   , -0.009,
         0.003,  0.   , -0.001]]), 'deltas': array([[0.],
       [0.],
       [0.],
       [0.],
       [0.]]), 'outputs': array([[0.],
       [0.],
       [0.],
       [0.],
       [0.]]), 'errors': array([[0.],
       [0.],
       [0.],
       [0.],
       [0.]])}]
Training complete!
Training done. epoch: 18 , total error: 0.0007904364883979312
[{'weights': array([[-0.27403357, -0.05168123, -0.12976342,  0.04237675,  0.0224903 ,
         0.09037564,  0.07277023,  0.24745947, -0.48192478, -0.37624395,
        -0.07259417,  0.21937282, -0.37501912,  0.31009817, -0.15854435,
         0.13446156, -0.37992686, -0.25237668,  0.02755829,  0.14387789,
        -0.1605248 ,  0.45050036, -0.31772172, -0.16499261, -0.19425134,
         0.01733915, -0.24780445, -0.15691658, -0.07754872, -0.11665238,
        -0.08378457, -0.04002835, -0.2696843 ,  0.027219  , -0.3105771 ,
         0.08611179, -0.36824395, -0.51045067, -0.12157849,  0.7618078 ,
         0.30830621,  0.11440007, -0.27892763, -0.35924395, -0.9902731 ,
         0.7518078 , -0.46693849,  0.24647319, -0.03791743, -0.18954787,
         0.14177865, -0.36024395,  0.12777865, -0.37624395,  0.39156386,
        -0.61702916,  0.07557441, -0.31903971, -0.2394653 ],
       [-0.14604083, -0.04659002, -0.10249643,  0.02697931,  0.02257283,
         0.02501631,  0.0718917 ,  0.16098876, -0.30865588,  0.4913465 ,
        -0.10905443, -0.52395919, -0.15180219, -0.20997547,  0.22011053,
        -0.24136087,  0.10369374,  0.02194091, -0.02241196, -0.16023769,
         0.02404161, -0.17258879, -0.44642483,  0.24653497,  0.24581153,
         0.11387675, -0.24654388, -0.10829504, -0.01737208,  0.0619721 ,
        -0.0233735 , -0.18726573, -0.08084669, -0.05782044, -0.03637521,
        -0.09829192,  0.4883465 , -0.25465867, -0.07755741, -0.28079754,
        -0.12172502, -0.26071765, -0.25557095,  0.4943465 ,  0.14113041,
        -0.27979754,  0.34650445, -0.46817158, -0.08985348, -0.05981365,
        -0.63001362,  0.4843465 , -0.63201362,  0.5023465 ,  0.20554896,
        -0.34021608,  0.13147995, -0.26214708, -0.14366713],
       [ 0.29172952, -0.1931813 , -0.09628059, -0.08693526,  0.14277354,
        -0.08914682, -0.17400377, -0.18482185, -0.02522282, -0.15856865,
        -0.17315887,  0.13268285,  0.67328919, -0.81730654, -0.06802732,
        -0.04960878, -0.16743588,  0.35656718, -0.29308357, -0.09299747,
        -0.20053081, -0.16843686,  0.12196085, -0.05700069, -0.11256796,
        -0.15109601, -0.04594866, -0.04930861, -0.16873605, -0.41456788,
         0.26261416, -0.03609095,  0.74366279, -0.95070746, -0.18365944,
        -0.00638522, -0.15756865,  0.48093609, -0.22784097, -0.30057114,
        -0.13022531,  0.77827233, -0.68552303, -0.15956865,  0.10352647,
        -0.31857114, -0.56288298,  0.36783831, -0.64217066,  0.44712599,
        -0.04847601, -0.15956865, -0.04447601, -0.15656865, -0.46913979,
         0.27309512,  0.32146308, -0.51950775, -0.20104467],
       [ 0.05147094,  0.2662306 ,  0.06703575, -0.18892566, -0.1276642 ,
        -0.10399404, -0.16974625, -0.6307318 ,  0.44113894, -0.27736463,
         0.2538123 , -0.18904053, -0.39588146,  0.33559294, -0.13930434,
        -0.31085755,  0.12526469, -0.3303792 ,  0.07693545, -0.04522146,
         0.08307234, -0.12386834,  0.20864011, -0.09665331, -0.18171132,
        -0.41088775,  0.21529489, -0.1072187 , -0.09837416,  0.22421748,
        -0.44651776,  0.01870742, -0.6173288 ,  0.42973594, -0.04764284,
        -0.14695002, -0.28236463, -0.04377308,  0.38165452, -0.25010967,
        -0.15356877, -0.78408274,  1.02742328, -0.27936463,  0.05851681,
        -0.26510967,  0.340867  , -0.53145986,  0.06214897, -0.26174183,
         0.07677177, -0.28236463,  0.07677177, -0.27236463, -0.5364743 ,
         0.33088144, -1.0057068 ,  0.81211394, -0.19759286]]), 'deltas': array([[-6.01035375e-04],
       [-7.06100074e-05],
       [-2.83344841e-04],
       [ 5.90202743e-04]]), 'outputs': array([[0.02482613],
       [0.00843866],
       [0.01697759],
       [0.97540148]]), 'errors': array([[-0.02482613],
       [-0.00843866],
       [-0.01697759],
       [ 0.02459852]])}]
Accuracy: 100.0 %

train_data group 2 length:  37
   0   1   2   3   4   5   6   7   8  ...  50  51  52  53  54  55  56  57  58
0   0   0   0   0   0   0   1   1   0 ...   1   0   1   0   1   0   1   0   0
1   0   0   0   0   0   0   1   1   0 ...   1   0   1   0   1   0   1   0   0
2   0   0   0   1   0   0   0   1   0 ...   0   1   0   1   1   0   1   0   1
3   0   0   0   0   0   0   1   1   0 ...   0   1   0   1   1   0   1   0   1
4   0   0   0   0   1   0   0   1   0 ...   1   0   1   0   0   1   1   0   2

[5 rows x 59 columns]
Initial Neural Network:
[{'weights': array([[ 0.005,  0.003,  0.006,  0.005,  0.006,  0.007, -0.006, -0.008,
        -0.002,  0.006,  0.002,  0.004,  0.005,  0.006, -0.007, -0.005,
         0.007,  0.007, -0.001, -0.01 , -0.006,  0.002, -0.008, -0.008,
        -0.001, -0.009, -0.003,  0.008, -0.005, -0.01 ,  0.009,  0.006,
        -0.001,  0.006,  0.   ,  0.004,  0.004, -0.01 ,  0.002,  0.007,
        -0.007,  0.001,  0.009, -0.009, -0.007, -0.004,  0.002, -0.001,
         0.006,  0.   , -0.007,  0.001,  0.006,  0.002,  0.001,  0.01 ,
         0.005, -0.008,  0.01 ],
       [-0.004,  0.001, -0.01 , -0.01 ,  0.001, -0.01 , -0.002,  0.007,
        -0.003,  0.005,  0.006,  0.   , -0.01 ,  0.009, -0.001, -0.005,
        -0.008, -0.004, -0.004, -0.004,  0.006, -0.001,  0.002,  0.006,
        -0.004,  0.001,  0.005, -0.009,  0.01 , -0.009,  0.01 , -0.003,
         0.   ,  0.008, -0.009,  0.005, -0.006, -0.009, -0.004,  0.008,
        -0.001, -0.007,  0.005,  0.01 , -0.006, -0.01 , -0.009, -0.004,
        -0.003, -0.003, -0.008, -0.005, -0.001, -0.009, -0.005,  0.002,
         0.003, -0.003,  0.001],
       [ 0.01 ,  0.001, -0.001, -0.002, -0.006,  0.006, -0.009,  0.008,
         0.002,  0.008, -0.001, -0.005, -0.009, -0.008, -0.005,  0.004,
         0.001, -0.003, -0.006, -0.004,  0.01 , -0.007, -0.001,  0.004,
        -0.003,  0.003,  0.   ,  0.001,  0.009, -0.004,  0.008, -0.006,
        -0.009,  0.001,  0.004, -0.006,  0.   ,  0.008,  0.   ,  0.004,
         0.009,  0.003,  0.004,  0.   ,  0.001, -0.007,  0.   ,  0.009,
        -0.002,  0.005, -0.001,  0.007,  0.005,  0.007,  0.009, -0.004,
        -0.009, -0.004, -0.005],
       [ 0.002,  0.008, -0.006, -0.001, -0.008,  0.005, -0.007, -0.003,
        -0.007, -0.001,  0.009, -0.007, -0.008, -0.01 ,  0.007,  0.003,
        -0.005, -0.007,  0.001,  0.006,  0.004, -0.004,  0.   ,  0.008,
         0.008,  0.008,  0.007,  0.003, -0.01 ,  0.007, -0.005,  0.002,
        -0.004,  0.01 , -0.004,  0.005, -0.009, -0.005, -0.001,  0.   ,
         0.   ,  0.01 , -0.008, -0.004,  0.005,  0.01 , -0.008, -0.006,
        -0.01 , -0.006, -0.008,  0.01 ,  0.007, -0.003,  0.007, -0.005,
        -0.006, -0.009,  0.004]]), 'deltas': array([[0.],
       [0.],
       [0.],
       [0.],
       [0.]]), 'outputs': array([[0.],
       [0.],
       [0.],
       [0.],
       [0.]]), 'errors': array([[0.],
       [0.],
       [0.],
       [0.],
       [0.]])}]
Training complete!
Training done. epoch: 15 , total error: 0.0009551882067497126
[{'weights': array([[-0.21647671, -0.16234769, -0.10411773,  0.14360123, -0.10136317,
         0.0336016 ,  0.1962482 ,  0.27241497, -0.51926924, -0.3370886 ,
        -0.05563805,  0.16787238, -0.39699127,  0.32971627, -0.16557927,
         0.15186528, -0.38671956, -0.24500778,  0.00540858, -0.07009973,
         0.06284466,  0.40264892, -0.26388874, -0.17497125, -0.21564321,
        -0.12858823, -0.12026604, -0.05405363, -0.17980064, -0.1954896 ,
        -0.05168841,  0.01532374, -0.21781562, -0.01403865, -0.2810352 ,
         0.04818093, -0.3390886 , -0.43012201, -0.18472281,  0.72007915,
         0.32582672,  0.07486123, -0.29145362, -0.3520886 , -0.95693343,
         0.70907915, -0.50374282,  0.26788855, -0.02736062, -0.20349365,
         0.09923433, -0.3420886 ,  0.11223433, -0.3410886 ,  0.37099055,
        -0.59684482,  0.08905611, -0.32891038, -0.22685427],
       [-0.11508262, -0.11516767, -0.05835893, -0.01448992,  0.07803471,
         0.04673805,  0.01744635,  0.17631432, -0.29919435,  0.48441237,
        -0.04158488, -0.55870752, -0.2220592 , -0.12988947,  0.22306864,
        -0.24886082,  0.10898079, -0.05891096, -0.01355478,  0.02962796,
        -0.09004225, -0.15995019, -0.42273097,  0.2400648 ,  0.21873633,
         0.15420484, -0.27508487, -0.07496549, -0.05091454,  0.00163843,
         0.0059008 , -0.13641925, -0.06675236, -0.05212767, -0.1068484 ,
        -0.02403163,  0.47341237, -0.19850578, -0.1539633 , -0.25882332,
        -0.13336984, -0.25148058, -0.22444198,  0.48941237,  0.13394329,
        -0.27682332,  0.3141112 , -0.45399123, -0.04781377, -0.08506626,
        -0.6142924 ,  0.47441237, -0.6072924 ,  0.47041237,  0.20758905,
        -0.33746908,  0.11014349, -0.23702352, -0.12588003],
       [ 0.34335932, -0.22056733, -0.0196387 , -0.18785146,  0.13715129,
        -0.08022828, -0.16808477, -0.22624828,  0.04138836, -0.12804279,
        -0.0777863 ,  0.01296917,  0.607262  , -0.71155713, -0.11256479,
        -0.03514074, -0.15471919,  0.32286909, -0.22131939, -0.06181866,
        -0.23759097, -0.23652724,  0.18658938, -0.10152803, -0.05039404,
        -0.06438906, -0.12747087, -0.05514241, -0.12971751, -0.45299531,
         0.06439893,  0.19173645,  0.67426914, -0.87712907, -0.14920529,
        -0.04765464, -0.13604279,  0.58978658, -0.32875579, -0.30784793,
        -0.12000427,  0.71706792, -0.63988079, -0.13604279,  0.117988  ,
        -0.31884793, -0.52300783,  0.33714791, -0.61448313,  0.42262321,
        -0.05981714, -0.12904279, -0.05381714, -0.12904279, -0.43889072,
         0.2490308 ,  0.26778975, -0.47564968, -0.19985993],
       [-0.11022498,  0.37907722,  0.04659946, -0.05592637, -0.18441501,
        -0.07883088, -0.19649154, -0.62247058,  0.41925849, -0.2899818 ,
         0.15146807, -0.05369836, -0.33683921,  0.24613364, -0.11350652,
        -0.35645124,  0.16123914, -0.30164074,  0.0618926 , -0.088989  ,
         0.13952505, -0.16517146,  0.15697439, -0.1085983 , -0.06441672,
        -0.33895139,  0.16073929, -0.1656384 , -0.03457369,  0.36296255,
        -0.254849  , -0.29732564, -0.57674124,  0.38952914, -0.05799405,
        -0.13421805, -0.2979818 , -0.18939282,  0.51950722, -0.2403447 ,
        -0.152856  , -0.74037401,  0.99099973, -0.2929818 ,  0.0521326 ,
        -0.2303447 ,  0.26242061, -0.4696327 ,  0.0300845 , -0.23929659,
         0.08776971, -0.2789818 ,  0.10276971, -0.2919818 , -0.5223265 ,
         0.3311144 , -0.95535192,  0.74713982, -0.18921209]]), 'deltas': array([[-0.00057349],
       [-0.00015328],
       [ 0.00055475],
       [-0.00058446]]), 'outputs': array([[0.0242433 ],
       [0.01245863],
       [0.97616094],
       [0.02447694]]), 'errors': array([[-0.0242433 ],
       [-0.01245863],
       [ 0.02383906],
       [-0.02447694]])}]
Accuracy: 100.0 %

train_data group 3 length:  38
   0   1   2   3   4   5   6   7   8  ...  50  51  52  53  54  55  56  57  58
0   0   0   0   0   0   0   1   1   0 ...   1   0   1   0   1   0   1   0   0
1   0   0   0   0   0   0   1   1   0 ...   1   0   1   0   1   0   1   0   0
2   0   0   0   1   0   0   0   1   0 ...   0   1   0   1   1   0   1   0   1
3   0   0   0   0   0   0   1   1   0 ...   0   1   0   1   1   0   1   0   1
4   0   0   0   0   1   0   0   1   0 ...   1   0   1   0   0   1   1   0   2

[5 rows x 59 columns]
Initial Neural Network:
[{'weights': array([[-0.008, -0.007, -0.008, -0.01 ,  0.009, -0.006,  0.009,  0.009,
         0.008, -0.001,  0.005, -0.009, -0.01 ,  0.006,  0.003, -0.003,
        -0.007,  0.007,  0.008,  0.   , -0.006, -0.005, -0.008,  0.002,
         0.006,  0.003, -0.008,  0.009,  0.001, -0.007, -0.003, -0.009,
         0.01 ,  0.002, -0.006, -0.005, -0.004,  0.01 , -0.008, -0.01 ,
         0.005, -0.002,  0.003,  0.002, -0.005, -0.005, -0.01 ,  0.004,
         0.005,  0.   ,  0.005,  0.009, -0.01 ,  0.007,  0.005, -0.008,
        -0.004,  0.007, -0.006],
       [-0.005,  0.002,  0.005, -0.004, -0.009, -0.004,  0.002, -0.007,
         0.005,  0.003, -0.009,  0.003,  0.003, -0.004,  0.008, -0.006,
         0.   , -0.001, -0.007, -0.008,  0.001,  0.007,  0.004, -0.001,
        -0.004, -0.009,  0.001, -0.006,  0.009,  0.008,  0.01 ,  0.003,
         0.01 , -0.005,  0.01 ,  0.008, -0.003,  0.001, -0.004,  0.001,
        -0.001, -0.01 , -0.002,  0.006,  0.001,  0.002, -0.006,  0.002,
         0.009, -0.008, -0.002, -0.008, -0.007, -0.001,  0.001, -0.007,
        -0.006,  0.007, -0.001],
       [ 0.005, -0.004, -0.007,  0.   , -0.004,  0.004, -0.009,  0.008,
         0.005,  0.007, -0.006, -0.006,  0.006, -0.002, -0.007,  0.004,
         0.007, -0.002,  0.005, -0.003, -0.01 ,  0.006, -0.009,  0.009,
         0.008, -0.002, -0.003, -0.004,  0.003, -0.004, -0.007,  0.005,
        -0.01 , -0.002,  0.005,  0.01 ,  0.001, -0.008,  0.   , -0.004,
        -0.006,  0.01 , -0.003,  0.006,  0.004, -0.001,  0.006,  0.   ,
        -0.009, -0.002, -0.005,  0.006,  0.   , -0.009,  0.004,  0.004,
        -0.003, -0.008, -0.007],
       [ 0.003,  0.01 , -0.001,  0.   , -0.01 ,  0.005,  0.008, -0.004,
        -0.007, -0.002,  0.006, -0.005,  0.01 , -0.01 ,  0.009,  0.003,
         0.01 ,  0.007,  0.009, -0.009,  0.008, -0.008, -0.002, -0.007,
         0.002, -0.006,  0.002,  0.01 , -0.005, -0.005,  0.007, -0.001,
         0.   ,  0.004, -0.003, -0.001, -0.004,  0.009,  0.01 ,  0.003,
         0.007,  0.003,  0.006,  0.009,  0.006, -0.003,  0.003,  0.   ,
        -0.003, -0.001, -0.009, -0.01 , -0.001, -0.001, -0.01 ,  0.009,
        -0.01 ,  0.001, -0.005]]), 'deltas': array([[0.],
       [0.],
       [0.],
       [0.],
       [0.]]), 'outputs': array([[0.],
       [0.],
       [0.],
       [0.],
       [0.]]), 'errors': array([[0.],
       [0.],
       [0.],
       [0.],
       [0.]])}]
Training complete!
Training done. epoch: 14 , total error: 0.0009984297437156126
[{'weights': array([[-0.24009984, -0.08308433, -0.14192921, -0.06289108,  0.06380606,
         0.06820667,  0.13064617,  0.24362939, -0.47097496, -0.36105136,
        -0.08655291,  0.1982587 , -0.39722277,  0.3640445 , -0.2121673 ,
         0.11295217, -0.36729774, -0.15287128,  0.04223427, -0.11420645,
        -0.01050211,  0.40942639, -0.27291002, -0.18903182, -0.19683013,
         0.0874994 , -0.33684497, -0.0685686 , -0.16577697, -0.17644641,
        -0.11550423,  0.02860507, -0.25040967,  0.01806411, -0.30625877,
         0.05091321, -0.36405136, -0.41959759, -0.18547702,  0.71278041,
         0.21978175,  0.17686445, -0.27494041, -0.35805136, -0.97212597,
         0.71778041, -0.46195291,  0.21160734, -0.03081031, -0.20853526,
         0.12070579, -0.35105136,  0.10570579, -0.35305136,  0.36772905,
        -0.61507462,  0.05711196, -0.29845752, -0.25034557],
       [-0.12319382, -0.07457792, -0.05283577, -0.03978757,  0.00686247,
         0.05375793,  0.08394903,  0.16977122, -0.30459686,  0.48376271,
        -0.12142039, -0.49816796, -0.19299577, -0.21433411,  0.28150425,
        -0.10868342, -0.03014222,  0.03730286, -0.07454013, -0.08162092,
        -0.02896745, -0.18916966, -0.36092591,  0.21042474,  0.2128452 ,
         0.0943442 , -0.23516984, -0.07848824, -0.0513374 ,  0.1036268 ,
        -0.07152384, -0.14392861, -0.05333063, -0.07449502, -0.0359301 ,
        -0.07889554,  0.47776271, -0.1427169 , -0.20353146, -0.26933999,
        -0.04973257, -0.31711448, -0.25974131,  0.48676271,  0.13851435,
        -0.26833999,  0.34720429, -0.48402993, -0.06163519, -0.07019045,
        -0.61558835,  0.47276271, -0.62058835,  0.47976271,  0.21142272,
        -0.35024836,  0.12355367, -0.25537931, -0.13382564],
       [ 0.31499165, -0.17383682, -0.04098432, -0.09826965,  0.08366998,
        -0.08271476, -0.21365379, -0.16644546, -0.01635224, -0.12905625,
        -0.18039833,  0.10865687,  0.62890223, -0.70968155, -0.11801839,
        -0.06027688, -0.12452082,  0.30941846, -0.18583267, -0.11093536,
        -0.21844814, -0.19006416,  0.14912551, -0.04561677, -0.09524228,
        -0.17146683, -0.02933088, -0.04576588, -0.15103183, -0.40234073,
         0.24315279, -0.04260976,  0.73294134, -0.94073905, -0.14205831,
        -0.03873939, -0.13505625,  0.56355712, -0.31573366, -0.31956491,
        -0.06513899,  0.70366218, -0.69726464, -0.13005625,  0.12376721,
        -0.31656491, -0.50680206,  0.31700435, -0.62739072,  0.42059301,
        -0.06474145, -0.13005625, -0.05974145, -0.14505625, -0.44762116,
         0.25982346,  0.35375405, -0.56055176, -0.2027977 ],
       [-0.09483851,  0.26397016,  0.09922401,  0.08199454, -0.20789335,
        -0.1193457 , -0.18223173, -0.59507464,  0.40995407, -0.26911269,
         0.18648602, -0.09249391, -0.28453325,  0.2865414 , -0.16712873,
        -0.34927441,  0.18815383, -0.24347135, -0.0329587 ,  0.07351568,
         0.04379379, -0.14396012,  0.1464488 , -0.09680671, -0.09480255,
        -0.39117873,  0.21305815, -0.12111422, -0.04800636,  0.1610444 ,
        -0.30375562, -0.03040936, -0.61264745,  0.44252687, -0.05086033,
        -0.12726024, -0.27111269, -0.15014001,  0.48021939, -0.21508727,
        -0.06395816, -0.82804146,  1.00099174, -0.25811269,  0.04996669,
        -0.22108727,  0.25566185, -0.42678243,  0.05965879, -0.23777937,
         0.08399212, -0.27711269,  0.09199212, -0.26811269, -0.49519996,
         0.32007938, -1.00785435,  0.82473377, -0.17912058]]), 'deltas': array([[-8.48873121e-04],
       [ 6.62872890e-04],
       [-9.38104721e-05],
       [-3.40295596e-04]]), 'outputs': array([[0.02957608],
       [0.97391112],
       [0.00973306],
       [0.01862129]]), 'errors': array([[-0.02957608],
       [ 0.02608888],
       [-0.00973306],
       [-0.01862129]])}]
Accuracy: 100.0 %

train_data group 4 length:  37
   0   1   2   3   4   5   6   7   8  ...  50  51  52  53  54  55  56  57  58
0   0   0   0   0   0   0   1   1   0 ...   1   0   1   0   1   0   1   0   0
1   0   0   0   0   0   0   1   1   0 ...   1   0   1   0   1   0   1   0   0
2   0   0   0   1   0   0   0   1   0 ...   0   1   0   1   1   0   1   0   1
3   0   0   0   0   0   0   1   1   0 ...   0   1   0   1   1   0   1   0   1
4   0   0   0   0   1   0   0   1   0 ...   1   0   1   0   0   1   1   0   2

[5 rows x 59 columns]
Initial Neural Network:
[{'weights': array([[ 0.003, -0.01 , -0.003, -0.003, -0.008,  0.003,  0.006, -0.006,
        -0.006, -0.006, -0.01 ,  0.009, -0.007, -0.01 , -0.004,  0.005,
        -0.01 , -0.004,  0.008, -0.008,  0.01 ,  0.005, -0.009,  0.   ,
         0.008, -0.005, -0.009, -0.003, -0.001,  0.002, -0.004,  0.   ,
        -0.008,  0.001, -0.009,  0.008,  0.   ,  0.006,  0.003, -0.004,
        -0.009,  0.002, -0.006, -0.003, -0.005,  0.003,  0.003, -0.005,
        -0.008,  0.009,  0.008, -0.007, -0.005,  0.002,  0.004,  0.004,
        -0.003,  0.   ,  0.009],
       [-0.005,  0.001, -0.005, -0.01 ,  0.005,  0.002, -0.004,  0.   ,
        -0.002, -0.007, -0.003, -0.001, -0.009,  0.004, -0.009,  0.003,
         0.001,  0.007,  0.003, -0.01 , -0.004, -0.006,  0.001, -0.001,
        -0.008, -0.005,  0.005, -0.01 ,  0.006,  0.001, -0.005, -0.003,
        -0.007,  0.007,  0.003, -0.004,  0.001,  0.004,  0.002,  0.001,
        -0.004, -0.01 , -0.005,  0.009,  0.004, -0.006, -0.004,  0.005,
         0.002, -0.001,  0.003,  0.009,  0.004,  0.006,  0.007,  0.003,
        -0.003,  0.008, -0.004],
       [-0.005, -0.003, -0.001, -0.001, -0.007, -0.002, -0.004, -0.004,
         0.005,  0.008,  0.002,  0.004,  0.005, -0.003,  0.003,  0.008,
         0.007,  0.005,  0.009,  0.006, -0.005,  0.005,  0.003, -0.01 ,
        -0.007, -0.003,  0.004,  0.   ,  0.01 , -0.008,  0.   ,  0.008,
        -0.01 ,  0.009,  0.007, -0.007,  0.004, -0.008, -0.006,  0.004,
        -0.003, -0.006, -0.004, -0.001,  0.007,  0.002,  0.005,  0.   ,
        -0.001,  0.009,  0.   ,  0.008, -0.008, -0.008,  0.   ,  0.   ,
        -0.01 , -0.001,  0.001],
       [-0.004, -0.005,  0.005,  0.01 , -0.008, -0.001,  0.003,  0.008,
        -0.007, -0.002, -0.009,  0.005, -0.005, -0.004,  0.   ,  0.003,
         0.007, -0.001,  0.001,  0.007, -0.002, -0.007, -0.001,  0.006,
         0.002,  0.008,  0.008, -0.01 , -0.003, -0.001,  0.003,  0.002,
         0.006, -0.01 ,  0.004, -0.002, -0.009, -0.009, -0.009, -0.006,
         0.001, -0.004, -0.009, -0.009,  0.008, -0.005, -0.003,  0.007,
         0.003,  0.009, -0.007, -0.008,  0.01 , -0.002, -0.008, -0.001,
         0.007, -0.005,  0.001]]), 'deltas': array([[0.],
       [0.],
       [0.],
       [0.],
       [0.]]), 'outputs': array([[0.],
       [0.],
       [0.],
       [0.],
       [0.]]), 'errors': array([[0.],
       [0.],
       [0.],
       [0.],
       [0.]])}]
Training complete!
Training done. epoch: 18 , total error: 0.0008485877138839057
[{'weights': array([[-1.61328222e-01, -1.11123589e-01, -1.82487282e-01,
         2.11701978e-02,  6.47337004e-04, -7.82229016e-02,
         2.60059350e-01,  2.28943194e-01, -4.80228304e-01,
        -3.57216111e-01, -8.29052936e-02,  1.93836294e-01,
        -4.04300026e-01,  3.15234996e-01, -1.71220080e-01,
         5.16814765e-02, -2.95966587e-01, -2.03896690e-01,
         1.99222298e-01, -8.15668954e-02, -1.47043823e-01,
         5.96496122e-01, -4.41737952e-01, -2.09874474e-01,
        -1.80168806e-01, -9.85031164e-02, -1.54781994e-01,
        -1.53160908e-01, -9.01242020e-02,  1.90127706e-02,
        -1.66268611e-01, -9.40292702e-02, -2.28081545e-01,
        -1.82035651e-02, -1.58218674e-01, -8.20664362e-02,
        -3.51216111e-01, -4.78072315e-01, -1.29518902e-01,
         7.24522218e-01,  1.63721414e-01,  2.34745375e-01,
        -2.99535788e-01, -3.54216111e-01, -9.72807328e-01,
         7.31522218e-01, -5.12455403e-01,  2.71170293e-01,
        -4.72530493e-02, -1.91032061e-01,  1.19931001e-01,
        -3.58216111e-01,  1.06931001e-01, -3.49216111e-01,
         3.81306107e-01, -6.12591217e-01,  5.12506781e-02,
        -2.93535788e-01, -2.30285110e-01],
       [-1.00674405e-01, -5.79460788e-02, -1.30439122e-01,
        -7.53057373e-03,  5.46311124e-02,  1.68609031e-01,
        -7.72308122e-02,  1.80214286e-01, -3.16795135e-01,
         4.93099386e-01, -1.41870430e-01, -4.96809805e-01,
        -2.31098647e-01, -1.77694727e-01,  2.60212524e-01,
        -2.25893808e-01,  9.53129585e-02,  6.61492144e-03,
        -7.97843590e-02, -1.08911118e-02, -5.45202999e-02,
        -2.60046053e-01, -3.54190413e-01,  3.06100347e-01,
         1.59555270e-01,  1.43476398e-01, -2.78057247e-01,
        -8.44352324e-02, -5.41456169e-02, -3.78961014e-02,
        -5.90383095e-03, -9.77809169e-02, -8.79604748e-02,
        -4.66203745e-02, -1.51078816e-01,  1.54979668e-02,
         5.01099386e-01, -2.58925453e-01, -8.83151874e-02,
        -2.80439595e-01, -6.23839369e-02, -3.33117224e-01,
        -2.58179074e-01,  5.09099386e-01,  1.50858746e-01,
        -2.87439595e-01,  2.88800869e-01, -4.22381719e-01,
        -6.17594609e-02, -7.18213884e-02, -6.31680235e-01,
         5.09099386e-01, -6.30680235e-01,  5.06099386e-01,
         2.25659791e-01, -3.50240640e-01,  1.15598225e-01,
        -2.45179074e-01, -1.38580849e-01],
       [ 2.62828362e-01, -1.97344993e-01,  7.26390492e-02,
        -1.55952008e-01,  9.83054373e-02, -1.46638013e-01,
        -1.68370382e-01, -2.19998652e-01,  9.46610576e-03,
        -1.42178409e-01, -1.80902892e-01,  1.25548756e-01,
         6.42687224e-01, -7.23196473e-01, -1.26023297e-01,
        -9.50865295e-02, -1.01446017e-01,  2.16591652e-01,
        -2.24601580e-01,  8.23861556e-03, -1.96761234e-01,
        -2.73582725e-01,  2.44137304e-01, -1.34157361e-01,
        -5.69297636e-02, -1.73466272e-01, -3.70662743e-02,
        -1.15037657e-01, -8.64948891e-02, -2.81611095e-01,
         6.01723789e-02,  9.90616989e-03,  7.25993207e-01,
        -9.38525753e-01, -2.31701764e-01,  2.01692177e-02,
        -1.46178409e-01,  5.56902024e-01, -3.03108039e-01,
        -3.25148121e-01, -4.95835272e-02,  6.58361549e-01,
        -6.83132158e-01, -1.51178409e-01,  1.24615575e-01,
        -3.27148121e-01, -5.64822647e-01,  3.58290100e-01,
        -6.36488365e-01,  4.32955819e-01, -6.13541369e-02,
        -1.42178409e-01, -6.93541369e-02, -1.58178409e-01,
        -4.79326531e-01,  2.67793985e-01,  4.57599612e-01,
        -6.80132158e-01, -2.10532546e-01],
       [ 1.90364343e-02,  2.44746760e-01,  4.14112651e-03,
        -4.22711391e-03, -1.95815638e-01, -1.35000244e-01,
        -1.07347896e-01, -5.94751099e-01,  4.21284528e-01,
        -2.67039473e-01,  2.17660407e-01, -1.31087506e-01,
        -3.30250339e-01,  3.13727473e-01, -1.66943706e-01,
        -2.70615037e-01,  1.06148466e-01, -9.78101801e-02,
        -7.74575255e-02, -7.67137555e-02,  8.25148894e-02,
        -2.19105740e-01,  2.11586442e-01, -1.50485287e-01,
        -1.64619863e-02, -2.77453252e-01,  1.18986681e-01,
        -1.37288532e-01, -5.01780399e-02,  1.65341749e-01,
        -1.32068878e-01, -2.03739443e-01, -5.60111409e-01,
         3.81644837e-01, -5.34794946e-02, -1.18987077e-01,
        -2.74039473e-01, -6.70106784e-02,  3.81023407e-01,
        -2.47439827e-01, -8.98642387e-02, -7.84509479e-01,
         9.52946619e-01, -2.74039473e-01,  7.49732556e-02,
        -2.46439827e-01,  3.15511664e-01, -4.85978236e-01,
         7.90607544e-02, -2.41527326e-01,  8.35729010e-02,
        -2.73039473e-01,  1.00572901e-01, -2.67039473e-01,
        -5.14479300e-01,  3.31012728e-01, -1.12941319e+00,
         9.56946619e-01, -1.73466572e-01]]), 'deltas': array([[-0.00020416],
       [-0.000565  ],
       [-0.00014457],
       [ 0.00074361]]), 'outputs': array([[0.01439233],
       [0.024061  ],
       [0.01209717],
       [0.97234565]]), 'errors': array([[-0.01439233],
       [-0.024061  ],
       [-0.01209717],
       [ 0.02765435]])}]
Accuracy: 100.0 %

Feedforward Neural Network AVG Accuracy (%): 100.0 %
