Namespace(error_threshold=0.001, max_epochs=1000, num_layers=3, num_nodes_per_hidden_layer=4, training_rate=0.5)

train_data group 0 length:  38
   0   1   2   3   4   5   6   7   8  ...  50  51  52  53  54  55  56  57  58
0   0   0   0   0   1   0   0   1   0 ...   1   0   1   0   1   0   1   0   0
1   0   0   0   0   0   0   1   1   0 ...   1   0   1   0   1   0   1   0   0
2   0   0   0   0   0   1   0   1   0 ...   0   1   0   1   1   0   1   0   1
3   0   0   0   0   1   0   0   1   0 ...   0   1   0   1   1   0   1   0   1
4   1   0   0   0   0   0   0   0   1 ...   1   0   1   0   0   1   1   0   2

[5 rows x 59 columns]
Initial Neural Network:
[{'weights': array([[ 0.004,  0.008,  0.007, -0.003, -0.008,  0.001, -0.003,  0.008,
        -0.005, -0.001,  0.006, -0.005,  0.003,  0.008,  0.   ,  0.006,
         0.005, -0.001,  0.005,  0.009, -0.005,  0.009,  0.006, -0.005,
         0.001, -0.001,  0.006,  0.005,  0.009, -0.007,  0.002,  0.006,
         0.004,  0.002, -0.008, -0.007,  0.003, -0.006, -0.005, -0.002,
         0.003, -0.002,  0.009, -0.002, -0.01 ,  0.004,  0.009,  0.005,
        -0.002,  0.009, -0.001, -0.006,  0.001,  0.005,  0.009, -0.005,
        -0.009, -0.002,  0.001],
       [-0.008, -0.006,  0.003,  0.001, -0.008, -0.003,  0.008, -0.003,
        -0.006, -0.001,  0.002,  0.004,  0.009,  0.004, -0.002, -0.003,
        -0.004, -0.002, -0.01 ,  0.004,  0.002,  0.01 , -0.009, -0.004,
         0.01 , -0.003, -0.01 , -0.008,  0.005, -0.007, -0.001, -0.01 ,
         0.007, -0.002, -0.003, -0.007, -0.004,  0.003,  0.002,  0.004,
        -0.002, -0.001, -0.001,  0.004,  0.008,  0.005,  0.001,  0.002,
         0.002, -0.003, -0.008, -0.01 , -0.001,  0.008,  0.   ,  0.002,
         0.004, -0.007,  0.   ],
       [ 0.008, -0.005, -0.005,  0.001, -0.001, -0.001,  0.003, -0.004,
        -0.005, -0.006,  0.001, -0.009,  0.006, -0.005,  0.009, -0.007,
         0.003,  0.002,  0.001,  0.008,  0.002,  0.009,  0.004, -0.005,
        -0.008,  0.007, -0.004,  0.004,  0.006, -0.003,  0.01 ,  0.01 ,
         0.009, -0.002,  0.001, -0.01 , -0.01 , -0.004, -0.008, -0.006,
         0.006,  0.01 , -0.009,  0.002, -0.002,  0.005, -0.006, -0.008,
         0.   , -0.001,  0.006, -0.007, -0.006, -0.002,  0.009,  0.01 ,
         0.004,  0.004,  0.006],
       [ 0.   , -0.001, -0.003, -0.003,  0.009, -0.003, -0.002, -0.008,
         0.004,  0.01 ,  0.009, -0.005, -0.002,  0.003, -0.01 ,  0.007,
        -0.004, -0.002,  0.004, -0.001, -0.004,  0.009, -0.007, -0.004,
        -0.008,  0.   , -0.005,  0.001, -0.005,  0.002, -0.002,  0.009,
         0.008, -0.007, -0.001, -0.005,  0.006, -0.01 ,  0.01 ,  0.009,
         0.005, -0.005, -0.008,  0.003,  0.   , -0.008, -0.01 , -0.006,
        -0.004,  0.005,  0.009,  0.004,  0.005, -0.01 , -0.004, -0.001,
         0.001, -0.006,  0.004],
       [-0.008, -0.009,  0.003, -0.008,  0.   ,  0.009, -0.001, -0.005,
        -0.001,  0.007, -0.004, -0.003, -0.008, -0.003,  0.   , -0.007,
        -0.002,  0.008, -0.002, -0.001,  0.009, -0.004, -0.002,  0.002,
         0.01 ,  0.004,  0.004,  0.003,  0.004, -0.007, -0.002, -0.003,
         0.009,  0.009, -0.004, -0.001,  0.002,  0.004, -0.003, -0.01 ,
         0.005, -0.004,  0.002,  0.01 , -0.006, -0.001,  0.007,  0.008,
         0.007, -0.009,  0.006,  0.008,  0.01 ,  0.005,  0.001, -0.007,
         0.007, -0.003, -0.003]]), 'deltas': array([[0.],
       [0.],
       [0.],
       [0.],
       [0.]]), 'outputs': array([[0.],
       [0.],
       [0.],
       [0.],
       [0.]]), 'errors': array([[0.],
       [0.],
       [0.],
       [0.],
       [0.]])}, {'weights': array([[-0.005, -0.009,  0.006, -0.004,  0.002],
       [-0.008,  0.004,  0.002, -0.01 ,  0.005],
       [ 0.008, -0.004, -0.007, -0.002, -0.01 ],
       [ 0.003, -0.009,  0.005,  0.001,  0.003],
       [-0.004,  0.007, -0.009, -0.01 , -0.006]]), 'deltas': array([[0.],
       [0.],
       [0.],
       [0.],
       [0.]]), 'outputs': array([[0.],
       [0.],
       [0.],
       [0.],
       [0.]]), 'errors': array([[0.],
       [0.],
       [0.],
       [0.],
       [0.]])}, {'weights': array([[-0.001, -0.004,  0.005,  0.003, -0.008],
       [-0.006,  0.   ,  0.007,  0.004,  0.007],
       [ 0.003, -0.001,  0.005, -0.009, -0.005],
       [ 0.006, -0.009, -0.01 ,  0.007,  0.006]]), 'deltas': array([[0.],
       [0.],
       [0.],
       [0.],
       [0.]]), 'outputs': array([[0.],
       [0.],
       [0.],
       [0.],
       [0.]]), 'errors': array([[0.],
       [0.],
       [0.],
       [0.],
       [0.]])}]
Training complete!
Training done. epoch: 1000 , total error: 0.2753860597075767
[{'weights': array([[-2.48611280e-01,  4.04805501e-01,  1.00716304e-01,
         1.77305606e-01, -2.42696030e-01, -2.77672791e-01,
        -2.89366501e-01, -8.67070168e-01,  4.88550976e-01,
        -6.04431110e-01,  3.73749334e-01, -1.50837416e-01,
        -4.41459867e-01,  3.76627573e-01, -3.05686898e-01,
        -7.33549210e-01,  3.63030018e-01, -6.86335610e-01,
         7.44834969e-02,  2.00770276e-01,  3.75626451e-02,
        -3.33386916e-01,  3.72709652e-01, -1.59519699e-01,
        -2.50322230e-01, -3.71751752e-01, -4.76744056e-03,
        -4.31935889e-01,  6.44166967e-02,  4.72595080e-01,
        -5.61836836e-01, -2.91277436e-01, -1.14817587e+00,
         7.72656678e-01, -3.27273998e-01, -6.92451941e-02,
        -6.00431110e-01, -3.35101959e-02,  7.08685182e-01,
        -4.66263068e-01, -2.75913435e-01, -1.33952550e+00,
         1.84735086e+00, -6.05431110e-01,  7.27438758e-02,
        -4.60263068e-01,  5.90727719e-01, -9.58246911e-01,
        -2.52752021e-01, -1.21767171e-01,  2.20911918e-01,
        -6.09431110e-01,  2.22911918e-01, -5.98431110e-01,
        -1.05869418e+00,  6.81174986e-01, -1.19013912e+00,
         7.97619925e-01, -3.80519192e-01],
       [ 3.17119022e-01,  2.79266603e-01,  2.13810746e-01,
         1.23522150e-01, -2.77437249e-01, -3.84097875e-01,
        -2.79819852e-01, -1.01354807e+00,  1.00991161e+00,
        -6.33747238e-01,  2.60660290e-01,  3.83450491e-01,
         6.65958813e-01, -2.96532963e-01, -3.53062307e-01,
        -2.91842500e-01,  2.90206043e-01, -3.79512655e-02,
        -7.02800074e-02, -1.94556897e-02,  1.27050506e-01,
        -4.65131319e-01,  9.61391726e-01, -1.87814848e-01,
        -2.96082016e-01, -2.28821823e-01,  2.21185366e-01,
        -1.22097263e-01,  1.24460806e-01,  2.20986290e-01,
        -1.60940781e-01, -7.26819660e-02,  1.77179590e-01,
        -1.66816047e-01,  5.76681374e-02, -6.23045940e-02,
        -6.36747238e-01,  8.50826012e-01,  5.36674906e-01,
        -7.40390137e-01, -4.97666143e-01, -7.95444037e-02,
         1.21132133e+00, -6.28747238e-01,  7.57753680e-01,
        -7.39390137e-01,  1.35323635e-01, -1.26960091e-01,
        -3.50210229e-01,  3.54573772e-01,  6.30110781e-01,
        -6.42747238e-01,  6.37110781e-01, -6.24747238e-01,
        -1.37713737e+00,  1.38450092e+00, -6.24937709e-01,
         6.27301253e-01,  5.36354338e-03],
       [-2.51119323e-01,  3.94825325e-01,  1.01750995e-01,
         1.63075327e-01, -2.32242400e-01, -2.77580224e-01,
        -2.82329415e-01, -8.91165463e-01,  4.98545748e-01,
        -6.05092067e-01,  3.67980710e-01, -1.60508359e-01,
        -4.52234005e-01,  3.75324915e-01, -2.96710626e-01,
        -7.34265465e-01,  3.46645750e-01, -6.84512092e-01,
         7.26675927e-02,  1.98003365e-01,  4.32214194e-02,
        -3.30594526e-01,  3.58918185e-01, -1.59538036e-01,
        -2.52405338e-01, -3.83966836e-01,  3.34712081e-03,
        -4.26481441e-01,  5.28617253e-02,  4.79832825e-01,
        -5.72078474e-01, -2.74374066e-01, -1.15688466e+00,
         7.80264945e-01, -3.05960135e-01, -8.66595799e-02,
        -6.09092067e-01, -4.77044982e-02,  7.09896826e-01,
        -4.64719977e-01, -2.67989710e-01, -1.34061493e+00,
         1.83107699e+00, -5.97092067e-01,  7.31002615e-02,
        -4.53719977e-01,  5.77234021e-01, -9.74853736e-01,
        -2.31394104e-01, -1.53225612e-01,  2.21472351e-01,
        -6.06092067e-01,  2.09472351e-01, -6.01092067e-01,
        -1.04881204e+00,  6.84192328e-01, -1.19724133e+00,
         8.21621611e-01, -3.77619715e-01],
       [-2.72347466e-01,  3.94059367e-01,  7.27605450e-02,
         2.41366832e-01, -2.31624949e-01, -2.83578230e-01,
        -2.92281089e-01, -8.29994858e-01,  4.57349868e-01,
        -6.03225274e-01,  3.82121572e-01, -1.33541289e-01,
        -4.23098395e-01,  3.62064287e-01, -3.16610882e-01,
        -7.75378259e-01,  4.09733268e-01, -6.98216023e-01,
         6.12565546e-02,  1.94351903e-01,  7.09625757e-02,
        -3.34938769e-01,  3.86526227e-01, -1.60193205e-01,
        -2.70039243e-01, -3.58558112e-01, -1.50868783e-02,
        -4.38005230e-01,  6.53602399e-02,  4.80494501e-01,
        -5.10776037e-01, -3.29363454e-01, -1.12778818e+00,
         7.60143187e-01, -3.66421797e-01, -8.22319348e-03,
        -6.07225274e-01, -7.44784695e-03,  7.21029057e-01,
        -4.60000926e-01, -2.77164359e-01, -1.32762474e+00,
         1.84136939e+00, -6.10225274e-01,  1.00355936e-01,
        -4.77000926e-01,  5.74478844e-01, -9.59123834e-01,
        -2.86862585e-01, -8.07824052e-02,  2.53580284e-01,
        -6.09225274e-01,  2.49580284e-01, -6.23225274e-01,
        -1.08622620e+00,  7.12581210e-01, -1.12822001e+00,
         7.54575016e-01, -3.64644990e-01],
       [-8.00000000e-03, -9.00000000e-03,  3.00000000e-03,
        -8.00000000e-03,  0.00000000e+00,  9.00000000e-03,
        -1.00000000e-03, -5.00000000e-03, -1.00000000e-03,
         7.00000000e-03, -4.00000000e-03, -3.00000000e-03,
        -8.00000000e-03, -3.00000000e-03,  0.00000000e+00,
        -7.00000000e-03, -2.00000000e-03,  8.00000000e-03,
        -2.00000000e-03, -1.00000000e-03,  9.00000000e-03,
        -4.00000000e-03, -2.00000000e-03,  2.00000000e-03,
         1.00000000e-02,  4.00000000e-03,  4.00000000e-03,
         3.00000000e-03,  4.00000000e-03, -7.00000000e-03,
        -2.00000000e-03, -3.00000000e-03,  9.00000000e-03,
         9.00000000e-03, -4.00000000e-03, -1.00000000e-03,
         2.00000000e-03,  4.00000000e-03, -3.00000000e-03,
        -1.00000000e-02,  5.00000000e-03, -4.00000000e-03,
         2.00000000e-03,  1.00000000e-02, -6.00000000e-03,
        -1.00000000e-03,  7.00000000e-03,  8.00000000e-03,
         7.00000000e-03, -9.00000000e-03,  6.00000000e-03,
         8.00000000e-03,  1.00000000e-02,  5.00000000e-03,
         1.00000000e-03, -7.00000000e-03,  7.00000000e-03,
        -3.00000000e-03, -3.00000000e-03]]), 'deltas': array([[-1.87480613e-04],
       [-3.22978644e-05],
       [-1.78004231e-04],
       [-2.24767098e-04],
       [-0.00000000e+00]]), 'outputs': array([[0.00470862],
       [0.999192  ],
       [0.00446954],
       [0.00565043],
       [1.        ]]), 'errors': -0.040004834244976875}, {'weights': array([[ 2.70209297e+00,  2.95954262e+00,  2.70954028e+00,
         2.69551068e+00, -5.20411702e+00],
       [ 2.69817558e+00,  2.97467753e+00,  2.70462257e+00,
         2.68859840e+00, -5.20378299e+00],
       [ 2.71329092e+00,  2.96321493e+00,  2.69473904e+00,
         2.69570274e+00, -5.20423886e+00],
       [ 2.70733254e+00,  2.95603780e+00,  2.70578671e+00,
         2.69775021e+00, -5.20423253e+00],
       [-4.00000000e-03,  7.00000000e-03, -9.00000000e-03,
        -1.00000000e-02, -6.00000000e-03]]), 'deltas': array([[-0.0017002 ],
       [-0.00172127],
       [-0.00170502],
       [-0.00169529],
       [-0.        ]]), 'outputs': array([[0.09928427],
       [0.10066982],
       [0.09960129],
       [0.09896264],
       [1.        ]]), 'errors': -0.019012127705617197}, {'weights': array([[-6.15040734, -6.22488368, -6.16222368, -6.1335737 ,  0.03447814],
       [-6.23151717, -6.29591976, -6.23594681, -6.20889755,  0.13057866],
       [-0.59986818,  0.3407145 , -0.38832153, -0.83424932, -0.78592892],
       [ 2.68756593,  2.66269263,  2.68631338,  2.70004694, -5.60563369]]), 'deltas': array([[-6.11958589e-03],
       [-6.87359490e-03],
       [ 1.43537351e-01],
       [-1.11238739e-04]]), 'outputs': array([[0.08163047],
       [0.0867558 ],
       [0.26755916],
       [0.01060334]]), 'errors': array([[-0.08163047],
       [-0.0867558 ],
       [ 0.73244084],
       [-0.01060334]])}]
neural_net output [0.47209404 0.49564398 0.31115881 0.00390338]
target: 0 prediction: 1
neural_net output [0.47416276 0.49774393 0.31126538 0.00388936]
target: 0 prediction: 1
neural_net output [0.47428067 0.4978636  0.31127137 0.00388857]
target: 1 prediction: 1
neural_net output [0.47448824 0.49807425 0.3112821  0.00388716]
target: 1 prediction: 1
neural_net output [0.07655932 0.08130454 0.28162601 0.01091049]
target: 2 prediction: 2
neural_net output [0.08488787 0.0902114  0.28298783 0.0103954 ]
target: 2 prediction: 2
neural_net output [2.16953010e-11 1.76902347e-11 9.42606741e-02 9.93910018e-01]
target: 3 prediction: 3
neural_net output [2.15614340e-11 1.75797518e-11 9.42289113e-02 9.93926300e-01]
target: 3 prediction: 3
neural_net output [2.15279879e-11 1.75521494e-11 9.42209468e-02 9.93930378e-01]
target: 3 prediction: 3
Accuracy: 77.77777777777779 %

train_data group 1 length:  38
   0   1   2   3   4   5   6   7   8  ...  50  51  52  53  54  55  56  57  58
0   0   0   0   0   0   0   1   1   0 ...   1   0   1   0   1   0   1   0   0
1   0   0   0   0   0   0   1   1   0 ...   1   0   1   0   1   0   1   0   0
2   0   0   0   1   0   0   0   1   0 ...   0   1   0   1   1   0   1   0   1
3   0   0   0   0   0   0   1   1   0 ...   0   1   0   1   1   0   1   0   1
4   0   0   0   0   1   0   0   1   0 ...   1   0   1   0   0   1   1   0   2

[5 rows x 59 columns]
Initial Neural Network:
[{'weights': array([[-0.009, -0.01 ,  0.002, -0.001,  0.004,  0.003,  0.001,  0.007,
         0.008,  0.007,  0.006,  0.006, -0.002, -0.002,  0.005,  0.01 ,
        -0.007, -0.002, -0.001,  0.004,  0.009, -0.005,  0.005,  0.006,
         0.003,  0.006, -0.005,  0.009,  0.009,  0.007, -0.003, -0.005,
        -0.002,  0.006,  0.01 ,  0.002, -0.001,  0.006, -0.006,  0.002,
         0.004,  0.   , -0.004, -0.008,  0.009, -0.005,  0.001,  0.004,
        -0.005, -0.001, -0.004, -0.01 , -0.004,  0.009, -0.003,  0.008,
        -0.003,  0.01 , -0.006],
       [ 0.007,  0.005, -0.005, -0.001,  0.002,  0.005, -0.01 , -0.001,
         0.005,  0.002,  0.005, -0.004,  0.007,  0.004,  0.   ,  0.007,
         0.01 , -0.009,  0.007, -0.001,  0.   , -0.009, -0.003, -0.003,
        -0.002,  0.006,  0.005,  0.006, -0.002,  0.007,  0.008,  0.01 ,
         0.004, -0.001,  0.002, -0.004, -0.004,  0.008,  0.001, -0.005,
        -0.005,  0.007,  0.01 ,  0.009, -0.01 , -0.009,  0.003,  0.001,
        -0.01 , -0.006,  0.005,  0.007,  0.006,  0.005, -0.003, -0.004,
         0.002, -0.01 ,  0.002],
       [-0.004,  0.   ,  0.   ,  0.009, -0.01 , -0.004,  0.009,  0.01 ,
         0.   , -0.007, -0.007,  0.   , -0.001, -0.003, -0.003, -0.009,
         0.002,  0.007, -0.005,  0.003, -0.008, -0.008,  0.007,  0.005,
         0.01 ,  0.001, -0.008, -0.006,  0.007, -0.008, -0.01 ,  0.005,
         0.005, -0.003,  0.001,  0.009, -0.001,  0.003,  0.006,  0.009,
        -0.003,  0.001, -0.001,  0.01 ,  0.006,  0.002,  0.   ,  0.006,
        -0.006,  0.001,  0.004,  0.007, -0.001,  0.   ,  0.009, -0.006,
        -0.006, -0.001, -0.005],
       [ 0.   , -0.008,  0.002,  0.006, -0.007, -0.008,  0.002,  0.01 ,
         0.009, -0.008,  0.008, -0.002, -0.003,  0.009, -0.006, -0.005,
         0.009, -0.009, -0.001, -0.002,  0.009, -0.005,  0.005,  0.008,
         0.007, -0.007, -0.005, -0.001,  0.001, -0.002, -0.005, -0.001,
         0.006, -0.002, -0.005,  0.004,  0.003,  0.009,  0.001, -0.007,
        -0.003,  0.003, -0.005, -0.005, -0.001,  0.006, -0.008, -0.005,
         0.009, -0.008, -0.008,  0.009,  0.008,  0.001,  0.007,  0.004,
         0.006,  0.001,  0.003],
       [-0.009,  0.006,  0.004,  0.005,  0.006,  0.001,  0.004, -0.006,
         0.002, -0.009,  0.005, -0.003,  0.008, -0.005,  0.01 ,  0.005,
         0.001, -0.003, -0.006, -0.002,  0.   , -0.009, -0.007,  0.   ,
        -0.002, -0.002, -0.005,  0.006,  0.002,  0.005,  0.009,  0.   ,
         0.009, -0.002, -0.007, -0.003, -0.007,  0.009,  0.007, -0.003,
        -0.004,  0.005, -0.006,  0.006,  0.001,  0.002, -0.01 ,  0.005,
         0.009,  0.01 ,  0.   , -0.008, -0.01 ,  0.   ,  0.007,  0.01 ,
        -0.005,  0.006,  0.004]]), 'deltas': array([[0.],
       [0.],
       [0.],
       [0.],
       [0.]]), 'outputs': array([[0.],
       [0.],
       [0.],
       [0.],
       [0.]]), 'errors': array([[0.],
       [0.],
       [0.],
       [0.],
       [0.]])}, {'weights': array([[ 0.   , -0.008,  0.001,  0.008,  0.   ],
       [-0.007,  0.001, -0.005, -0.003, -0.002],
       [ 0.   ,  0.   , -0.006, -0.005,  0.003],
       [-0.002, -0.009,  0.001,  0.001, -0.009],
       [ 0.005, -0.01 , -0.004,  0.009,  0.01 ]]), 'deltas': array([[0.],
       [0.],
       [0.],
       [0.],
       [0.]]), 'outputs': array([[0.],
       [0.],
       [0.],
       [0.],
       [0.]]), 'errors': array([[0.],
       [0.],
       [0.],
       [0.],
       [0.]])}, {'weights': array([[ 0.006,  0.   , -0.001, -0.004, -0.01 ],
       [ 0.002,  0.009,  0.01 ,  0.003, -0.005],
       [-0.007,  0.005,  0.003, -0.002, -0.002],
       [-0.007,  0.006, -0.001,  0.006,  0.004]]), 'deltas': array([[0.],
       [0.],
       [0.],
       [0.],
       [0.]]), 'outputs': array([[0.],
       [0.],
       [0.],
       [0.],
       [0.]]), 'errors': array([[0.],
       [0.],
       [0.],
       [0.],
       [0.]])}]
Training complete!
Training done. epoch: 1000 , total error: 0.30565774103267856
[{'weights': array([[ 1.22884763e-01,  4.46862245e-01, -9.82724638e-02,
        -1.63467744e-02, -2.35202871e-01, -2.50495296e-01,
        -3.34750240e-01, -9.20658236e-01,  5.80337600e-01,
        -5.76357639e-01,  3.66398471e-01, -1.26361467e-01,
        -4.53958089e-01,  3.70939018e-01, -2.71301565e-01,
        -6.60227480e-01,  3.07906844e-01, -6.37157861e-01,
         2.34233768e-01, -5.38035349e-02,  1.11406993e-01,
        -2.91910515e-01,  5.19947518e-01, -2.14221610e-01,
        -3.60136029e-01, -6.86695344e-01,  3.32374709e-01,
        -6.00027203e-01,  2.62706567e-01,  3.09711130e-01,
        -6.21197576e-01, -4.48341897e-02, -8.81518225e-01,
         5.30197589e-01, -3.06486375e-01, -3.68342610e-02,
        -5.84357639e-01,  1.78524474e-01,  5.29809720e-01,
        -4.78297190e-01, -2.96277620e-01, -1.15904490e+00,
         1.68335952e+00, -5.91357639e-01,  1.33976554e-01,
        -4.85297190e-01,  4.76944922e-01, -8.27265558e-01,
         5.49436749e-02, -4.16264311e-01,  2.24037003e-01,
        -5.93357639e-01,  2.24037003e-01, -5.74357639e-01,
        -1.06665483e+00,  7.16334194e-01, -1.07535123e+00,
         7.27030596e-01, -3.61320636e-01],
       [ 4.97067263e-01,  3.48575361e-01, -5.18395673e-02,
         7.73213919e-02, -2.57476681e-01, -3.29288873e-01,
        -3.66122156e-01, -9.42269548e-01,  8.61506286e-01,
        -5.97150380e-01,  2.72395393e-01,  2.42991726e-01,
         4.16916937e-01, -1.87141787e-01, -3.03538412e-01,
        -4.31671497e-01,  3.63908236e-01, -2.67856287e-01,
         3.31672367e-02, -6.44516177e-02,  2.11377407e-01,
        -4.12176826e-01,  9.14563944e-01, -2.44420792e-01,
        -3.59729588e-01, -5.21561410e-01,  4.47798148e-01,
        -3.34186860e-01,  2.53423599e-01,  5.83852869e-02,
        -3.68306812e-02, -8.13178669e-02,  1.48716874e-01,
        -2.30480135e-01, -1.00327345e-01,  1.35640839e-02,
        -6.03150380e-01,  8.02838679e-01,  4.28802756e-01,
        -7.13254317e-01, -4.72172692e-01, -1.88954412e-01,
         1.18751422e+00, -5.90150380e-01,  6.13491056e-01,
        -7.17254317e-01,  1.16737147e-01, -1.97500408e-01,
        -1.77593249e-01,  7.68299883e-02,  5.19387119e-01,
        -5.92150380e-01,  5.20387119e-01, -5.94150380e-01,
        -1.31040470e+00,  1.21864144e+00, -6.21365705e-01,
         5.28602444e-01, -8.27632612e-02],
       [ 1.58200961e-01,  4.51242458e-01, -1.27894200e-01,
         3.37327181e-02, -2.69206576e-01, -2.61481302e-01,
        -3.32364901e-01, -9.05894559e-01,  5.68123718e-01,
        -6.00216298e-01,  3.57517781e-01, -1.19072325e-01,
        -4.27471928e-01,  3.54480849e-01, -2.81779762e-01,
        -6.85565245e-01,  3.30794403e-01, -6.15209630e-01,
         2.45859482e-01, -8.50851649e-02,  1.03664471e-01,
        -3.00331903e-01,  5.44777359e-01, -2.14843638e-01,
        -3.63372660e-01, -6.77851149e-01,  3.23080307e-01,
        -6.61282861e-01,  3.14512019e-01,  2.96451751e-01,
        -6.31400407e-01, -2.58221853e-02, -8.36109730e-01,
         4.90338888e-01, -3.27727187e-01, -1.00436552e-02,
        -5.94216298e-01,  2.10424596e-01,  5.34245613e-01,
        -4.81224753e-01, -3.11910124e-01, -1.13613569e+00,
         1.69049127e+00, -5.83216298e-01,  1.48453911e-01,
        -4.88224753e-01,  4.75393929e-01, -8.17164771e-01,
         6.29985181e-02, -4.15769360e-01,  2.49445456e-01,
        -5.86216298e-01,  2.44445456e-01, -5.93216298e-01,
        -1.07444105e+00,  7.29670210e-01, -1.02035545e+00,
         6.65584608e-01, -3.52770842e-01],
       [ 1.78551262e-01,  4.32512288e-01, -2.04949229e-01,
         2.25364982e-01, -3.34029311e-01, -2.77338638e-01,
        -3.51207204e-01, -8.01981630e-01,  5.02885781e-01,
        -6.33172019e-01,  3.71212907e-01, -5.81367374e-02,
        -3.29768520e-01,  3.00790578e-01, -2.89117907e-01,
        -7.56580633e-01,  4.42484784e-01, -6.17268574e-01,
         3.03034798e-01, -2.25865359e-01,  2.19003286e-01,
        -3.09807360e-01,  6.16883530e-01, -2.13421544e-01,
        -3.96750475e-01, -7.09124916e-01,  3.79029067e-01,
        -7.51156273e-01,  4.33060424e-01,  2.84532646e-01,
        -5.02054825e-01, -1.08573669e-01, -6.82271072e-01,
         3.68175223e-01, -4.25120718e-01,  1.06024869e-01,
        -6.22172019e-01,  3.03533243e-01,  5.24731741e-01,
        -5.18188814e-01, -3.33203082e-01, -1.03328177e+00,
         1.66856102e+00, -6.30172019e-01,  1.92092965e-01,
        -5.05188814e-01,  4.37703522e-01, -7.68799371e-01,
         9.40215293e-02, -4.11117378e-01,  2.99076170e-01,
        -6.16172019e-01,  3.15076170e-01, -6.24172019e-01,
        -1.12936083e+00,  8.22264984e-01, -8.00359313e-01,
         4.89263464e-01, -3.15095849e-01],
       [-9.00000000e-03,  6.00000000e-03,  4.00000000e-03,
         5.00000000e-03,  6.00000000e-03,  1.00000000e-03,
         4.00000000e-03, -6.00000000e-03,  2.00000000e-03,
        -9.00000000e-03,  5.00000000e-03, -3.00000000e-03,
         8.00000000e-03, -5.00000000e-03,  1.00000000e-02,
         5.00000000e-03,  1.00000000e-03, -3.00000000e-03,
        -6.00000000e-03, -2.00000000e-03,  0.00000000e+00,
        -9.00000000e-03, -7.00000000e-03,  0.00000000e+00,
        -2.00000000e-03, -2.00000000e-03, -5.00000000e-03,
         6.00000000e-03,  2.00000000e-03,  5.00000000e-03,
         9.00000000e-03,  0.00000000e+00,  9.00000000e-03,
        -2.00000000e-03, -7.00000000e-03, -3.00000000e-03,
        -7.00000000e-03,  9.00000000e-03,  7.00000000e-03,
        -3.00000000e-03, -4.00000000e-03,  5.00000000e-03,
        -6.00000000e-03,  6.00000000e-03,  1.00000000e-03,
         2.00000000e-03, -1.00000000e-02,  5.00000000e-03,
         9.00000000e-03,  1.00000000e-02,  0.00000000e+00,
        -8.00000000e-03, -1.00000000e-02,  0.00000000e+00,
         7.00000000e-03,  1.00000000e-02, -5.00000000e-03,
         6.00000000e-03,  4.00000000e-03]]), 'deltas': array([[-2.40593571e-06],
       [-8.09331056e-06],
       [-2.44059900e-06],
       [-3.16113746e-06],
       [-0.00000000e+00]]), 'outputs': array([[2.76447985e-04],
       [9.30550318e-04],
       [2.80432001e-04],
       [3.63254083e-04],
       [1.00000000e+00]]), 'errors': -0.008705438759963912}, {'weights': array([[ 2.73923198e+00,  2.81169784e+00,  2.73196134e+00,
         2.74457550e+00, -5.24720411e+00],
       [ 2.73561215e+00,  2.82495063e+00,  2.72934196e+00,
         2.73701322e+00, -5.24740427e+00],
       [ 2.74187337e+00,  2.82312946e+00,  2.72760767e+00,
         2.73426973e+00, -5.24732000e+00],
       [ 2.73975005e+00,  2.81323243e+00,  2.73446787e+00,
         2.74009250e+00, -5.24729663e+00],
       [ 5.00000000e-03, -1.00000000e-02, -4.00000000e-03,
         9.00000000e-03,  1.00000000e-02]]), 'deltas': array([[-0.00037656],
       [-0.00037649],
       [-0.00037652],
       [-0.00037653],
       [-0.        ]]), 'outputs': array([[0.00526247],
       [0.00526146],
       [0.00526189],
       [0.00526199],
       [1.        ]]), 'errors': -0.0719351133353095}, {'weights': array([[-6.11367866, -6.17772922, -6.17112137, -6.12646904,  0.04710292],
       [-6.23144955, -6.28045103, -6.2720984 , -6.23291219,  0.11048633],
       [-0.77683369,  0.04715504, -0.06957018, -0.68914741, -0.83811097],
       [ 2.68623412,  2.68000305,  2.67278802,  2.69628791, -5.60316404]]), 'deltas': array([[-1.23710841e-01],
       [ 1.30143998e-01],
       [-6.53803064e-02],
       [-1.50367376e-05]]), 'outputs': array([[0.49489496],
       [0.47845569],
       [0.30719848],
       [0.00388528]]), 'errors': array([[-0.49489496],
       [ 0.52154431],
       [-0.30719848],
       [-0.00388528]])}]
Accuracy: 77.77777777777779 %

train_data group 2 length:  37
   0   1   2   3   4   5   6   7   8  ...  50  51  52  53  54  55  56  57  58
0   0   0   0   0   0   0   1   1   0 ...   1   0   1   0   1   0   1   0   0
1   0   0   0   0   0   0   1   1   0 ...   1   0   1   0   1   0   1   0   0
2   0   0   0   1   0   0   0   1   0 ...   0   1   0   1   1   0   1   0   1
3   0   0   0   0   0   0   1   1   0 ...   0   1   0   1   1   0   1   0   1
4   0   0   0   0   1   0   0   1   0 ...   1   0   1   0   0   1   1   0   2

[5 rows x 59 columns]
Initial Neural Network:
[{'weights': array([[ 0.007, -0.006, -0.006,  0.002,  0.005, -0.007, -0.004, -0.002,
        -0.009, -0.008,  0.003,  0.007,  0.005, -0.002, -0.007,  0.002,
         0.   ,  0.003, -0.006,  0.008,  0.006, -0.004,  0.009, -0.008,
        -0.004, -0.006,  0.004, -0.001,  0.   , -0.001, -0.001,  0.006,
         0.009,  0.01 , -0.008,  0.004,  0.007, -0.005, -0.005, -0.009,
        -0.003, -0.003,  0.001, -0.01 ,  0.009,  0.008,  0.001, -0.006,
        -0.009,  0.003, -0.003, -0.001,  0.003,  0.01 , -0.009,  0.009,
        -0.005, -0.007, -0.005],
       [-0.003, -0.001, -0.01 ,  0.008,  0.007, -0.003, -0.007,  0.002,
        -0.006,  0.007, -0.001,  0.006, -0.009,  0.006,  0.007,  0.006,
         0.01 , -0.01 ,  0.003, -0.009,  0.006, -0.005, -0.006,  0.006,
         0.006, -0.006,  0.008,  0.005, -0.001, -0.01 , -0.008, -0.009,
         0.009, -0.01 ,  0.008, -0.004, -0.004, -0.005, -0.007, -0.002,
         0.008, -0.001,  0.004, -0.002,  0.005, -0.007, -0.001,  0.009,
        -0.001,  0.002,  0.009, -0.003, -0.002,  0.003,  0.01 ,  0.002,
         0.   ,  0.007, -0.006],
       [-0.01 , -0.001, -0.008,  0.   , -0.007, -0.003,  0.009, -0.001,
        -0.01 ,  0.002,  0.007,  0.003,  0.004, -0.001,  0.   ,  0.008,
        -0.003,  0.009,  0.001, -0.007, -0.004, -0.01 , -0.007,  0.001,
         0.004,  0.002,  0.003, -0.005, -0.003,  0.008, -0.008, -0.009,
        -0.01 ,  0.003,  0.009, -0.005,  0.01 , -0.005, -0.004,  0.004,
         0.   , -0.01 ,  0.01 ,  0.001,  0.008,  0.007, -0.006, -0.008,
         0.007,  0.008, -0.003, -0.005, -0.007,  0.   , -0.003,  0.002,
         0.01 , -0.002,  0.001],
       [-0.008, -0.005, -0.005,  0.002,  0.005,  0.001, -0.005, -0.009,
         0.008,  0.007, -0.01 , -0.005, -0.01 ,  0.008, -0.003, -0.008,
         0.003, -0.009, -0.005,  0.004,  0.003, -0.003, -0.009,  0.003,
        -0.006,  0.01 ,  0.006, -0.004, -0.003,  0.008, -0.007,  0.006,
         0.008, -0.006, -0.003,  0.009,  0.003,  0.004, -0.001, -0.01 ,
        -0.005, -0.009, -0.008,  0.   ,  0.006,  0.004,  0.005,  0.009,
         0.001,  0.004, -0.009,  0.007,  0.01 , -0.001,  0.002, -0.006,
        -0.001, -0.004,  0.003],
       [ 0.01 , -0.002,  0.001, -0.003, -0.006,  0.01 ,  0.   ,  0.001,
         0.001, -0.009,  0.006, -0.004, -0.001, -0.008, -0.008,  0.008,
         0.001, -0.002,  0.   , -0.007,  0.005, -0.001,  0.003, -0.003,
        -0.006, -0.01 ,  0.009,  0.002, -0.007, -0.007,  0.01 , -0.009,
         0.003, -0.009, -0.009,  0.008,  0.008,  0.007,  0.007,  0.005,
        -0.009, -0.004, -0.007, -0.003,  0.003,  0.005, -0.004,  0.009,
         0.005, -0.001,  0.005, -0.002, -0.003,  0.007,  0.002, -0.004,
        -0.001, -0.006,  0.004]]), 'deltas': array([[0.],
       [0.],
       [0.],
       [0.],
       [0.]]), 'outputs': array([[0.],
       [0.],
       [0.],
       [0.],
       [0.]]), 'errors': array([[0.],
       [0.],
       [0.],
       [0.],
       [0.]])}, {'weights': array([[-0.004,  0.01 ,  0.006, -0.003, -0.008],
       [-0.004, -0.005, -0.009, -0.002,  0.   ],
       [ 0.002, -0.006, -0.001,  0.003,  0.004],
       [-0.008,  0.   ,  0.009,  0.   ,  0.01 ],
       [-0.003, -0.006, -0.004,  0.01 , -0.005]]), 'deltas': array([[0.],
       [0.],
       [0.],
       [0.],
       [0.]]), 'outputs': array([[0.],
       [0.],
       [0.],
       [0.],
       [0.]]), 'errors': array([[0.],
       [0.],
       [0.],
       [0.],
       [0.]])}, {'weights': array([[-0.003, -0.004,  0.   ,  0.003, -0.007],
       [-0.001,  0.004,  0.007,  0.008, -0.003],
       [-0.001,  0.003,  0.002, -0.009,  0.003],
       [-0.004, -0.006,  0.01 ,  0.001,  0.003]]), 'deltas': array([[0.],
       [0.],
       [0.],
       [0.],
       [0.]]), 'outputs': array([[0.],
       [0.],
       [0.],
       [0.],
       [0.]]), 'errors': array([[0.],
       [0.],
       [0.],
       [0.],
       [0.]])}]
Training complete!
Training done. epoch: 1000 , total error: 0.28273678825199444
[{'weights': array([[ 1.57932329e-01,  4.35274238e-01,  1.44716722e-01,
        -2.63411081e-01,  3.08690195e-02, -2.25717445e-01,
        -4.52504944e-01, -1.06039864e+00,  8.85557476e-01,
        -5.92792518e-01,  1.87969748e-01,  2.42981609e-01,
         2.99706796e-01, -2.36449469e-01, -2.31098488e-01,
        -5.16364815e-01,  3.54523653e-01, -3.04403982e-02,
        -3.00577032e-01,  3.09125749e-01, -1.30949480e-01,
        -3.61838218e-01,  6.76821244e-01, -2.30222987e-01,
        -2.55601200e-01, -1.52763501e-01, -1.30776605e-02,
        -5.55482047e-01,  3.90640885e-01,  2.73668526e-01,
        -4.84152332e-01,  5.06426449e-02, -3.41524909e-01,
         1.96683748e-01, -2.18469708e-02, -1.45994190e-01,
        -5.77792518e-01,  4.95424751e-01,  6.16373774e-01,
        -7.09847168e-01, -4.78953060e-01, -3.51177969e-01,
         1.24608239e+00, -5.94792518e-01,  5.46006007e-01,
        -6.92847168e-01,  1.38707564e-01, -3.07548725e-01,
        -5.22461989e-01,  3.52620828e-01,  4.17951357e-01,
        -5.85792518e-01,  4.23951357e-01, -5.74792518e-01,
        -1.29463969e+00,  1.13079853e+00, -5.51907750e-01,
         3.76066589e-01, -1.68841161e-01],
       [-1.83689019e-01,  5.40438231e-01,  1.04737760e-01,
        -1.43047749e-01, -8.77468440e-02, -1.42267304e-01,
        -4.08290955e-01, -9.77602583e-01,  6.62736704e-01,
        -5.53780494e-01,  2.30113764e-01,  2.48008502e-02,
        -3.13829026e-01,  2.02792342e-01, -1.95829196e-01,
        -6.45372936e-01,  3.50507056e-01, -4.37301939e-01,
        -1.11988249e-01,  1.44973195e-01,  8.34511129e-02,
        -2.83785484e-01,  3.89743466e-01, -2.01726297e-01,
        -2.14097565e-01, -4.25907070e-01,  1.17041191e-01,
        -4.18767373e-01,  1.11901493e-01,  5.05635635e-01,
        -4.98133319e-01, -3.45368196e-01, -9.11764734e-01,
         5.99898854e-01, -1.77808283e-01, -1.29057597e-01,
        -5.64780494e-01, -9.07289645e-03,  7.44926556e-01,
        -4.99939046e-01, -3.27395742e-01, -1.00519108e+00,
         1.59350144e+00, -5.62780494e-01,  1.92073166e-01,
        -5.04939046e-01,  3.79664523e-01, -6.82530402e-01,
        -3.44049130e-01,  3.41832501e-02,  2.58914614e-01,
        -5.63780494e-01,  2.47914614e-01, -5.57780494e-01,
        -1.04871954e+00,  7.49853660e-01, -1.10377513e+00,
         7.99909253e-01, -3.16865880e-01],
       [-1.71764199e-01,  5.38140700e-01,  9.66291646e-02,
        -1.52928331e-01, -9.14065407e-02, -1.47110190e-01,
        -4.02703573e-01, -9.86318147e-01,  6.64175177e-01,
        -5.67244611e-01,  2.37929005e-01,  3.01726373e-02,
        -2.89941456e-01,  1.88470207e-01, -2.06671721e-01,
        -6.52928103e-01,  3.46785134e-01, -3.85350661e-01,
        -1.48483220e-01,  1.60337866e-01,  6.13530465e-02,
        -2.89085099e-01,  3.98912850e-01, -2.08446767e-01,
        -2.24523954e-01, -3.78742692e-01,  7.25997221e-02,
        -4.71179324e-01,  1.52036355e-01,  5.14990546e-01,
        -5.03627838e-01, -3.31505677e-01, -9.26211526e-01,
         6.08068557e-01, -1.83368450e-01, -1.23774519e-01,
        -5.59244611e-01,  1.40793020e-02,  7.40444492e-01,
        -5.01422152e-01, -3.41069130e-01, -1.00121593e+00,
         1.60038670e+00, -5.68244611e-01,  2.02279182e-01,
        -4.98422152e-01,  3.61701138e-01, -6.86844108e-01,
        -3.46456914e-01,  5.03139446e-02,  2.55101642e-01,
        -5.74244611e-01,  2.51101642e-01, -5.69244611e-01,
        -1.07766676e+00,  7.65523794e-01, -1.05164322e+00,
         7.48500254e-01, -3.10142969e-01],
       [-4.42808153e-02,  5.31462261e-01,  3.18411714e-02,
        -1.56863395e-01, -7.51290457e-02, -1.76912711e-01,
        -4.43490843e-01, -1.05653960e+00,  7.37166227e-01,
        -5.98572497e-01,  2.22630025e-01,  4.95690939e-02,
        -2.29873626e-01,  1.22934569e-01, -2.16434321e-01,
        -6.62818788e-01,  3.39445410e-01, -1.23545324e-01,
        -3.93974366e-01,  1.76655812e-01,  1.54905002e-02,
        -2.88955217e-01,  4.42125587e-01, -2.10333959e-01,
        -2.76209789e-01, -1.16803511e-01, -1.85569867e-01,
        -7.78864730e-01,  4.53491352e-01,  5.16385273e-01,
        -5.94260937e-01, -2.33497714e-01, -8.71449939e-01,
         5.55076561e-01, -1.90298004e-01, -1.22075374e-01,
        -6.02572497e-01,  1.19948931e-01,  7.17190808e-01,
        -5.56940621e-01, -3.83679948e-01, -9.51737100e-01,
         1.60061617e+00, -6.05572497e-01,  2.34567243e-01,
        -5.42940621e-01,  3.52405218e-01, -6.56778595e-01,
        -3.29072983e-01,  1.56996056e-02,  2.78199119e-01,
        -5.98572497e-01,  2.97199119e-01, -6.06572497e-01,
        -1.15051312e+00,  8.28139740e-01, -8.25608493e-01,
         5.02235116e-01, -3.15373378e-01],
       [ 1.00000000e-02, -2.00000000e-03,  1.00000000e-03,
        -3.00000000e-03, -6.00000000e-03,  1.00000000e-02,
         0.00000000e+00,  1.00000000e-03,  1.00000000e-03,
        -9.00000000e-03,  6.00000000e-03, -4.00000000e-03,
        -1.00000000e-03, -8.00000000e-03, -8.00000000e-03,
         8.00000000e-03,  1.00000000e-03, -2.00000000e-03,
         0.00000000e+00, -7.00000000e-03,  5.00000000e-03,
        -1.00000000e-03,  3.00000000e-03, -3.00000000e-03,
        -6.00000000e-03, -1.00000000e-02,  9.00000000e-03,
         2.00000000e-03, -7.00000000e-03, -7.00000000e-03,
         1.00000000e-02, -9.00000000e-03,  3.00000000e-03,
        -9.00000000e-03, -9.00000000e-03,  8.00000000e-03,
         8.00000000e-03,  7.00000000e-03,  7.00000000e-03,
         5.00000000e-03, -9.00000000e-03, -4.00000000e-03,
        -7.00000000e-03, -3.00000000e-03,  3.00000000e-03,
         5.00000000e-03, -4.00000000e-03,  9.00000000e-03,
         5.00000000e-03, -1.00000000e-03,  5.00000000e-03,
        -2.00000000e-03, -3.00000000e-03,  7.00000000e-03,
         2.00000000e-03, -4.00000000e-03, -1.00000000e-03,
        -6.00000000e-03,  4.00000000e-03]]), 'deltas': array([[-0.00606492],
       [-0.0020361 ],
       [-0.00253765],
       [-0.00961376],
       [-0.        ]]), 'outputs': array([[0.9324547 ],
       [0.02161152],
       [0.02708668],
       [0.11249129],
       [1.        ]]), 'errors': -0.09629457563611465}, {'weights': array([[ 2.78151114e+00,  2.75780212e+00,  2.75363009e+00,
         2.72685638e+00, -5.21629338e+00],
       [ 2.78898634e+00,  2.74974444e+00,  2.74558245e+00,
         2.73483453e+00, -5.21603029e+00],
       [ 2.79054008e+00,  2.74425213e+00,  2.74908666e+00,
         2.73534106e+00, -5.21607889e+00],
       [ 2.77943139e+00,  2.74964921e+00,  2.75848375e+00,
         2.73172507e+00, -5.21601937e+00],
       [-3.00000000e-03, -6.00000000e-03, -4.00000000e-03,
         1.00000000e-02, -5.00000000e-03]]), 'deltas': array([[-0.00413217],
       [-0.00415777],
       [-0.00416253],
       [-0.00412833],
       [-0.        ]]), 'outputs': array([[0.10175869],
       [0.10247044],
       [0.10260275],
       [0.10165217],
       [1.        ]]), 'errors': -0.04520778496791238}, {'weights': array([[-6.14333574, -6.16928271, -6.17852366, -6.13030783,  0.07120334],
       [-6.1798727 , -6.20033568, -6.2101792 , -6.16403927,  0.09354001],
       [-0.60155796, -0.12089436, -0.03910291, -0.67722685, -0.84252274],
       [ 2.69343728,  2.65144443,  2.68223996,  2.67688632, -5.61037839]]), 'deltas': array([[-5.91114852e-03],
       [-6.00341931e-03],
       [ 1.41836416e-01],
       [-1.15408431e-04]]), 'outputs': array([[0.08016426],
       [0.08081615],
       [0.25676427],
       [0.01080132]]), 'errors': array([[-0.08016426],
       [-0.08081615],
       [ 0.74323573],
       [-0.01080132]])}]
Accuracy: 70.0 %

train_data group 3 length:  38
   0   1   2   3   4   5   6   7   8  ...  50  51  52  53  54  55  56  57  58
0   0   0   0   0   0   0   1   1   0 ...   1   0   1   0   1   0   1   0   0
1   0   0   0   0   0   0   1   1   0 ...   1   0   1   0   1   0   1   0   0
2   0   0   0   1   0   0   0   1   0 ...   0   1   0   1   1   0   1   0   1
3   0   0   0   0   0   0   1   1   0 ...   0   1   0   1   1   0   1   0   1
4   0   0   0   0   1   0   0   1   0 ...   1   0   1   0   0   1   1   0   2

[5 rows x 59 columns]
Initial Neural Network:
[{'weights': array([[-0.007, -0.007, -0.006, -0.01 , -0.003,  0.004, -0.002,  0.003,
        -0.003, -0.004, -0.006, -0.005,  0.009, -0.002,  0.007,  0.002,
        -0.007,  0.007, -0.001, -0.001,  0.007,  0.009, -0.005,  0.009,
         0.006, -0.009, -0.004, -0.004,  0.007,  0.003, -0.006,  0.01 ,
        -0.008,  0.005,  0.005,  0.008, -0.003,  0.006,  0.001,  0.008,
        -0.002, -0.009, -0.003,  0.007, -0.004,  0.007, -0.006, -0.002,
         0.005,  0.01 , -0.007, -0.001,  0.003,  0.001,  0.005,  0.009,
         0.005, -0.005, -0.008],
       [-0.001,  0.   , -0.005, -0.009,  0.008, -0.007,  0.004,  0.007,
         0.006, -0.003,  0.003, -0.002,  0.004, -0.002,  0.005, -0.009,
        -0.002,  0.001,  0.004,  0.009,  0.004, -0.002,  0.   , -0.008,
        -0.01 , -0.003,  0.009, -0.003, -0.004, -0.004,  0.008, -0.005,
        -0.002,  0.005,  0.   , -0.003,  0.005, -0.01 ,  0.006, -0.01 ,
        -0.002, -0.01 ,  0.008,  0.001,  0.009, -0.008,  0.008,  0.006,
         0.006,  0.001,  0.002, -0.005,  0.001,  0.   ,  0.009,  0.006,
         0.001,  0.01 , -0.005],
       [ 0.   , -0.002,  0.001,  0.008, -0.01 , -0.008, -0.009, -0.009,
        -0.001,  0.003,  0.003,  0.007,  0.008, -0.002,  0.006,  0.009,
         0.006,  0.009, -0.006, -0.009,  0.008, -0.004, -0.006,  0.007,
        -0.003,  0.005, -0.003, -0.01 , -0.003, -0.005,  0.008,  0.003,
         0.01 ,  0.009, -0.008,  0.   , -0.002,  0.   ,  0.007, -0.006,
         0.003,  0.   , -0.002,  0.01 , -0.001, -0.002,  0.002,  0.01 ,
         0.005, -0.008,  0.   , -0.004, -0.009, -0.005,  0.008,  0.003,
         0.004,  0.008,  0.005],
       [-0.01 ,  0.   , -0.01 , -0.009,  0.006,  0.001, -0.004, -0.009,
        -0.002,  0.   , -0.008,  0.005,  0.008,  0.007,  0.002,  0.01 ,
        -0.003,  0.01 , -0.004, -0.001, -0.006,  0.006,  0.007,  0.01 ,
         0.004, -0.002, -0.005, -0.009,  0.003,  0.007, -0.008, -0.003,
         0.   ,  0.009,  0.001,  0.003,  0.009,  0.005, -0.009, -0.008,
         0.01 , -0.003,  0.002,  0.001,  0.001, -0.005, -0.009, -0.006,
        -0.002,  0.007,  0.005, -0.009,  0.005,  0.007,  0.006, -0.002,
         0.004, -0.007,  0.005],
       [ 0.003,  0.009,  0.005, -0.001,  0.   ,  0.007,  0.009, -0.002,
        -0.005,  0.002,  0.01 ,  0.001,  0.005, -0.006,  0.   , -0.004,
        -0.008,  0.008,  0.   , -0.009,  0.001, -0.005, -0.008, -0.009,
         0.005, -0.003, -0.01 ,  0.01 , -0.007,  0.   ,  0.006, -0.004,
         0.007, -0.007, -0.003, -0.005,  0.009, -0.003,  0.   ,  0.008,
         0.007,  0.002, -0.003,  0.003,  0.001,  0.004,  0.009,  0.008,
        -0.009, -0.005, -0.001,  0.   ,  0.   ,  0.007,  0.004, -0.008,
        -0.006, -0.002, -0.01 ]]), 'deltas': array([[0.],
       [0.],
       [0.],
       [0.],
       [0.]]), 'outputs': array([[0.],
       [0.],
       [0.],
       [0.],
       [0.]]), 'errors': array([[0.],
       [0.],
       [0.],
       [0.],
       [0.]])}, {'weights': array([[-0.003, -0.009, -0.004, -0.01 ,  0.007],
       [ 0.003, -0.005, -0.001, -0.006, -0.006],
       [ 0.005, -0.001, -0.004,  0.004, -0.003],
       [-0.009,  0.008,  0.007,  0.004, -0.01 ],
       [ 0.004,  0.003,  0.009, -0.004,  0.002]]), 'deltas': array([[0.],
       [0.],
       [0.],
       [0.],
       [0.]]), 'outputs': array([[0.],
       [0.],
       [0.],
       [0.],
       [0.]]), 'errors': array([[0.],
       [0.],
       [0.],
       [0.],
       [0.]])}, {'weights': array([[-0.004,  0.   , -0.002, -0.009,  0.01 ],
       [-0.004,  0.005,  0.01 , -0.008,  0.004],
       [ 0.003,  0.   , -0.004, -0.004, -0.003],
       [ 0.005,  0.007,  0.003, -0.002, -0.008]]), 'deltas': array([[0.],
       [0.],
       [0.],
       [0.],
       [0.]]), 'outputs': array([[0.],
       [0.],
       [0.],
       [0.],
       [0.]]), 'errors': array([[0.],
       [0.],
       [0.],
       [0.],
       [0.]])}]
Training complete!
Training done. epoch: 1000 , total error: 0.31103294151844385
[{'weights': array([[-8.67828955e-02,  3.97257703e-01,  1.30738217e-01,
         1.14662631e-01, -1.62646349e-01, -3.30749594e-01,
        -3.70273572e-01, -9.46711272e-01,  6.69917413e-01,
        -5.53182860e-01,  2.27993881e-01,  3.33951193e-02,
        -2.12437691e-01,  2.08019280e-01, -2.58375449e-01,
        -7.05916105e-01,  4.24122246e-01, -7.16637137e-01,
        -1.77392498e-01,  5.73707949e-01,  5.55278258e-02,
        -2.41447736e-01,  3.93616425e-01, -1.91763293e-01,
        -2.18199255e-01, -4.74961916e-01,  1.85168057e-01,
        -5.40116399e-01,  2.66322540e-01,  9.76125989e-02,
        -4.64544248e-02, -3.20952033e-01, -8.26247825e-01,
         5.46453966e-01, -1.34624711e-01, -1.29169148e-01,
        -5.52182860e-01,  1.60243947e-01,  6.35128605e-01,
        -5.07983551e-01, -2.25194050e-01, -1.09022964e+00,
         1.57381269e+00, -5.42182860e-01,  2.35189692e-01,
        -5.08983551e-01,  3.33749781e-01, -6.18543640e-01,
        -3.47932297e-01,  8.61384378e-02,  2.65389001e-01,
        -5.50182860e-01,  2.75389001e-01, -5.48182860e-01,
        -1.06016641e+00,  7.97372552e-01, -1.06483728e+00,
         7.88043420e-01, -2.84793859e-01],
       [-1.82747023e-01,  4.12855246e-01,  1.90530955e-01,
         1.22615087e-01, -1.51830363e-01, -3.26196150e-01,
        -3.54443537e-01, -9.15447463e-01,  6.49231677e-01,
        -5.36033879e-01,  2.30901860e-01,  2.39162334e-02,
        -2.67150980e-01,  2.52532307e-01, -2.57597113e-01,
        -7.07497170e-01,  4.17281384e-01, -6.36737866e-01,
        -9.35787088e-02,  3.79734795e-01,  8.93659930e-02,
        -2.43745469e-01,  3.66636282e-01, -2.10886559e-01,
        -2.11220040e-01, -5.54217243e-01,  2.81001457e-01,
        -3.86402014e-01,  1.00186228e-01,  1.02565880e-01,
        -1.73791489e-01, -2.08990177e-01, -8.57292477e-01,
         5.81076692e-01, -1.47567469e-01, -1.34648317e-01,
        -5.28033879e-01,  8.10266760e-02,  6.54561541e-01,
        -4.95770124e-01, -2.04295180e-01, -1.12806822e+00,
         1.58218150e+00, -5.32033879e-01,  2.15554338e-01,
        -4.93770124e-01,  3.61571149e-01, -6.26786935e-01,
        -3.76434068e-01,  1.04218282e-01,  2.55818093e-01,
        -5.38033879e-01,  2.54818093e-01, -5.33033879e-01,
        -1.00980400e+00,  7.45588217e-01, -1.16395017e+00,
         8.95734384e-01, -2.84215786e-01],
       [-2.00938804e-01,  4.15515607e-01,  2.11234428e-01,
         1.33790254e-01, -1.68819382e-01, -3.27526530e-01,
        -3.64053365e-01, -9.36163926e-01,  6.45366134e-01,
        -5.25454358e-01,  2.31448782e-01,  2.62077853e-02,
        -2.80690890e-01,  2.68261134e-01, -2.56368036e-01,
        -6.84783583e-01,  4.18985792e-01, -6.06452078e-01,
        -7.68351632e-02,  3.16446544e-01,  8.80429059e-02,
        -2.43475029e-01,  3.49425146e-01, -1.97190871e-01,
        -1.95557037e-01, -5.76465430e-01,  2.97667638e-01,
        -3.62511997e-01,  6.87142060e-02,  1.07851632e-01,
        -2.16421150e-01, -1.66228274e-01, -8.60151527e-01,
         5.98353735e-01, -1.49328977e-01, -1.39468814e-01,
        -5.30454358e-01,  7.05309827e-02,  6.63300111e-01,
        -4.85174526e-01, -1.95388463e-01, -1.13367632e+00,
         1.57772135e+00, -5.18454358e-01,  1.97376735e-01,
        -4.81174526e-01,  3.59246536e-01, -6.28044327e-01,
        -3.65213071e-01,  8.14152796e-02,  2.47656567e-01,
        -5.32454358e-01,  2.38656567e-01, -5.33454358e-01,
        -9.99628885e-01,  7.29831093e-01, -1.19334735e+00,
         9.24549563e-01, -2.75797791e-01],
       [ 6.42556512e-02,  3.50398506e-01,  2.01644179e-01,
         9.98844850e-02, -8.63020477e-02, -3.78948628e-01,
        -3.96383093e-01, -9.51989859e-01,  8.21538911e-01,
        -5.48921472e-01,  1.77705265e-01,  2.48765259e-01,
         3.30751127e-01, -1.63803086e-01, -2.69398989e-01,
        -5.91465951e-01,  4.79015003e-01, -4.76862866e-01,
        -1.19233556e-01,  4.81581078e-01, -5.93560348e-03,
        -3.11378183e-01,  6.38034343e-01, -1.96164683e-01,
        -2.22942425e-01, -5.41777678e-01,  4.15326730e-01,
        -4.21232348e-01,  2.95781401e-01, -3.21295245e-02,
         1.46355578e-01, -2.37677001e-01, -2.56591248e-01,
         1.46140301e-01, -2.44154846e-02, -9.10354630e-02,
        -5.39921472e-01,  5.61000811e-01,  5.53172168e-01,
        -6.96702454e-01, -3.04510149e-01, -4.97296583e-01,
         1.24027726e+00, -5.47921472e-01,  5.70251506e-01,
        -6.93702454e-01,  1.14968987e-01, -2.49419935e-01,
        -5.75027081e-01,  4.60576134e-01,  4.34470524e-01,
        -5.57921472e-01,  4.34470524e-01, -5.41921472e-01,
        -1.23162393e+00,  1.11617298e+00, -7.11449468e-01,
         5.88998520e-01, -1.14450948e-01],
       [ 3.00000000e-03,  9.00000000e-03,  5.00000000e-03,
        -1.00000000e-03,  0.00000000e+00,  7.00000000e-03,
         9.00000000e-03, -2.00000000e-03, -5.00000000e-03,
         2.00000000e-03,  1.00000000e-02,  1.00000000e-03,
         5.00000000e-03, -6.00000000e-03,  0.00000000e+00,
        -4.00000000e-03, -8.00000000e-03,  8.00000000e-03,
         0.00000000e+00, -9.00000000e-03,  1.00000000e-03,
        -5.00000000e-03, -8.00000000e-03, -9.00000000e-03,
         5.00000000e-03, -3.00000000e-03, -1.00000000e-02,
         1.00000000e-02, -7.00000000e-03,  0.00000000e+00,
         6.00000000e-03, -4.00000000e-03,  7.00000000e-03,
        -7.00000000e-03, -3.00000000e-03, -5.00000000e-03,
         9.00000000e-03, -3.00000000e-03,  0.00000000e+00,
         8.00000000e-03,  7.00000000e-03,  2.00000000e-03,
        -3.00000000e-03,  3.00000000e-03,  1.00000000e-03,
         4.00000000e-03,  9.00000000e-03,  8.00000000e-03,
        -9.00000000e-03, -5.00000000e-03, -1.00000000e-03,
         0.00000000e+00,  0.00000000e+00,  7.00000000e-03,
         4.00000000e-03, -8.00000000e-03, -6.00000000e-03,
        -2.00000000e-03, -1.00000000e-02]]), 'deltas': array([[-2.98139943e-05],
       [-2.74590031e-05],
       [-2.67949419e-05],
       [-1.60821001e-05],
       [-0.00000000e+00]]), 'outputs': array([[0.00414752],
       [0.00381865],
       [0.00372595],
       [0.00223294],
       [1.        ]]), 'errors': -0.00721833186259374}, {'weights': array([[ 2.74404944e+00,  2.75703497e+00,  2.75802851e+00,
         2.77107754e+00, -5.22273902e+00],
       [ 2.74595390e+00,  2.75695403e+00,  2.75695784e+00,
         2.77085446e+00, -5.22299942e+00],
       [ 2.74464908e+00,  2.75762415e+00,  2.75064048e+00,
         2.77774235e+00, -5.22303036e+00],
       [ 2.72924299e+00,  2.76522885e+00,  2.76024557e+00,
         2.77620836e+00, -5.22315400e+00],
       [ 4.00000000e-03,  3.00000000e-03,  9.00000000e-03,
        -4.00000000e-03,  2.00000000e-03]]), 'deltas': array([[-0.00031079],
       [-0.00031071],
       [-0.0003107 ],
       [-0.00031066],
       [-0.        ]]), 'outputs': array([[0.00557313],
       [0.0055717 ],
       [0.00557147],
       [0.00557077],
       [1.        ]]), 'errors': -0.05607883353057558}, {'weights': array([[-6.18459522, -6.18321428, -6.21721327, -6.21626504,  0.08116099],
       [-6.22998183, -6.22423286, -6.25134312, -6.26159618,  0.08535991],
       [-0.49543273, -0.53198386, -0.16855461, -0.29565903, -0.87175199],
       [ 2.65888617,  2.68788382,  2.69004972,  2.69790651, -5.60229716]]), 'deltas': array([[-1.25352632e-01],
       [ 1.32002217e-01],
       [-6.29094703e-02],
       [-1.51625198e-05]]), 'outputs': array([[0.50141454],
       [0.47009562],
       [0.29972564],
       [0.00390153]]), 'errors': array([[-0.50141454],
       [ 0.52990438],
       [-0.29972564],
       [-0.00390153]])}]
Accuracy: 77.77777777777779 %

train_data group 4 length:  37
   0   1   2   3   4   5   6   7   8  ...  50  51  52  53  54  55  56  57  58
0   0   0   0   0   0   0   1   1   0 ...   1   0   1   0   1   0   1   0   0
1   0   0   0   0   0   0   1   1   0 ...   1   0   1   0   1   0   1   0   0
2   0   0   0   1   0   0   0   1   0 ...   0   1   0   1   1   0   1   0   1
3   0   0   0   0   0   0   1   1   0 ...   0   1   0   1   1   0   1   0   1
4   0   0   0   0   1   0   0   1   0 ...   1   0   1   0   0   1   1   0   2

[5 rows x 59 columns]
Initial Neural Network:
[{'weights': array([[-0.004, -0.004, -0.007, -0.01 , -0.01 , -0.001,  0.002,  0.005,
         0.002, -0.004, -0.004,  0.   ,  0.001, -0.004, -0.01 ,  0.005,
         0.009, -0.001, -0.01 , -0.008, -0.001, -0.003,  0.009, -0.01 ,
        -0.004,  0.006, -0.005,  0.006,  0.004,  0.01 , -0.004,  0.006,
        -0.005, -0.007, -0.005,  0.009,  0.   ,  0.004, -0.004, -0.001,
         0.001, -0.001, -0.009, -0.009,  0.007,  0.004,  0.004, -0.002,
         0.004,  0.001, -0.01 , -0.001,  0.   ,  0.   ,  0.006,  0.006,
         0.001, -0.001, -0.004],
       [-0.01 ,  0.007,  0.004,  0.009,  0.002,  0.001, -0.008,  0.006,
         0.006, -0.004,  0.   , -0.001,  0.009,  0.003,  0.004,  0.001,
         0.006,  0.007,  0.002,  0.01 ,  0.007,  0.01 , -0.008,  0.   ,
        -0.002,  0.01 , -0.007,  0.009, -0.005,  0.009,  0.01 ,  0.001,
        -0.002,  0.01 , -0.001,  0.002, -0.009,  0.01 ,  0.008, -0.009,
         0.004,  0.008, -0.005,  0.008,  0.005, -0.009,  0.005, -0.005,
        -0.006,  0.003,  0.003, -0.005, -0.01 , -0.01 ,  0.001,  0.006,
         0.003, -0.002,  0.009],
       [ 0.001,  0.002,  0.002, -0.006,  0.009,  0.007,  0.008, -0.001,
         0.002, -0.005, -0.002, -0.007,  0.002,  0.003, -0.001, -0.003,
        -0.008, -0.001, -0.006,  0.01 , -0.007,  0.007,  0.007, -0.001,
         0.005, -0.008,  0.008, -0.007, -0.004, -0.005,  0.002, -0.006,
         0.002,  0.006,  0.005,  0.001, -0.002, -0.006,  0.002, -0.009,
         0.001, -0.002,  0.008,  0.005, -0.009, -0.009, -0.006,  0.01 ,
         0.001,  0.   ,  0.002, -0.001, -0.001,  0.006, -0.003,  0.009,
         0.002,  0.008,  0.008],
       [ 0.005, -0.003, -0.003,  0.003, -0.006, -0.005, -0.001, -0.005,
         0.009,  0.006, -0.001,  0.01 , -0.008,  0.006,  0.003,  0.002,
        -0.009,  0.002, -0.007,  0.003, -0.003, -0.007,  0.006,  0.009,
         0.01 , -0.006,  0.008, -0.008,  0.   ,  0.004,  0.009,  0.005,
         0.005,  0.004, -0.008,  0.006,  0.007,  0.007,  0.009,  0.   ,
        -0.002, -0.01 ,  0.004, -0.005, -0.006, -0.006,  0.006, -0.008,
        -0.01 ,  0.005,  0.004,  0.008, -0.002,  0.003, -0.003,  0.008,
         0.005,  0.009,  0.004],
       [ 0.001,  0.001, -0.002,  0.007,  0.006, -0.008,  0.008,  0.004,
         0.007,  0.008, -0.001, -0.001, -0.004,  0.005,  0.001, -0.003,
         0.007,  0.009,  0.008,  0.009,  0.003,  0.009, -0.01 ,  0.004,
        -0.003,  0.004,  0.003,  0.009,  0.009,  0.002,  0.007,  0.008,
         0.005, -0.01 , -0.006,  0.009,  0.006,  0.002,  0.002, -0.01 ,
        -0.003, -0.009, -0.003, -0.007, -0.005,  0.009,  0.004, -0.002,
         0.002,  0.007, -0.006,  0.005,  0.001,  0.   ,  0.008, -0.007,
         0.001, -0.007,  0.002]]), 'deltas': array([[0.],
       [0.],
       [0.],
       [0.],
       [0.]]), 'outputs': array([[0.],
       [0.],
       [0.],
       [0.],
       [0.]]), 'errors': array([[0.],
       [0.],
       [0.],
       [0.],
       [0.]])}, {'weights': array([[ 0.007,  0.004, -0.007,  0.   ,  0.001],
       [-0.007,  0.01 ,  0.005, -0.002, -0.006],
       [ 0.006, -0.006, -0.006,  0.   , -0.008],
       [-0.009, -0.004,  0.002,  0.006,  0.001],
       [-0.006,  0.   , -0.002, -0.009, -0.001]]), 'deltas': array([[0.],
       [0.],
       [0.],
       [0.],
       [0.]]), 'outputs': array([[0.],
       [0.],
       [0.],
       [0.],
       [0.]]), 'errors': array([[0.],
       [0.],
       [0.],
       [0.],
       [0.]])}, {'weights': array([[ 0.004, -0.002, -0.008,  0.001,  0.004],
       [ 0.006, -0.002,  0.   , -0.009, -0.009],
       [ 0.01 ,  0.01 ,  0.008, -0.003, -0.002],
       [-0.004,  0.004,  0.008,  0.009, -0.006]]), 'deltas': array([[0.],
       [0.],
       [0.],
       [0.],
       [0.]]), 'outputs': array([[0.],
       [0.],
       [0.],
       [0.],
       [0.]]), 'errors': array([[0.],
       [0.],
       [0.],
       [0.],
       [0.]])}]
Training complete!
Training done. epoch: 1000 , total error: 0.3104053278494197
[{'weights': array([[ 3.37622642e-02,  3.90142839e-01, -1.58341168e-01,
         2.74105596e-01, -3.87105499e-01, -1.99173463e-01,
        -2.39211157e-01, -7.80421686e-01,  5.35601098e-01,
        -5.13713237e-01,  2.91665562e-01, -3.77729135e-02,
        -1.69587627e-01,  2.09994297e-01, -3.05227258e-01,
        -5.65430061e-01,  3.27609472e-01, -1.28724271e-03,
        -1.13798072e-01,  1.66064375e-02, -1.73341711e-01,
        -3.98182070e-01,  5.19838233e-01, -3.07003135e-01,
        -7.44736157e-02, -1.59026653e-01, -9.17939356e-02,
        -6.58829377e-02, -1.75937651e-01,  1.04091452e-01,
        -1.46348943e-01, -1.97563098e-01, -4.76637016e-01,
         2.12816428e-01, -2.42578075e-01, -5.24251342e-03,
        -5.09713237e-01,  1.25769610e-01,  6.17042221e-01,
        -4.85919183e-01, -1.82954938e-01, -9.13274762e-01,
         1.34512235e+00, -5.18713237e-01,  2.40098594e-01,
        -4.80919183e-01,  3.50848738e-01, -6.00669326e-01,
        -6.72491535e-02, -1.79571435e-01,  2.47892648e-01,
        -5.10713237e-01,  2.57892648e-01, -5.09713237e-01,
        -9.88632419e-01,  7.48811831e-01, -1.60494294e+00,
         1.35312235e+00, -2.55820588e-01],
       [ 1.71064066e-01,  3.42770645e-01,  3.05660319e-02,
         2.26209038e-01, -3.19332806e-01, -2.26379512e-01,
        -3.18372968e-01, -8.40905039e-01,  7.54429534e-01,
        -5.43595537e-01,  2.29454480e-01,  2.10665553e-01,
         3.75379428e-01, -1.39406655e-01, -3.18448278e-01,
        -4.24073853e-01,  3.32598348e-01,  1.07514183e-01,
        -2.09663461e-01,  2.70927948e-02,  2.58097869e-03,
        -5.17433625e-01,  8.38118919e-01, -3.19477026e-01,
        -9.96837724e-02, -2.30556913e-01,  1.35081408e-01,
         8.53587594e-02, -1.79834264e-01, -2.23471563e-02,
        -5.61112921e-02, -1.70563291e-05,  6.29266787e-02,
        -1.53402183e-01, -1.49845619e-01,  5.23701147e-02,
        -5.48595537e-01,  6.07848603e-01,  5.15883675e-01,
        -6.73612246e-01, -2.38414849e-01, -3.90923702e-01,
         1.07745858e+00, -5.31595537e-01,  5.71136741e-01,
        -6.73612246e-01,  1.49602517e-01, -2.48078022e-01,
        -3.13817926e-01,  2.12342421e-01,  4.44120032e-01,
        -5.44595537e-01,  4.31120032e-01, -5.49595537e-01,
        -1.20320778e+00,  1.11173228e+00, -1.17793409e+00,
         1.08045858e+00, -8.94755047e-02],
       [ 5.62471413e-02,  3.94210974e-01, -1.34950033e-01,
         2.05101241e-01, -3.43002683e-01, -1.87790737e-01,
        -2.26167346e-01, -8.22203025e-01,  5.63851582e-01,
        -5.08343939e-01,  2.91114412e-01, -5.61219160e-02,
        -1.88813824e-01,  2.23387415e-01, -2.89925034e-01,
        -5.39246139e-01,  2.68894696e-01,  1.01828240e-02,
        -1.10837999e-01,  1.68825239e-02, -1.79578792e-01,
        -3.85779338e-01,  5.03125157e-01, -2.92135814e-01,
        -6.65614482e-02, -1.88526397e-01, -7.08250463e-02,
        -9.58848498e-02, -1.74466593e-01,  9.82211077e-02,
        -1.74214389e-01, -1.92358162e-01, -5.10952887e-01,
         2.59601444e-01, -2.03780787e-01, -4.95706561e-02,
        -5.05343939e-01,  1.02336429e-01,  6.16135465e-01,
        -4.87479398e-01, -1.82920336e-01, -9.24276373e-01,
         1.35818921e+00, -4.98343939e-01,  2.10127955e-01,
        -4.87479398e-01,  3.44947028e-01, -6.00298471e-01,
        -4.42450702e-02, -2.14106373e-01,  2.45992496e-01,
        -5.04343939e-01,  2.42992496e-01, -4.97343939e-01,
        -9.84823337e-01,  7.31471894e-01, -1.60754065e+00,
         1.35818921e+00, -2.51351443e-01],
       [ 5.09900199e-02,  3.88316816e-01, -1.49411565e-01,
         2.49671886e-01, -3.68701858e-01, -2.00632914e-01,
        -2.36663518e-01, -8.02770294e-01,  5.50339161e-01,
        -5.02351082e-01,  2.94876427e-01, -3.39564766e-02,
        -1.88763894e-01,  2.22900677e-01, -2.89567916e-01,
        -5.56448073e-01,  2.93016940e-01,  2.47360959e-03,
        -1.11177239e-01,  1.73361644e-02, -1.70063667e-01,
        -3.98666079e-01,  5.08329005e-01, -2.86563454e-01,
        -6.15306047e-02, -1.81552924e-01, -7.28782089e-02,
        -8.66281187e-02, -1.77803014e-01,  1.02695699e-01,
        -1.45906341e-01, -1.95220490e-01, -4.87911295e-01,
         2.40480162e-01, -2.36093255e-01, -2.23378772e-02,
        -5.01351082e-01,  1.22653763e-01,  6.23781961e-01,
        -4.78515774e-01, -1.87160346e-01, -9.22576273e-01,
         1.35365657e+00, -5.13351082e-01,  2.16084641e-01,
        -4.84515774e-01,  3.50515614e-01, -6.08946747e-01,
        -6.91332611e-02, -1.92297871e-01,  2.55919950e-01,
        -5.00351082e-01,  2.49919950e-01, -5.05351082e-01,
        -9.89866856e-01,  7.38435723e-01, -1.60108770e+00,
         1.35865657e+00, -2.52431133e-01],
       [ 1.00000000e-03,  1.00000000e-03, -2.00000000e-03,
         7.00000000e-03,  6.00000000e-03, -8.00000000e-03,
         8.00000000e-03,  4.00000000e-03,  7.00000000e-03,
         8.00000000e-03, -1.00000000e-03, -1.00000000e-03,
        -4.00000000e-03,  5.00000000e-03,  1.00000000e-03,
        -3.00000000e-03,  7.00000000e-03,  9.00000000e-03,
         8.00000000e-03,  9.00000000e-03,  3.00000000e-03,
         9.00000000e-03, -1.00000000e-02,  4.00000000e-03,
        -3.00000000e-03,  4.00000000e-03,  3.00000000e-03,
         9.00000000e-03,  9.00000000e-03,  2.00000000e-03,
         7.00000000e-03,  8.00000000e-03,  5.00000000e-03,
        -1.00000000e-02, -6.00000000e-03,  9.00000000e-03,
         6.00000000e-03,  2.00000000e-03,  2.00000000e-03,
        -1.00000000e-02, -3.00000000e-03, -9.00000000e-03,
        -3.00000000e-03, -7.00000000e-03, -5.00000000e-03,
         9.00000000e-03,  4.00000000e-03, -2.00000000e-03,
         2.00000000e-03,  7.00000000e-03, -6.00000000e-03,
         5.00000000e-03,  1.00000000e-03,  0.00000000e+00,
         8.00000000e-03, -7.00000000e-03,  1.00000000e-03,
        -7.00000000e-03,  2.00000000e-03]]), 'deltas': array([[-7.88943770e-06],
       [-4.17365063e-06],
       [-7.95644895e-06],
       [-7.94654446e-06],
       [-0.00000000e+00]]), 'outputs': array([[1.79436158e-03],
       [9.48444937e-04],
       [1.80963020e-03],
       [1.80737342e-03],
       [1.00000000e+00]]), 'errors': -0.004404697313995867}, {'weights': array([[ 2.74869589e+00,  2.74250714e+00,  2.74898284e+00,
         2.75757752e+00, -5.21451687e+00],
       [ 2.73421691e+00,  2.74805869e+00,  2.76050835e+00,
         2.75510370e+00, -5.21462781e+00],
       [ 2.75026713e+00,  2.73497421e+00,  2.75256768e+00,
         2.76016476e+00, -5.21455553e+00],
       [ 2.73495163e+00,  2.73670903e+00,  2.76024073e+00,
         2.76583806e+00, -5.21445487e+00],
       [-6.00000000e-03,  0.00000000e+00, -2.00000000e-03,
        -9.00000000e-03, -1.00000000e-03]]), 'deltas': array([[-0.00019041],
       [-0.00019038],
       [-0.0001904 ],
       [-0.00019042],
       [-0.        ]]), 'outputs': array([[0.00550308],
       [0.00550245],
       [0.0055029 ],
       [0.00550344],
       [1.        ]]), 'errors': -0.03479145674544704}, {'weights': array([[-6.19178307, -6.21886118, -6.16911643, -6.16798723,  0.08013076],
       [-6.20560476, -6.23476924, -6.1769036 , -6.19375659,  0.08827927],
       [-0.24803   ,  0.03936276, -0.66560993, -0.58079188, -0.87218141],
       [ 2.6670298 ,  2.68003546,  2.67821363,  2.67339258, -5.60548877]]), 'deltas': array([[-1.25414843e-01],
       [ 1.31695004e-01],
       [-6.29004542e-02],
       [-1.50385615e-05]]), 'outputs': array([[0.50166494],
       [0.47150329],
       [0.29969832],
       [0.00388551]]), 'errors': array([[-0.50166494],
       [ 0.52849671],
       [-0.29969832],
       [-0.00388551]])}]
Accuracy: 70.0 %

Feedforward Neural Network AVG Accuracy (%): 74.66666666666667 %
