Namespace(max_epochs=100, num_layers=1, num_nodes_per_hidden_layer=0, training_rate=0.5)

train_data group 0 length:  38
   0   1   2   3   4   5   6   7   8  ...  50  51  52  53  54  55  56  57  58
0   0   0   0   0   1   0   0   1   0 ...   1   0   1   0   1   0   1   0   0
1   0   0   0   0   0   0   1   1   0 ...   1   0   1   0   1   0   1   0   0
2   0   0   0   0   0   1   0   1   0 ...   0   1   0   1   1   0   1   0   1
3   0   0   0   0   1   0   0   1   0 ...   0   1   0   1   1   0   1   0   1
4   1   0   0   0   0   0   0   0   1 ...   1   0   1   0   0   1   1   0   2

[5 rows x 59 columns]
Initial Neural Network:
[{'weights': array([[ 0.003, -0.008,  0.008, -0.002,  0.003, -0.001, -0.008,  0.   ,
        -0.003, -0.009, -0.003, -0.003, -0.008, -0.009, -0.01 , -0.007,
        -0.002, -0.009,  0.008, -0.003, -0.008,  0.006,  0.008, -0.007,
        -0.008,  0.001,  0.01 ,  0.005,  0.008, -0.009, -0.006, -0.01 ,
        -0.009, -0.001,  0.   ,  0.009, -0.006, -0.007, -0.002, -0.001,
        -0.009,  0.01 , -0.01 ,  0.01 , -0.008, -0.008,  0.005, -0.009,
         0.008,  0.003, -0.005, -0.01 ,  0.008,  0.002, -0.002, -0.01 ,
        -0.003,  0.006],
       [ 0.01 , -0.01 , -0.002, -0.008,  0.004, -0.003, -0.005,  0.009,
        -0.004,  0.009,  0.002, -0.009, -0.005, -0.003,  0.009,  0.005,
        -0.008, -0.003,  0.004,  0.006, -0.005,  0.007,  0.002,  0.002,
        -0.004,  0.009,  0.002,  0.01 ,  0.001,  0.001,  0.001,  0.005,
         0.009,  0.008,  0.004,  0.006, -0.01 ,  0.   ,  0.001,  0.01 ,
         0.003, -0.009,  0.005,  0.004,  0.009, -0.009, -0.006,  0.006,
         0.008,  0.007,  0.008, -0.008,  0.005,  0.004, -0.006,  0.01 ,
         0.008, -0.009],
       [ 0.003,  0.004,  0.009,  0.002,  0.006, -0.01 , -0.007,  0.003,
         0.001,  0.003,  0.002,  0.01 , -0.004, -0.007, -0.004, -0.005,
         0.003,  0.001, -0.007,  0.003,  0.   , -0.006, -0.008, -0.01 ,
        -0.002, -0.007,  0.002,  0.005,  0.005,  0.004,  0.009, -0.01 ,
         0.001,  0.001, -0.007,  0.004,  0.003,  0.001, -0.01 , -0.009,
         0.   , -0.006, -0.009,  0.009, -0.001,  0.009, -0.002,  0.007,
         0.006,  0.003,  0.005,  0.   , -0.003,  0.004,  0.004,  0.005,
         0.006,  0.004],
       [-0.002, -0.003, -0.008,  0.001, -0.004,  0.009,  0.006,  0.009,
         0.004,  0.009, -0.009, -0.002,  0.006,  0.009,  0.   ,  0.009,
        -0.001,  0.004,  0.01 , -0.01 , -0.004, -0.007,  0.003,  0.004,
         0.002, -0.009,  0.001, -0.007,  0.007,  0.004, -0.005,  0.005,
         0.005,  0.002, -0.003,  0.004, -0.007, -0.001, -0.009, -0.002,
        -0.002, -0.004, -0.006,  0.003,  0.003, -0.002, -0.01 ,  0.004,
         0.006,  0.   , -0.001, -0.007, -0.007,  0.002,  0.003,  0.008,
         0.008, -0.006]]), 'deltas': array([[0.],
       [0.],
       [0.],
       [0.]]), 'outputs': array([[0.],
       [0.],
       [0.],
       [0.]]), 'errors': array([[0.],
       [0.],
       [0.],
       [0.]])}]
Training complete!
Training done. epoch: 4 , total error: 0.009753668956775144
[{'weights': array([[-0.19374329, -0.06088188, -0.10413219,  0.0493213 ,  0.08805325,
         0.02456578, -0.00467029,  0.2030842 , -0.40257152, -0.29346839,
        -0.05915008,  0.14113115, -0.33113852,  0.28286994, -0.17521875,
         0.03706446, -0.24255178, -0.05762426, -0.03251123, -0.06379231,
        -0.05455952,  0.42660828, -0.28930195, -0.12523608, -0.20955757,
        -0.09675432, -0.088733  , -0.07767824, -0.10580909, -0.06676456,
        -0.1401095 , -0.01461326, -0.26286851,  0.05638119, -0.1994357 ,
         0.01194838, -0.29046839, -0.35021917, -0.12097717,  0.54917741,
         0.23676752,  0.06054137, -0.21832783, -0.27446839, -0.75466473,
         0.54217741, -0.38235342,  0.1818661 , -0.06152121, -0.12396611,
         0.08298107, -0.29446839,  0.09598107, -0.28246839,  0.26370902,
        -0.47219634,  0.02110675, -0.21459407],
       [-0.09759465, -0.07602046, -0.06203109, -0.08363492,  0.0274701 ,
         0.1240918 ,  0.02400869,  0.15679148, -0.281502  ,  0.37763466,
        -0.05147653, -0.45386866, -0.19657038, -0.17384377,  0.24170363,
        -0.23762087,  0.10491034,  0.0044271 , -0.07730586, -0.01454411,
        -0.04028766, -0.15715814, -0.27952736,  0.13953885,  0.17443613,
         0.12483707, -0.24354759, -0.10169083, -0.0170197 , -0.02293938,
         0.00860858, -0.10837973, -0.10629141, -0.00641912, -0.14717838,
         0.02746786,  0.35863466, -0.17478548, -0.11801229, -0.19454741,
        -0.05655863, -0.26928019, -0.17350637,  0.37263466,  0.08383688,
        -0.21354741,  0.25391246, -0.38362299, -0.06951338, -0.04519715,
        -0.49034518,  0.36063466, -0.49334518,  0.37263466,  0.15808725,
        -0.28379778,  0.05879924, -0.18950976],
       [ 0.21887091, -0.11451512,  0.05609946, -0.05844929, -0.1189553 ,
        -0.11394054, -0.0487436 , -0.22252796,  0.03989448, -0.10393647,
        -0.1435088 ,  0.07581179,  0.36143364, -0.48056137, -0.08250575,
        -0.01620249, -0.17243099,  0.14679128, -0.10607331, -0.1893607 ,
        -0.04099075, -0.1761355 ,  0.15598972, -0.07444551, -0.1180422 ,
        -0.12852876, -0.06310473, -0.05981263, -0.11682085, -0.22427831,
         0.09782132, -0.0571765 ,  0.65673857, -0.84137205, -0.16095533,
        -0.02867816, -0.10393647,  0.37764559, -0.25243771, -0.22290489,
        -0.06460232,  0.500436  , -0.53053069, -0.09793647,  0.0262714 ,
        -0.20490489, -0.45092975,  0.26929626, -0.4448989 ,  0.26726542,
        -0.07469701, -0.10693647, -0.08269701, -0.10293647, -0.31684136,
         0.13920787,  0.23161421, -0.40824769],
       [-0.03045452,  0.16147316,  0.04123126, -0.00182561, -0.14907694,
        -0.11962652, -0.07256567, -0.49615282,  0.33930799, -0.2089642 ,
         0.18043692, -0.14331755, -0.14580158,  0.1259417 , -0.13498495,
        -0.24972401,  0.08787918, -0.18008453,  0.04480836,  0.04774472,
        -0.08231338, -0.22491842,  0.16848553, -0.07313732, -0.03827462,
        -0.21990375,  0.04205892, -0.1480489 , -0.02179593,  0.22841237,
        -0.22058482, -0.17367238, -0.48676943,  0.32392461, -0.04190816,
        -0.12693667, -0.2249642 , -0.07181649,  0.34873919, -0.24080334,
        -0.09701396, -0.63955881,  0.77269214, -0.2149642 ,  0.07195851,
        -0.24080334,  0.23662391, -0.41246874,  0.00608996, -0.16993479,
         0.04711937, -0.2249642 ,  0.04111937, -0.2159642 , -0.45376754,
         0.29492271, -0.78528588,  0.61744106]]), 'deltas': array([[-0.00065538],
       [-0.00063694],
       [-0.01017515],
       [ 0.00623047]]), 'outputs': array([[0.02593908],
       [0.02556665],
       [0.10672807],
       [0.91759874]]), 'errors': array([[-0.02593908],
       [-0.02556665],
       [-0.10672807],
       [ 0.08240126]])}]
target: 0 prediction: 0
target: 0 prediction: 0
target: 1 prediction: 1
target: 1 prediction: 1
target: 2 prediction: 2
target: 2 prediction: 2
target: 3 prediction: 3
target: 3 prediction: 3
target: 3 prediction: 3
Accuracy: 100.0 %

train_data group 1 length:  38
   0   1   2   3   4   5   6   7   8  ...  50  51  52  53  54  55  56  57  58
0   0   0   0   0   0   0   1   1   0 ...   1   0   1   0   1   0   1   0   0
1   0   0   0   0   0   0   1   1   0 ...   1   0   1   0   1   0   1   0   0
2   0   0   0   1   0   0   0   1   0 ...   0   1   0   1   1   0   1   0   1
3   0   0   0   0   0   0   1   1   0 ...   0   1   0   1   1   0   1   0   1
4   0   0   0   0   1   0   0   1   0 ...   1   0   1   0   0   1   1   0   2

[5 rows x 59 columns]
Initial Neural Network:
[{'weights': array([[ 0.007, -0.008,  0.01 ,  0.005,  0.006, -0.008, -0.006,  0.001,
        -0.006, -0.005, -0.002, -0.009, -0.007,  0.005,  0.002, -0.01 ,
        -0.007,  0.004,  0.01 , -0.003,  0.004,  0.004, -0.003, -0.007,
         0.006, -0.008, -0.006,  0.01 ,  0.008,  0.01 , -0.005,  0.008,
         0.01 ,  0.003, -0.006,  0.009, -0.001,  0.001,  0.003, -0.01 ,
         0.006,  0.01 ,  0.001,  0.007, -0.009,  0.001,  0.006,  0.005,
         0.009, -0.003,  0.003,  0.008,  0.006,  0.003,  0.01 , -0.01 ,
         0.008,  0.002],
       [-0.004,  0.001, -0.002, -0.001,  0.009,  0.006, -0.008, -0.005,
        -0.006,  0.009,  0.009, -0.003,  0.003,  0.007,  0.004, -0.002,
        -0.006, -0.008,  0.01 ,  0.01 ,  0.002,  0.009, -0.009,  0.006,
        -0.002, -0.002, -0.008, -0.001, -0.003,  0.009, -0.006, -0.006,
        -0.01 , -0.003, -0.005,  0.003, -0.007, -0.01 ,  0.01 , -0.008,
        -0.009,  0.008, -0.004,  0.009,  0.007,  0.004,  0.   ,  0.003,
         0.006, -0.003, -0.01 ,  0.01 , -0.007, -0.01 ,  0.006,  0.002,
        -0.001, -0.005],
       [-0.005,  0.007,  0.008,  0.008, -0.008,  0.006,  0.01 , -0.01 ,
        -0.01 ,  0.01 ,  0.   , -0.008, -0.005,  0.001,  0.006,  0.   ,
        -0.002,  0.003,  0.01 ,  0.001,  0.004,  0.009, -0.002,  0.01 ,
        -0.001, -0.001,  0.002,  0.003, -0.009, -0.005, -0.007, -0.005,
        -0.008, -0.004, -0.007,  0.004, -0.01 ,  0.001, -0.01 , -0.009,
        -0.01 ,  0.005, -0.005,  0.008, -0.003,  0.009,  0.   , -0.007,
         0.009, -0.009,  0.   , -0.004,  0.   ,  0.001, -0.003,  0.002,
         0.008,  0.008],
       [-0.008,  0.01 , -0.008, -0.009, -0.002,  0.008,  0.006, -0.005,
         0.002,  0.   ,  0.007,  0.002, -0.009, -0.009,  0.   , -0.008,
        -0.008, -0.007, -0.007, -0.001,  0.007, -0.001,  0.004,  0.006,
        -0.006, -0.003,  0.002,  0.001, -0.004,  0.01 ,  0.001,  0.009,
        -0.009, -0.009,  0.005,  0.004,  0.004, -0.007,  0.005,  0.01 ,
        -0.009,  0.009, -0.002, -0.008,  0.009, -0.01 , -0.004,  0.007,
         0.009,  0.003, -0.008,  0.006, -0.001,  0.002, -0.003, -0.005,
         0.003,  0.004]]), 'deltas': array([[0.],
       [0.],
       [0.],
       [0.]]), 'outputs': array([[0.],
       [0.],
       [0.],
       [0.]]), 'errors': array([[0.],
       [0.],
       [0.],
       [0.]])}]
Training complete!
Training done. epoch: 5 , total error: 0.00807583678035485
[{'weights': array([[-1.94901906e-01, -7.93713763e-02, -8.50502938e-02,
         2.16399457e-02, -9.04133095e-03,  8.15396885e-02,
         5.58017626e-02,  1.66600745e-01, -3.86984256e-01,
        -3.11126128e-01, -6.49123794e-02,  1.44654998e-01,
        -3.35231005e-01,  2.65628029e-01, -1.45780535e-01,
         6.49684413e-02, -2.97351952e-01, -2.15198904e-01,
         4.69644250e-02,  8.87122814e-02, -1.20861313e-01,
         3.62072647e-01, -2.70330029e-01, -1.84986435e-01,
        -1.22139694e-01, -1.78129207e-02, -2.11570590e-01,
        -1.69578036e-01, -2.78054741e-02, -7.82294018e-02,
        -8.98950033e-02, -3.42591053e-02, -1.91239955e-01,
        -1.11435551e-02, -2.41408242e-01,  2.90247318e-02,
        -3.07126128e-01, -3.92724064e-01, -1.07059557e-01,
         5.84526239e-01,  2.43798790e-01,  7.90106500e-02,
        -2.15066822e-01, -2.99126128e-01, -8.18909750e-01,
         5.95526239e-01, -3.95396269e-01,  1.91012759e-01,
        -4.24573527e-02, -1.66926158e-01,  9.37426181e-02,
        -2.98126128e-01,  9.67426181e-02, -3.03126128e-01,
         2.98400111e-01, -5.13783621e-01,  2.16587032e-02,
        -2.27042214e-01],
       [-9.95542688e-02, -6.26720326e-02, -5.57498205e-02,
         4.41626645e-02, -2.04998931e-02,  7.29564211e-02,
        -6.57140744e-03,  1.00531792e-01, -2.40460129e-01,
         3.96621666e-01, -6.24756199e-02, -4.48074383e-01,
        -1.83916614e-01, -1.41624572e-01,  2.10612850e-01,
        -2.15418854e-01,  7.84905172e-02, -2.98749443e-02,
         3.82503347e-02, -9.40281468e-02, -2.92755805e-02,
        -1.07683059e-01, -4.08866944e-01,  2.16708547e-01,
         1.74913119e-01,  1.05979399e-01, -2.44907735e-01,
        -8.45749914e-02, -4.83533455e-02,  6.63869677e-02,
        -8.87179216e-02, -1.09597383e-01, -6.98394888e-02,
        -7.20888481e-02, -4.02746795e-02, -9.06536574e-02,
         3.80621666e-01, -2.31553102e-01, -7.26215292e-02,
        -2.20375372e-01, -6.34203373e-02, -2.69179426e-01,
        -1.88950239e-01,  3.96621666e-01,  9.04470351e-02,
        -2.08375372e-01,  2.50981367e-01, -3.76909704e-01,
        -4.72903149e-02, -7.86380220e-02, -5.26550003e-01,
         3.97621666e-01, -5.23550003e-01,  3.77621666e-01,
         1.81246294e-01, -3.02174631e-01,  5.71815960e-02,
        -1.92109933e-01],
       [ 2.16843968e-01, -2.10361957e-01, -1.02623778e-02,
        -3.84622873e-02,  1.01246505e-01, -7.11342831e-02,
        -1.43122334e-01, -1.45491733e-01, -5.57610333e-02,
        -1.16308745e-01, -1.69474778e-01,  1.06530757e-01,
         5.10675206e-01, -6.13012583e-01, -7.69153897e-02,
        -7.80874668e-02, -1.05165299e-01,  2.26274081e-01,
        -2.53730870e-01, -1.01923091e-02, -1.25603668e-01,
        -1.27036898e-01,  7.90928765e-02, -7.82952678e-02,
        -3.90134773e-02, -1.28270238e-01, -5.19825278e-02,
        -4.16634254e-02, -1.45589341e-01, -3.24398050e-01,
         1.48256387e-01, -2.21111039e-02,  5.86594118e-01,
        -7.79846884e-01, -1.20531056e-01, -6.37217106e-02,
        -1.36308745e-01,  3.87275030e-01, -1.95609133e-01,
        -2.64609918e-01, -8.47062424e-02,  5.74708587e-01,
        -5.54946365e-01, -1.18308745e-01,  7.13571515e-02,
        -2.46609918e-01, -4.40652127e-01,  2.52399361e-01,
        -5.18282708e-01,  3.37029942e-01, -5.49440212e-02,
        -1.30308745e-01, -5.49440212e-02, -1.25308745e-01,
        -3.84918663e-01,  2.02665897e-01,  2.64747066e-01,
        -4.29999832e-01],
       [ 3.78362777e-02,  2.63318933e-01,  3.43138895e-02,
        -1.56647323e-01, -1.07607291e-01, -8.59548339e-02,
        -1.60483442e-01, -5.55269886e-01,  3.80046097e-01,
        -2.05738164e-01,  2.03609775e-01, -1.61095400e-01,
        -3.00810184e-01,  2.27935821e-01, -1.17349425e-01,
        -2.55717828e-01,  6.74940395e-02, -1.61179243e-01,
        -5.55201032e-04, -3.65887047e-02,  1.80993603e-02,
        -1.50235596e-01,  1.86749972e-01, -9.66752073e-02,
        -1.09062957e-01, -3.45023594e-01,  1.71799806e-01,
        -1.31213179e-01, -4.40106096e-02,  1.31994179e-01,
        -2.70874776e-01, -1.33431912e-02, -4.83206210e-01,
         2.92982422e-01, -3.81939622e-02, -1.25029826e-01,
        -2.01738164e-01, -1.59170819e-02,  2.87177235e-01,
        -2.29745777e-01, -9.93084032e-02, -6.66997945e-01,
         7.97820724e-01, -2.13738164e-01,  7.65219887e-02,
        -2.49745777e-01,  2.44440433e-01, -4.13664222e-01,
         5.38308025e-02, -2.14054591e-01,  2.55143759e-02,
        -1.99738164e-01,  3.25143759e-02, -2.03738164e-01,
        -4.48483942e-01,  2.68260153e-01, -8.14615276e-01,
         6.49391488e-01]]), 'deltas': array([[-0.00035415],
       [-0.00075424],
       [-0.00706286],
       [ 0.0066505 ]]), 'outputs': array([[0.01900037],
       [0.02785409],
       [0.0880022 ],
       [0.91473323]]), 'errors': array([[-0.01900037],
       [-0.02785409],
       [-0.0880022 ],
       [ 0.08526677]])}]
Accuracy: 100.0 %

train_data group 2 length:  37
   0   1   2   3   4   5   6   7   8  ...  50  51  52  53  54  55  56  57  58
0   0   0   0   0   0   0   1   1   0 ...   1   0   1   0   1   0   1   0   0
1   0   0   0   0   0   0   1   1   0 ...   1   0   1   0   1   0   1   0   0
2   0   0   0   1   0   0   0   1   0 ...   0   1   0   1   1   0   1   0   1
3   0   0   0   0   0   0   1   1   0 ...   0   1   0   1   1   0   1   0   1
4   0   0   0   0   1   0   0   1   0 ...   1   0   1   0   0   1   1   0   2

[5 rows x 59 columns]
Initial Neural Network:
[{'weights': array([[ 0.004,  0.007, -0.005,  0.005,  0.   , -0.007, -0.005,  0.005,
         0.   , -0.01 , -0.001, -0.01 ,  0.001,  0.002,  0.009,  0.007,
         0.002,  0.002, -0.005, -0.004, -0.008, -0.006,  0.002, -0.01 ,
        -0.002, -0.001, -0.001,  0.006,  0.01 ,  0.007,  0.002, -0.008,
        -0.009,  0.   ,  0.007,  0.002,  0.005,  0.001,  0.   , -0.002,
         0.006, -0.009,  0.   ,  0.002, -0.006,  0.002,  0.002,  0.   ,
         0.001, -0.002, -0.003, -0.005, -0.004,  0.009,  0.004, -0.006,
         0.007, -0.007],
       [-0.009, -0.003, -0.009,  0.009, -0.004, -0.01 , -0.008,  0.004,
         0.008, -0.005,  0.009, -0.008, -0.002, -0.005, -0.002,  0.001,
        -0.002,  0.003, -0.002, -0.003,  0.009,  0.001, -0.002,  0.006,
         0.004, -0.002, -0.006,  0.009, -0.006, -0.007,  0.   , -0.005,
         0.009, -0.01 , -0.002,  0.003, -0.007, -0.007,  0.005,  0.   ,
        -0.005, -0.003,  0.008,  0.009, -0.005, -0.006, -0.004,  0.009,
         0.004, -0.007,  0.008, -0.002,  0.003,  0.01 ,  0.002,  0.01 ,
         0.006, -0.001],
       [-0.009,  0.008, -0.004, -0.004, -0.003, -0.001,  0.003, -0.004,
         0.   ,  0.005, -0.004,  0.01 , -0.002,  0.008,  0.005,  0.009,
        -0.008,  0.002,  0.001, -0.008,  0.005,  0.001,  0.006,  0.003,
        -0.002, -0.004,  0.009, -0.007,  0.008, -0.004, -0.009,  0.004,
         0.   ,  0.001, -0.009, -0.005, -0.003,  0.002,  0.007,  0.002,
         0.004,  0.002, -0.003,  0.004, -0.005, -0.005, -0.004,  0.009,
        -0.004,  0.003, -0.004,  0.   ,  0.01 ,  0.006,  0.001,  0.   ,
        -0.004,  0.007],
       [ 0.002,  0.009, -0.009, -0.005,  0.   ,  0.004,  0.003, -0.001,
         0.005, -0.009,  0.008, -0.005,  0.005,  0.001,  0.004, -0.01 ,
         0.005, -0.001,  0.007, -0.006,  0.009, -0.009, -0.004, -0.005,
        -0.008, -0.006,  0.006,  0.002,  0.007,  0.008,  0.009, -0.004,
         0.006, -0.001,  0.   , -0.002, -0.009,  0.009,  0.005, -0.01 ,
        -0.003,  0.006, -0.007, -0.002,  0.009,  0.008,  0.003, -0.002,
        -0.001, -0.008,  0.003,  0.   , -0.007, -0.007, -0.004, -0.008,
         0.007,  0.   ]]), 'deltas': array([[0.],
       [0.],
       [0.],
       [0.]]), 'outputs': array([[0.],
       [0.],
       [0.],
       [0.]]), 'errors': array([[0.],
       [0.],
       [0.],
       [0.]])}]
Training complete!
Training done. epoch: 7 , total error: 0.00909336741326545
[{'weights': array([[-0.20735525, -0.10759238, -0.10336017,  0.06302344, -0.06637186,
         0.04880165,  0.14606133,  0.22416351, -0.44495674, -0.33024934,
        -0.03213481,  0.11559092, -0.35704782,  0.25868778, -0.1154332 ,
         0.15389235, -0.37068558, -0.22744498, -0.01369263, -0.06453517,
         0.06487956,  0.35778184, -0.23940608, -0.20570667, -0.15446232,
        -0.12472866, -0.10306457, -0.07023703, -0.1395562 , -0.15720855,
        -0.07019599,  0.0026113 , -0.22540651, -0.00938672, -0.22226687,
         0.00547364, -0.31524934, -0.39449613, -0.14608012,  0.63403236,
         0.27753074,  0.0424756 , -0.22855023, -0.31824934, -0.86782559,
         0.63803236, -0.41353017,  0.18973694, -0.04978895, -0.17700429,
         0.09145611, -0.32524934,  0.09045611, -0.31124934,  0.31978302,
        -0.54757625,  0.02289768, -0.24869091],
       [-0.11808817, -0.09447742, -0.0406354 ,  0.03498561,  0.03804991,
         0.03561385, -0.01708394,  0.13978769, -0.25542324,  0.41621602,
        -0.02859187, -0.5192597 , -0.18403076, -0.12341645,  0.17081166,
        -0.2064842 ,  0.07784864, -0.02569027, -0.00363506, -0.00468205,
        -0.08662819, -0.11103803, -0.41179566,  0.24154121,  0.16265693,
         0.11161227, -0.24724782, -0.04464069, -0.07999486,  0.05105811,
        -0.06881154, -0.12188212, -0.05616499, -0.07247056, -0.09455664,
        -0.03207892,  0.41421602, -0.21235166, -0.11577567, -0.22272423,
        -0.07782168, -0.28077164, -0.19025826,  0.43021602,  0.09008868,
        -0.22872423,  0.29329837, -0.41593392, -0.04294984, -0.08768572,
        -0.54085157,  0.41921602, -0.54585157,  0.43121602,  0.20049179,
        -0.31612734,  0.07923988, -0.20187544],
       [ 0.32133242, -0.25328641,  0.01622583, -0.17465241,  0.11388608,
        -0.0533687 , -0.17493449, -0.20152256,  0.00272489, -0.12214347,
        -0.04781282, -0.01384138,  0.54393431, -0.65872748, -0.06900451,
        -0.04778065, -0.14601702,  0.26651946, -0.19098893, -0.02279984,
        -0.24752836, -0.15722363,  0.13399209, -0.09406646, -0.06949968,
        -0.09218422, -0.09761345, -0.07728656, -0.11651112, -0.39325276,
        -0.06059351,  0.2500486 ,  0.57373267, -0.76753034, -0.1059678 ,
        -0.10282987, -0.13014347,  0.51147781, -0.30367866, -0.26445335,
        -0.05909887,  0.56845244, -0.57400778, -0.12314347,  0.06665568,
        -0.27145335, -0.44392501,  0.25412734, -0.53451392,  0.33871625,
        -0.0716542 , -0.12714347, -0.0576542 , -0.12114347, -0.39259682,
         0.19879915,  0.22593325, -0.41773092],
       [-0.07813989,  0.35076547,  0.00549423, -0.04869877, -0.16551486,
        -0.04166446, -0.19929549, -0.55854887,  0.38149511, -0.24945605,
         0.10057447, -0.03817218, -0.29942418,  0.21607079, -0.08770038,
        -0.36346943,  0.17741567, -0.20499277, -0.01489756, -0.03254896,
         0.08038552, -0.16676437,  0.12670448, -0.12110336, -0.04589052,
        -0.3133115 ,  0.13225774, -0.17383949,  0.00178573,  0.26219625,
        -0.13332029, -0.29692973, -0.47837838,  0.30232462, -0.05406704,
        -0.12898672, -0.24945605, -0.11120745,  0.4446724 , -0.27006266,
        -0.10732852, -0.69114268,  0.85387349, -0.24245605,  0.0880089 ,
        -0.25206266,  0.23880776, -0.41886152, -0.01995742, -0.17009634,
         0.06240229, -0.24045605,  0.05240229, -0.24745605, -0.50451871,
         0.31146495, -0.83670706,  0.6626533 ]]), 'deltas': array([[-0.00030767],
       [-0.00057921],
       [-0.00850121],
       [ 0.00716761]]), 'outputs': array([[0.01769779],
       [0.02436553],
       [0.09702945],
       [0.91131443]]), 'errors': array([[-0.01769779],
       [-0.02436553],
       [-0.09702945],
       [ 0.08868557]])}]
Accuracy: 100.0 %

train_data group 3 length:  38
   0   1   2   3   4   5   6   7   8  ...  50  51  52  53  54  55  56  57  58
0   0   0   0   0   0   0   1   1   0 ...   1   0   1   0   1   0   1   0   0
1   0   0   0   0   0   0   1   1   0 ...   1   0   1   0   1   0   1   0   0
2   0   0   0   1   0   0   0   1   0 ...   0   1   0   1   1   0   1   0   1
3   0   0   0   0   0   0   1   1   0 ...   0   1   0   1   1   0   1   0   1
4   0   0   0   0   1   0   0   1   0 ...   1   0   1   0   0   1   1   0   2

[5 rows x 59 columns]
Initial Neural Network:
[{'weights': array([[ 0.008, -0.01 , -0.007,  0.005,  0.005, -0.001, -0.008,  0.01 ,
         0.006,  0.004,  0.003,  0.003, -0.008, -0.003,  0.007,  0.009,
         0.009, -0.004, -0.003, -0.001, -0.005, -0.002,  0.002, -0.01 ,
         0.001,  0.008, -0.01 ,  0.009,  0.004,  0.01 , -0.001, -0.008,
         0.002,  0.01 , -0.01 , -0.006,  0.007,  0.009, -0.007,  0.002,
        -0.005, -0.007, -0.005, -0.005,  0.009, -0.005, -0.006,  0.003,
        -0.002, -0.001,  0.006,  0.008, -0.006, -0.007,  0.009,  0.004,
        -0.001, -0.01 ],
       [ 0.003,  0.002, -0.002,  0.009, -0.008,  0.003, -0.006,  0.006,
         0.004, -0.009,  0.003,  0.   , -0.004,  0.006,  0.002,  0.003,
         0.002, -0.006, -0.005,  0.006,  0.007,  0.   ,  0.   ,  0.006,
         0.006,  0.009, -0.001,  0.005, -0.008, -0.009,  0.008, -0.007,
        -0.002, -0.001,  0.008,  0.   , -0.004, -0.008, -0.003, -0.002,
         0.005, -0.009,  0.002, -0.005,  0.01 ,  0.006,  0.009, -0.004,
        -0.008, -0.007,  0.002, -0.004,  0.007,  0.009,  0.004,  0.005,
        -0.006,  0.005],
       [ 0.004,  0.   ,  0.007,  0.009,  0.001, -0.006, -0.009, -0.009,
        -0.01 , -0.006, -0.005, -0.01 , -0.01 ,  0.009, -0.007,  0.003,
         0.009,  0.006, -0.009, -0.01 ,  0.01 , -0.01 ,  0.004,  0.008,
        -0.002,  0.008,  0.002, -0.001, -0.002,  0.004,  0.   ,  0.002,
        -0.002,  0.007, -0.003,  0.009,  0.001,  0.   ,  0.003,  0.005,
        -0.01 , -0.003, -0.004, -0.001,  0.001,  0.001, -0.001,  0.006,
        -0.004,  0.004,  0.008, -0.003, -0.006,  0.006,  0.001, -0.002,
        -0.01 ,  0.006],
       [ 0.007, -0.001, -0.003,  0.003, -0.001, -0.01 , -0.002, -0.002,
         0.002, -0.003,  0.001,  0.009, -0.008,  0.004,  0.009, -0.002,
         0.007, -0.004, -0.008, -0.002,  0.002, -0.001,  0.008, -0.008,
         0.006,  0.004,  0.005, -0.002, -0.008,  0.01 , -0.007,  0.002,
        -0.009,  0.   , -0.003, -0.007,  0.005,  0.005,  0.007,  0.003,
         0.009,  0.008,  0.002,  0.   , -0.001,  0.   , -0.006,  0.004,
        -0.009, -0.004, -0.009,  0.005, -0.002, -0.008,  0.005, -0.003,
         0.   , -0.004]]), 'deltas': array([[0.],
       [0.],
       [0.],
       [0.]]), 'outputs': array([[0.],
       [0.],
       [0.],
       [0.]]), 'errors': array([[0.],
       [0.],
       [0.],
       [0.]])}]
Training complete!
Training done. epoch: 5 , total error: 0.009071926940755044
[{'weights': array([[-0.17629133, -0.09601852, -0.1068609 , -0.072699  ,  0.05991863,
         0.05804393,  0.10276668,  0.17771678, -0.38485729, -0.3074105 ,
        -0.02827539,  0.12254537, -0.35399152,  0.27884536, -0.15199435,
         0.08955602, -0.29469653, -0.1936894 ,  0.02982723, -0.08778205,
         0.0155037 ,  0.35540726, -0.2410703 , -0.21191668, -0.1345608 ,
         0.02399037, -0.24913089, -0.05036116, -0.15977936, -0.09433183,
        -0.14716784,  0.01935916, -0.20878464, -0.00235588, -0.26757253,
         0.02843201, -0.3044105 , -0.39335977, -0.12247943,  0.60810918,
         0.14582212,  0.14163538, -0.21618751, -0.3164105 , -0.8202497 ,
         0.60110918, -0.38985452,  0.16371401, -0.054989  , -0.17115152,
         0.09426999, -0.3034105 ,  0.08226999, -0.3184105 ,  0.30369868,
        -0.5138392 ,  0.00254032, -0.23668084],
       [-0.06409074, -0.07938595, -0.05166918,  0.03522903, -0.03622508,
         0.0813211 , -0.01381119,  0.12145115, -0.24108316,  0.38443347,
        -0.03593727, -0.4841282 , -0.20491421, -0.12631313,  0.20559533,
        -0.14746814,  0.02283613, -0.03476949, -0.0353031 , -0.00826827,
        -0.04929115, -0.11273649, -0.38526481,  0.23876179,  0.1416075 ,
         0.10696847, -0.22860048, -0.04790638, -0.08472563,  0.07660293,
        -0.10843959, -0.10579534, -0.06641399, -0.06621802, -0.02623402,
        -0.09539799,  0.38943347, -0.1949098 , -0.12686971, -0.21428597,
        -0.02336995, -0.31709691, -0.18459862,  0.38843347,  0.09265396,
        -0.20628597,  0.28848183, -0.41311384, -0.05785884, -0.08677317,
        -0.52106548,  0.38943347, -0.51606548,  0.40243347,  0.1851475 ,
        -0.30577951,  0.05334893, -0.18398094],
       [ 0.30470328, -0.20342134, -0.04360256, -0.05662985,  0.0813761 ,
        -0.08522148, -0.17731631, -0.13436914, -0.07074301, -0.12883566,
        -0.14454764,  0.06627115,  0.5077497 , -0.61891178, -0.08295007,
        -0.07524379, -0.09886836,  0.23148391, -0.17002103, -0.05909124,
        -0.1914838 , -0.15738558,  0.12705821, -0.08276538, -0.07301939,
        -0.12945019, -0.04666196, -0.07425471, -0.11485744, -0.27338296,
         0.1116201 , -0.01834929,  0.60537487, -0.78648702, -0.14024667,
        -0.03986548, -0.12183566,  0.44801982, -0.25108746, -0.25220885,
        -0.04193629,  0.54351627, -0.58185648, -0.12383566,  0.0720967 ,
        -0.25620885, -0.43391391,  0.25280176, -0.5154786 ,  0.32936645,
        -0.05527649, -0.12583566, -0.06927649, -0.11683566, -0.37904451,
         0.19193236,  0.25289336, -0.44300551],
       [-0.10108207,  0.27157489,  0.12081935,  0.00433049, -0.15284869,
        -0.11677492, -0.18339221, -0.55071755,  0.40034438, -0.21299292,
         0.15288517, -0.08326542, -0.27021404,  0.22464184, -0.09980096,
        -0.31524707,  0.1698739 , -0.16890966, -0.02559206,  0.01618251,
         0.01594604, -0.11879898,  0.10116509, -0.10777255, -0.01996673,
        -0.34603096,  0.20465779, -0.17704746,  0.01667429,  0.0427675 ,
        -0.1324842 , -0.05565647, -0.47801741,  0.31864424,  0.0163974 ,
        -0.17677057, -0.20499292, -0.07864685,  0.37784019, -0.22457358,
        -0.03395701, -0.70567264,  0.8182494 , -0.20999292,  0.07620042,
        -0.22757358,  0.19353878, -0.34591194, -0.00626092, -0.15711225,
         0.05061975, -0.20499292,  0.05761975, -0.21799292, -0.4325665 ,
         0.28419333, -0.80809814,  0.65372498]]), 'deltas': array([[-0.0003477 ],
       [-0.00098088],
       [-0.00774447],
       [ 0.00749521]]), 'outputs': array([[0.01882485],
       [0.03182963],
       [0.09237237],
       [0.90920518]]), 'errors': array([[-0.01882485],
       [-0.03182963],
       [-0.09237237],
       [ 0.09079482]])}]
Accuracy: 100.0 %

train_data group 4 length:  37
   0   1   2   3   4   5   6   7   8  ...  50  51  52  53  54  55  56  57  58
0   0   0   0   0   0   0   1   1   0 ...   1   0   1   0   1   0   1   0   0
1   0   0   0   0   0   0   1   1   0 ...   1   0   1   0   1   0   1   0   0
2   0   0   0   1   0   0   0   1   0 ...   0   1   0   1   1   0   1   0   1
3   0   0   0   0   0   0   1   1   0 ...   0   1   0   1   1   0   1   0   1
4   0   0   0   0   1   0   0   1   0 ...   1   0   1   0   0   1   1   0   2

[5 rows x 59 columns]
Initial Neural Network:
[{'weights': array([[ 0.009, -0.006,  0.008,  0.01 ,  0.003, -0.004,  0.008,  0.006,
         0.004,  0.009,  0.009, -0.006, -0.01 , -0.001,  0.008,  0.006,
         0.003,  0.004, -0.002,  0.007, -0.009,  0.004, -0.008,  0.004,
         0.006,  0.   , -0.01 ,  0.007,  0.01 , -0.007,  0.001, -0.01 ,
         0.003,  0.008, -0.007, -0.004,  0.005,  0.002,  0.01 ,  0.   ,
         0.003,  0.001,  0.006, -0.003,  0.002,  0.008, -0.006,  0.002,
        -0.009, -0.003, -0.006,  0.002,  0.01 , -0.003,  0.   , -0.007,
        -0.01 ,  0.01 ],
       [ 0.01 ,  0.006,  0.009, -0.002, -0.008, -0.003, -0.003,  0.006,
        -0.001, -0.008, -0.005,  0.006, -0.001, -0.004, -0.002, -0.008,
        -0.009, -0.005, -0.009,  0.007,  0.006, -0.005, -0.003,  0.006,
        -0.009, -0.001, -0.005, -0.002,  0.01 , -0.001, -0.007,  0.007,
        -0.003,  0.01 , -0.006, -0.001,  0.002,  0.001, -0.002, -0.009,
         0.005,  0.008,  0.009,  0.004, -0.005, -0.002,  0.006,  0.007,
         0.002,  0.009,  0.002,  0.   ,  0.   ,  0.003,  0.005, -0.005,
        -0.008, -0.008],
       [ 0.003,  0.002,  0.   , -0.01 ,  0.004, -0.001, -0.01 ,  0.005,
         0.003,  0.01 , -0.009, -0.004, -0.006, -0.003, -0.008, -0.001,
         0.007,  0.009, -0.004,  0.007, -0.008, -0.008, -0.003, -0.003,
         0.   ,  0.007, -0.009,  0.009,  0.004,  0.007, -0.005,  0.01 ,
        -0.009,  0.007,  0.006,  0.001,  0.   ,  0.009, -0.003,  0.004,
         0.   , -0.003,  0.005,  0.   ,  0.   ,  0.007, -0.01 , -0.003,
         0.009,  0.006,  0.007, -0.004, -0.01 ,  0.002,  0.001,  0.006,
         0.007,  0.006],
       [ 0.   ,  0.002,  0.004,  0.005,  0.001,  0.007, -0.002,  0.   ,
        -0.007, -0.001, -0.009,  0.01 , -0.001,  0.004,  0.01 , -0.007,
         0.003,  0.002,  0.006,  0.009,  0.008, -0.009,  0.006, -0.01 ,
         0.003,  0.004,  0.008, -0.003,  0.003, -0.001, -0.006,  0.008,
        -0.009, -0.005,  0.004,  0.002,  0.007, -0.005, -0.003, -0.007,
        -0.01 , -0.002,  0.001, -0.009,  0.007, -0.005,  0.005,  0.   ,
        -0.003, -0.005,  0.004, -0.007, -0.002, -0.007, -0.009,  0.002,
         0.005,  0.004]]), 'deltas': array([[0.],
       [0.],
       [0.],
       [0.]]), 'outputs': array([[0.],
       [0.],
       [0.],
       [0.]]), 'errors': array([[0.],
       [0.],
       [0.],
       [0.]])}]
Training complete!
Training done. epoch: 4 , total error: 0.007591148716729897
[{'weights': array([[-1.36707378e-01, -9.36570003e-02, -1.02546564e-01,
        -3.88759307e-02,  3.78201193e-02, -1.77867337e-02,
         1.71824932e-01,  1.65485681e-01, -3.63414237e-01,
        -2.75260862e-01, -1.46163384e-02,  9.39486449e-02,
        -3.31360291e-01,  2.38913203e-01, -1.18481468e-01,
         5.59127770e-02, -2.54841333e-01, -1.84939135e-01,
         9.10895929e-02, -4.99039085e-02, -6.41751054e-02,
         4.50018170e-01, -3.47886329e-01, -1.97290052e-01,
        -1.06770344e-01, -7.95535876e-02, -1.38374968e-01,
        -9.22359163e-02, -9.86926394e-02, -3.69413885e-02,
        -1.40477683e-01, -4.65094839e-02, -1.97005032e-01,
         7.64761167e-05, -1.28860905e-01, -9.00676510e-02,
        -2.79260862e-01, -3.71828790e-01, -9.54058057e-02,
         5.55566902e-01,  1.06764363e-01,  1.67849763e-01,
        -1.88281819e-01, -2.87260862e-01, -7.61495458e-01,
         5.63566902e-01, -3.79585180e-01,  1.67656624e-01,
        -6.48678003e-02, -1.55060755e-01,  7.03323065e-02,
        -2.82260862e-01,  8.63323065e-02, -2.87260862e-01,
         2.71306040e-01, -4.86234596e-01, -2.36467362e-02,
        -1.84281819e-01],
       [-6.62189155e-02, -6.87664970e-02, -3.41415759e-02,
         3.41523084e-02, -5.45670722e-04,  8.55274393e-02,
        -6.43326113e-02,  1.18677173e-01, -2.37002696e-01,
         3.70415214e-01, -4.93129023e-02, -4.51427834e-01,
        -1.86611075e-01, -1.22346752e-01,  1.78632304e-01,
        -1.83649887e-01,  4.33243644e-02, -2.84559599e-02,
        -3.59508373e-02,  1.60932674e-03, -6.15280523e-02,
        -1.33261302e-01, -3.52722478e-01,  2.47081748e-01,
         1.04576509e-01,  1.11151707e-01, -2.40477230e-01,
        -3.77255081e-02, -7.76000146e-02,  1.63058421e-02,
        -5.91691534e-02, -8.14622114e-02, -6.60081880e-02,
        -5.03173347e-02, -1.04707014e-01, -2.56185082e-02,
         3.80415214e-01, -1.95761749e-01, -1.08680895e-01,
        -2.07298093e-01, -1.73726624e-02, -2.92376849e-01,
        -1.69991225e-01,  3.82415214e-01,  6.99725705e-02,
        -2.00298093e-01,  2.63335045e-01, -3.73660568e-01,
        -4.09478480e-02, -7.13776747e-02, -4.99740737e-01,
         3.78415214e-01, -5.01740737e-01,  3.81415214e-01,
         1.85117121e-01, -3.08442643e-01,  4.76657022e-02,
        -1.86991225e-01],
       [ 2.44104763e-01, -2.01168115e-01,  1.92730460e-02,
        -7.96101022e-02,  5.54986778e-02, -6.52149837e-02,
        -1.69498822e-01, -1.36540151e-01, -4.00753845e-02,
        -1.18203460e-01, -1.38076082e-01,  6.86640068e-02,
         4.60522992e-01, -5.75127468e-01, -8.70110602e-02,
        -1.01827484e-01, -7.67880522e-02,  1.05649049e-01,
        -1.33140487e-01, -1.46163953e-02, -1.38507703e-01,
        -1.70358279e-01,  1.41148274e-01, -1.01106573e-01,
        -6.82989578e-02, -1.56953326e-01, -2.96622096e-02,
        -1.06241530e-01, -6.53740061e-02, -2.06701956e-01,
        -3.22280836e-02,  6.63145034e-02,  5.39623431e-01,
        -7.26238966e-01, -1.52235559e-01, -2.53799764e-02,
        -1.28203460e-01,  4.28324349e-01, -2.36756984e-01,
        -2.37979440e-01, -2.26129856e-02,  4.62578336e-01,
        -4.94377426e-01, -1.28203460e-01,  5.73639039e-02,
        -2.34979440e-01, -4.28355755e-01,  2.30740219e-01,
        -5.06133070e-01,  3.36517534e-01, -4.94120754e-02,
        -1.32203460e-01, -6.64120754e-02, -1.26203460e-01,
        -3.69182900e-01,  1.91567364e-01,  3.21761890e-01,
        -4.93377426e-01],
       [-4.51681979e-02,  2.75633435e-01,  3.82608063e-02,
        -4.81817727e-02, -1.49032742e-01, -7.14684786e-02,
        -1.32472516e-01, -5.18375854e-01,  3.61946388e-01,
        -1.95546116e-01,  1.36379486e-01, -9.02628353e-02,
        -2.08743992e-01,  1.69405959e-01, -9.70914329e-02,
        -2.09677600e-01,  5.62481344e-02, -1.70785219e-02,
        -1.09863422e-01, -3.36950678e-02,  3.62075459e-02,
        -1.75855261e-01,  1.32989099e-01, -1.22756158e-01,
         6.19285480e-03, -2.22042774e-01,  8.46133081e-02,
        -1.30188206e-01, -1.92412595e-02,  9.90025754e-03,
        -1.82126097e-02, -1.40117114e-01, -3.96128665e-01,
         2.32699199e-01,  6.42434795e-03, -1.49853814e-01,
        -1.87546116e-01, -6.36696255e-02,  3.32863362e-01,
        -2.39077086e-01, -6.74822278e-02, -6.06614656e-01,
         7.08213535e-01, -2.03546116e-01,  8.96476198e-02,
        -2.37077086e-01,  2.41631538e-01, -3.86061003e-01,
         3.51157660e-02, -1.92545232e-01,  4.91166507e-02,
        -2.01546116e-01,  4.31166507e-02, -2.01546116e-01,
        -4.35623202e-01,  2.79193736e-01, -8.51643000e-01,
         7.11213535e-01]]), 'deltas': array([[-0.00186474],
       [-0.00414659],
       [-0.00122181],
       [ 0.00686942]]), 'outputs': array([[0.04416912],
       [0.06665368],
       [0.03559355],
       [0.91327184]]), 'errors': array([[-0.04416912],
       [-0.06665368],
       [-0.03559355],
       [ 0.08672816]])}]
Accuracy: 100.0 %

Feedforward Neural Network AVG Accuracy (%): 100.0 %
