Namespace(max_epochs=100, num_layers=2, num_nodes_per_hidden_layer=20, training_rate=0.5)

train_data group 0 length:  38
   0   1   2   3   4   5   6   7   8  ...  50  51  52  53  54  55  56  57  58
0   0   0   0   0   1   0   0   1   0 ...   1   0   1   0   1   0   1   0   0
1   0   0   0   0   0   0   1   1   0 ...   1   0   1   0   1   0   1   0   0
2   0   0   0   0   0   1   0   1   0 ...   0   1   0   1   1   0   1   0   1
3   0   0   0   0   1   0   0   1   0 ...   0   1   0   1   1   0   1   0   1
4   1   0   0   0   0   0   0   0   1 ...   1   0   1   0   0   1   1   0   2

[5 rows x 59 columns]
Initial Neural Network:
[{'weights': array([[-0.008,  0.005, -0.006, ...,  0.003,  0.008,  0.001],
       [-0.004, -0.009,  0.01 , ..., -0.007, -0.01 ,  0.001],
       [ 0.008, -0.002,  0.001, ..., -0.004,  0.01 , -0.005],
       ...,
       [-0.005,  0.004, -0.009, ..., -0.002,  0.005,  0.   ],
       [-0.004, -0.004, -0.006, ..., -0.003, -0.007, -0.008],
       [ 0.002,  0.006, -0.001, ..., -0.005,  0.009, -0.01 ]]), 'deltas': array([[0.],
       [0.],
       [0.],
       [0.],
       [0.],
       [0.],
       [0.],
       [0.],
       [0.],
       [0.],
       [0.],
       [0.],
       [0.],
       [0.],
       [0.],
       [0.],
       [0.],
       [0.],
       [0.],
       [0.]]), 'outputs': array([[0.],
       [0.],
       [0.],
       [0.],
       [0.],
       [0.],
       [0.],
       [0.],
       [0.],
       [0.],
       [0.],
       [0.],
       [0.],
       [0.],
       [0.],
       [0.],
       [0.],
       [0.],
       [0.],
       [0.]]), 'errors': array([[0.],
       [0.],
       [0.],
       [0.],
       [0.],
       [0.],
       [0.],
       [0.],
       [0.],
       [0.],
       [0.],
       [0.],
       [0.],
       [0.],
       [0.],
       [0.],
       [0.],
       [0.],
       [0.],
       [0.]])}, {'weights': array([[-0.003, -0.006,  0.004,  0.002,  0.004, -0.004,  0.001, -0.004,
        -0.008,  0.004,  0.005, -0.003, -0.003, -0.003, -0.001,  0.005,
         0.01 ,  0.004,  0.009, -0.01 ],
       [ 0.009, -0.01 ,  0.005,  0.004,  0.004, -0.001, -0.002, -0.005,
        -0.008, -0.005,  0.008, -0.01 ,  0.01 , -0.005,  0.009, -0.006,
         0.009,  0.008,  0.007, -0.005],
       [ 0.01 ,  0.009, -0.003, -0.004, -0.002, -0.002,  0.   , -0.001,
        -0.009,  0.001,  0.01 ,  0.008,  0.006, -0.005, -0.008,  0.   ,
         0.002, -0.005,  0.003,  0.009],
       [-0.006,  0.004, -0.003,  0.005,  0.004, -0.009,  0.01 ,  0.007,
         0.009,  0.009, -0.004, -0.008, -0.007, -0.009,  0.002, -0.004,
        -0.005,  0.002,  0.005,  0.007]]), 'deltas': array([[0.],
       [0.],
       [0.],
       [0.]]), 'outputs': array([[0.],
       [0.],
       [0.],
       [0.]]), 'errors': array([[0.],
       [0.],
       [0.],
       [0.]])}]
Training complete!
Training done. epoch: 24 , total error: 0.009815662741734229
[{'weights': array([[-0.11630304,  0.26279969,  0.02070629, ...,  0.66387866,
        -0.535812  ,  0.28652774],
       [-0.09389406,  0.24788512,  0.05388871, ...,  0.63208151,
        -0.58516233,  0.30926714],
       [-0.09207237,  0.25649851,  0.04104719, ...,  0.64737567,
        -0.5543633 ,  0.29770124],
       ...,
       [-0.1084785 ,  0.25953879,  0.01803836, ...,  0.66207975,
        -0.5241792 ,  0.27181127],
       [-0.11183044,  0.25326537,  0.02003469, ...,  0.6734185 ,
        -0.52028449,  0.2519787 ],
       [-0.10504482,  0.26182658,  0.02406546, ...,  0.66863058,
        -0.50288732,  0.24649313]]), 'deltas': array([[0.00246612],
       [0.0024535 ],
       [0.00245727],
       [0.00247407],
       [0.00243753],
       [0.00247387],
       [0.00255376],
       [0.00256639],
       [0.00251264],
       [0.00251203],
       [0.00249123],
       [0.00247765],
       [0.00249323],
       [0.00249006],
       [0.00250408],
       [0.00252531],
       [0.00249109],
       [0.002558  ],
       [0.00257881],
       [0.00257786]]), 'outputs': array([[0.9365337 ],
       [0.93688186],
       [0.93677788],
       [0.93631407],
       [0.93732235],
       [0.93631965],
       [0.93410752],
       [0.93375672],
       [0.93524743],
       [0.93526445],
       [0.93584002],
       [0.93621512],
       [0.93578467],
       [0.93587239],
       [0.93548458],
       [0.93489654],
       [0.93584378],
       [0.93398985],
       [0.93341163],
       [0.9334379 ]]), 'errors': 0.04149037726323343}, {'weights': array([[-0.73972525, -0.71264267, -0.70711571, -0.7258446 , -0.69927181,
        -0.71898437, -0.750477  , -0.75811579, -0.73977061, -0.73624023,
        -0.73083582, -0.71566131, -0.72191992, -0.7406381 , -0.72474672,
        -0.74112539, -0.69948478, -0.74514725, -0.73039122, -0.76289504],
       [-0.49037148, -0.48644904, -0.46420342, -0.48331429, -0.46315232,
        -0.4635221 , -0.50166128, -0.51793728, -0.4902151 , -0.50101298,
        -0.48835897, -0.49364502, -0.48415776, -0.51796984, -0.46753424,
        -0.51510219, -0.48439256, -0.50834404, -0.53832443, -0.54365466],
       [-0.1063789 , -0.21651634, -0.19887016, -0.14211944, -0.24116969,
        -0.22410798, -0.0846039 , -0.03435434, -0.15871132, -0.11934798,
        -0.11595001, -0.18481844, -0.14851361, -0.09067486, -0.17514908,
        -0.06672612, -0.16819185, -0.07249664,  0.00288112,  0.00107205],
       [ 0.10299782,  0.2300029 ,  0.16556149,  0.15571119,  0.226834  ,
         0.20820314,  0.08194811,  0.00996929,  0.12925345,  0.13929247,
         0.11305784,  0.17640655,  0.15522817,  0.05987803,  0.16358584,
         0.03402901,  0.14676256,  0.05254209,  0.00101273,  0.00360246]]), 'deltas': array([[-1.36905768e-12],
       [-8.98360252e-09],
       [-7.31679947e-03],
       [ 1.03455750e-02]]), 'outputs': array([[1.17006807e-06],
       [9.47863604e-05],
       [8.96513210e-02],
       [8.92324761e-01]]), 'errors': array([[-1.17006807e-06],
       [-9.47863604e-05],
       [-8.96513210e-02],
       [ 1.07675239e-01]])}]
target: 0 prediction: 3
target: 0 prediction: 3
target: 1 prediction: 3
target: 1 prediction: 3
target: 2 prediction: 3
target: 2 prediction: 3
target: 3 prediction: 3
target: 3 prediction: 3
target: 3 prediction: 3
Accuracy: 33.33333333333333 %

train_data group 1 length:  38
   0   1   2   3   4   5   6   7   8  ...  50  51  52  53  54  55  56  57  58
0   0   0   0   0   0   0   1   1   0 ...   1   0   1   0   1   0   1   0   0
1   0   0   0   0   0   0   1   1   0 ...   1   0   1   0   1   0   1   0   0
2   0   0   0   1   0   0   0   1   0 ...   0   1   0   1   1   0   1   0   1
3   0   0   0   0   0   0   1   1   0 ...   0   1   0   1   1   0   1   0   1
4   0   0   0   0   1   0   0   1   0 ...   1   0   1   0   0   1   1   0   2

[5 rows x 59 columns]
Initial Neural Network:
[{'weights': array([[-0.001, -0.009, -0.003, ...,  0.004,  0.002, -0.003],
       [ 0.006,  0.004, -0.005, ..., -0.007, -0.007, -0.006],
       [-0.007, -0.009, -0.009, ..., -0.001, -0.008, -0.01 ],
       ...,
       [-0.008, -0.006,  0.006, ...,  0.   , -0.006, -0.001],
       [ 0.005, -0.005,  0.006, ...,  0.01 ,  0.002, -0.004],
       [ 0.004, -0.005, -0.01 , ...,  0.001, -0.001, -0.004]]), 'deltas': array([[0.],
       [0.],
       [0.],
       [0.],
       [0.],
       [0.],
       [0.],
       [0.],
       [0.],
       [0.],
       [0.],
       [0.],
       [0.],
       [0.],
       [0.],
       [0.],
       [0.],
       [0.],
       [0.],
       [0.]]), 'outputs': array([[0.],
       [0.],
       [0.],
       [0.],
       [0.],
       [0.],
       [0.],
       [0.],
       [0.],
       [0.],
       [0.],
       [0.],
       [0.],
       [0.],
       [0.],
       [0.],
       [0.],
       [0.],
       [0.],
       [0.]]), 'errors': array([[0.],
       [0.],
       [0.],
       [0.],
       [0.],
       [0.],
       [0.],
       [0.],
       [0.],
       [0.],
       [0.],
       [0.],
       [0.],
       [0.],
       [0.],
       [0.],
       [0.],
       [0.],
       [0.],
       [0.]])}, {'weights': array([[-0.001,  0.007, -0.002,  0.002,  0.007, -0.002,  0.001,  0.001,
        -0.005,  0.005,  0.004, -0.001, -0.009, -0.003, -0.01 ,  0.007,
        -0.004,  0.001,  0.01 , -0.001],
       [ 0.008,  0.002, -0.007,  0.006, -0.004,  0.003,  0.003, -0.009,
        -0.006, -0.001, -0.002, -0.01 , -0.004, -0.003,  0.01 , -0.01 ,
        -0.005, -0.007, -0.008, -0.007],
       [ 0.   , -0.005, -0.008, -0.003, -0.01 , -0.009, -0.007,  0.001,
        -0.003, -0.007,  0.001,  0.005, -0.009, -0.006, -0.008,  0.002,
         0.003, -0.001, -0.01 ,  0.007],
       [-0.007, -0.008, -0.008,  0.004, -0.008,  0.001,  0.003, -0.01 ,
        -0.004,  0.002, -0.006,  0.005, -0.002, -0.005, -0.01 ,  0.003,
         0.006, -0.01 ,  0.001,  0.001]]), 'deltas': array([[0.],
       [0.],
       [0.],
       [0.]]), 'outputs': array([[0.],
       [0.],
       [0.],
       [0.]]), 'errors': array([[0.],
       [0.],
       [0.],
       [0.]])}]
Training complete!
Training done. epoch: 23 , total error: 0.009728380475080643
[{'weights': array([[ 0.15497052,  0.2984239 , -0.10908989, ...,  0.61543096,
        -0.61811833,  0.36038121],
       [ 0.17644915,  0.30606769, -0.12725209, ...,  0.63447079,
        -0.55662199,  0.2919801 ],
       [ 0.15040785,  0.29900969, -0.12152835, ...,  0.61644211,
        -0.61266774,  0.33720226],
       ...,
       [ 0.1425134 ,  0.30085909, -0.0982642 , ...,  0.60817221,
        -0.6311848 ,  0.36810904],
       [ 0.16709191,  0.30131376, -0.10431241, ...,  0.62839536,
        -0.59026358,  0.3299768 ],
       [ 0.15984217,  0.29971873, -0.12306203, ...,  0.62719644,
        -0.58836526,  0.33249551]]), 'deltas': array([[0.00236543],
       [0.00250912],
       [0.00239456],
       [0.00245577],
       [0.00239235],
       [0.00241271],
       [0.00243765],
       [0.00243238],
       [0.0024752 ],
       [0.00236697],
       [0.00244074],
       [0.00237584],
       [0.00247007],
       [0.00244342],
       [0.00235275],
       [0.00242652],
       [0.00234817],
       [0.00231032],
       [0.00236874],
       [0.00239756]]), 'outputs': array([[0.9387989 ],
       [0.93480391],
       [0.93799204],
       [0.93629159],
       [0.93805331],
       [0.93748856],
       [0.93679547],
       [0.93694215],
       [0.93575019],
       [0.93875642],
       [0.93670976],
       [0.93851092],
       [0.93589316],
       [0.936635  ],
       [0.93914985],
       [0.93710489],
       [0.93927651],
       [0.94032165],
       [0.93870736],
       [0.9379088 ]]), 'errors': 0.04116983920397946}, {'weights': array([[-0.68668319, -0.71906024, -0.70732208, -0.71875727, -0.69916324,
        -0.71568764, -0.70360506, -0.71999857, -0.72747041, -0.68047875,
        -0.71675489, -0.69842968, -0.73528314, -0.73299297, -0.69149129,
        -0.70164123, -0.69516474, -0.68919659, -0.69925473, -0.70845135],
       [-0.45876259, -0.54087719, -0.48543088, -0.53186487, -0.47546502,
        -0.52644198, -0.49996796, -0.49507114, -0.50380467, -0.46973672,
        -0.52238563, -0.50605284, -0.53968835, -0.54201686, -0.46033837,
        -0.53083864, -0.46234405, -0.46068418, -0.5007894 , -0.50285116],
       [-0.2220163 ,  0.01174318, -0.17215042, -0.03037257, -0.17829592,
        -0.09853308, -0.11190196, -0.13945585, -0.09400014, -0.20898676,
        -0.06470446, -0.14878672, -0.02527417,  0.0061374 , -0.24208575,
        -0.06062151, -0.25019677, -0.24743396, -0.1452108 , -0.11036829],
       [ 0.20470144, -0.04389749,  0.15409234,  0.03933192,  0.15170919,
         0.11218228,  0.11057351,  0.13007566,  0.07724932,  0.16945591,
         0.05912887,  0.17429675,  0.02031485, -0.02497881,  0.24214595,
         0.0612155 ,  0.24561707,  0.22741167,  0.13533275,  0.11635247]]), 'deltas': array([[-3.01502452e-12],
       [-6.98305750e-09],
       [-7.39963879e-03],
       [ 1.01186623e-02]]), 'outputs': array([[1.73638410e-06],
       [8.35681824e-05],
       [9.01837774e-02],
       [8.93587406e-01]]), 'errors': array([[-1.73638410e-06],
       [-8.35681824e-05],
       [-9.01837774e-02],
       [ 1.06412594e-01]])}]
Accuracy: 33.33333333333333 %

train_data group 2 length:  37
   0   1   2   3   4   5   6   7   8  ...  50  51  52  53  54  55  56  57  58
0   0   0   0   0   0   0   1   1   0 ...   1   0   1   0   1   0   1   0   0
1   0   0   0   0   0   0   1   1   0 ...   1   0   1   0   1   0   1   0   0
2   0   0   0   1   0   0   0   1   0 ...   0   1   0   1   1   0   1   0   1
3   0   0   0   0   0   0   1   1   0 ...   0   1   0   1   1   0   1   0   1
4   0   0   0   0   1   0   0   1   0 ...   1   0   1   0   0   1   1   0   2

[5 rows x 59 columns]
Initial Neural Network:
[{'weights': array([[ 0.007,  0.009, -0.004, ..., -0.008,  0.009, -0.003],
       [ 0.007, -0.01 , -0.009, ...,  0.009, -0.008,  0.009],
       [ 0.01 , -0.007,  0.   , ...,  0.009, -0.006,  0.001],
       ...,
       [ 0.009, -0.009,  0.   , ...,  0.006, -0.01 ,  0.01 ],
       [-0.005,  0.006, -0.006, ..., -0.003, -0.004,  0.007],
       [ 0.01 ,  0.004,  0.005, ..., -0.005,  0.003,  0.001]]), 'deltas': array([[0.],
       [0.],
       [0.],
       [0.],
       [0.],
       [0.],
       [0.],
       [0.],
       [0.],
       [0.],
       [0.],
       [0.],
       [0.],
       [0.],
       [0.],
       [0.],
       [0.],
       [0.],
       [0.],
       [0.]]), 'outputs': array([[0.],
       [0.],
       [0.],
       [0.],
       [0.],
       [0.],
       [0.],
       [0.],
       [0.],
       [0.],
       [0.],
       [0.],
       [0.],
       [0.],
       [0.],
       [0.],
       [0.],
       [0.],
       [0.],
       [0.]]), 'errors': array([[0.],
       [0.],
       [0.],
       [0.],
       [0.],
       [0.],
       [0.],
       [0.],
       [0.],
       [0.],
       [0.],
       [0.],
       [0.],
       [0.],
       [0.],
       [0.],
       [0.],
       [0.],
       [0.],
       [0.]])}, {'weights': array([[-0.005, -0.008, -0.002,  0.004, -0.01 ,  0.003,  0.005, -0.009,
        -0.003,  0.008,  0.008, -0.009,  0.005, -0.009,  0.006, -0.009,
        -0.001, -0.007,  0.006,  0.007],
       [-0.004,  0.008, -0.002, -0.006,  0.005,  0.003,  0.004,  0.002,
         0.008, -0.008, -0.009, -0.005,  0.004, -0.005,  0.008, -0.005,
        -0.006,  0.001, -0.008,  0.008],
       [ 0.009, -0.001, -0.007, -0.007,  0.005, -0.009, -0.008, -0.008,
         0.008, -0.008, -0.009, -0.003, -0.002, -0.001, -0.003,  0.   ,
         0.001, -0.01 ,  0.003,  0.005],
       [ 0.007,  0.007,  0.006,  0.001,  0.002, -0.008,  0.   ,  0.004,
         0.007, -0.004, -0.009, -0.002,  0.002,  0.009, -0.01 ,  0.003,
        -0.001,  0.002, -0.007,  0.002]]), 'deltas': array([[0.],
       [0.],
       [0.],
       [0.]]), 'outputs': array([[0.],
       [0.],
       [0.],
       [0.]]), 'errors': array([[0.],
       [0.],
       [0.],
       [0.]])}]
Training complete!
Training done. epoch: 26 , total error: 0.009921827929766622
[{'weights': array([[-0.06508099,  0.38326619,  0.13902757, ...,  0.61247485,
        -0.57551597,  0.34492854],
       [-0.07879305,  0.36643628,  0.1346405 , ...,  0.61604026,
        -0.62141064,  0.38282363],
       [-0.07559631,  0.37123947,  0.1440391 , ...,  0.61996996,
        -0.61935566,  0.37634475],
       ...,
       [-0.08181026,  0.37010667,  0.14491442, ...,  0.61435764,
        -0.62553872,  0.39054847],
       [-0.08941532,  0.38119262,  0.13963415, ...,  0.60873179,
        -0.62145934,  0.38819905],
       [-0.07321372,  0.38113541,  0.14827601, ...,  0.60785367,
        -0.60804043,  0.3772732 ]]), 'deltas': array([[0.00252374],
       [0.00239319],
       [0.00241648],
       [0.00238702],
       [0.00237062],
       [0.00244136],
       [0.00243255],
       [0.00247869],
       [0.00247152],
       [0.00238701],
       [0.00241509],
       [0.00234542],
       [0.002398  ],
       [0.00233811],
       [0.0024892 ],
       [0.00232605],
       [0.00241631],
       [0.00237071],
       [0.00237567],
       [0.00238563]]), 'outputs': array([[0.93528678],
       [0.93886829],
       [0.93823165],
       [0.93903685],
       [0.93948473],
       [0.9375502 ],
       [0.93779155],
       [0.93652612],
       [0.93672287],
       [0.93903721],
       [0.93826951],
       [0.94017168],
       [0.938737  ],
       [0.9403707 ],
       [0.93623708],
       [0.94069908],
       [0.93823625],
       [0.93948226],
       [0.93934679],
       [0.93907489]]), 'errors': 0.041697168919306}, {'weights': array([[-0.78063167, -0.75890482, -0.74078717, -0.74156369, -0.76796267,
        -0.76717268, -0.75032338, -0.80421098, -0.79320337, -0.76215574,
        -0.75308442, -0.73603998, -0.76680058, -0.76263985, -0.78107394,
        -0.7574276 , -0.75575742, -0.76048893, -0.74557918, -0.73768191],
       [-0.55451258, -0.49889989, -0.52961576, -0.4995226 , -0.48123131,
        -0.52341409, -0.51332358, -0.52482066, -0.50984852, -0.50913826,
        -0.49857659, -0.48484864, -0.50828559, -0.49350601, -0.52738353,
        -0.5016393 , -0.50459063, -0.48321403, -0.49541792, -0.51441196],
       [-0.00295074, -0.17865721, -0.14400632, -0.18656268, -0.16085896,
        -0.06335698, -0.14415574, -0.02428253, -0.03701673, -0.12334228,
        -0.16375553, -0.23753376, -0.10466019, -0.17570683, -0.01676428,
        -0.16967865, -0.104368  , -0.19180403, -0.17139286, -0.12133864],
       [ 0.0247877 ,  0.20348623,  0.14541338,  0.1725385 ,  0.1608126 ,
         0.03575977,  0.16642407, -0.01154995,  0.0340528 ,  0.11130702,
         0.13437123,  0.21368915,  0.09957961,  0.17878971,  0.00096534,
         0.16786147,  0.0497023 ,  0.17300645,  0.15123876,  0.13732823]]), 'deltas': array([[-3.90018064e-13],
       [-5.26721249e-09],
       [-7.51586578e-03],
       [ 1.03305513e-02]]), 'outputs': array([[6.24514458e-07],
       [7.25781979e-05],
       [9.09263974e-02],
       [8.92407989e-01]]), 'errors': array([[-6.24514458e-07],
       [-7.25781979e-05],
       [-9.09263974e-02],
       [ 1.07592011e-01]])}]
Accuracy: 40.0 %

train_data group 3 length:  38
   0   1   2   3   4   5   6   7   8  ...  50  51  52  53  54  55  56  57  58
0   0   0   0   0   0   0   1   1   0 ...   1   0   1   0   1   0   1   0   0
1   0   0   0   0   0   0   1   1   0 ...   1   0   1   0   1   0   1   0   0
2   0   0   0   1   0   0   0   1   0 ...   0   1   0   1   1   0   1   0   1
3   0   0   0   0   0   0   1   1   0 ...   0   1   0   1   1   0   1   0   1
4   0   0   0   0   1   0   0   1   0 ...   1   0   1   0   0   1   1   0   2

[5 rows x 59 columns]
Initial Neural Network:
[{'weights': array([[ 0.003, -0.006, -0.007, ..., -0.009,  0.003,  0.008],
       [-0.002, -0.005, -0.003, ...,  0.006,  0.001,  0.008],
       [ 0.007, -0.007,  0.004, ..., -0.004,  0.006, -0.01 ],
       ...,
       [ 0.002,  0.006, -0.007, ...,  0.01 , -0.006,  0.002],
       [ 0.006,  0.007,  0.   , ..., -0.007,  0.001, -0.001],
       [ 0.01 , -0.009, -0.003, ...,  0.009,  0.004,  0.001]]), 'deltas': array([[0.],
       [0.],
       [0.],
       [0.],
       [0.],
       [0.],
       [0.],
       [0.],
       [0.],
       [0.],
       [0.],
       [0.],
       [0.],
       [0.],
       [0.],
       [0.],
       [0.],
       [0.],
       [0.],
       [0.]]), 'outputs': array([[0.],
       [0.],
       [0.],
       [0.],
       [0.],
       [0.],
       [0.],
       [0.],
       [0.],
       [0.],
       [0.],
       [0.],
       [0.],
       [0.],
       [0.],
       [0.],
       [0.],
       [0.],
       [0.],
       [0.]]), 'errors': array([[0.],
       [0.],
       [0.],
       [0.],
       [0.],
       [0.],
       [0.],
       [0.],
       [0.],
       [0.],
       [0.],
       [0.],
       [0.],
       [0.],
       [0.],
       [0.],
       [0.],
       [0.],
       [0.],
       [0.]])}, {'weights': array([[ 0.01 ,  0.004, -0.002, -0.004, -0.01 , -0.002, -0.007,  0.008,
        -0.009,  0.006, -0.004,  0.009,  0.007, -0.003,  0.001, -0.001,
        -0.006, -0.006,  0.006, -0.009],
       [ 0.   , -0.007, -0.002, -0.007,  0.005, -0.01 ,  0.007,  0.01 ,
        -0.001,  0.   ,  0.009, -0.009, -0.01 , -0.001,  0.002,  0.005,
         0.01 , -0.01 ,  0.005,  0.007],
       [-0.006, -0.001, -0.01 ,  0.004,  0.009,  0.007,  0.003, -0.005,
         0.007, -0.005,  0.004,  0.005,  0.   , -0.004,  0.001,  0.001,
         0.001, -0.009,  0.001,  0.004],
       [-0.005, -0.008, -0.009, -0.007, -0.009, -0.003,  0.005,  0.006,
        -0.008, -0.001, -0.008, -0.004, -0.004,  0.   , -0.007, -0.009,
         0.004,  0.01 ,  0.007,  0.005]]), 'deltas': array([[0.],
       [0.],
       [0.],
       [0.]]), 'outputs': array([[0.],
       [0.],
       [0.],
       [0.]]), 'errors': array([[0.],
       [0.],
       [0.],
       [0.]])}]
Training complete!
Training done. epoch: 14 , total error: 0.009882335906955983
[{'weights': array([[-0.12058958,  0.21994036,  0.18774368, ...,  0.46085781,
        -0.71876249,  0.54640595],
       [-0.12600012,  0.22287349,  0.19059918, ...,  0.47834128,
        -0.72274918,  0.54943515],
       [-0.11597757,  0.22195835,  0.19968911, ...,  0.4717865 ,
        -0.72188716,  0.53561753],
       ...,
       [-0.12295976,  0.23337004,  0.19006899, ...,  0.48208008,
        -0.73456342,  0.54705559],
       [-0.11821878,  0.23389702,  0.19373642, ...,  0.46667501,
        -0.72060152,  0.53755313],
       [-0.11507232,  0.21942938,  0.19291871, ...,  0.48169591,
        -0.72072814,  0.54385005]]), 'deltas': array([[0.00300042],
       [0.00297363],
       [0.00296223],
       [0.0030328 ],
       [0.00299092],
       [0.00294838],
       [0.00298695],
       [0.00294364],
       [0.00295843],
       [0.00299905],
       [0.00297273],
       [0.00297147],
       [0.00297218],
       [0.00296447],
       [0.002985  ],
       [0.0029798 ],
       [0.00298382],
       [0.00299747],
       [0.00294861],
       [0.00297835]]), 'outputs': array([[0.92313393],
       [0.92388185],
       [0.92419962],
       [0.92222805],
       [0.92339936],
       [0.92458563],
       [0.92351006],
       [0.9247175 ],
       [0.92430572],
       [0.92317216],
       [0.92390682],
       [0.923942  ],
       [0.92392231],
       [0.9241373 ],
       [0.92356448],
       [0.92370961],
       [0.92359755],
       [0.92321626],
       [0.92457933],
       [0.92375021]]), 'errors': 0.04228458878751356}, {'weights': array([[-0.53907742, -0.54381516, -0.54288495, -0.54851783, -0.55342429,
        -0.53965157, -0.56656512, -0.53726264, -0.55403754, -0.5269783 ,
        -0.55436215, -0.54546026, -0.52908637, -0.55998355, -0.5472501 ,
        -0.5375985 , -0.56350065, -0.54655583, -0.54927684, -0.55324285],
       [-0.44178967, -0.44835482, -0.43451541, -0.43700914, -0.44629121,
        -0.42255064, -0.42047409, -0.42323402, -0.43646634, -0.4327485 ,
        -0.44838382, -0.43680871, -0.43159152, -0.43908283, -0.45028842,
        -0.43083556, -0.42749858, -0.4269745 , -0.43309188, -0.42136661],
       [-0.12831476, -0.12082815, -0.1317753 , -0.11882418, -0.09644035,
        -0.15868631, -0.12888409, -0.13992182, -0.12901094, -0.16415816,
        -0.07980405, -0.12648006, -0.16734499, -0.12308944, -0.10868859,
        -0.12532842, -0.10852759, -0.16178304, -0.11569368, -0.12734115],
       [ 0.13498619,  0.11496209,  0.08977216,  0.08773939,  0.06500545,
         0.15173853,  0.15717218,  0.13965857,  0.1480354 ,  0.16049032,
         0.07063262,  0.12608054,  0.15075033,  0.11328351,  0.09312873,
         0.09380675,  0.11087991,  0.14082153,  0.11334706,  0.1273614 ]]), 'deltas': array([[-1.67148161e-09],
       [-1.06521303e-07],
       [-7.52728799e-03],
       [ 1.02531060e-02]]), 'outputs': array([[4.08845931e-05],
       [3.26429296e-04],
       [9.09991028e-02],
       [8.92837848e-01]]), 'errors': array([[-4.08845931e-05],
       [-3.26429296e-04],
       [-9.09991028e-02],
       [ 1.07162152e-01]])}]
Accuracy: 33.33333333333333 %

train_data group 4 length:  37
   0   1   2   3   4   5   6   7   8  ...  50  51  52  53  54  55  56  57  58
0   0   0   0   0   0   0   1   1   0 ...   1   0   1   0   1   0   1   0   0
1   0   0   0   0   0   0   1   1   0 ...   1   0   1   0   1   0   1   0   0
2   0   0   0   1   0   0   0   1   0 ...   0   1   0   1   1   0   1   0   1
3   0   0   0   0   0   0   1   1   0 ...   0   1   0   1   1   0   1   0   1
4   0   0   0   0   1   0   0   1   0 ...   1   0   1   0   0   1   1   0   2

[5 rows x 59 columns]
Initial Neural Network:
[{'weights': array([[ 0.007,  0.01 ,  0.009, ...,  0.009,  0.006, -0.003],
       [-0.01 , -0.009,  0.001, ...,  0.007,  0.006,  0.005],
       [ 0.008, -0.009,  0.002, ..., -0.007,  0.003, -0.005],
       ...,
       [ 0.002,  0.009, -0.006, ..., -0.009, -0.003,  0.01 ],
       [-0.003, -0.006, -0.01 , ..., -0.006, -0.003, -0.007],
       [-0.001,  0.01 , -0.004, ..., -0.01 , -0.005,  0.006]]), 'deltas': array([[0.],
       [0.],
       [0.],
       [0.],
       [0.],
       [0.],
       [0.],
       [0.],
       [0.],
       [0.],
       [0.],
       [0.],
       [0.],
       [0.],
       [0.],
       [0.],
       [0.],
       [0.],
       [0.],
       [0.]]), 'outputs': array([[0.],
       [0.],
       [0.],
       [0.],
       [0.],
       [0.],
       [0.],
       [0.],
       [0.],
       [0.],
       [0.],
       [0.],
       [0.],
       [0.],
       [0.],
       [0.],
       [0.],
       [0.],
       [0.],
       [0.]]), 'errors': array([[0.],
       [0.],
       [0.],
       [0.],
       [0.],
       [0.],
       [0.],
       [0.],
       [0.],
       [0.],
       [0.],
       [0.],
       [0.],
       [0.],
       [0.],
       [0.],
       [0.],
       [0.],
       [0.],
       [0.]])}, {'weights': array([[ 0.005,  0.001, -0.01 , -0.005, -0.006, -0.006, -0.008, -0.01 ,
        -0.009,  0.002, -0.008,  0.002, -0.004, -0.006,  0.   ,  0.004,
         0.001,  0.008,  0.004, -0.003],
       [ 0.006, -0.007,  0.005,  0.   , -0.01 , -0.004, -0.003,  0.007,
        -0.006, -0.005,  0.001, -0.001, -0.005,  0.007,  0.007, -0.006,
        -0.001,  0.006, -0.002, -0.008],
       [ 0.008,  0.007, -0.006, -0.006, -0.001, -0.005, -0.002, -0.007,
        -0.007,  0.003,  0.003, -0.01 ,  0.007,  0.008,  0.007, -0.008,
        -0.003, -0.001, -0.002, -0.007],
       [ 0.   ,  0.007,  0.01 ,  0.006,  0.01 ,  0.003, -0.005, -0.007,
         0.001, -0.005,  0.009, -0.009,  0.009, -0.005, -0.008,  0.007,
         0.01 ,  0.005, -0.003, -0.004]]), 'deltas': array([[0.],
       [0.],
       [0.],
       [0.]]), 'outputs': array([[0.],
       [0.],
       [0.],
       [0.]]), 'errors': array([[0.],
       [0.],
       [0.],
       [0.]])}]
Training complete!
Training done. epoch: 23 , total error: 0.009927690901251039
[{'weights': array([[ 0.11952957,  0.25865178, -0.12415329, ...,  0.56664057,
        -1.11412463,  0.93484525],
       [ 0.10322181,  0.2405164 , -0.13251369, ...,  0.56839485,
        -1.11565537,  0.94504374],
       [ 0.12117088,  0.23952056, -0.13099691, ...,  0.55441696,
        -1.12046892,  0.93324723],
       ...,
       [ 0.11609809,  0.25329833, -0.14383396, ...,  0.55506599,
        -1.11526195,  0.94391716],
       [ 0.11002334,  0.24304119, -0.13760146, ...,  0.55182333,
        -1.12427349,  0.93396875],
       [ 0.11102946,  0.25699603, -0.13560432, ...,  0.55020465,
        -1.12780312,  0.94522319]]), 'deltas': array([[0.00106248],
       [0.00109068],
       [0.0010985 ],
       [0.00108116],
       [0.00106381],
       [0.0010732 ],
       [0.00109488],
       [0.00109459],
       [0.00109306],
       [0.00110286],
       [0.00108833],
       [0.00110487],
       [0.00109108],
       [0.00109795],
       [0.00110201],
       [0.00110391],
       [0.0011011 ],
       [0.00111472],
       [0.00106801],
       [0.00109045]]), 'outputs': array([[0.97284608],
       [0.97210427],
       [0.97189827],
       [0.97235486],
       [0.97281123],
       [0.9725642 ],
       [0.97199359],
       [0.97200122],
       [0.97204137],
       [0.97178334],
       [0.97216609],
       [0.97173045],
       [0.97209363],
       [0.97191276],
       [0.97180572],
       [0.9717556 ],
       [0.97182979],
       [0.9714708 ],
       [0.97270076],
       [0.97211034]]), 'errors': 0.04022029155738238}, {'weights': array([[-0.7186055 , -0.73754723, -0.74114996, -0.73780632, -0.72575099,
        -0.73073405, -0.73930385, -0.72721218, -0.74373874, -0.74060949,
        -0.71825196, -0.72632774, -0.72511896, -0.73455957, -0.73642499,
        -0.71398498, -0.73562031, -0.74111466, -0.71463464, -0.73850256],
       [-0.48820166, -0.4696069 , -0.47810831, -0.47760096, -0.51237728,
        -0.46952756, -0.48675332, -0.49609513, -0.48640663, -0.51452689,
        -0.49294766, -0.46968576, -0.48877837, -0.49049217, -0.4974105 ,
        -0.51428796, -0.4750608 , -0.48286414, -0.48883122, -0.50269544],
       [-0.11844069, -0.12179468, -0.13074523, -0.14507143, -0.11809203,
        -0.13629329, -0.14018215, -0.14746857, -0.13286563, -0.08834529,
        -0.15369742, -0.1522651 , -0.1348742 , -0.10156218, -0.07208943,
        -0.11265725, -0.13857893, -0.0824079 , -0.12981106, -0.10376599],
       [ 0.12945612,  0.09849502,  0.10445429,  0.14945861,  0.13312486,
         0.09881259,  0.10485544,  0.15330291,  0.10700353,  0.08914746,
         0.18309317,  0.09160285,  0.12441493,  0.1216751 ,  0.0720138 ,
         0.0824276 ,  0.12962897,  0.10086109,  0.11742469,  0.07184861]]), 'deltas': array([[-4.46331552e-13],
       [-5.49807713e-09],
       [-7.24024857e-03],
       [ 1.06072358e-02]]), 'outputs': array([[6.68080721e-07],
       [7.41517691e-05],
       [8.91568984e-02],
       [8.90883439e-01]]), 'errors': array([[-6.68080721e-07],
       [-7.41517691e-05],
       [-8.91568984e-02],
       [ 1.09116561e-01]])}]
Accuracy: 40.0 %

Feedforward Neural Network AVG Accuracy (%): 36.0 %
