Namespace(error_threshold=0.001, max_epochs=1000, num_layers=2, num_nodes_per_hidden_layer=4, training_rate=0.9)

train_data group 0 length:  38
   0   1   2   3   4   5   6   7   8  ...  50  51  52  53  54  55  56  57  58
0   0   0   0   0   1   0   0   1   0 ...   1   0   1   0   1   0   1   0   0
1   0   0   0   0   0   0   1   1   0 ...   1   0   1   0   1   0   1   0   0
2   0   0   0   0   0   1   0   1   0 ...   0   1   0   1   1   0   1   0   1
3   0   0   0   0   1   0   0   1   0 ...   0   1   0   1   1   0   1   0   1
4   1   0   0   0   0   0   0   0   1 ...   1   0   1   0   0   1   1   0   2

[5 rows x 59 columns]
Initial Neural Network:
[{'weights': array([[ 0.009, -0.003,  0.   ,  0.002,  0.004,  0.   , -0.007, -0.004,
         0.   ,  0.001, -0.001, -0.004, -0.009, -0.006,  0.007, -0.01 ,
        -0.006,  0.006,  0.002,  0.   , -0.006, -0.005,  0.   ,  0.01 ,
        -0.001,  0.006, -0.01 , -0.001,  0.006, -0.008, -0.003,  0.009,
        -0.001,  0.   ,  0.007, -0.006, -0.009,  0.006, -0.002,  0.007,
         0.006, -0.007,  0.005,  0.006,  0.   , -0.009, -0.004,  0.005,
         0.009,  0.003,  0.004, -0.002,  0.001,  0.009,  0.002, -0.006,
         0.01 , -0.01 ,  0.005],
       [-0.005, -0.006, -0.007,  0.004,  0.   ,  0.   , -0.01 , -0.002,
        -0.007, -0.005, -0.01 , -0.01 ,  0.006,  0.006, -0.01 ,  0.002,
        -0.005,  0.005,  0.   ,  0.009,  0.007,  0.004,  0.   ,  0.008,
         0.   , -0.004,  0.   , -0.002, -0.008,  0.001,  0.009,  0.01 ,
        -0.007, -0.003, -0.007, -0.009, -0.003, -0.01 , -0.001,  0.004,
         0.008, -0.001,  0.008, -0.009, -0.01 ,  0.005, -0.009,  0.007,
        -0.005,  0.008,  0.003,  0.003,  0.009,  0.001, -0.01 ,  0.006,
         0.007,  0.007, -0.008],
       [-0.005,  0.001,  0.01 , -0.008, -0.003, -0.005,  0.008,  0.   ,
        -0.01 , -0.006, -0.008,  0.01 ,  0.   , -0.004,  0.004, -0.005,
        -0.008,  0.003, -0.001, -0.008, -0.004, -0.006, -0.01 , -0.008,
        -0.001,  0.007, -0.005,  0.   ,  0.001, -0.007, -0.006, -0.002,
         0.008, -0.008, -0.007,  0.009, -0.001,  0.002,  0.003, -0.002,
        -0.01 , -0.009, -0.005,  0.   , -0.004,  0.004,  0.01 ,  0.003,
        -0.008, -0.003, -0.002,  0.01 , -0.002,  0.003, -0.005,  0.01 ,
         0.003,  0.003,  0.008],
       [ 0.002, -0.001, -0.006,  0.005,  0.006,  0.004, -0.006, -0.004,
         0.   , -0.007,  0.001,  0.002,  0.007, -0.004,  0.004,  0.003,
         0.004, -0.003,  0.004, -0.001,  0.001,  0.003,  0.007,  0.005,
         0.004,  0.008,  0.009,  0.001,  0.001, -0.007, -0.003, -0.008,
        -0.001,  0.001, -0.002,  0.009,  0.   , -0.004, -0.005,  0.008,
        -0.009, -0.003, -0.002, -0.003,  0.004,  0.005,  0.007,  0.002,
         0.   ,  0.   , -0.007,  0.004, -0.004,  0.001, -0.005,  0.003,
        -0.001, -0.002,  0.009],
       [ 0.01 , -0.002,  0.003,  0.004,  0.005, -0.01 ,  0.008, -0.007,
         0.003,  0.001, -0.01 , -0.01 ,  0.001, -0.001, -0.004, -0.001,
         0.009,  0.008, -0.001, -0.007, -0.007, -0.009,  0.006, -0.005,
        -0.005, -0.006, -0.008, -0.008, -0.008, -0.002,  0.008,  0.007,
         0.003,  0.008, -0.006,  0.005, -0.007,  0.001,  0.008, -0.008,
         0.007,  0.007, -0.001, -0.006,  0.009, -0.001, -0.005, -0.01 ,
        -0.007, -0.008, -0.009,  0.009,  0.004, -0.008,  0.002,  0.004,
         0.007,  0.   ,  0.004]]), 'deltas': array([[0.],
       [0.],
       [0.],
       [0.],
       [0.]]), 'outputs': array([[0.],
       [0.],
       [0.],
       [0.],
       [0.]]), 'errors': array([[0.],
       [0.],
       [0.],
       [0.],
       [0.]])}, {'weights': array([[-0.006,  0.005,  0.009,  0.002, -0.003],
       [-0.001, -0.01 , -0.002, -0.008, -0.01 ],
       [-0.01 ,  0.004, -0.001, -0.007,  0.003],
       [ 0.008, -0.001,  0.   , -0.007,  0.004]]), 'deltas': array([[0.],
       [0.],
       [0.],
       [0.],
       [0.]]), 'outputs': array([[0.],
       [0.],
       [0.],
       [0.],
       [0.]]), 'errors': array([[0.],
       [0.],
       [0.],
       [0.],
       [0.]])}]
Training complete!
Training done. epoch: 64 , total error: 0.0008866819908314612
[{'weights': array([[-1.59135296e-01,  3.24111803e-01,  1.48282619e-01,
         1.37234307e-01, -1.92665439e-01, -3.13873796e-01,
        -2.20002141e-01, -7.92239005e-01,  5.07191063e-01,
        -5.76577871e-01,  3.17931703e-01, -2.64017740e-02,
        -1.60843679e-01,  1.66135407e-01, -2.94339669e-01,
        -5.62843254e-01,  2.65795312e-01, -5.24448447e-01,
         4.79515717e-02,  1.77939294e-01,  1.95096406e-02,
        -2.86591775e-01,  4.24258584e-01, -1.56897309e-01,
        -2.57817441e-01, -3.55194651e-01,  7.01467098e-02,
        -3.62988640e-01,  8.69406982e-02,  3.48970365e-01,
        -4.96628144e-01, -1.35390162e-01, -7.53781504e-01,
         4.71733563e-01, -2.18587286e-01, -6.14606558e-02,
        -5.86577871e-01,  1.14764653e-01,  5.83686394e-01,
        -3.90921117e-01, -2.81040407e-01, -8.70662214e-01,
         1.45223255e+00, -5.71577871e-01,  1.16873176e-01,
        -4.06921117e-01,  3.72653337e-01, -6.52701278e-01,
        -2.54102903e-01, -1.49450384e-02,  3.00529929e-01,
        -5.79577871e-01,  2.97529929e-01, -5.68577871e-01,
        -9.73498988e-01,  6.88451047e-01, -8.07630621e-01,
         5.26582679e-01, -2.76047942e-01],
       [-1.82303571e-01,  3.22126319e-01,  1.38667568e-01,
         1.48715941e-01, -1.96190651e-01, -3.09385625e-01,
        -2.20771373e-01, -7.71423566e-01,  4.87282172e-01,
        -5.74788380e-01,  3.08090554e-01, -3.34435683e-02,
        -1.51378284e-01,  1.82234085e-01, -3.03997194e-01,
        -5.60507928e-01,  2.82366534e-01, -5.44207927e-01,
         5.59576747e-02,  1.84498272e-01,  4.96105868e-02,
        -2.78655462e-01,  4.23093820e-01, -1.56409897e-01,
        -2.51169855e-01, -3.77756532e-01,  9.86151390e-02,
        -3.32464658e-01,  4.73232641e-02,  3.60790787e-01,
        -4.63885178e-01, -1.52047002e-01, -7.61787989e-01,
         4.76646596e-01, -2.38721696e-01, -5.24196970e-02,
        -5.72788380e-01,  9.85153237e-02,  5.83154365e-01,
        -3.94022703e-01, -2.78387875e-01, -8.67422816e-01,
         1.45545768e+00, -5.78788380e-01,  1.12881309e-01,
        -3.93022703e-01,  3.74854067e-01, -6.51995461e-01,
        -2.68137240e-01, -4.00415333e-03,  2.97646986e-01,
        -5.66788380e-01,  3.03646986e-01, -5.68788380e-01,
        -9.77811082e-01,  6.98669689e-01, -8.21351794e-01,
         5.60210401e-01, -2.83141393e-01],
       [-2.17957811e-01,  2.87174453e-01,  2.21916276e-01,
         2.16868581e-01, -4.16903331e-02, -4.37242718e-01,
        -1.67447673e-01, -5.94620875e-01,  4.48241650e-01,
        -6.71590872e-01,  2.77969258e-01,  2.53242389e-01,
         1.41547154e-01,  5.18435307e-02, -3.29769910e-01,
        -5.68879792e-01,  4.19500567e-01, -5.94140030e-01,
         3.53988652e-02,  2.64458704e-01,  1.47903235e-01,
        -1.29826442e-01,  5.09278511e-01, -1.87817879e-01,
        -3.53013416e-01, -3.34574604e-01,  2.00195378e-01,
        -4.33303845e-01,  2.97924620e-01,  2.80705261e-01,
        -5.29727402e-01,  9.76429159e-02, -3.68795290e-01,
         2.32416065e-01, -2.26335085e-01,  9.19558602e-02,
        -6.66590872e-01,  3.47023180e-01,  5.17720786e-01,
        -3.32532319e-01, -5.32146830e-01, -1.94180779e-01,
         1.23153926e+00, -6.65590872e-01,  1.90153094e-01,
        -3.26532319e-01,  1.58937429e-01, -2.82316654e-01,
        -3.73600534e-01,  2.26221308e-01,  5.27211647e-01,
        -6.55590872e-01,  5.27211647e-01, -6.62590872e-01,
        -1.00112319e+00,  8.69743966e-01,  1.07660651e-01,
        -2.38039876e-01, -1.28379225e-01],
       [-1.83763573e-01,  3.25508924e-01,  1.46443164e-01,
         1.72535832e-01, -1.93008736e-01, -3.12906853e-01,
        -2.19903730e-01, -7.62510013e-01,  4.89415040e-01,
        -5.89238357e-01,  3.18518568e-01, -2.37518440e-03,
        -1.28510821e-01,  1.63188387e-01, -2.96772539e-01,
        -5.67641617e-01,  3.05546643e-01, -5.50752717e-01,
         4.14989642e-02,  1.82451973e-01,  5.87068062e-02,
        -2.78909182e-01,  4.48080490e-01, -1.62637774e-01,
        -2.56628507e-01, -3.60322293e-01,  1.08227320e-01,
        -3.46542859e-01,  7.94478854e-02,  3.45137826e-01,
        -4.67883086e-01, -1.64349713e-01, -7.29188461e-01,
         4.60093487e-01, -2.44720156e-01, -1.73748170e-02,
        -5.82238357e-01,  1.28599443e-01,  5.75542037e-01,
        -3.91998096e-01, -2.98686564e-01, -8.41499994e-01,
         1.43932994e+00, -5.85238357e-01,  1.34903123e-01,
        -3.94998096e-01,  3.73944612e-01, -6.34039585e-01,
        -2.72589812e-01,  3.49483874e-03,  3.06143383e-01,
        -5.78238357e-01,  3.09143383e-01, -5.81238357e-01,
        -9.87236453e-01,  7.16141480e-01, -7.70108830e-01,
         4.98013857e-01, -2.60094973e-01],
       [ 1.00000000e-02, -2.00000000e-03,  3.00000000e-03,
         4.00000000e-03,  5.00000000e-03, -1.00000000e-02,
         8.00000000e-03, -7.00000000e-03,  3.00000000e-03,
         1.00000000e-03, -1.00000000e-02, -1.00000000e-02,
         1.00000000e-03, -1.00000000e-03, -4.00000000e-03,
        -1.00000000e-03,  9.00000000e-03,  8.00000000e-03,
        -1.00000000e-03, -7.00000000e-03, -7.00000000e-03,
        -9.00000000e-03,  6.00000000e-03, -5.00000000e-03,
        -5.00000000e-03, -6.00000000e-03, -8.00000000e-03,
        -8.00000000e-03, -8.00000000e-03, -2.00000000e-03,
         8.00000000e-03,  7.00000000e-03,  3.00000000e-03,
         8.00000000e-03, -6.00000000e-03,  5.00000000e-03,
        -7.00000000e-03,  1.00000000e-03,  8.00000000e-03,
        -8.00000000e-03,  7.00000000e-03,  7.00000000e-03,
        -1.00000000e-03, -6.00000000e-03,  9.00000000e-03,
        -1.00000000e-03, -5.00000000e-03, -1.00000000e-02,
        -7.00000000e-03, -8.00000000e-03, -9.00000000e-03,
         9.00000000e-03,  4.00000000e-03, -8.00000000e-03,
         2.00000000e-03,  4.00000000e-03,  7.00000000e-03,
         0.00000000e+00,  4.00000000e-03]]), 'deltas': array([[0.00011044],
       [0.00011172],
       [0.00023509],
       [0.00011351],
       [0.        ]]), 'outputs': array([[0.98134304],
       [0.98112262],
       [0.95937693],
       [0.98081451],
       [1.        ]]), 'errors': 0.0060321217466204734}, {'weights': array([[-1.43096858, -1.3655156 , -2.36477907, -1.48243598,  0.27003946],
       [-1.60324154, -1.62171611, -4.43028866, -1.70022287,  0.0771102 ],
       [-2.55718779, -2.65006374,  6.7288488 , -2.21373252, -2.63449533],
       [ 2.33260544,  2.36653059,  1.19729168,  2.27557851, -4.47216344]]), 'deltas': array([[-4.12095815e-06],
       [-1.50655931e-08],
       [-9.07419889e-04],
       [ 8.09112095e-04]]), 'outputs': array([[2.03208005e-03],
       [1.22749512e-04],
       [3.05950760e-02],
       [9.71135474e-01]]), 'errors': array([[-0.00203208],
       [-0.00012275],
       [-0.03059508],
       [ 0.02886453]])}]
neural_net output [0.49601549 0.3929196  0.12239235 0.01350873]
target: 0 prediction: 0
neural_net output [0.53836811 0.46646185 0.08755996 0.01208692]
target: 0 prediction: 0
neural_net output [0.56280202 0.51306741 0.06690922 0.01153328]
target: 1 prediction: 0
neural_net output [0.56381099 0.51434704 0.06720013 0.01146404]
target: 1 prediction: 0
neural_net output [0.08051741 0.00983124 0.93548166 0.07460934]
target: 2 prediction: 2
neural_net output [0.14085375 0.02545159 0.90043308 0.04082681]
target: 2 prediction: 2
neural_net output [1.93568893e-03 1.10649828e-04 3.76516387e-02 9.71368977e-01]
target: 3 prediction: 3
neural_net output [1.94707070e-03 1.13866501e-04 3.32533964e-02 9.72044518e-01]
target: 3 prediction: 3
neural_net output [1.79435800e-03 9.99125764e-05 3.62698626e-02 9.74049248e-01]
target: 3 prediction: 3
Accuracy: 77.77777777777779 %

train_data group 1 length:  38
   0   1   2   3   4   5   6   7   8  ...  50  51  52  53  54  55  56  57  58
0   0   0   0   0   0   0   1   1   0 ...   1   0   1   0   1   0   1   0   0
1   0   0   0   0   0   0   1   1   0 ...   1   0   1   0   1   0   1   0   0
2   0   0   0   1   0   0   0   1   0 ...   0   1   0   1   1   0   1   0   1
3   0   0   0   0   0   0   1   1   0 ...   0   1   0   1   1   0   1   0   1
4   0   0   0   0   1   0   0   1   0 ...   1   0   1   0   0   1   1   0   2

[5 rows x 59 columns]
Initial Neural Network:
[{'weights': array([[-0.005, -0.002, -0.003, -0.004,  0.003, -0.008, -0.002,  0.002,
         0.002, -0.003,  0.001,  0.006, -0.007,  0.007,  0.002,  0.008,
        -0.004, -0.004,  0.004, -0.008,  0.006, -0.001, -0.007,  0.009,
         0.01 , -0.002,  0.008,  0.01 ,  0.003,  0.007, -0.003,  0.003,
         0.   ,  0.003, -0.007,  0.01 , -0.005, -0.01 ,  0.009, -0.007,
         0.001, -0.01 ,  0.005, -0.009, -0.003, -0.01 , -0.009,  0.   ,
        -0.006,  0.01 ,  0.002, -0.004,  0.   ,  0.001, -0.005,  0.008,
         0.002,  0.002,  0.006],
       [ 0.009, -0.005,  0.003, -0.003, -0.01 ,  0.009, -0.009, -0.005,
         0.003, -0.009,  0.   , -0.006,  0.002, -0.004,  0.003,  0.006,
         0.007, -0.005,  0.009, -0.002, -0.006, -0.001, -0.008, -0.008,
        -0.009, -0.004,  0.002, -0.002,  0.001, -0.006,  0.001, -0.003,
        -0.002, -0.009, -0.001, -0.004, -0.005, -0.008,  0.01 ,  0.01 ,
        -0.005,  0.002, -0.01 , -0.007,  0.006,  0.005, -0.006, -0.004,
        -0.001,  0.004,  0.001,  0.   ,  0.004, -0.004,  0.008,  0.006,
        -0.009, -0.002, -0.01 ],
       [-0.009,  0.001, -0.001,  0.008, -0.01 ,  0.009, -0.009, -0.001,
         0.008,  0.005,  0.01 ,  0.006, -0.008,  0.004,  0.003,  0.005,
        -0.006, -0.009,  0.007, -0.005,  0.   , -0.006,  0.01 , -0.006,
         0.002,  0.   ,  0.006, -0.006,  0.004,  0.003,  0.005, -0.009,
         0.001, -0.004, -0.009,  0.009, -0.004,  0.005, -0.006, -0.003,
        -0.005, -0.006,  0.004,  0.005, -0.002,  0.001,  0.003,  0.004,
         0.009,  0.005, -0.005, -0.007,  0.   , -0.001,  0.008,  0.001,
         0.008,  0.003, -0.008],
       [-0.006, -0.01 ,  0.002, -0.009, -0.004, -0.001,  0.001,  0.005,
         0.006, -0.007,  0.007, -0.003, -0.002,  0.002,  0.001, -0.004,
        -0.007, -0.007,  0.004, -0.005, -0.003,  0.003, -0.007, -0.009,
         0.009,  0.006, -0.006,  0.005, -0.003,  0.008, -0.01 ,  0.006,
         0.001,  0.002,  0.001,  0.001, -0.01 ,  0.002,  0.003,  0.004,
         0.009, -0.005,  0.008, -0.002,  0.001,  0.004,  0.006,  0.002,
         0.004, -0.001,  0.008,  0.005,  0.003,  0.005,  0.   , -0.01 ,
        -0.009,  0.003,  0.   ],
       [ 0.008, -0.006, -0.002,  0.003,  0.004,  0.003, -0.004,  0.003,
         0.003, -0.002,  0.005, -0.002,  0.001, -0.009,  0.01 ,  0.008,
        -0.006,  0.006, -0.008, -0.01 , -0.002,  0.006,  0.009, -0.008,
         0.008, -0.005,  0.006, -0.003, -0.005, -0.006, -0.01 ,  0.002,
         0.001,  0.007,  0.002,  0.008,  0.005,  0.004,  0.001,  0.005,
        -0.008, -0.01 , -0.008, -0.009,  0.008,  0.002, -0.004, -0.006,
         0.007,  0.001,  0.007,  0.009, -0.006,  0.002,  0.   ,  0.004,
        -0.01 , -0.007, -0.007]]), 'deltas': array([[0.],
       [0.],
       [0.],
       [0.],
       [0.]]), 'outputs': array([[0.],
       [0.],
       [0.],
       [0.],
       [0.]]), 'errors': array([[0.],
       [0.],
       [0.],
       [0.],
       [0.]])}, {'weights': array([[ 0.003, -0.005,  0.001, -0.008,  0.001],
       [-0.005, -0.008,  0.004, -0.003, -0.008],
       [ 0.009, -0.01 , -0.002,  0.01 , -0.007],
       [-0.005, -0.003,  0.004,  0.007,  0.004]]), 'deltas': array([[0.],
       [0.],
       [0.],
       [0.],
       [0.]]), 'outputs': array([[0.],
       [0.],
       [0.],
       [0.],
       [0.]]), 'errors': array([[0.],
       [0.],
       [0.],
       [0.],
       [0.]])}]
Training complete!
Training done. epoch: 72 , total error: 0.0009193325655267644
[{'weights': array([[ 1.79057137e-01,  4.07230490e-01, -9.14549705e-02,
         9.37855105e-02, -3.22213340e-01, -2.33403963e-01,
        -3.31440434e-01, -8.30252267e-01,  5.56812698e-01,
        -5.73525321e-01,  2.98010544e-01,  2.07520676e-03,
        -2.39925849e-01,  2.35739637e-01, -2.71253358e-01,
        -5.12490724e-01,  2.39051154e-01, -6.59994840e-01,
         1.45565367e-01,  6.97170810e-02,  1.65272822e-01,
        -2.61021597e-01,  5.46107348e-01, -1.74385604e-01,
        -3.77139717e-01, -6.28465642e-01,  3.57026072e-01,
        -5.42746481e-01,  2.78306911e-01,  2.65927936e-01,
        -4.14509512e-01, -1.21857994e-01, -5.20950299e-01,
         2.46510730e-01, -3.28592906e-01,  5.41533365e-02,
        -5.75525321e-01,  2.79243518e-01,  4.61391601e-01,
        -4.55549368e-01, -3.00444073e-01, -8.34527804e-01,
         1.42405763e+00, -5.79525321e-01,  1.68109798e-01,
        -4.58549368e-01,  3.01254494e-01, -5.87694064e-01,
        -7.65993141e-02, -1.96840256e-01,  2.95085751e-01,
        -5.74525321e-01,  2.93085751e-01, -5.69525321e-01,
        -1.02407469e+00,  7.49635119e-01, -7.58861834e-01,
         4.85422264e-01, -2.71439570e-01],
       [ 2.07471822e-01,  4.07043949e-01, -8.61058027e-02,
         8.60746387e-02, -3.34204919e-01, -2.20477806e-01,
        -3.36406069e-01, -8.45797513e-01,  5.73193326e-01,
        -5.79288854e-01,  2.95170460e-01, -1.48579263e-03,
        -2.23815648e-01,  2.25828754e-01, -2.71617293e-01,
        -5.06374753e-01,  2.48770566e-01, -6.49905279e-01,
         1.55377291e-01,  7.10990977e-02,  1.48824703e-01,
        -2.62903509e-01,  5.53588176e-01, -1.88812150e-01,
        -3.98476703e-01, -6.18364198e-01,  3.45760011e-01,
        -5.80128601e-01,  3.08524414e-01,  2.56101821e-01,
        -4.30055363e-01, -1.04650645e-01, -5.14379423e-01,
         2.32775236e-01, -3.14106153e-01,  3.85019661e-02,
        -5.75288854e-01,  2.93962287e-01,  4.60937926e-01,
        -4.43215546e-01, -3.12804673e-01, -8.11705083e-01,
         1.41119442e+00, -5.77288854e-01,  1.88611360e-01,
        -4.48215546e-01,  3.03649504e-01, -5.84253691e-01,
        -6.17842672e-02, -2.05819919e-01,  3.00684667e-01,
        -5.70288854e-01,  3.03684667e-01, -5.74288854e-01,
        -1.01550440e+00,  7.58900213e-01, -7.38352279e-01,
         4.56748092e-01, -2.80604187e-01],
       [ 2.08402674e-01,  3.75953917e-01, -1.10961788e-01,
         2.89912608e-01, -4.43023350e-01, -3.69053000e-01,
        -1.27493122e-01, -6.93009516e-01,  5.34747456e-01,
        -6.54954900e-01,  2.83692659e-01,  2.27000181e-01,
        -6.92155967e-02,  1.99027352e-01, -2.96073816e-01,
        -4.66411744e-01,  3.00149683e-01, -8.28710039e-01,
         2.21198244e-01,  1.99101960e-01,  2.36147775e-01,
        -1.30388708e-01,  6.29081548e-01, -1.99706500e-01,
        -4.64248400e-01, -3.67890499e-01,  2.08628439e-01,
        -6.44764162e-01,  4.77502102e-01,  3.78959857e-01,
        -2.02942294e-01, -3.42279623e-01, -1.48477154e-01,
        -1.97849059e-02, -3.82021885e-01,  2.16759825e-01,
        -6.63954900e-01,  4.15488340e-01,  4.10769004e-01,
        -3.35564505e-01, -6.31706100e-01, -1.70900107e-01,
         1.29029905e+00, -6.54954900e-01,  1.65302445e-01,
        -3.31564505e-01,  1.40048656e-01, -2.98310716e-01,
         4.76174477e-02, -1.98879508e-01,  4.89692840e-01,
        -6.66954900e-01,  4.94692840e-01, -6.60954900e-01,
        -9.84519405e-01,  8.28257345e-01, -8.24265950e-02,
        -7.18354652e-02, -1.73262060e-01],
       [ 1.65724555e-01,  4.09310098e-01, -6.03441535e-02,
        -9.70847493e-03, -2.84264727e-01, -2.18921019e-01,
        -3.30071405e-01, -8.75279390e-01,  5.85004263e-01,
        -5.65382106e-01,  3.00319969e-01, -3.92129900e-02,
        -2.83978929e-01,  2.54059912e-01, -2.70356110e-01,
        -5.02841802e-01,  1.90566676e-01, -6.16484462e-01,
         1.34084540e-01,  7.68090875e-02,  9.33157078e-02,
        -2.52325088e-01,  5.05432067e-01, -1.89842738e-01,
        -3.68539368e-01, -6.22971097e-01,  3.21695971e-01,
        -5.31623887e-01,  2.32348761e-01,  2.64252165e-01,
        -4.88084508e-01, -7.34427844e-02, -6.05465804e-01,
         3.07190678e-01, -2.93365703e-01, -5.90942390e-03,
        -5.68382106e-01,  2.41656600e-01,  4.61843797e-01,
        -4.37393419e-01, -2.78210285e-01, -8.84381338e-01,
         1.43169860e+00, -5.60382106e-01,  1.41118292e-01,
        -4.37393419e-01,  3.22664091e-01, -6.15939217e-01,
        -5.91181253e-02, -2.39157001e-01,  2.65106979e-01,
        -5.53382106e-01,  2.60106979e-01, -5.53382106e-01,
        -9.99775524e-01,  6.88500398e-01, -8.59838413e-01,
         5.52563286e-01, -3.01275127e-01],
       [ 8.00000000e-03, -6.00000000e-03, -2.00000000e-03,
         3.00000000e-03,  4.00000000e-03,  3.00000000e-03,
        -4.00000000e-03,  3.00000000e-03,  3.00000000e-03,
        -2.00000000e-03,  5.00000000e-03, -2.00000000e-03,
         1.00000000e-03, -9.00000000e-03,  1.00000000e-02,
         8.00000000e-03, -6.00000000e-03,  6.00000000e-03,
        -8.00000000e-03, -1.00000000e-02, -2.00000000e-03,
         6.00000000e-03,  9.00000000e-03, -8.00000000e-03,
         8.00000000e-03, -5.00000000e-03,  6.00000000e-03,
        -3.00000000e-03, -5.00000000e-03, -6.00000000e-03,
        -1.00000000e-02,  2.00000000e-03,  1.00000000e-03,
         7.00000000e-03,  2.00000000e-03,  8.00000000e-03,
         5.00000000e-03,  4.00000000e-03,  1.00000000e-03,
         5.00000000e-03, -8.00000000e-03, -1.00000000e-02,
        -8.00000000e-03, -9.00000000e-03,  8.00000000e-03,
         2.00000000e-03, -4.00000000e-03, -6.00000000e-03,
         7.00000000e-03,  1.00000000e-03,  7.00000000e-03,
         9.00000000e-03, -6.00000000e-03,  2.00000000e-03,
         0.00000000e+00,  4.00000000e-03, -1.00000000e-02,
        -7.00000000e-03, -7.00000000e-03]]), 'deltas': array([[3.83631139e-05],
       [3.52410803e-05],
       [4.27182965e-05],
       [4.42569996e-05],
       [0.00000000e+00]]), 'outputs': array([[0.99377324],
       [0.99428292],
       [0.99306138],
       [0.99280963],
       [1.        ]]), 'errors': 0.006199613460508735}, {'weights': array([[-1.64116259, -1.67595179, -2.40556449, -1.46799841, -0.0474281 ],
       [-2.02893647, -2.08802284, -4.73613828, -1.80855853,  0.48171892],
       [-2.55134137, -2.33941323,  7.81251828, -3.54785064, -2.75241054],
       [ 2.27360331,  2.24111395,  1.3660413 ,  2.39291226, -4.63968926]]), 'deltas': array([[-5.66170892e-07],
       [-1.65556867e-09],
       [-1.06208193e-03],
       [ 7.19493038e-04]]), 'outputs': array([[7.52726634e-04],
       [4.06895077e-05],
       [3.31434713e-02],
       [9.72804280e-01]]), 'errors': array([[-7.52726634e-04],
       [-4.06895077e-05],
       [-3.31434713e-02],
       [ 2.71957200e-02]])}]
Accuracy: 77.77777777777779 %

train_data group 2 length:  37
   0   1   2   3   4   5   6   7   8  ...  50  51  52  53  54  55  56  57  58
0   0   0   0   0   0   0   1   1   0 ...   1   0   1   0   1   0   1   0   0
1   0   0   0   0   0   0   1   1   0 ...   1   0   1   0   1   0   1   0   0
2   0   0   0   1   0   0   0   1   0 ...   0   1   0   1   1   0   1   0   1
3   0   0   0   0   0   0   1   1   0 ...   0   1   0   1   1   0   1   0   1
4   0   0   0   0   1   0   0   1   0 ...   1   0   1   0   0   1   1   0   2

[5 rows x 59 columns]
Initial Neural Network:
[{'weights': array([[ 0.01 ,  0.01 , -0.005,  0.008, -0.008, -0.009,  0.003,  0.003,
        -0.01 ,  0.007,  0.001, -0.004, -0.007,  0.007, -0.003,  0.003,
         0.009,  0.004, -0.004,  0.006,  0.007,  0.008, -0.008, -0.002,
        -0.005,  0.006,  0.009,  0.004,  0.001,  0.003, -0.008, -0.004,
         0.003,  0.008, -0.01 , -0.004,  0.001,  0.009, -0.008, -0.008,
        -0.009,  0.007, -0.002,  0.004, -0.004, -0.006, -0.005,  0.001,
         0.005,  0.006,  0.003,  0.004, -0.001,  0.005,  0.009, -0.008,
         0.003, -0.005, -0.008],
       [-0.004,  0.007,  0.009,  0.001,  0.009, -0.003,  0.006,  0.009,
         0.01 ,  0.01 ,  0.004, -0.007,  0.009,  0.   , -0.009,  0.003,
         0.009,  0.004, -0.003, -0.009,  0.008, -0.01 , -0.005, -0.001,
         0.01 , -0.009, -0.01 , -0.004, -0.003,  0.006, -0.007, -0.003,
         0.001, -0.004, -0.006,  0.01 , -0.006, -0.003,  0.002, -0.009,
        -0.005,  0.008, -0.002,  0.008,  0.003, -0.003, -0.006, -0.001,
         0.002, -0.01 , -0.003,  0.005, -0.002, -0.003, -0.003,  0.006,
         0.003,  0.003, -0.002],
       [ 0.004,  0.004, -0.006,  0.008,  0.01 , -0.001,  0.003, -0.008,
         0.003, -0.004, -0.007,  0.007,  0.01 , -0.003,  0.008,  0.009,
        -0.002,  0.008,  0.005, -0.009,  0.   ,  0.   ,  0.003, -0.01 ,
         0.01 , -0.004, -0.01 , -0.007,  0.008, -0.005, -0.008, -0.003,
         0.007,  0.002,  0.009, -0.003, -0.009,  0.009,  0.009, -0.008,
         0.006,  0.002, -0.01 ,  0.001, -0.009, -0.006, -0.007, -0.006,
         0.002,  0.003,  0.006,  0.001,  0.006,  0.008, -0.003, -0.003,
         0.007,  0.01 ,  0.004],
       [ 0.008,  0.005, -0.01 , -0.002,  0.001,  0.007,  0.005, -0.003,
        -0.002,  0.003, -0.001, -0.002, -0.005, -0.005,  0.001, -0.01 ,
        -0.005,  0.01 , -0.006,  0.01 , -0.004,  0.005,  0.009, -0.004,
        -0.005, -0.007, -0.008, -0.003,  0.009,  0.006, -0.01 ,  0.007,
        -0.01 , -0.006,  0.009, -0.004, -0.006, -0.007, -0.001,  0.006,
         0.   , -0.006,  0.005, -0.006,  0.005, -0.004,  0.003,  0.01 ,
        -0.006, -0.004, -0.007, -0.005,  0.01 , -0.001, -0.003,  0.002,
         0.   , -0.009,  0.005],
       [-0.004,  0.01 ,  0.004,  0.008, -0.004,  0.006, -0.003,  0.005,
        -0.004,  0.007,  0.   ,  0.002,  0.001,  0.007, -0.003,  0.005,
        -0.005,  0.008, -0.002,  0.008,  0.008, -0.01 , -0.008,  0.001,
         0.003,  0.002,  0.008,  0.007, -0.004, -0.01 , -0.004,  0.001,
         0.003, -0.008,  0.008, -0.005, -0.001,  0.   ,  0.006,  0.004,
         0.006, -0.004,  0.002,  0.009, -0.01 , -0.001,  0.008,  0.   ,
        -0.008,  0.003, -0.01 ,  0.002,  0.001, -0.001,  0.   , -0.006,
        -0.005, -0.008,  0.006]]), 'deltas': array([[0.],
       [0.],
       [0.],
       [0.],
       [0.]]), 'outputs': array([[0.],
       [0.],
       [0.],
       [0.],
       [0.]]), 'errors': array([[0.],
       [0.],
       [0.],
       [0.],
       [0.]])}, {'weights': array([[ 0.009, -0.002,  0.01 ,  0.009,  0.002],
       [ 0.009, -0.01 , -0.004,  0.009,  0.007],
       [-0.01 ,  0.   ,  0.004,  0.   , -0.01 ],
       [ 0.   , -0.002, -0.004,  0.006,  0.001]]), 'deltas': array([[0.],
       [0.],
       [0.],
       [0.],
       [0.]]), 'outputs': array([[0.],
       [0.],
       [0.],
       [0.],
       [0.]]), 'errors': array([[0.],
       [0.],
       [0.],
       [0.],
       [0.]])}]
Training complete!
Training done. epoch: 117 , total error: 0.0009642498970030631
[{'weights': array([[-1.56942876e-01,  5.97836347e-01,  2.80869353e-01,
        -8.79933842e-02,  1.35960371e-01, -2.86542328e-01,
        -4.28379375e-01, -8.03828076e-01,  8.42636185e-01,
         3.09412072e-01,  1.79472785e-01, -4.39076748e-01,
        -3.66871194e-01,  4.41701930e-02,  3.65509110e-01,
        -4.19509016e-01,  4.77317125e-01,  1.08136679e-01,
        -1.13712014e-01,  9.21559428e-03,  5.51678500e-02,
        -6.18061051e-01,  2.39337452e-01,  3.50188979e-01,
         6.73427287e-02,  8.11820560e-02, -2.03739469e-02,
        -5.14080846e-01,  5.64888955e-01,  5.65200591e-01,
        -3.96301853e-01, -1.32090628e-01, -6.70665380e-01,
         7.27473490e-01,  2.09567110e-01, -1.77759001e-01,
         3.03412072e-01,  8.49854402e-02,  6.73794393e-01,
        -1.02238380e+00, -6.62889030e-01, -1.12201650e+00,
         1.52430157e+00,  3.06412072e-01,  1.05619191e+00,
        -1.02038380e+00,  1.01027756e+00, -9.68469450e-01,
        -1.72728534e-01,  2.29536643e-01, -2.53603963e-01,
         3.06412072e-01, -2.57603963e-01,  3.07412072e-01,
        -7.02971724e-01,  7.49779833e-01, -2.21315226e-01,
         2.65123335e-01,  3.78081091e-02],
       [-2.08709386e-01,  5.85368835e-01,  3.17565446e-01,
        -1.57696125e-01,  5.96333414e-02, -2.70173875e-01,
        -5.21671458e-01, -1.04740799e+00,  8.45724764e-01,
        -1.85761720e-01,  2.01090808e-01, -2.29012310e-01,
        -4.14885781e-01, -1.06168906e-02,  2.04819450e-01,
        -4.21372971e-01,  2.12689749e-01, -1.35670836e-01,
        -9.86929800e-02,  1.71161337e-01, -1.57480743e-01,
        -4.99770020e-01,  3.18553976e-01,  9.57524798e-02,
        -1.41219658e-01, -3.50650234e-01,  1.10967012e-01,
        -1.80560825e-01, -4.71223971e-02,  4.12416610e-01,
        -2.86248832e-01, -3.50851000e-01, -7.76384152e-01,
         5.52700930e-01, -1.09016173e-02, -2.05781605e-01,
        -2.01761720e-01, -5.64657555e-03,  7.51142160e-01,
        -7.80417087e-01, -4.87990588e-01, -1.14703983e+00,
         1.61110892e+00, -1.87761720e-01,  5.53733865e-01,
        -7.74417087e-01,  6.04111282e-01, -8.31794504e-01,
        -2.21355352e-01, -7.32787037e-03, -2.79215019e-02,
        -1.90761720e-01, -2.69215019e-02, -1.98761720e-01,
        -9.70178807e-01,  7.52495585e-01, -1.04575070e+00,
         8.31067482e-01, -2.22683222e-01],
       [ 1.04054685e-01,  5.32911493e-01,  4.24562282e-01,
        -3.16863988e-01,  1.54182739e-01, -2.91240566e-01,
        -5.50306058e-01, -1.17154182e+00,  1.20184241e+00,
        -2.88713267e-01,  1.78734524e-01,  1.41279330e-01,
         2.23519526e-01, -3.15964790e-01,  1.42745851e-01,
        -1.98670188e-01,  2.40970775e-01,  8.43089575e-02,
        -1.74717061e-01,  2.97396171e-01, -1.67687480e-01,
        -5.61422841e-01,  7.55720772e-01, -1.05230787e-02,
        -1.45474266e-01, -2.17550107e-01,  2.38850694e-01,
        -3.22621568e-02,  6.85627438e-02,  3.07269964e-01,
        -1.96019928e-01, -9.19494497e-02, -2.62497933e-01,
         3.06798520e-01,  2.58732690e-01, -2.17432103e-01,
        -2.93713267e-01,  5.90001134e-01,  6.99167183e-01,
        -9.59154463e-01, -5.97068861e-01, -5.43257623e-01,
         1.45834034e+00, -2.83713267e-01,  9.77455050e-01,
        -9.57154463e-01,  4.57715044e-01, -4.35414457e-01,
        -2.66065351e-01,  3.06365938e-01,  3.26013854e-01,
        -2.83713267e-01,  3.26013854e-01, -2.76713267e-01,
        -1.23886773e+00,  1.26816832e+00, -7.73939888e-01,
         8.26240475e-01,  3.93005870e-02],
       [-2.74631754e-01,  5.86520869e-01,  3.74705555e-01,
        -2.05242398e-01,  1.11452369e-01, -2.90914749e-01,
        -4.82549855e-01, -1.03043567e+00,  8.30775704e-01,
         8.56918123e-03,  1.89142227e-01, -3.92371371e-01,
        -4.72377090e-01,  4.03001676e-03,  2.64687110e-01,
        -4.27423259e-01,  2.17763296e-01, -1.97327891e-01,
        -1.07292069e-01,  2.07520506e-01, -8.75605086e-02,
        -5.58547434e-01,  2.40889400e-01,  1.20002650e-01,
         7.99542061e-03, -2.39032575e-01,  2.93726118e-02,
        -2.50096827e-01,  6.14368646e-02,  4.58423898e-01,
        -2.26373805e-01, -4.23710057e-01, -7.71460103e-01,
         5.60800140e-01,  8.62206082e-02, -2.75880571e-01,
        -4.30818765e-04, -4.01806717e-02,  7.27389179e-01,
        -8.89437651e-01, -5.78577428e-01, -1.22188752e+00,
         1.59923581e+00, -4.30818765e-04,  7.05777688e-01,
        -8.99437651e-01,  7.83638558e-01, -9.65298521e-01,
        -2.45372756e-01,  4.07127935e-02, -2.07229144e-01,
         5.69181235e-04, -1.90229144e-01,  4.56918123e-03,
        -8.92868470e-01,  6.97208507e-01, -9.29493847e-01,
         7.25833884e-01, -1.89659963e-01],
       [-4.00000000e-03,  1.00000000e-02,  4.00000000e-03,
         8.00000000e-03, -4.00000000e-03,  6.00000000e-03,
        -3.00000000e-03,  5.00000000e-03, -4.00000000e-03,
         7.00000000e-03,  0.00000000e+00,  2.00000000e-03,
         1.00000000e-03,  7.00000000e-03, -3.00000000e-03,
         5.00000000e-03, -5.00000000e-03,  8.00000000e-03,
        -2.00000000e-03,  8.00000000e-03,  8.00000000e-03,
        -1.00000000e-02, -8.00000000e-03,  1.00000000e-03,
         3.00000000e-03,  2.00000000e-03,  8.00000000e-03,
         7.00000000e-03, -4.00000000e-03, -1.00000000e-02,
        -4.00000000e-03,  1.00000000e-03,  3.00000000e-03,
        -8.00000000e-03,  8.00000000e-03, -5.00000000e-03,
        -1.00000000e-03,  0.00000000e+00,  6.00000000e-03,
         4.00000000e-03,  6.00000000e-03, -4.00000000e-03,
         2.00000000e-03,  9.00000000e-03, -1.00000000e-02,
        -1.00000000e-03,  8.00000000e-03,  0.00000000e+00,
        -8.00000000e-03,  3.00000000e-03, -1.00000000e-02,
         2.00000000e-03,  1.00000000e-03, -1.00000000e-03,
         0.00000000e+00, -6.00000000e-03, -5.00000000e-03,
        -8.00000000e-03,  6.00000000e-03]]), 'deltas': array([[8.35494572e-06],
       [1.88199779e-05],
       [8.40598588e-07],
       [2.57130202e-05],
       [0.00000000e+00]]), 'outputs': array([[0.99876069],
       [0.99720403],
       [0.99987545],
       [0.99617602],
       [1.        ]]), 'errors': 0.006749970974121344}, {'weights': array([[-6.92520826, -2.84556556, -4.60556196, -2.90482912,  2.80491892],
       [ 5.92869688, -3.57429739, -4.42633122,  1.65825171, -2.98808563],
       [ 0.68840816, -1.89845921,  5.5985983 , -5.66954689, -2.79000364],
       [ 0.87702521,  3.80320474,  2.73816347,  2.45373463, -6.15475421]]), 'deltas': array([[-2.82230267e-13],
       [-1.00857330e-03],
       [-2.91453798e-04],
       [ 5.75398390e-04]]), 'outputs': array([[5.31253628e-07],
       [3.22834281e-02],
       [1.72209424e-02],
       [9.75715865e-01]]), 'errors': array([[-5.31253628e-07],
       [-3.22834281e-02],
       [-1.72209424e-02],
       [ 2.42841350e-02]])}]
Accuracy: 100.0 %

train_data group 3 length:  38
   0   1   2   3   4   5   6   7   8  ...  50  51  52  53  54  55  56  57  58
0   0   0   0   0   0   0   1   1   0 ...   1   0   1   0   1   0   1   0   0
1   0   0   0   0   0   0   1   1   0 ...   1   0   1   0   1   0   1   0   0
2   0   0   0   1   0   0   0   1   0 ...   0   1   0   1   1   0   1   0   1
3   0   0   0   0   0   0   1   1   0 ...   0   1   0   1   1   0   1   0   1
4   0   0   0   0   1   0   0   1   0 ...   1   0   1   0   0   1   1   0   2

[5 rows x 59 columns]
Initial Neural Network:
[{'weights': array([[ 0.01 ,  0.008,  0.006, -0.003, -0.001,  0.003,  0.01 , -0.01 ,
         0.004,  0.008, -0.001, -0.006,  0.01 ,  0.005, -0.009,  0.006,
         0.004,  0.005,  0.003, -0.001, -0.008, -0.008, -0.009,  0.006,
         0.002, -0.006,  0.001,  0.003, -0.004, -0.009,  0.009, -0.003,
         0.004, -0.007, -0.004,  0.   ,  0.008, -0.007, -0.007,  0.008,
         0.009, -0.004, -0.01 ,  0.   ,  0.006, -0.005, -0.008,  0.001,
         0.009, -0.007, -0.004, -0.002, -0.002,  0.008, -0.003, -0.004,
         0.005,  0.005,  0.   ],
       [ 0.006, -0.006,  0.01 , -0.006,  0.008,  0.008,  0.009,  0.003,
         0.008,  0.01 , -0.004,  0.004,  0.004, -0.005, -0.01 ,  0.007,
        -0.009,  0.   ,  0.007,  0.01 ,  0.006,  0.003,  0.008, -0.01 ,
        -0.005,  0.006, -0.002,  0.005,  0.004, -0.003, -0.003, -0.001,
        -0.002, -0.007,  0.003,  0.005, -0.002, -0.005,  0.005,  0.001,
        -0.004, -0.007, -0.004, -0.003, -0.004, -0.006,  0.004,  0.008,
        -0.007,  0.006, -0.01 , -0.005,  0.001,  0.001,  0.002,  0.003,
        -0.007,  0.006,  0.006],
       [ 0.008,  0.006,  0.007,  0.01 ,  0.002, -0.008,  0.006,  0.001,
        -0.005, -0.006, -0.007,  0.003, -0.004, -0.007,  0.004, -0.003,
        -0.001, -0.01 ,  0.003,  0.007, -0.002,  0.003,  0.004,  0.01 ,
         0.002, -0.01 ,  0.004, -0.001,  0.009,  0.01 , -0.008,  0.008,
         0.007,  0.003,  0.001, -0.009,  0.006,  0.004,  0.007, -0.006,
        -0.003, -0.01 , -0.007, -0.009, -0.009,  0.006, -0.007, -0.004,
         0.007, -0.004,  0.009,  0.   , -0.008, -0.01 ,  0.006,  0.008,
         0.01 , -0.007, -0.009],
       [ 0.003,  0.007,  0.009, -0.007,  0.009,  0.002,  0.   , -0.001,
        -0.002, -0.002,  0.002, -0.008, -0.009, -0.009,  0.004, -0.005,
        -0.001,  0.007,  0.   , -0.003,  0.006, -0.002,  0.003, -0.003,
         0.001,  0.   ,  0.009,  0.008,  0.003, -0.001, -0.01 ,  0.008,
        -0.006, -0.005, -0.01 , -0.006,  0.007, -0.001, -0.004,  0.003,
         0.005,  0.006,  0.004,  0.   ,  0.004, -0.007,  0.002, -0.009,
        -0.008, -0.004, -0.005, -0.004,  0.008, -0.003, -0.007,  0.002,
         0.   , -0.004,  0.001],
       [ 0.001,  0.001,  0.005,  0.009, -0.009, -0.006, -0.008, -0.003,
         0.002,  0.01 ,  0.006,  0.009,  0.009,  0.01 ,  0.003,  0.002,
         0.003,  0.008,  0.008, -0.004, -0.003, -0.002, -0.005, -0.01 ,
         0.008, -0.002, -0.009, -0.006,  0.009, -0.005,  0.002,  0.009,
         0.007, -0.006,  0.009,  0.007, -0.01 , -0.005, -0.003,  0.002,
         0.009, -0.005,  0.01 , -0.005,  0.01 , -0.007, -0.006,  0.003,
        -0.003,  0.   ,  0.003, -0.006,  0.006, -0.004, -0.002, -0.005,
        -0.006, -0.008,  0.008]]), 'deltas': array([[0.],
       [0.],
       [0.],
       [0.],
       [0.]]), 'outputs': array([[0.],
       [0.],
       [0.],
       [0.],
       [0.]]), 'errors': array([[0.],
       [0.],
       [0.],
       [0.],
       [0.]])}, {'weights': array([[-0.007, -0.002,  0.   , -0.002,  0.001],
       [ 0.   , -0.005, -0.01 , -0.008,  0.009],
       [-0.01 ,  0.   , -0.003,  0.004, -0.007],
       [-0.01 , -0.009, -0.001, -0.01 ,  0.003]]), 'deltas': array([[0.],
       [0.],
       [0.],
       [0.],
       [0.]]), 'outputs': array([[0.],
       [0.],
       [0.],
       [0.],
       [0.]]), 'errors': array([[0.],
       [0.],
       [0.],
       [0.],
       [0.]])}]
Training complete!
Training done. epoch: 141 , total error: 0.0007572618491505947
[{'weights': array([[-1.45287221e-01,  4.52161834e-01,  2.66082309e-02,
         1.86392310e-01, -2.11428284e-02, -2.46815453e-01,
        -1.38884338e-01, -4.41312506e-01,  5.15345041e-01,
         3.09364270e-01,  1.98764772e-01, -4.27096506e-01,
        -3.81947292e-01,  7.30599989e-03,  4.60673827e-01,
        -1.48501211e-01,  2.38533747e-01, -4.95156160e-01,
         1.19877353e-01,  3.83932685e-01,  7.03786567e-02,
        -4.25734872e-01,  5.50805349e-02,  5.17910124e-01,
        -7.62232518e-02, -2.02144374e-01,  2.77176910e-01,
        -1.57685166e-01,  2.36717702e-01,  3.63302241e-01,
        -1.96853634e-01, -8.94160709e-02, -8.08745336e-01,
         8.85777872e-01,  3.02988578e-01, -2.26956042e-01,
         3.09364270e-01,  9.29142336e-02,  5.92214405e-01,
        -9.12460373e-01, -3.77878510e-01, -1.39550830e+00,
         1.54705507e+00,  3.01364270e-01,  1.00649291e+00,
        -9.25460373e-01,  1.03902357e+00, -9.65991034e-01,
        -6.89547840e-02,  1.50987320e-01, -2.25331734e-01,
         2.99364270e-01, -2.23331734e-01,  3.09364270e-01,
        -6.22096103e-01,  6.95128638e-01, -6.29493748e-01,
         7.19526284e-01,  8.00325357e-02],
       [ 1.00521897e-01,  4.10644085e-01, -1.08344288e-01,
         4.24986945e-01, -7.05919535e-02, -4.88250189e-01,
        -3.21348516e-01, -6.61797110e-01,  5.91415090e-01,
        -2.23668117e-01,  1.89718391e-01, -3.74322945e-02,
         2.67895746e-02, -1.67782744e-01,  4.86111497e-02,
        -3.63854537e-01,  2.80472517e-01, -8.32542360e-01,
         1.12291050e-01,  8.02085291e-01, -1.40216000e-01,
        -3.96696311e-01,  4.37471977e-01,  1.25524702e-01,
        -2.51682387e-01, -4.05152527e-01,  3.27770507e-01,
        -6.21815747e-01,  5.49433727e-01,  1.40477121e-01,
        -7.77236472e-02, -1.51135493e-01, -3.83433935e-01,
         2.93051915e-01,  3.36692407e-02, -1.07051261e-01,
        -2.35668117e-01,  4.93126362e-01,  5.69016090e-01,
        -9.08856356e-01, -4.01200168e-01, -9.45848569e-01,
         1.48433483e+00, -2.36668117e-01,  8.24474336e-01,
        -9.15856356e-01,  4.98529567e-01, -5.67911587e-01,
        -6.64846168e-01,  5.82464148e-01,  1.42286097e-01,
        -2.38668117e-01,  1.53286097e-01, -2.32668117e-01,
        -1.14152447e+00,  1.06514245e+00, -5.17799310e-01,
         4.35417290e-01, -7.53820198e-02],
       [ 3.18501167e-02,  4.52242878e-01, -6.36835456e-02,
         2.60903797e-01, -2.31902608e-01, -2.87438750e-01,
        -2.23810776e-01, -6.94641805e-01,  5.97802918e-01,
        -1.36645656e-01,  1.96559282e-01, -1.62752513e-01,
        -1.20904490e-01, -4.50026910e-01,  4.71092513e-01,
        -4.33742898e-01,  3.36904011e-01, -4.79386277e-01,
        -3.06535868e-01,  3.35153625e-01,  3.55929633e-01,
        -4.37716919e-01,  3.33353849e-01,  5.13484306e-01,
        -4.82960123e-01, -4.11744257e-01,  3.12905369e-01,
        -2.67643220e-01,  1.82804333e-01,  1.65304198e-01,
        -5.91930734e-02, -1.88950011e-01, -4.82189861e-01,
         3.99350973e-01,  7.44655531e-02, -1.75304440e-01,
        -1.24645656e-01,  3.93014905e-01,  6.39400868e-01,
        -9.89609004e-01, -4.26314650e-01, -1.14608774e+00,
         1.59020916e+00, -1.39645656e-01,  8.81770117e-01,
        -9.77609004e-01,  5.90498158e-01, -6.94337045e-01,
        -4.72468518e-01,  3.82629631e-01,  4.68067687e-02,
        -1.30645656e-01,  2.98067687e-02, -1.40645656e-01,
        -1.10825466e+00,  1.02941577e+00, -6.82973400e-01,
         5.93134513e-01, -1.01838887e-01],
       [-1.46556426e-01,  4.67575507e-01,  7.67190074e-02,
         2.81211621e-01, -6.96773429e-02, -4.64574454e-01,
        -2.55254427e-01, -7.19590024e-01,  5.83033511e-01,
        -1.87777904e-01,  2.09620674e-01, -1.63399283e-01,
        -3.23673393e-01,  5.24620575e-02,  1.23654822e-01,
        -3.15336347e-01,  1.75779833e-01, -5.64029096e-01,
         8.32776025e-02,  3.74245991e-01, -1.70510114e-02,
        -3.60390483e-01,  2.72773343e-01,  1.73578540e-01,
        -2.20517914e-01, -4.74611092e-01,  3.50054578e-01,
        -2.62720748e-01,  1.40164235e-01,  2.83756941e-01,
        -1.72543220e-01, -2.47770234e-01, -7.71047422e-01,
         6.26490909e-01,  5.82582409e-02, -2.07814754e-01,
        -1.78777904e-01,  2.09239390e-01,  6.23664367e-01,
        -7.82682366e-01, -3.17777011e-01, -1.26043029e+00,
         1.64542869e+00, -1.85777904e-01,  6.56125852e-01,
        -7.92682366e-01,  6.11648950e-01, -7.52205463e-01,
        -3.39690292e-01,  1.94133779e-01,  4.72213907e-02,
        -1.89777904e-01,  6.02213907e-02, -1.88777904e-01,
        -9.78460270e-01,  8.39903756e-01, -9.31401484e-01,
         7.93844971e-01, -1.32556513e-01],
       [ 1.00000000e-03,  1.00000000e-03,  5.00000000e-03,
         9.00000000e-03, -9.00000000e-03, -6.00000000e-03,
        -8.00000000e-03, -3.00000000e-03,  2.00000000e-03,
         1.00000000e-02,  6.00000000e-03,  9.00000000e-03,
         9.00000000e-03,  1.00000000e-02,  3.00000000e-03,
         2.00000000e-03,  3.00000000e-03,  8.00000000e-03,
         8.00000000e-03, -4.00000000e-03, -3.00000000e-03,
        -2.00000000e-03, -5.00000000e-03, -1.00000000e-02,
         8.00000000e-03, -2.00000000e-03, -9.00000000e-03,
        -6.00000000e-03,  9.00000000e-03, -5.00000000e-03,
         2.00000000e-03,  9.00000000e-03,  7.00000000e-03,
        -6.00000000e-03,  9.00000000e-03,  7.00000000e-03,
        -1.00000000e-02, -5.00000000e-03, -3.00000000e-03,
         2.00000000e-03,  9.00000000e-03, -5.00000000e-03,
         1.00000000e-02, -5.00000000e-03,  1.00000000e-02,
        -7.00000000e-03, -6.00000000e-03,  3.00000000e-03,
        -3.00000000e-03,  0.00000000e+00,  3.00000000e-03,
        -6.00000000e-03,  6.00000000e-03, -4.00000000e-03,
        -2.00000000e-03, -5.00000000e-03, -6.00000000e-03,
        -8.00000000e-03,  8.00000000e-03]]), 'deltas': array([[0.00010298],
       [0.00064144],
       [0.00069294],
       [0.00017611],
       [0.        ]]), 'outputs': array([[0.03808248],
       [0.64774892],
       [0.44074327],
       [0.06715375],
       [1.        ]]), 'errors': 0.002811251022443532}, {'weights': array([[-5.16298322, -4.48873398, -7.21741122, -3.10390724,  2.57886182],
       [ 6.03185625, -5.83840938,  2.20069694, -3.39110394, -2.78964436],
       [-6.50580215,  7.30340386,  3.6217309 , -5.48314169, -1.90047789],
       [ 2.46875434,  2.38607791,  1.67219113,  3.53751823, -6.25967575]]), 'deltas': array([[-3.75304912e-04],
       [-1.35364534e-05],
       [ 4.59422685e-04],
       [-6.32027671e-04]]), 'outputs': array([[0.01956513],
       [0.00368599],
       [0.97832977],
       [0.02546652]]), 'errors': array([[-0.01956513],
       [-0.00368599],
       [ 0.02167023],
       [-0.02546652]])}]
Accuracy: 100.0 %

train_data group 4 length:  37
   0   1   2   3   4   5   6   7   8  ...  50  51  52  53  54  55  56  57  58
0   0   0   0   0   0   0   1   1   0 ...   1   0   1   0   1   0   1   0   0
1   0   0   0   0   0   0   1   1   0 ...   1   0   1   0   1   0   1   0   0
2   0   0   0   1   0   0   0   1   0 ...   0   1   0   1   1   0   1   0   1
3   0   0   0   0   0   0   1   1   0 ...   0   1   0   1   1   0   1   0   1
4   0   0   0   0   1   0   0   1   0 ...   1   0   1   0   0   1   1   0   2

[5 rows x 59 columns]
Initial Neural Network:
[{'weights': array([[-0.005,  0.01 , -0.001,  0.003,  0.002,  0.001,  0.009, -0.003,
        -0.003, -0.006,  0.001, -0.001, -0.003, -0.01 , -0.003, -0.001,
         0.004, -0.002,  0.001,  0.01 ,  0.001,  0.001,  0.01 , -0.009,
         0.001, -0.008,  0.   , -0.006, -0.003, -0.006,  0.009,  0.   ,
        -0.006,  0.005,  0.   , -0.003,  0.009,  0.009, -0.007, -0.006,
         0.009,  0.008, -0.001, -0.006, -0.002, -0.001, -0.008,  0.003,
        -0.004, -0.002,  0.002, -0.005,  0.007,  0.008,  0.002,  0.004,
         0.01 , -0.004, -0.01 ],
       [-0.001, -0.009, -0.007,  0.006,  0.007, -0.005,  0.01 ,  0.002,
        -0.01 , -0.002, -0.009,  0.   ,  0.001, -0.008, -0.005, -0.008,
         0.001, -0.005,  0.004,  0.006, -0.009,  0.003, -0.009,  0.005,
         0.003,  0.006,  0.   ,  0.009, -0.01 , -0.01 , -0.004, -0.006,
         0.01 , -0.005, -0.003,  0.004, -0.007, -0.006, -0.004,  0.001,
        -0.006, -0.006, -0.004,  0.   ,  0.001,  0.009,  0.01 , -0.004,
         0.002, -0.004,  0.01 ,  0.001, -0.003,  0.008,  0.008,  0.009,
         0.009,  0.001,  0.001],
       [-0.005,  0.004, -0.006,  0.   , -0.006,  0.01 ,  0.   ,  0.   ,
        -0.001,  0.009, -0.01 , -0.004,  0.01 ,  0.003, -0.005,  0.003,
        -0.004, -0.006, -0.009, -0.001, -0.006, -0.002,  0.007, -0.01 ,
        -0.003,  0.   , -0.001,  0.006,  0.006,  0.002, -0.001,  0.008,
        -0.01 , -0.001, -0.003, -0.006, -0.009, -0.004, -0.005,  0.005,
         0.009,  0.006, -0.003, -0.007,  0.002,  0.004, -0.008,  0.005,
         0.006,  0.01 , -0.002, -0.007, -0.005,  0.003, -0.009, -0.007,
        -0.004,  0.   , -0.002],
       [-0.002, -0.008,  0.007, -0.009,  0.002,  0.008, -0.006,  0.004,
         0.   ,  0.003,  0.008, -0.006,  0.01 , -0.001, -0.008,  0.001,
        -0.007,  0.003,  0.01 , -0.01 , -0.005, -0.006,  0.01 ,  0.008,
        -0.005,  0.005, -0.003, -0.002, -0.007, -0.007, -0.01 ,  0.006,
        -0.006,  0.006, -0.001, -0.006,  0.002, -0.008, -0.004, -0.01 ,
         0.005,  0.005,  0.003,  0.008,  0.008,  0.004, -0.009,  0.006,
         0.003,  0.001,  0.007, -0.006, -0.008,  0.   ,  0.001,  0.01 ,
        -0.001,  0.   , -0.008],
       [-0.009, -0.004, -0.01 , -0.005,  0.004, -0.007, -0.007, -0.005,
         0.004,  0.004,  0.006,  0.01 , -0.004,  0.003,  0.008,  0.009,
        -0.001, -0.007,  0.009, -0.003,  0.007,  0.003,  0.008,  0.008,
         0.009,  0.001, -0.002, -0.01 , -0.008,  0.007,  0.008, -0.001,
        -0.003, -0.002,  0.002,  0.   ,  0.002, -0.001, -0.009, -0.009,
        -0.01 , -0.001, -0.003, -0.006, -0.005,  0.006,  0.001,  0.01 ,
        -0.01 ,  0.009, -0.002, -0.002, -0.003,  0.006, -0.006,  0.007,
        -0.006, -0.004, -0.003]]), 'deltas': array([[0.],
       [0.],
       [0.],
       [0.],
       [0.]]), 'outputs': array([[0.],
       [0.],
       [0.],
       [0.],
       [0.]]), 'errors': array([[0.],
       [0.],
       [0.],
       [0.],
       [0.]])}, {'weights': array([[-0.008,  0.005, -0.006,  0.004, -0.003],
       [-0.003,  0.003,  0.002, -0.006,  0.005],
       [ 0.008,  0.003,  0.004, -0.001,  0.001],
       [ 0.007, -0.008, -0.009, -0.003, -0.005]]), 'deltas': array([[0.],
       [0.],
       [0.],
       [0.],
       [0.]]), 'outputs': array([[0.],
       [0.],
       [0.],
       [0.],
       [0.]]), 'errors': array([[0.],
       [0.],
       [0.],
       [0.],
       [0.]])}]
Training complete!
Training done. epoch: 166 , total error: 0.0008322701216146161
[{'weights': array([[ 9.22668715e-02,  3.76422128e-01, -2.27850237e-01,
         1.61585315e-01, -1.37586922e-01,  4.80837170e-02,
        -2.13889942e-01, -3.85716079e-01,  4.59747008e-01,
         3.18233823e-01,  2.68882212e-01, -5.13085106e-01,
        -2.69366494e-01,  2.93721513e-01,  3.96759105e-02,
        -1.21252745e-01,  2.04283674e-01, -1.27766512e-02,
        -1.28679766e-01,  8.67354747e-02,  1.44751872e-01,
        -7.22086685e-01,  3.61868124e-01,  2.92157270e-01,
         1.51092220e-01,  1.61953087e-01, -8.99221579e-02,
         1.17714351e-01, -4.66834221e-02,  2.19333419e-01,
        -4.81219634e-02, -8.81805265e-02, -4.71223639e-01,
         5.50254568e-01,  6.40137424e-02,  1.30171867e-02,
         3.33233823e-01,  8.61738970e-02,  5.61205657e-01,
        -8.95582448e-01, -3.00334045e-01, -1.20409855e+00,
         1.27622970e+00,  3.18233823e-01,  9.67613377e-01,
        -8.90582448e-01,  1.02878957e+00, -9.53758642e-01,
         2.20484387e-01, -1.46453458e-01, -2.42202894e-01,
         3.19233823e-01, -2.37202894e-01,  3.32233823e-01,
        -5.63348625e-01,  6.49379554e-01, -1.18719877e+00,
         1.27322970e+00,  7.00309290e-02],
       [ 2.37859812e-01,  3.33363175e-01, -1.34282876e-01,
         3.04351331e-01, -3.21277915e-01, -1.28761038e-01,
        -3.61542080e-01, -7.30952257e-01,  6.51662667e-01,
        -2.18843908e-01,  2.44838206e-01, -1.08283888e-01,
         2.25081763e-01,  3.23117063e-02, -3.40683059e-01,
        -1.97090907e-01,  1.18801317e-01, -1.79830525e-01,
        -4.80741056e-02,  4.15215152e-02,  1.11093526e-01,
        -7.20701622e-01,  7.38659976e-01, -1.38169705e-01,
         5.09217601e-02, -1.91726047e-01,  1.26436457e-01,
        -4.26264258e-02, -2.96631643e-02,  2.56823963e-02,
        -1.67037049e-01,  5.00650628e-02,  1.04916109e-01,
        -1.71205699e-01, -8.58076835e-02,  1.55180934e-02,
        -2.23843908e-01,  5.18821003e-01,  5.18768034e-01,
        -9.01034719e-01, -3.10350865e-01, -7.16334040e-01,
         1.15623922e+00, -2.16843908e-01,  8.31745129e-01,
        -8.93034719e-01,  4.60318451e-01, -5.25608041e-01,
        -2.98372146e-01,  2.25082556e-01,  1.55554318e-01,
        -2.15843908e-01,  1.42554318e-01, -2.08843908e-01,
        -1.11087863e+00,  1.05658904e+00, -1.22252881e+00,
         1.16123922e+00, -7.02895900e-02],
       [ 9.75862428e-02,  3.89315730e-01, -1.87256687e-01,
         5.78539843e-02, -1.81759277e-01, -9.30596626e-02,
        -1.70602829e-01, -6.26665831e-01,  5.40743334e-01,
        -3.42036985e-02,  2.67169523e-01, -3.22888322e-01,
        -2.00471764e-01,  2.69229290e-01, -1.45680024e-01,
        -2.30349508e-01,  1.44427010e-01, -1.33618818e-04,
        -2.12281148e-01,  3.47945685e-02,  7.06977005e-02,
        -6.50556339e-01,  4.77309583e-01,  3.58881237e-02,
         4.44361343e-02, -1.01676852e-01,  1.57543548e-02,
         8.92243615e-04, -7.38147413e-02,  1.96117918e-01,
        -1.01199503e-01, -1.70840913e-01, -4.77232693e-01,
         3.81310195e-01, -1.07090457e-01,  1.31679593e-02,
        -5.22036985e-02,  1.43857099e-01,  5.90072781e-01,
        -7.79648678e-01, -2.64716017e-01, -1.09611053e+00,
         1.33110775e+00, -5.02036985e-02,  7.01726181e-01,
        -7.80648678e-01,  6.87279271e-01, -7.75201768e-01,
         4.66000202e-02, -1.15522518e-01, -4.37187992e-02,
        -5.02036985e-02, -4.67187992e-02, -4.02036985e-02,
        -8.36852377e-01,  7.35929879e-01, -1.42303024e+00,
         1.33410775e+00, -8.69224977e-02],
       [ 1.64733032e-01,  3.69779732e-01, -3.07451288e-01,
         1.67955675e-01, -1.11950144e-01,  5.97889967e-02,
        -4.30144714e-01, -5.23218830e-01,  4.47930121e-01,
        -4.98517140e-02,  2.64353646e-01, -2.88790642e-01,
         6.63104997e-02,  3.74918047e-02, -1.82091014e-01,
        -1.03762321e-01,  1.84736112e-02, -1.41022248e-01,
        -3.13556568e-01,  4.94772280e-03,  3.68342384e-01,
        -7.95709229e-01,  6.28599366e-01, -3.59342646e-02,
         1.30755418e-01, -1.79746503e-01,  1.02457793e-01,
        -5.15906092e-02, -3.66981004e-02, -1.86819153e-01,
        -6.65992969e-03,  1.03190373e-01, -1.35222768e-01,
         5.59340585e-02, -5.02112159e-02, -3.60774937e-02,
        -5.08517140e-02,  3.84445493e-01,  5.62160972e-01,
        -9.95043461e-01, -3.11666930e-01, -9.52896158e-01,
         1.25112609e+00, -4.48517140e-02,  9.13754751e-01,
        -9.81043461e-01,  6.25290677e-01, -7.07579387e-01,
        -3.01192077e-01,  2.25903367e-01, -1.94369956e-02,
        -5.88517140e-02, -3.44369956e-02, -5.28517140e-02,
        -1.03689517e+00,  9.68606465e-01, -1.32841480e+00,
         1.24812609e+00, -8.72887096e-02],
       [-9.00000000e-03, -4.00000000e-03, -1.00000000e-02,
        -5.00000000e-03,  4.00000000e-03, -7.00000000e-03,
        -7.00000000e-03, -5.00000000e-03,  4.00000000e-03,
         4.00000000e-03,  6.00000000e-03,  1.00000000e-02,
        -4.00000000e-03,  3.00000000e-03,  8.00000000e-03,
         9.00000000e-03, -1.00000000e-03, -7.00000000e-03,
         9.00000000e-03, -3.00000000e-03,  7.00000000e-03,
         3.00000000e-03,  8.00000000e-03,  8.00000000e-03,
         9.00000000e-03,  1.00000000e-03, -2.00000000e-03,
        -1.00000000e-02, -8.00000000e-03,  7.00000000e-03,
         8.00000000e-03, -1.00000000e-03, -3.00000000e-03,
        -2.00000000e-03,  2.00000000e-03,  0.00000000e+00,
         2.00000000e-03, -1.00000000e-03, -9.00000000e-03,
        -9.00000000e-03, -1.00000000e-02, -1.00000000e-03,
        -3.00000000e-03, -6.00000000e-03, -5.00000000e-03,
         6.00000000e-03,  1.00000000e-03,  1.00000000e-02,
        -1.00000000e-02,  9.00000000e-03, -2.00000000e-03,
        -2.00000000e-03, -3.00000000e-03,  6.00000000e-03,
        -6.00000000e-03,  7.00000000e-03, -6.00000000e-03,
        -4.00000000e-03, -3.00000000e-03]]), 'deltas': array([[-0.00027565],
       [-0.00061346],
       [-0.00033864],
       [-0.00129472],
       [-0.        ]]), 'outputs': array([[0.05598568],
       [0.8638399 ],
       [0.06980166],
       [0.54192487],
       [1.        ]]), 'errors': -0.005215545728178558}, {'weights': array([[-5.33911051, -4.19498936, -3.33665571, -7.02166651,  2.85799077],
       [ 6.23680777, -7.55886149, -2.75762811,  3.18240522, -2.83193798],
       [-4.78965612,  7.45393018, -5.27793704,  1.77096426, -2.5329341 ],
       [ 2.57070748,  2.29784187,  3.6934603 ,  1.80701745, -6.60807798]]), 'deltas': array([[-3.62984881e-05],
       [-3.17674004e-07],
       [ 2.03241407e-04],
       [-1.36790624e-03]]), 'outputs': array([[6.04310992e-03],
       [5.63784715e-04],
       [9.85640250e-01],
       [3.77027955e-02]]), 'errors': array([[-0.00604311],
       [-0.00056378],
       [ 0.01435975],
       [-0.0377028 ]])}]
Accuracy: 90.0 %

Feedforward Neural Network AVG Accuracy (%): 89.11111111111111 %
