Namespace(error_threshold=0.001, max_epochs=1000, num_layers=2, num_nodes_per_hidden_layer=4, training_rate=1.1)

train_data group 0 length:  38
   0   1   2   3   4   5   6   7   8  ...  50  51  52  53  54  55  56  57  58
0   0   0   0   0   1   0   0   1   0 ...   1   0   1   0   1   0   1   0   0
1   0   0   0   0   0   0   1   1   0 ...   1   0   1   0   1   0   1   0   0
2   0   0   0   0   0   1   0   1   0 ...   0   1   0   1   1   0   1   0   1
3   0   0   0   0   1   0   0   1   0 ...   0   1   0   1   1   0   1   0   1
4   1   0   0   0   0   0   0   0   1 ...   1   0   1   0   0   1   1   0   2

[5 rows x 59 columns]
Initial Neural Network:
[{'weights': array([[-0.007, -0.007, -0.009,  0.005, -0.002, -0.008,  0.005,  0.004,
        -0.006,  0.001,  0.001, -0.007,  0.005, -0.001,  0.   , -0.001,
        -0.006,  0.   ,  0.002,  0.009,  0.   , -0.006, -0.01 ,  0.01 ,
        -0.004, -0.009, -0.008,  0.002,  0.007,  0.001,  0.   ,  0.003,
        -0.001, -0.003,  0.   ,  0.001, -0.005, -0.01 ,  0.007, -0.007,
         0.003,  0.004,  0.003, -0.005, -0.004, -0.008, -0.003, -0.005,
        -0.002, -0.001,  0.001, -0.008, -0.007,  0.001, -0.008,  0.008,
        -0.002,  0.001, -0.006],
       [-0.005, -0.003,  0.007, -0.004,  0.006,  0.01 , -0.008,  0.001,
         0.004,  0.009, -0.002, -0.008,  0.009,  0.001,  0.003,  0.   ,
        -0.002, -0.002,  0.001,  0.001,  0.008, -0.003,  0.007,  0.008,
        -0.007,  0.004,  0.008, -0.008, -0.005,  0.005, -0.003, -0.007,
        -0.01 , -0.005,  0.007,  0.005,  0.01 ,  0.01 , -0.008,  0.005,
         0.006, -0.002, -0.007,  0.005,  0.004,  0.009,  0.006, -0.002,
        -0.01 , -0.003,  0.004, -0.001, -0.007, -0.004,  0.   ,  0.003,
        -0.007, -0.007,  0.008],
       [ 0.007, -0.008, -0.007, -0.009, -0.007,  0.   ,  0.   , -0.005,
        -0.007,  0.01 , -0.006,  0.002, -0.009, -0.005,  0.01 , -0.005,
         0.003, -0.01 ,  0.008, -0.002,  0.002,  0.004,  0.004,  0.006,
         0.01 ,  0.001, -0.002,  0.   ,  0.   , -0.004, -0.005,  0.008,
         0.003,  0.006,  0.005,  0.002, -0.008,  0.001, -0.004, -0.004,
        -0.01 , -0.009, -0.006,  0.004,  0.002,  0.002, -0.002,  0.009,
        -0.005, -0.009, -0.004,  0.004,  0.008,  0.004,  0.004,  0.01 ,
         0.008,  0.006, -0.009],
       [-0.01 ,  0.007,  0.01 , -0.009, -0.01 ,  0.007,  0.001,  0.002,
        -0.006, -0.002, -0.006,  0.003,  0.01 , -0.002, -0.006,  0.007,
         0.003,  0.005,  0.   ,  0.001,  0.006, -0.006,  0.004,  0.006,
         0.01 ,  0.001, -0.002, -0.009,  0.008,  0.01 , -0.004,  0.002,
         0.004, -0.001,  0.003,  0.002, -0.007, -0.002,  0.003,  0.002,
         0.006,  0.003,  0.008,  0.002, -0.004, -0.004, -0.008, -0.003,
         0.004, -0.009,  0.002, -0.004,  0.003, -0.007,  0.01 ,  0.002,
        -0.002,  0.004, -0.008],
       [-0.006,  0.001, -0.001,  0.003,  0.005, -0.002,  0.001, -0.01 ,
         0.005,  0.007, -0.005,  0.008, -0.003,  0.007, -0.009, -0.002,
        -0.008,  0.   , -0.002,  0.002,  0.006,  0.005, -0.005, -0.004,
         0.005, -0.009,  0.005,  0.003,  0.005,  0.   ,  0.009, -0.007,
         0.008,  0.003, -0.009,  0.003, -0.005, -0.002, -0.009,  0.005,
        -0.006,  0.006, -0.002,  0.005, -0.008, -0.006,  0.003,  0.001,
         0.009,  0.   , -0.001, -0.005,  0.004,  0.007, -0.003, -0.008,
         0.   ,  0.005,  0.   ]]), 'deltas': array([[0.],
       [0.],
       [0.],
       [0.],
       [0.]]), 'outputs': array([[0.],
       [0.],
       [0.],
       [0.],
       [0.]]), 'errors': array([[0.],
       [0.],
       [0.],
       [0.],
       [0.]])}, {'weights': array([[ 0.   , -0.008,  0.003,  0.   ,  0.004],
       [-0.009, -0.004, -0.007,  0.001,  0.   ],
       [ 0.001,  0.01 ,  0.009,  0.009, -0.007],
       [ 0.009,  0.003, -0.007, -0.006,  0.01 ]]), 'deltas': array([[0.],
       [0.],
       [0.],
       [0.],
       [0.]]), 'outputs': array([[0.],
       [0.],
       [0.],
       [0.],
       [0.]]), 'errors': array([[0.],
       [0.],
       [0.],
       [0.],
       [0.]])}]
Training complete!
Training done. epoch: 57 , total error: 0.000920704781774762
[{'weights': array([[-8.59476104e-02,  3.22970033e-01,  4.38442490e-02,
         1.55515794e-01, -2.12473649e-01, -2.81391703e-01,
        -2.37973297e-01, -8.07492366e-01,  5.33036183e-01,
        -4.78867247e-01,  3.17215135e-01, -1.15804071e-01,
        -1.64709521e-01,  1.20829350e-01, -2.24576013e-01,
        -6.18032161e-01,  3.38575978e-01, -4.39354828e-01,
        -1.66543352e-03,  1.37694514e-01,  4.18695635e-02,
        -4.02876782e-01,  3.73738031e-01, -1.16155235e-01,
        -1.37162196e-01, -3.07168870e-01,  1.77126864e-02,
        -3.02113706e-01,  3.86575228e-02,  3.63252069e-01,
        -4.61034486e-01, -1.70673767e-01, -7.11388538e-01,
         4.34932354e-01, -1.59016781e-01, -1.12439403e-01,
        -4.84867247e-01,  1.22381935e-01,  6.21540809e-01,
        -5.46511681e-01, -3.19500921e-01, -9.23399298e-01,
         1.46031128e+00, -4.84867247e-01,  2.63055498e-01,
        -5.47511681e-01,  4.45903805e-01, -7.26359989e-01,
        -2.35212205e-01, -4.02439783e-02,  2.08411064e-01,
        -4.87867247e-01,  2.00411064e-01, -4.78867247e-01,
        -1.02737893e+00,  7.54922745e-01, -9.60515713e-01,
         6.87059529e-01, -2.78456183e-01],
       [ 7.80825963e-02,  2.86063790e-01,  1.82960002e-01,
         1.06307601e-01, -2.26603627e-01, -3.19468243e-01,
        -2.63128320e-01, -9.18976091e-01,  7.65189891e-01,
        -5.00835419e-01,  2.70778755e-01,  7.02704639e-02,
         2.59470806e-01, -1.68824030e-01, -2.36432976e-01,
        -4.45430099e-01,  2.84643899e-01, -2.17895833e-01,
        -1.09405673e-01,  1.28147126e-01,  4.83681798e-02,
        -4.64104981e-01,  6.17100675e-01, -1.26118004e-01,
        -1.80663891e-01, -1.06997392e-01, -3.97888081e-02,
        -3.68400563e-01,  1.96614362e-01,  2.46004450e-01,
        -3.21836480e-01, -8.79541704e-02, -2.12126362e-01,
         3.83401611e-02,  4.02083192e-03, -1.50807032e-01,
        -4.99835419e-01,  4.83680119e-01,  5.40772187e-01,
        -6.66403087e-01, -4.14234369e-01, -4.55295080e-01,
         1.21757867e+00, -5.04835419e-01,  5.16616887e-01,
        -6.62403087e-01,  2.69401215e-01, -4.24187415e-01,
        -3.04934531e-01,  1.33148330e-01,  3.55049218e-01,
        -5.10835419e-01,  3.44049218e-01, -5.13835419e-01,
        -1.18123851e+00,  1.02545231e+00, -5.43316361e-01,
         3.70530160e-01, -1.50786201e-01],
       [-7.15152610e-02,  3.22830451e-01,  4.29778508e-02,
         1.46273317e-01, -2.19718557e-01, -2.77176287e-01,
        -2.44435128e-01, -8.22928705e-01,  5.34165090e-01,
        -4.73800111e-01,  3.12679737e-01, -1.09643241e-01,
        -1.70292382e-01,  1.06738028e-01, -2.17209261e-01,
        -6.18270474e-01,  3.39506859e-01, -4.40972312e-01,
        -4.65455956e-03,  1.31489743e-01,  3.53735131e-02,
        -3.94928934e-01,  3.89339503e-01, -1.21123311e-01,
        -1.26050873e-01, -2.94609865e-01,  1.68462500e-02,
        -3.21491709e-01,  4.47280935e-02,  3.55945155e-01,
        -4.64175994e-01, -1.69532777e-01, -7.04057922e-01,
         4.36294307e-01, -1.55605001e-01, -1.14158614e-01,
        -4.91800111e-01,  1.30822267e-01,  6.15191413e-01,
        -5.45977184e-01, -3.32999577e-01, -9.35035529e-01,
         1.45007160e+00, -4.79800111e-01,  2.67213569e-01,
        -5.39977184e-01,  4.46060945e-01, -7.15824561e-01,
        -2.43200151e-01, -4.75634637e-02,  2.03036496e-01,
        -4.79800111e-01,  2.15036496e-01, -4.79800111e-01,
        -1.02177730e+00,  7.59013680e-01, -9.46384899e-01,
         6.83621283e-01, -2.85763615e-01],
       [-8.90692920e-02,  3.34988455e-01,  6.52573822e-02,
         1.38288650e-01, -2.19473940e-01, -2.69212281e-01,
        -2.43168537e-01, -8.17801404e-01,  5.35411841e-01,
        -4.80820572e-01,  3.11773782e-01, -1.14342773e-01,
        -1.67393987e-01,  1.19967831e-01, -2.28963407e-01,
        -6.07382000e-01,  3.38992437e-01, -4.38073466e-01,
        -3.65750732e-03,  1.36077308e-01,  3.92641024e-02,
        -4.02071848e-01,  3.80140298e-01, -1.18130563e-01,
        -1.24327449e-01, -3.03102233e-01,  2.37126707e-02,
        -3.09378743e-01,  2.99891802e-02,  3.68184184e-01,
        -4.68434650e-01, -1.70139096e-01, -7.11708976e-01,
         4.36319414e-01, -1.52505067e-01, -1.20884496e-01,
        -4.85820572e-01,  1.22837027e-01,  6.18327231e-01,
        -5.37733249e-01, -3.16000763e-01, -9.30441462e-01,
         1.46387323e+00, -4.76820572e-01,  2.57343686e-01,
        -5.43733249e-01,  4.41108881e-01, -7.30498443e-01,
        -2.29716428e-01, -5.36731351e-02,  2.02431009e-01,
        -4.82820572e-01,  2.03431009e-01, -4.85820572e-01,
        -1.00855382e+00,  7.42164258e-01, -9.70542639e-01,
         6.94153076e-01, -2.86389563e-01],
       [-6.00000000e-03,  1.00000000e-03, -1.00000000e-03,
         3.00000000e-03,  5.00000000e-03, -2.00000000e-03,
         1.00000000e-03, -1.00000000e-02,  5.00000000e-03,
         7.00000000e-03, -5.00000000e-03,  8.00000000e-03,
        -3.00000000e-03,  7.00000000e-03, -9.00000000e-03,
        -2.00000000e-03, -8.00000000e-03,  0.00000000e+00,
        -2.00000000e-03,  2.00000000e-03,  6.00000000e-03,
         5.00000000e-03, -5.00000000e-03, -4.00000000e-03,
         5.00000000e-03, -9.00000000e-03,  5.00000000e-03,
         3.00000000e-03,  5.00000000e-03,  0.00000000e+00,
         9.00000000e-03, -7.00000000e-03,  8.00000000e-03,
         3.00000000e-03, -9.00000000e-03,  3.00000000e-03,
        -5.00000000e-03, -2.00000000e-03, -9.00000000e-03,
         5.00000000e-03, -6.00000000e-03,  6.00000000e-03,
        -2.00000000e-03,  5.00000000e-03, -8.00000000e-03,
        -6.00000000e-03,  3.00000000e-03,  1.00000000e-03,
         9.00000000e-03,  0.00000000e+00, -1.00000000e-03,
        -5.00000000e-03,  4.00000000e-03,  7.00000000e-03,
        -3.00000000e-03, -8.00000000e-03,  0.00000000e+00,
         5.00000000e-03,  0.00000000e+00]]), 'deltas': array([[1.50689268e-04],
       [7.05850185e-05],
       [1.48990177e-04],
       [1.50407429e-04],
       [0.00000000e+00]]), 'outputs': array([[0.97583873],
       [0.98883122],
       [0.976118  ],
       [0.97588507],
       [1.        ]]), 'errors': 0.00639123137533997}, {'weights': array([[-1.63823345, -3.33389891, -1.67442944, -1.61397418, -0.08110047],
       [-1.46800358, -3.45631053, -1.49305728, -1.44993904,  0.10237138],
       [-2.44535375,  6.54374443, -2.31251892, -2.56480863, -2.67810192],
       [ 2.38198476,  1.21962967,  2.3186629 ,  2.37372675, -4.4922561 ]]), 'deltas': array([[-7.75259129e-08],
       [-2.40160483e-07],
       [-1.11408138e-03],
       [ 6.69806739e-04]]), 'outputs': array([[2.78473532e-04],
       [4.90181867e-04],
       [3.39594605e-02],
       [9.73773167e-01]]), 'errors': array([[-0.00027847],
       [-0.00049018],
       [-0.03395946],
       [ 0.02622683]])}]
neural_net output [0.47250452 0.51847958 0.06530474 0.01132614]
target: 0 prediction: 1
neural_net output [0.47689798 0.5227461  0.06493887 0.01115596]
target: 0 prediction: 1
neural_net output [0.4719651  0.51824554 0.06363709 0.0114465 ]
target: 1 prediction: 1
neural_net output [0.47269855 0.51889258 0.06396376 0.01139492]
target: 1 prediction: 1
neural_net output [0.07298381 0.08325509 0.71927171 0.03855073]
target: 2 prediction: 2
neural_net output [0.03971512 0.04368982 0.93605648 0.04189723]
target: 2 prediction: 2
neural_net output [2.80479718e-04 4.93314959e-04 3.41556464e-02 9.73590999e-01]
target: 3 prediction: 3
neural_net output [2.62697510e-04 4.64314664e-04 3.25527830e-02 9.75554790e-01]
target: 3 prediction: 3
neural_net output [2.55930184e-04 4.53076278e-04 3.22098435e-02 9.76233184e-01]
target: 3 prediction: 3
Accuracy: 77.77777777777779 %

train_data group 1 length:  38
   0   1   2   3   4   5   6   7   8  ...  50  51  52  53  54  55  56  57  58
0   0   0   0   0   0   0   1   1   0 ...   1   0   1   0   1   0   1   0   0
1   0   0   0   0   0   0   1   1   0 ...   1   0   1   0   1   0   1   0   0
2   0   0   0   1   0   0   0   1   0 ...   0   1   0   1   1   0   1   0   1
3   0   0   0   0   0   0   1   1   0 ...   0   1   0   1   1   0   1   0   1
4   0   0   0   0   1   0   0   1   0 ...   1   0   1   0   0   1   1   0   2

[5 rows x 59 columns]
Initial Neural Network:
[{'weights': array([[-0.009,  0.003, -0.009,  0.009, -0.007, -0.007,  0.002,  0.005,
         0.003,  0.001, -0.009, -0.008,  0.006, -0.005,  0.004, -0.005,
         0.003, -0.005, -0.01 ,  0.   ,  0.006,  0.009,  0.004,  0.009,
        -0.003, -0.002,  0.009, -0.003, -0.008,  0.01 ,  0.004,  0.007,
         0.008, -0.002, -0.009,  0.008, -0.006,  0.007, -0.001,  0.01 ,
         0.003,  0.006, -0.005, -0.001, -0.002, -0.007,  0.006,  0.   ,
         0.   ,  0.001, -0.002,  0.008, -0.001, -0.004, -0.007,  0.004,
        -0.001, -0.009, -0.009],
       [-0.001,  0.01 ,  0.004, -0.007, -0.003,  0.001,  0.003, -0.009,
        -0.003,  0.001, -0.002,  0.002,  0.001,  0.006,  0.003,  0.01 ,
        -0.001, -0.008,  0.007,  0.008, -0.005, -0.001, -0.005, -0.007,
        -0.004, -0.002,  0.008, -0.006, -0.01 ,  0.006,  0.003, -0.006,
        -0.008, -0.009, -0.006,  0.007, -0.005, -0.003,  0.   ,  0.   ,
         0.01 , -0.007,  0.005, -0.003,  0.008,  0.003, -0.008, -0.006,
        -0.009, -0.004, -0.008,  0.006, -0.009,  0.008,  0.   , -0.001,
        -0.003, -0.006,  0.008],
       [-0.002, -0.007,  0.002,  0.007, -0.005,  0.001,  0.007,  0.005,
         0.006, -0.01 , -0.009,  0.006,  0.006, -0.001,  0.   ,  0.005,
         0.009,  0.004, -0.002,  0.007, -0.003,  0.009,  0.005,  0.008,
         0.005, -0.009,  0.002, -0.01 , -0.002, -0.008, -0.005,  0.007,
         0.003, -0.005, -0.003, -0.01 , -0.003,  0.001,  0.007,  0.01 ,
        -0.009,  0.003, -0.01 , -0.002,  0.   , -0.001, -0.001, -0.009,
        -0.008, -0.003, -0.004,  0.005,  0.008,  0.009,  0.008,  0.001,
        -0.006, -0.001, -0.007],
       [-0.004, -0.004, -0.006,  0.006,  0.002,  0.009, -0.003, -0.003,
        -0.006, -0.003,  0.002, -0.008, -0.007, -0.006,  0.01 , -0.003,
         0.005,  0.005,  0.005, -0.008,  0.002,  0.   ,  0.006, -0.006,
        -0.01 ,  0.007, -0.006, -0.001,  0.004,  0.006,  0.002,  0.008,
        -0.002,  0.008, -0.001,  0.007,  0.006, -0.002,  0.005, -0.004,
        -0.005,  0.009,  0.008, -0.005,  0.005,  0.009, -0.006,  0.004,
         0.007, -0.002,  0.004,  0.002, -0.001,  0.002, -0.006,  0.005,
         0.006, -0.004,  0.007],
       [ 0.009, -0.006,  0.004, -0.003,  0.01 , -0.006,  0.009, -0.01 ,
        -0.01 , -0.001, -0.005, -0.004, -0.001,  0.002,  0.005, -0.003,
        -0.002, -0.009, -0.005,  0.009, -0.007,  0.005,  0.008,  0.005,
         0.009,  0.007,  0.007, -0.003,  0.007, -0.005, -0.01 , -0.009,
         0.   ,  0.002, -0.003,  0.008, -0.004,  0.003, -0.003,  0.005,
         0.   , -0.001,  0.   ,  0.001, -0.005,  0.009, -0.005,  0.003,
         0.009,  0.002,  0.   , -0.005, -0.001, -0.003,  0.009, -0.006,
        -0.003,  0.009,  0.002]]), 'deltas': array([[0.],
       [0.],
       [0.],
       [0.],
       [0.]]), 'outputs': array([[0.],
       [0.],
       [0.],
       [0.],
       [0.]]), 'errors': array([[0.],
       [0.],
       [0.],
       [0.],
       [0.]])}, {'weights': array([[-0.008,  0.008, -0.008,  0.008, -0.007],
       [-0.004,  0.009, -0.004,  0.002, -0.009],
       [-0.005, -0.001, -0.004,  0.002,  0.   ],
       [-0.002, -0.008, -0.005,  0.003, -0.01 ]]), 'deltas': array([[0.],
       [0.],
       [0.],
       [0.],
       [0.]]), 'outputs': array([[0.],
       [0.],
       [0.],
       [0.],
       [0.]]), 'errors': array([[0.],
       [0.],
       [0.],
       [0.],
       [0.]])}]
Training complete!
Training done. epoch: 82 , total error: 0.0008363685806380621
[{'weights': array([[ 1.32302957e-01,  4.22035441e-01, -1.08480118e-01,
         1.16565259e-01, -2.36129784e-01, -2.97643886e-01,
        -3.06360288e-01, -7.71387711e-01,  5.19677291e-01,
        -6.07771351e-01,  2.69590430e-01,  6.24705016e-02,
        -1.89979375e-01,  2.28258858e-01, -2.92989903e-01,
        -5.93901955e-01,  3.32191535e-01, -6.95902496e-01,
         1.31774430e-01,  1.30429677e-01,  1.64987969e-01,
        -2.68603395e-01,  6.30664326e-01, -1.95475193e-01,
        -4.07296159e-01, -6.32299436e-01,  3.79589016e-01,
        -5.61210653e-01,  2.90500233e-01,  2.58178811e-01,
        -4.23373286e-01, -7.35159451e-02, -5.74808792e-01,
         3.21098372e-01, -3.25136675e-01,  6.44262551e-02,
        -6.14771351e-01,  2.96599982e-01,  5.03155801e-01,
        -4.34694851e-01, -3.56755291e-01, -7.35906979e-01,
         1.44572320e+00, -6.09771351e-01,  1.82984432e-01,
        -4.51694851e-01,  3.20933517e-01, -5.74643936e-01,
        -8.70195071e-02, -1.71690913e-01,  3.47060931e-01,
        -6.00771351e-01,  3.48060931e-01, -6.12771351e-01,
        -1.06046620e+00,  7.97755783e-01, -6.87519320e-01,
         4.17808901e-01, -2.68710420e-01],
       [ 1.14470604e-01,  4.40617543e-01, -4.77458126e-02,
        -1.30764256e-02, -2.15269434e-01, -2.72362229e-01,
        -3.04315096e-01, -8.66895596e-01,  5.50214747e-01,
        -5.79807417e-01,  2.78248255e-01, -2.12168682e-03,
        -2.77855449e-01,  2.67696650e-01, -2.84522050e-01,
        -5.52971891e-01,  2.57291043e-01, -6.78385843e-01,
         1.70712936e-01,  8.85284078e-02,  1.16463651e-01,
        -2.76518390e-01,  5.46644958e-01, -2.07606859e-01,
        -3.84200558e-01, -6.40150359e-01,  3.41469510e-01,
        -4.96920061e-01,  1.76239212e-01,  2.54364501e-01,
        -4.76528364e-01, -7.95169853e-02, -6.93365104e-01,
         3.71684256e-01, -2.68586808e-01, -3.50940406e-02,
        -5.85807417e-01,  1.99968708e-01,  5.15514405e-01,
        -4.42356545e-01, -3.27988198e-01, -8.60541876e-01,
         1.47265664e+00, -5.83807417e-01,  1.45675696e-01,
        -4.39356545e-01,  3.37886229e-01, -6.56567077e-01,
        -1.28575904e-01, -1.89104944e-01,  2.68126569e-01,
        -5.74807417e-01,  2.67126569e-01, -5.72807417e-01,
        -1.02316396e+00,  7.17483113e-01, -8.96857367e-01,
         5.83176519e-01, -2.96680848e-01],
       [ 1.28832832e-01,  4.22615336e-01, -6.65788678e-02,
         2.12480748e-02, -2.23523383e-01, -2.76784076e-01,
        -3.01889674e-01, -8.43069989e-01,  5.54990231e-01,
        -5.96501583e-01,  2.72210965e-01,  1.22108604e-02,
        -2.58934842e-01,  2.55344910e-01, -2.90489826e-01,
        -5.64909891e-01,  2.79830134e-01, -6.72219799e-01,
         1.61112742e-01,  1.00911707e-01,  1.17115593e-01,
        -2.71099750e-01,  5.72521575e-01, -1.92401263e-01,
        -3.81100320e-01, -6.40494879e-01,  3.34415122e-01,
        -5.29665049e-01,  2.18585291e-01,  2.45111696e-01,
        -4.82133789e-01, -6.80576641e-02, -6.61718107e-01,
         3.60638349e-01, -2.81652702e-01, -3.04270558e-02,
        -5.89501583e-01,  2.26384450e-01,  5.16783287e-01,
        -4.37745911e-01, -3.53292513e-01, -8.33302755e-01,
         1.45801709e+00, -5.88501583e-01,  1.48666154e-01,
        -4.48745911e-01,  3.39488221e-01, -6.48567978e-01,
        -1.21056496e-01, -1.89023262e-01,  2.83421825e-01,
        -5.81501583e-01,  2.95421825e-01, -5.77501583e-01,
        -1.02624749e+00,  7.36167736e-01, -8.54290059e-01,
         5.48210302e-01, -3.06079757e-01],
       [ 1.30737627e-01,  3.79310507e-01, -5.56025077e-02,
         2.06081142e-01, -2.22150049e-01, -3.86613676e-01,
        -1.96177628e-01, -6.65535376e-01,  5.12120791e-01,
        -6.81376589e-01,  2.51883909e-01,  2.76078095e-01,
         4.35272842e-02,  1.26770925e-01, -3.17712794e-01,
        -5.49248239e-01,  4.06833655e-01, -8.11963288e-01,
         1.28266265e-01,  3.17034008e-01,  2.26248431e-01,
        -2.11212167e-01,  7.51174171e-01, -2.11005849e-01,
        -4.83370740e-01, -5.46460686e-01,  4.03046102e-01,
        -7.78161679e-01,  6.36747094e-01,  2.99466530e-01,
        -4.09174259e-01, -1.87068556e-02, -2.61971348e-01,
         1.23556763e-01, -3.57206283e-01,  2.18791698e-01,
        -6.72376589e-01,  4.76342039e-01,  4.64121562e-01,
        -4.07501597e-01, -5.78445699e-01, -1.78205240e-01,
         1.30261294e+00, -6.83376589e-01,  2.64087012e-01,
        -3.94501597e-01,  1.33659093e-01, -2.80073678e-01,
        -1.84351247e-01,  4.49366620e-02,  5.37962004e-01,
        -6.76376589e-01,  5.32962004e-01, -6.76376589e-01,
        -1.08787819e+00,  9.42463601e-01,  1.07280639e-01,
        -2.49695224e-01, -1.37414585e-01],
       [ 9.00000000e-03, -6.00000000e-03,  4.00000000e-03,
        -3.00000000e-03,  1.00000000e-02, -6.00000000e-03,
         9.00000000e-03, -1.00000000e-02, -1.00000000e-02,
        -1.00000000e-03, -5.00000000e-03, -4.00000000e-03,
        -1.00000000e-03,  2.00000000e-03,  5.00000000e-03,
        -3.00000000e-03, -2.00000000e-03, -9.00000000e-03,
        -5.00000000e-03,  9.00000000e-03, -7.00000000e-03,
         5.00000000e-03,  8.00000000e-03,  5.00000000e-03,
         9.00000000e-03,  7.00000000e-03,  7.00000000e-03,
        -3.00000000e-03,  7.00000000e-03, -5.00000000e-03,
        -1.00000000e-02, -9.00000000e-03,  0.00000000e+00,
         2.00000000e-03, -3.00000000e-03,  8.00000000e-03,
        -4.00000000e-03,  3.00000000e-03, -3.00000000e-03,
         5.00000000e-03,  0.00000000e+00, -1.00000000e-03,
         0.00000000e+00,  1.00000000e-03, -5.00000000e-03,
         9.00000000e-03, -5.00000000e-03,  3.00000000e-03,
         9.00000000e-03,  2.00000000e-03,  0.00000000e+00,
        -5.00000000e-03, -1.00000000e-03, -3.00000000e-03,
         9.00000000e-03, -6.00000000e-03, -3.00000000e-03,
         9.00000000e-03,  2.00000000e-03]]), 'deltas': array([[0.00014237],
       [0.00016903],
       [0.00016403],
       [0.00016558],
       [0.        ]]), 'outputs': array([[0.97518425],
       [0.97039213],
       [0.97129464],
       [0.97101388],
       [1.        ]]), 'errors': 0.00588296903838749}, {'weights': array([[-1.6980483 , -1.42640929, -1.50509399, -2.96983158, -0.14879439],
       [-2.11484066, -1.66637786, -1.78904549, -4.81288423,  0.44459835],
       [-2.01372249, -3.64740726, -3.27444347,  8.11719039, -2.64746806],
       [ 2.36004596,  2.59951542,  2.531978  ,  1.16468803, -4.81623633]]), 'deltas': array([[-2.85040162e-07],
       [-4.18427978e-09],
       [-9.27619821e-04],
       [ 6.96084592e-04]]), 'outputs': array([[5.34034142e-04],
       [6.46881015e-05],
       [3.09392302e-02],
       [9.73256556e-01]]), 'errors': array([[-5.34034142e-04],
       [-6.46881015e-05],
       [-3.09392302e-02],
       [ 2.67434444e-02]])}]
Accuracy: 77.77777777777779 %

train_data group 2 length:  37
   0   1   2   3   4   5   6   7   8  ...  50  51  52  53  54  55  56  57  58
0   0   0   0   0   0   0   1   1   0 ...   1   0   1   0   1   0   1   0   0
1   0   0   0   0   0   0   1   1   0 ...   1   0   1   0   1   0   1   0   0
2   0   0   0   1   0   0   0   1   0 ...   0   1   0   1   1   0   1   0   1
3   0   0   0   0   0   0   1   1   0 ...   0   1   0   1   1   0   1   0   1
4   0   0   0   0   1   0   0   1   0 ...   1   0   1   0   0   1   1   0   2

[5 rows x 59 columns]
Initial Neural Network:
[{'weights': array([[-0.01 , -0.004, -0.004,  0.006, -0.002,  0.009, -0.003,  0.009,
        -0.001,  0.009,  0.004, -0.008,  0.001, -0.003,  0.006,  0.008,
        -0.003,  0.001, -0.003,  0.006,  0.004,  0.   ,  0.006,  0.007,
         0.005, -0.009, -0.01 , -0.009,  0.007, -0.005,  0.003, -0.003,
         0.009,  0.003, -0.01 ,  0.01 ,  0.001, -0.009,  0.006,  0.009,
         0.   ,  0.009, -0.009,  0.003, -0.007,  0.006, -0.007, -0.002,
         0.006,  0.001,  0.009, -0.002, -0.005, -0.009,  0.007,  0.004,
         0.004,  0.008, -0.002],
       [-0.004, -0.006, -0.007,  0.01 ,  0.008, -0.008,  0.002,  0.004,
        -0.008, -0.003,  0.003,  0.005,  0.001, -0.006, -0.01 , -0.007,
         0.007, -0.002,  0.007, -0.001,  0.003, -0.003,  0.002, -0.003,
        -0.001, -0.004,  0.009,  0.   ,  0.003, -0.001,  0.004,  0.01 ,
        -0.006, -0.002,  0.006,  0.009,  0.008,  0.001,  0.002, -0.009,
         0.009,  0.004, -0.002,  0.008, -0.003, -0.006, -0.009, -0.001,
         0.007,  0.006, -0.009, -0.006,  0.002, -0.006, -0.001,  0.007,
        -0.009,  0.01 ,  0.002],
       [ 0.007,  0.002, -0.001,  0.003, -0.005,  0.001,  0.003,  0.004,
         0.004,  0.005, -0.005,  0.001,  0.01 , -0.005, -0.002, -0.001,
        -0.01 , -0.001, -0.009,  0.007,  0.006,  0.01 ,  0.003,  0.005,
         0.004, -0.003, -0.002,  0.003, -0.009, -0.009,  0.01 ,  0.009,
        -0.004,  0.002,  0.002,  0.001, -0.002,  0.01 , -0.004,  0.008,
        -0.01 , -0.003, -0.005,  0.009, -0.009, -0.005, -0.002,  0.002,
         0.005,  0.01 ,  0.004,  0.008,  0.003, -0.003, -0.009,  0.01 ,
        -0.003,  0.   , -0.008],
       [-0.002,  0.002, -0.009, -0.008, -0.01 ,  0.008, -0.005, -0.005,
         0.002,  0.006, -0.01 ,  0.006,  0.007, -0.005,  0.006,  0.009,
         0.004, -0.009,  0.009, -0.007, -0.004,  0.004,  0.008, -0.005,
         0.006,  0.005,  0.009, -0.006, -0.006, -0.006,  0.007,  0.003,
         0.003, -0.01 ,  0.01 , -0.005,  0.001, -0.006, -0.009,  0.005,
         0.   ,  0.007, -0.006, -0.001,  0.   ,  0.004,  0.003,  0.006,
         0.01 , -0.009, -0.001, -0.003, -0.008, -0.01 ,  0.001, -0.005,
        -0.002, -0.005, -0.01 ],
       [-0.009, -0.003, -0.008, -0.002,  0.   ,  0.004,  0.001,  0.008,
         0.006, -0.002, -0.009, -0.004,  0.002, -0.01 , -0.004, -0.008,
        -0.001,  0.009,  0.009,  0.   , -0.006,  0.006, -0.005,  0.007,
         0.008,  0.01 , -0.002, -0.007, -0.002,  0.001, -0.006, -0.005,
         0.007,  0.009, -0.004,  0.008, -0.002, -0.009,  0.001, -0.007,
        -0.01 ,  0.01 , -0.003,  0.006,  0.004,  0.008, -0.004, -0.01 ,
         0.008, -0.006,  0.   , -0.002, -0.006, -0.01 ,  0.006,  0.009,
         0.007, -0.009,  0.002]]), 'deltas': array([[0.],
       [0.],
       [0.],
       [0.],
       [0.]]), 'outputs': array([[0.],
       [0.],
       [0.],
       [0.],
       [0.]]), 'errors': array([[0.],
       [0.],
       [0.],
       [0.],
       [0.]])}, {'weights': array([[-0.004,  0.003, -0.002,  0.008, -0.004],
       [-0.005,  0.009,  0.002,  0.01 , -0.004],
       [-0.001,  0.006, -0.006,  0.   , -0.005],
       [ 0.004, -0.005,  0.007,  0.01 , -0.003]]), 'deltas': array([[0.],
       [0.],
       [0.],
       [0.],
       [0.]]), 'outputs': array([[0.],
       [0.],
       [0.],
       [0.],
       [0.]]), 'errors': array([[0.],
       [0.],
       [0.],
       [0.],
       [0.]])}]
Training complete!
Training done. epoch: 90 , total error: 0.0009805103348372477
[{'weights': array([[-5.04630957e-01, -5.71368545e-02, -1.41307836e-02,
         1.00121748e-01, -1.98492755e-02,  6.43092461e-02,
         2.89641181e-01,  3.57866147e-01, -4.83541843e-01,
         6.52794499e-01, -2.38187419e-01, -5.43282775e-01,
        -4.07065472e-01, -9.57937716e-03,  2.86969153e-01,
        -3.24565290e-01,  1.95889594e-01, -2.22674313e-01,
        -4.19310048e-02, -5.84857167e-02,  1.97415339e-01,
        -1.33796526e-02, -5.10664973e-01,  2.53722981e-01,
         1.54645949e-01,  2.00180841e-02, -1.72693780e-01,
         3.62350190e-02, -1.71910715e-01,  1.72226218e-01,
        -9.89671128e-02, -2.11934800e-01, -4.58062370e-01,
         3.36386674e-01, -1.69403106e-01,  3.57274103e-02,
         6.44794499e-01, -5.94241840e-01, -1.06024605e-01,
        -7.12037495e-02, -1.05541021e-01, -6.47449700e-01,
        -2.44794732e-02,  6.46794499e-01, -6.04719462e-02,
        -7.42037495e-02,  5.29765882e-01, -6.72441578e-01,
         2.78457166e-01, -4.05132862e-01, -7.68470195e-01,
         6.41794499e-01, -7.82470195e-01,  6.34794499e-01,
         5.70590749e-01, -6.93266445e-01, -4.84056012e-02,
        -7.32700945e-02, -1.35675696e-01],
       [-4.94746749e-01,  2.70220848e-01,  1.43059371e-01,
         3.47245509e-02, -1.87384246e-01, -2.85071826e-03,
         3.30685808e-01,  3.85267035e-02,  5.61821603e-02,
         5.15609056e-01, -2.00159805e-01, -2.11740387e-01,
        -3.68091737e-01,  2.26387735e-01,  2.25412866e-01,
        -1.97177094e-01,  2.95885958e-01, -2.94009308e-01,
        -2.00738450e-03, -1.71589110e-01,  5.73314666e-01,
         8.28979755e-02, -1.98469570e-02,  1.91615161e-01,
        -1.60957316e-01, -3.16369929e-02,  1.35345857e-01,
         3.28434386e-01, -2.26725522e-01,  4.69192591e-01,
        -1.49013598e-01, -2.08470129e-01, -7.92663235e-01,
         8.83372099e-01,  1.94242955e-01, -8.05340909e-02,
         5.26609056e-01, -6.52709511e-01,  2.90030381e-01,
        -6.32210631e-02, -2.24286697e-01, -1.03345889e+00,
         8.48845395e-01,  5.26609056e-01,  1.49929927e-01,
        -6.02210631e-02,  9.09567150e-01, -8.20858286e-01,
         8.23370328e-01, -7.11661465e-01, -4.28900193e-01,
         5.12609056e-01, -4.17900193e-01,  5.12609056e-01,
         4.63387993e-01, -3.58679129e-01, -5.98114023e-01,
         6.97822887e-01,  1.00708864e-01],
       [-4.98344426e-01, -4.63615457e-02, -1.07718754e-02,
         1.03575984e-01, -2.72396590e-02,  5.39158212e-02,
         3.02634184e-01,  3.56186451e-01, -4.80777967e-01,
         6.53599670e-01, -2.71569441e-01, -5.13621745e-01,
        -4.09838734e-01,  8.55361252e-04,  2.79391857e-01,
        -3.52915660e-01,  2.09324144e-01, -2.41765330e-01,
        -3.66156524e-02, -6.47042131e-02,  2.13493679e-01,
         4.49492453e-04, -5.09415968e-01,  2.49797227e-01,
         1.48577732e-01,  2.50360703e-02, -1.62627587e-01,
         6.49068754e-02, -2.03498392e-01,  1.63026657e-01,
        -8.02667067e-02, -2.05351467e-01, -4.81879662e-01,
         3.47288146e-01, -1.64731730e-01,  3.51402140e-02,
         6.46599670e-01, -5.71207171e-01, -1.30750918e-01,
        -6.52330969e-02, -1.12943680e-01, -6.74349201e-01,
        -1.18983055e-02,  6.57599670e-01, -6.83584193e-02,
        -7.82330969e-02,  5.19012335e-01, -6.51603852e-01,
         2.91456721e-01, -4.09048237e-01, -7.77191186e-01,
         6.56599670e-01, -7.78191186e-01,  6.45599670e-01,
         5.66366573e-01, -6.97958089e-01, -6.08572788e-02,
        -7.47342375e-02, -1.40591516e-01],
       [-5.22137919e-01, -6.77740101e-02, -1.70716670e-02,
         7.32582397e-02, -4.45389326e-02,  9.29977092e-02,
         4.97853880e-01,  5.55044329e-01, -5.21457029e-01,
         5.63984906e-01, -2.92676286e-01, -2.32721320e-01,
        -5.01925762e-01,  2.89770639e-01,  2.56742423e-01,
        -4.32266577e-02,  9.28139579e-02, -3.35037641e-01,
         4.72883301e-02, -1.06821143e-01,  4.20157754e-01,
         2.07772130e-01, -4.08715919e-01,  2.07409089e-01,
         4.31220002e-02,  2.62998018e-01, -2.12410717e-01,
         3.19922346e-01, -2.95335046e-01,  1.76280617e-01,
        -7.44904918e-02, -6.12028251e-02, -5.17429923e-01,
         5.47017223e-01, -4.75755263e-02,  8.91628265e-02,
         5.58984906e-01, -6.84402888e-01, -1.50288736e-01,
         3.03294018e-01, -5.72782240e-02, -4.54092276e-01,
        -9.02710604e-03,  5.56984906e-01, -2.61706718e-01,
         3.02294018e-01,  4.58187720e-01, -4.12600420e-01,
         5.54269293e-01, -5.16681992e-01, -5.22397606e-01,
         5.54984906e-01, -5.29397606e-01,  5.47984906e-01,
         8.57278925e-01, -8.24691624e-01,  1.11660229e-01,
        -8.20729290e-02,  2.65873002e-02],
       [-9.00000000e-03, -3.00000000e-03, -8.00000000e-03,
        -2.00000000e-03,  0.00000000e+00,  4.00000000e-03,
         1.00000000e-03,  8.00000000e-03,  6.00000000e-03,
        -2.00000000e-03, -9.00000000e-03, -4.00000000e-03,
         2.00000000e-03, -1.00000000e-02, -4.00000000e-03,
        -8.00000000e-03, -1.00000000e-03,  9.00000000e-03,
         9.00000000e-03,  0.00000000e+00, -6.00000000e-03,
         6.00000000e-03, -5.00000000e-03,  7.00000000e-03,
         8.00000000e-03,  1.00000000e-02, -2.00000000e-03,
        -7.00000000e-03, -2.00000000e-03,  1.00000000e-03,
        -6.00000000e-03, -5.00000000e-03,  7.00000000e-03,
         9.00000000e-03, -4.00000000e-03,  8.00000000e-03,
        -2.00000000e-03, -9.00000000e-03,  1.00000000e-03,
        -7.00000000e-03, -1.00000000e-02,  1.00000000e-02,
        -3.00000000e-03,  6.00000000e-03,  4.00000000e-03,
         8.00000000e-03, -4.00000000e-03, -1.00000000e-02,
         8.00000000e-03, -6.00000000e-03,  0.00000000e+00,
        -2.00000000e-03, -6.00000000e-03, -1.00000000e-02,
         6.00000000e-03,  9.00000000e-03,  7.00000000e-03,
        -9.00000000e-03,  2.00000000e-03]]), 'deltas': array([[2.30760183e-05],
       [5.89550233e-05],
       [2.27839641e-05],
       [9.57596485e-05],
       [0.00000000e+00]]), 'outputs': array([[0.01386402],
       [0.96375751],
       [0.01368608],
       [0.06038032],
       [1.        ]]), 'errors': 0.001687854467502803}, {'weights': array([[-3.46160858, -0.81815122, -3.58215287,  7.5194632 , -3.03654073],
       [ 3.2632618 ,  0.92947284,  3.23357709,  1.53364444, -5.42289895],
       [-2.22308198, -7.08457907, -2.26337341, -3.5584514 ,  2.8516692 ],
       [-2.26314097,  7.03259859, -1.98098045, -4.67390008, -2.81722202]]), 'deltas': array([[-0.00088976],
       [-0.00016198],
       [-0.00019409],
       [ 0.00066469]]), 'outputs': array([[0.03029121],
       [0.01280958],
       [0.01403049],
       [0.97387486]]), 'errors': array([[-0.03029121],
       [-0.01280958],
       [-0.01403049],
       [ 0.02612514]])}]
Accuracy: 100.0 %

train_data group 3 length:  38
   0   1   2   3   4   5   6   7   8  ...  50  51  52  53  54  55  56  57  58
0   0   0   0   0   0   0   1   1   0 ...   1   0   1   0   1   0   1   0   0
1   0   0   0   0   0   0   1   1   0 ...   1   0   1   0   1   0   1   0   0
2   0   0   0   1   0   0   0   1   0 ...   0   1   0   1   1   0   1   0   1
3   0   0   0   0   0   0   1   1   0 ...   0   1   0   1   1   0   1   0   1
4   0   0   0   0   1   0   0   1   0 ...   1   0   1   0   0   1   1   0   2

[5 rows x 59 columns]
Initial Neural Network:
[{'weights': array([[ 0.003,  0.007, -0.002, -0.003, -0.004,  0.006,  0.01 , -0.002,
         0.002, -0.005, -0.003, -0.009,  0.003,  0.003,  0.002, -0.003,
        -0.006,  0.002, -0.01 , -0.005,  0.005,  0.005, -0.003, -0.01 ,
        -0.004,  0.003,  0.007, -0.002,  0.001, -0.008,  0.006,  0.001,
         0.007,  0.009, -0.007,  0.006,  0.005, -0.002,  0.002,  0.003,
        -0.008, -0.005,  0.008, -0.008, -0.009,  0.   , -0.009,  0.006,
         0.009, -0.004,  0.001,  0.01 , -0.002, -0.01 , -0.006,  0.004,
         0.004,  0.001,  0.004],
       [-0.004,  0.005, -0.006,  0.004, -0.01 , -0.006, -0.002, -0.002,
        -0.001, -0.009,  0.008,  0.003, -0.008,  0.004,  0.007,  0.007,
        -0.004,  0.01 , -0.001,  0.006, -0.006,  0.007, -0.007, -0.009,
        -0.001, -0.006,  0.001, -0.008, -0.002,  0.002, -0.009,  0.009,
         0.003,  0.002,  0.007, -0.006, -0.002,  0.008,  0.006, -0.009,
         0.004, -0.005, -0.005, -0.01 ,  0.009,  0.008,  0.   , -0.01 ,
         0.002, -0.01 ,  0.   , -0.006,  0.008, -0.009, -0.004,  0.009,
        -0.007,  0.004, -0.01 ],
       [ 0.007, -0.004,  0.009,  0.005, -0.006,  0.   , -0.007, -0.006,
         0.004, -0.004, -0.002, -0.006, -0.007, -0.007, -0.008, -0.008,
         0.003,  0.002, -0.006, -0.006, -0.009, -0.01 ,  0.003,  0.001,
         0.001, -0.001, -0.009, -0.008, -0.008,  0.005,  0.005,  0.005,
        -0.004, -0.006,  0.003,  0.   ,  0.004, -0.01 , -0.001,  0.006,
        -0.01 , -0.007, -0.003, -0.01 ,  0.005,  0.001, -0.001,  0.007,
         0.002,  0.01 , -0.002,  0.002, -0.005, -0.005,  0.004,  0.01 ,
        -0.007,  0.   ,  0.002],
       [ 0.001,  0.007, -0.009, -0.001,  0.007, -0.001,  0.002,  0.   ,
        -0.003,  0.009,  0.006, -0.007,  0.004,  0.005, -0.003, -0.01 ,
         0.006, -0.01 , -0.009,  0.003,  0.005,  0.005,  0.002, -0.001,
        -0.006,  0.007,  0.005, -0.01 ,  0.001,  0.01 , -0.001, -0.009,
         0.01 ,  0.009,  0.01 ,  0.008, -0.009,  0.006,  0.002, -0.006,
        -0.007,  0.009, -0.008, -0.007,  0.005,  0.004, -0.002,  0.006,
        -0.004,  0.005,  0.009, -0.001,  0.01 ,  0.009, -0.009,  0.01 ,
         0.009, -0.004,  0.002],
       [-0.004,  0.001,  0.005,  0.003, -0.004, -0.01 , -0.008,  0.007,
         0.   , -0.004,  0.005, -0.005, -0.01 ,  0.002,  0.   , -0.003,
         0.001,  0.004,  0.004, -0.006, -0.01 ,  0.   , -0.005, -0.001,
         0.003, -0.002,  0.007, -0.005, -0.005,  0.008, -0.004, -0.002,
         0.002,  0.   , -0.003,  0.003,  0.002, -0.001,  0.003, -0.004,
        -0.005,  0.006,  0.002,  0.006,  0.006,  0.01 ,  0.002,  0.006,
         0.005,  0.001,  0.007, -0.001,  0.004,  0.003, -0.001,  0.006,
        -0.008,  0.005, -0.006]]), 'deltas': array([[0.],
       [0.],
       [0.],
       [0.],
       [0.]]), 'outputs': array([[0.],
       [0.],
       [0.],
       [0.],
       [0.]]), 'errors': array([[0.],
       [0.],
       [0.],
       [0.],
       [0.]])}, {'weights': array([[ 0.007,  0.008, -0.002,  0.   ,  0.007],
       [-0.007,  0.008, -0.007,  0.002,  0.005],
       [-0.003,  0.001,  0.008,  0.004,  0.007],
       [-0.007,  0.004, -0.005,  0.006, -0.003]]), 'deltas': array([[0.],
       [0.],
       [0.],
       [0.],
       [0.]]), 'outputs': array([[0.],
       [0.],
       [0.],
       [0.],
       [0.]]), 'errors': array([[0.],
       [0.],
       [0.],
       [0.],
       [0.]])}]
Training complete!
Training done. epoch: 138 , total error: 0.0009756562438035739
[{'weights': array([[-8.77692010e-02,  4.10945876e-01,  1.36735628e-01,
         5.08920575e-02, -1.44085714e-01, -2.23810768e-01,
        -2.87229379e-01, -8.29263117e-01,  6.67941617e-01,
        -6.62418005e-01,  2.42587588e-01,  2.41508917e-01,
        -1.04976385e-01,  3.13914608e-01, -3.62259723e-01,
        -5.34441285e-01,  3.64119784e-01, -7.05945741e-01,
        -1.07619125e-01,  5.06757560e-01,  1.37485805e-01,
        -7.83822414e-03,  3.92679472e-01, -2.49188114e-01,
        -3.08974634e-01, -4.07653017e-01,  2.56331517e-01,
        -4.44133224e-01,  2.81811723e-01,  1.40172124e-01,
        -5.28418078e-02, -2.49651816e-01, -6.02771674e-01,
         4.57450173e-01, -1.30095607e-01, -3.22258934e-02,
        -6.52418005e-01,  2.29171406e-01,  6.02388684e-01,
        -3.32463586e-01, -3.55934054e-01, -6.47599432e-01,
         1.49462999e+00, -6.65418005e-01,  1.65142085e-01,
        -3.35463586e-01,  1.91375864e-01, -3.55697365e-01,
        -3.73995016e-01,  2.17673515e-01,  4.97096505e-01,
        -6.47418005e-01,  4.94096505e-01, -6.67418005e-01,
        -9.98881591e-01,  8.35560091e-01, -9.62189578e-01,
         8.05868077e-01, -1.57321501e-01],
       [-1.61643535e-01,  4.23810459e-01,  1.55591255e-01,
         6.73269727e-02, -1.76078662e-01, -2.26644133e-01,
        -2.97053936e-01, -8.39579652e-01,  6.40888072e-01,
        -6.51831405e-01,  2.61197601e-01,  1.96942225e-01,
        -2.30094391e-01,  3.88571349e-01, -3.51168537e-01,
        -5.41793054e-01,  3.49101474e-01, -7.14660612e-01,
        -4.92705090e-02,  4.05840353e-01,  1.71399189e-01,
         1.32222867e-04,  3.30595354e-01, -2.45500245e-01,
        -2.90918911e-01, -4.68901978e-01,  2.68210399e-01,
        -4.07755322e-01,  2.02063743e-01,  1.67694341e-01,
        -1.59502693e-01, -2.01883228e-01, -6.97456328e-01,
         5.06764749e-01, -1.25585294e-01, -6.91062853e-02,
        -6.44831405e-01,  1.42550807e-01,  6.23308896e-01,
        -3.13719877e-01, -3.17523105e-01, -7.77348507e-01,
         1.53601144e+00, -6.52831405e-01,  1.18028298e-01,
        -2.96719877e-01,  2.46250905e-01, -4.51942484e-01,
        -3.61630025e-01,  1.57938446e-01,  4.47139826e-01,
        -6.48831405e-01,  4.55139826e-01, -6.51831405e-01,
        -9.51551282e-01,  7.60859703e-01, -1.08575949e+00,
         8.87067915e-01, -2.05691579e-01],
       [-1.04299853e-02,  3.81155504e-01,  1.80448682e-01,
         5.81600054e-02, -6.24128355e-01, -5.97269590e-02,
         1.73563298e-01, -6.50022575e-01,  7.43064765e-01,
        -8.41990613e-01,  2.20770118e-01,  7.04262685e-01,
        -4.62478587e-03,  5.11334359e-01, -4.33667383e-01,
        -5.61312164e-02,  1.46173406e-01, -7.20872429e-01,
         5.46532244e-01,  4.51657389e-01, -2.01275013e-01,
         2.15933224e-01,  6.01662262e-01, -3.07474072e-01,
        -4.20079224e-01,  1.18027010e-01, -3.29848194e-02,
        -2.98970819e-01,  3.78013009e-01,  2.01945082e-01,
        -6.31703698e-02, -2.87325225e-02, -3.69734841e-01,
         4.54777031e-01, -9.49292709e-02,  1.92971461e-01,
        -8.33990613e-01,  2.99943031e-01,  5.64976612e-01,
         6.31131598e-02, -2.88038390e-01, -1.61036817e-01,
         1.36210801e+00, -8.47990613e-01,  4.29290303e-02,
         5.81131598e-02, -6.51761218e-02,  1.66218312e-01,
        -3.04245493e-01,  4.11287683e-01,  9.31032803e-01,
        -8.35990613e-01,  9.28032803e-01, -8.42990613e-01,
        -7.76877453e-01,  8.85919643e-01, -6.71419013e-01,
         7.59461204e-01,  9.70421901e-02],
       [ 5.86231293e-02,  3.90209042e-01,  3.15258028e-01,
        -4.67223881e-02, -3.13106998e-01, -4.34780073e-01,
        -5.09703749e-02, -1.04535842e+00,  9.54868785e-01,
        -7.10654223e-01,  2.25267289e-01,  4.05897298e-01,
         2.54002212e-01,  4.47296337e-02, -3.80221481e-01,
        -2.41274531e-01,  1.49784895e-01, -1.09084951e+00,
         4.87102660e-01,  3.70215627e-01,  1.35041592e-01,
        -5.09639544e-02,  5.81246143e-01, -2.49520700e-01,
        -3.68251123e-01, -5.41857676e-01,  4.66368041e-01,
        -3.50304679e-01,  2.53815044e-01, -6.36434040e-02,
        -1.39500775e-01,  1.15654544e-01, -2.90151268e-02,
        -3.94745084e-02,  2.63155304e-01, -3.32644939e-01,
        -7.28654223e-01,  5.40666039e-01,  5.60094327e-01,
        -4.66595778e-01, -5.23230520e-01, -1.43128335e-01,
         1.29252344e+00, -7.26654223e-01,  3.78106143e-01,
        -4.56595778e-01,  9.60684636e-03, -9.30964816e-02,
        -6.58470193e-01,  5.71980557e-01,  6.41164588e-01,
        -7.20654223e-01,  6.42164588e-01, -7.10654223e-01,
        -1.18925000e+00,  1.10276037e+00, -4.46310925e-01,
         3.63821290e-01, -8.54896352e-02],
       [-4.00000000e-03,  1.00000000e-03,  5.00000000e-03,
         3.00000000e-03, -4.00000000e-03, -1.00000000e-02,
        -8.00000000e-03,  7.00000000e-03,  0.00000000e+00,
        -4.00000000e-03,  5.00000000e-03, -5.00000000e-03,
        -1.00000000e-02,  2.00000000e-03,  0.00000000e+00,
        -3.00000000e-03,  1.00000000e-03,  4.00000000e-03,
         4.00000000e-03, -6.00000000e-03, -1.00000000e-02,
         0.00000000e+00, -5.00000000e-03, -1.00000000e-03,
         3.00000000e-03, -2.00000000e-03,  7.00000000e-03,
        -5.00000000e-03, -5.00000000e-03,  8.00000000e-03,
        -4.00000000e-03, -2.00000000e-03,  2.00000000e-03,
         0.00000000e+00, -3.00000000e-03,  3.00000000e-03,
         2.00000000e-03, -1.00000000e-03,  3.00000000e-03,
        -4.00000000e-03, -5.00000000e-03,  6.00000000e-03,
         2.00000000e-03,  6.00000000e-03,  6.00000000e-03,
         1.00000000e-02,  2.00000000e-03,  6.00000000e-03,
         5.00000000e-03,  1.00000000e-03,  7.00000000e-03,
        -1.00000000e-03,  4.00000000e-03,  3.00000000e-03,
        -1.00000000e-03,  6.00000000e-03, -8.00000000e-03,
         5.00000000e-03, -6.00000000e-03]]), 'deltas': array([[6.69573467e-06],
       [8.06980463e-06],
       [9.85899872e-07],
       [2.69307191e-06],
       [0.00000000e+00]]), 'outputs': array([[0.99897069],
       [0.9987592 ],
       [0.99984857],
       [0.99958626],
       [1.        ]]), 'errors': 0.006511780673498442}, {'weights': array([[-3.66031366, -2.32873361,  6.77341966, -5.2558674 , -2.39060615],
       [-2.22649053, -2.11870204, -6.94092927, -6.74946066,  2.65081329],
       [-3.85709565, -5.39604013,  0.07353707,  9.17664236, -3.41875855],
       [ 3.86570172,  5.26875208,  1.02457553, -0.26366837, -6.41846868]]), 'deltas': array([[-1.10934448e-06],
       [-4.41134944e-14],
       [-9.91393272e-04],
       [ 8.97852672e-04]]), 'outputs': array([[1.05380964e-03],
       [2.10032149e-07],
       [3.20026468e-02],
       [9.69569217e-01]]), 'errors': array([[-1.05380964e-03],
       [-2.10032149e-07],
       [-3.20026468e-02],
       [ 3.04307832e-02]])}]
Accuracy: 100.0 %

train_data group 4 length:  37
   0   1   2   3   4   5   6   7   8  ...  50  51  52  53  54  55  56  57  58
0   0   0   0   0   0   0   1   1   0 ...   1   0   1   0   1   0   1   0   0
1   0   0   0   0   0   0   1   1   0 ...   1   0   1   0   1   0   1   0   0
2   0   0   0   1   0   0   0   1   0 ...   0   1   0   1   1   0   1   0   1
3   0   0   0   0   0   0   1   1   0 ...   0   1   0   1   1   0   1   0   1
4   0   0   0   0   1   0   0   1   0 ...   1   0   1   0   0   1   1   0   2

[5 rows x 59 columns]
Initial Neural Network:
[{'weights': array([[-0.007,  0.   , -0.003,  0.01 , -0.005, -0.007, -0.004, -0.004,
         0.009, -0.009, -0.01 , -0.008, -0.01 ,  0.009,  0.   ,  0.009,
         0.004, -0.008,  0.   , -0.006, -0.002,  0.002, -0.007,  0.002,
         0.001, -0.001, -0.002, -0.002, -0.008, -0.01 , -0.006,  0.001,
        -0.007,  0.003, -0.002,  0.005,  0.001,  0.006, -0.004,  0.   ,
        -0.001,  0.002,  0.004, -0.009,  0.001,  0.   ,  0.01 , -0.007,
        -0.01 ,  0.006,  0.01 ,  0.009, -0.003,  0.   ,  0.008, -0.01 ,
         0.006, -0.001, -0.007],
       [-0.005, -0.007, -0.001,  0.004, -0.004,  0.006, -0.005, -0.004,
         0.008,  0.   ,  0.007,  0.01 , -0.009,  0.01 , -0.006,  0.002,
         0.002,  0.009, -0.009,  0.003, -0.009, -0.003, -0.001, -0.005,
        -0.002, -0.008,  0.01 ,  0.005, -0.01 , -0.009,  0.007, -0.004,
        -0.002, -0.006,  0.   ,  0.005,  0.007,  0.01 , -0.009,  0.006,
         0.004, -0.008,  0.003, -0.006,  0.004,  0.009, -0.009,  0.003,
         0.007, -0.007,  0.006, -0.009,  0.   ,  0.004,  0.005, -0.002,
        -0.006, -0.003,  0.007],
       [-0.009,  0.01 , -0.004,  0.003, -0.008,  0.003,  0.009, -0.008,
        -0.005,  0.   , -0.001,  0.005,  0.005, -0.008,  0.005,  0.004,
         0.007, -0.003, -0.01 , -0.001, -0.002, -0.009,  0.01 , -0.005,
         0.   , -0.002, -0.005, -0.003,  0.01 ,  0.005,  0.007,  0.003,
        -0.007,  0.009,  0.008,  0.   , -0.01 , -0.007,  0.003,  0.   ,
        -0.002, -0.008,  0.005, -0.004, -0.008, -0.009, -0.001, -0.006,
         0.001,  0.007,  0.001,  0.004,  0.   ,  0.009,  0.007, -0.004,
         0.001, -0.007,  0.007],
       [ 0.01 ,  0.008, -0.003, -0.007, -0.006,  0.001,  0.002,  0.   ,
        -0.008, -0.005,  0.01 , -0.004, -0.003, -0.009, -0.002,  0.002,
         0.   ,  0.005,  0.004,  0.005, -0.001, -0.007,  0.007, -0.01 ,
        -0.01 ,  0.007, -0.009, -0.006,  0.002,  0.008, -0.003,  0.009,
         0.009,  0.002,  0.   , -0.01 ,  0.003,  0.008, -0.004,  0.003,
        -0.008,  0.001,  0.01 ,  0.003, -0.001,  0.007, -0.009, -0.004,
        -0.009,  0.   , -0.002,  0.009,  0.004,  0.007, -0.008, -0.003,
         0.003,  0.005,  0.01 ],
       [-0.006,  0.006,  0.001, -0.005, -0.008,  0.004, -0.008,  0.008,
        -0.004, -0.001,  0.003,  0.001, -0.001,  0.007, -0.01 , -0.007,
        -0.001,  0.01 ,  0.005, -0.006, -0.005, -0.004, -0.001, -0.01 ,
         0.01 ,  0.009,  0.001,  0.003, -0.008, -0.008, -0.004, -0.003,
        -0.007, -0.007, -0.002,  0.001,  0.003,  0.002, -0.001,  0.007,
        -0.001,  0.01 , -0.002,  0.005,  0.004,  0.009, -0.009, -0.005,
         0.003,  0.001, -0.007, -0.004, -0.004,  0.001,  0.001,  0.01 ,
         0.   ,  0.001,  0.001]]), 'deltas': array([[0.],
       [0.],
       [0.],
       [0.],
       [0.]]), 'outputs': array([[0.],
       [0.],
       [0.],
       [0.],
       [0.]]), 'errors': array([[0.],
       [0.],
       [0.],
       [0.],
       [0.]])}, {'weights': array([[ 0.   , -0.006,  0.01 ,  0.006, -0.009],
       [-0.006,  0.007,  0.006,  0.004, -0.01 ],
       [ 0.002,  0.005,  0.009, -0.009, -0.006],
       [ 0.008,  0.   ,  0.008,  0.01 ,  0.004]]), 'deltas': array([[0.],
       [0.],
       [0.],
       [0.],
       [0.]]), 'outputs': array([[0.],
       [0.],
       [0.],
       [0.],
       [0.]]), 'errors': array([[0.],
       [0.],
       [0.],
       [0.],
       [0.]])}]
Training complete!
Training done. epoch: 110 , total error: 0.0006599178177622335
[{'weights': array([[ 1.25293028e-01,  3.69535298e-01, -2.38283976e-01,
         2.76982829e-01, -3.05512959e-01, -2.63981982e-01,
        -1.85877508e-01, -7.34718552e-01,  5.33873282e-01,
        -5.96898902e-01,  2.89793452e-01,  7.42601806e-02,
        -1.75701887e-01,  2.99716369e-01, -3.30859752e-01,
        -4.52522521e-01,  2.59677251e-01,  6.87262496e-03,
        -2.63987318e-01,  1.26434543e-02,  2.26259693e-02,
        -2.76006116e-01,  5.05581607e-01, -3.15314789e-01,
        -1.22105971e-01, -1.47921625e-01, -6.09236444e-02,
        -1.13604148e-01, -1.02241122e-01,  6.29780647e-02,
        -1.66642881e-01, -1.17180453e-01, -5.01345503e-01,
         2.91500233e-01, -1.34537427e-01, -6.83078423e-02,
        -5.86898902e-01,  1.28115640e-01,  5.87580240e-01,
        -3.31642248e-01, -1.28247373e-01, -7.88568425e-01,
         1.30386943e+00, -5.96898902e-01,  1.26796978e-01,
        -3.31642248e-01,  2.43258151e-01, -4.46103421e-01,
        -2.41262815e-01,  3.14175451e-02,  3.92053632e-01,
        -5.78898902e-01,  3.79053632e-01, -5.87898902e-01,
        -9.11541150e-01,  7.03695880e-01, -1.49971470e+00,
         1.29886943e+00, -2.12845270e-01],
       [ 1.29128039e-01,  3.60625041e-01, -2.37092681e-01,
         2.62242647e-01, -3.01471432e-01, -2.50549369e-01,
        -1.86927190e-01, -7.41471999e-01,  5.33427052e-01,
        -5.83981230e-01,  3.07738719e-01,  8.11975653e-02,
        -1.80537234e-01,  2.99355428e-01, -3.35863140e-01,
        -4.56350926e-01,  2.48305980e-01,  2.43297171e-02,
        -2.68758206e-01,  1.55915673e-02,  1.07919749e-02,
        -2.84428056e-01,  5.05294798e-01, -3.20504306e-01,
        -1.23407382e-01, -1.54977463e-01, -5.50674839e-02,
        -1.12470165e-01, -1.04574782e-01,  6.70785574e-02,
        -1.66703241e-01, -1.18420263e-01, -5.05253518e-01,
         2.85208572e-01, -1.30784033e-01, -7.62609133e-02,
        -5.76981230e-01,  1.24221341e-01,  5.83056473e-01,
        -3.28341530e-01, -1.24977127e-01, -8.06707579e-01,
         1.30262099e+00, -5.89981230e-01,  1.26296584e-01,
        -3.25341530e-01,  2.31013582e-01, -4.49058529e-01,
        -2.22868185e-01,  1.08232386e-02,  3.77936284e-01,
        -5.92981230e-01,  3.71936284e-01, -5.79981230e-01,
        -9.13322761e-01,  7.04277814e-01, -1.51766594e+00,
         1.29662099e+00, -2.05044946e-01],
       [ 1.28060982e-01,  3.75502517e-01, -2.42080082e-01,
         2.75027188e-01, -3.10083565e-01, -2.55971265e-01,
        -1.75365943e-01, -7.36262001e-01,  5.14351833e-01,
        -5.89114471e-01,  2.99798112e-01,  8.44061915e-02,
        -1.61825861e-01,  2.84455559e-01, -3.29539865e-01,
        -4.62728626e-01,  2.64818458e-01,  1.12814092e-02,
        -2.74112986e-01,  1.40207294e-02,  2.39006801e-02,
        -2.88275359e-01,  5.23872161e-01, -3.23250167e-01,
        -1.25256802e-01, -1.42565912e-01, -7.33442550e-02,
        -1.09213959e-01, -9.26962085e-02,  7.70004038e-02,
        -1.53805991e-01, -1.17104581e-01, -4.95508920e-01,
         2.88598753e-01, -1.31805153e-01, -6.91050143e-02,
        -5.99114471e-01,  1.23969212e-01,  5.86078044e-01,
        -3.33842952e-01, -1.29621192e-01, -7.96657765e-01,
         1.30148326e+00, -5.93114471e-01,  1.16932784e-01,
        -3.42842952e-01,  2.29268819e-01, -4.45178986e-01,
        -2.38454673e-01,  3.75445059e-02,  3.81204304e-01,
        -5.85114471e-01,  3.80204304e-01, -5.80114471e-01,
        -9.15957423e-01,  7.10047255e-01, -1.50439343e+00,
         1.28948326e+00, -2.01910167e-01],
       [ 2.18693261e-01,  3.44082751e-01, -3.66462521e-01,
         3.96808190e-01, -2.98131436e-01, -3.03820146e-01,
        -3.75536870e-02, -4.69025936e-01,  4.09642348e-01,
        -6.68835937e-01,  2.79656567e-01,  3.38795781e-01,
         2.31560455e-02,  3.04477454e-01, -3.93017087e-01,
        -3.61343470e-01,  3.11959882e-01,  1.87803892e-01,
        -4.49690296e-01,  2.05808439e-01,  1.76943768e-02,
        -6.48812581e-02,  5.48939508e-01, -3.81372235e-01,
        -1.74069603e-01,  4.36039544e-01, -4.89423132e-01,
        -4.87785785e-02, -6.60500940e-03, -7.51170978e-02,
        -1.96819852e-01,  2.34553362e-01, -2.26219765e-01,
         1.85836177e-01, -3.24880278e-02, -2.88955601e-02,
        -6.60835937e-01,  2.82514260e-01,  5.30437046e-01,
        -1.93498957e-01, -1.85135289e-01, -3.73207944e-01,
         1.17379558e+00, -6.60835937e-01,  1.44115369e-01,
        -1.89498957e-01,  6.45997200e-02, -1.28983308e-01,
        -4.94579148e-01,  4.34195560e-01,  6.10452349e-01,
        -6.54835937e-01,  6.16452349e-01, -6.56835937e-01,
        -8.68334894e-01,  8.05951306e-01, -1.21217917e+00,
         1.16879558e+00, -4.13835879e-02],
       [-6.00000000e-03,  6.00000000e-03,  1.00000000e-03,
        -5.00000000e-03, -8.00000000e-03,  4.00000000e-03,
        -8.00000000e-03,  8.00000000e-03, -4.00000000e-03,
        -1.00000000e-03,  3.00000000e-03,  1.00000000e-03,
        -1.00000000e-03,  7.00000000e-03, -1.00000000e-02,
        -7.00000000e-03, -1.00000000e-03,  1.00000000e-02,
         5.00000000e-03, -6.00000000e-03, -5.00000000e-03,
        -4.00000000e-03, -1.00000000e-03, -1.00000000e-02,
         1.00000000e-02,  9.00000000e-03,  1.00000000e-03,
         3.00000000e-03, -8.00000000e-03, -8.00000000e-03,
        -4.00000000e-03, -3.00000000e-03, -7.00000000e-03,
        -7.00000000e-03, -2.00000000e-03,  1.00000000e-03,
         3.00000000e-03,  2.00000000e-03, -1.00000000e-03,
         7.00000000e-03, -1.00000000e-03,  1.00000000e-02,
        -2.00000000e-03,  5.00000000e-03,  4.00000000e-03,
         9.00000000e-03, -9.00000000e-03, -5.00000000e-03,
         3.00000000e-03,  1.00000000e-03, -7.00000000e-03,
        -4.00000000e-03, -4.00000000e-03,  1.00000000e-03,
         1.00000000e-03,  1.00000000e-02,  0.00000000e+00,
         1.00000000e-03,  1.00000000e-03]]), 'deltas': array([[5.28976331e-05],
       [5.35997560e-05],
       [5.43442248e-05],
       [4.10085115e-05],
       [0.00000000e+00]]), 'outputs': array([[0.98869281],
       [0.98854097],
       [0.98837992],
       [0.99125686],
       [1.        ]]), 'errors': 0.004731733238009078}, {'weights': array([[-1.98966202, -1.97566619, -2.04840962, -3.21220298,  0.02043599],
       [-2.37596831, -2.36456023, -2.40690737, -5.44556876,  0.40046048],
       [-3.80892833, -3.95165909, -3.53044122, 10.54149195, -2.81676859],
       [ 2.52432254,  2.54079118,  2.5036396 ,  1.43600168, -5.12600045]]), 'deltas': array([[-1.22554710e-08],
       [-3.32813538e-11],
       [-7.95379809e-04],
       [ 4.89799061e-04]]), 'outputs': array([[1.10710560e-04],
       [5.76901602e-06],
       [2.86148552e-02],
       [9.77616671e-01]]), 'errors': array([[-1.10710560e-04],
       [-5.76901602e-06],
       [-2.86148552e-02],
       [ 2.23833288e-02]])}]
Accuracy: 70.0 %

Feedforward Neural Network AVG Accuracy (%): 85.11111111111111 %
