Namespace(error_threshold=0.001, max_epochs=1000, num_layers=2, num_nodes_per_hidden_layer=4, training_rate=0.1)

train_data group 0 length:  38
   0   1   2   3   4   5   6   7   8  ...  50  51  52  53  54  55  56  57  58
0   0   0   0   0   1   0   0   1   0 ...   1   0   1   0   1   0   1   0   0
1   0   0   0   0   0   0   1   1   0 ...   1   0   1   0   1   0   1   0   0
2   0   0   0   0   0   1   0   1   0 ...   0   1   0   1   1   0   1   0   1
3   0   0   0   0   1   0   0   1   0 ...   0   1   0   1   1   0   1   0   1
4   1   0   0   0   0   0   0   0   1 ...   1   0   1   0   0   1   1   0   2

[5 rows x 59 columns]
Initial Neural Network:
[{'weights': array([[-0.004,  0.007,  0.005, -0.001,  0.009, -0.005, -0.001,  0.007,
         0.004,  0.004, -0.003, -0.01 ,  0.003, -0.01 , -0.005, -0.01 ,
         0.007,  0.009, -0.007, -0.004,  0.006, -0.005, -0.002, -0.009,
         0.007,  0.008, -0.01 ,  0.   , -0.007,  0.002, -0.003, -0.003,
         0.009,  0.007,  0.005, -0.007, -0.001,  0.002,  0.004, -0.001,
        -0.009,  0.002, -0.003, -0.003,  0.   ,  0.01 ,  0.009, -0.009,
         0.005,  0.01 ,  0.01 , -0.001, -0.002,  0.   ,  0.003,  0.005,
         0.006, -0.008, -0.001],
       [ 0.01 , -0.006,  0.003, -0.003,  0.003,  0.004, -0.002, -0.003,
         0.007, -0.004, -0.001, -0.003,  0.01 ,  0.005, -0.006, -0.007,
        -0.01 ,  0.002, -0.003,  0.003,  0.001,  0.004,  0.007,  0.006,
         0.   ,  0.004,  0.01 , -0.006, -0.007,  0.01 , -0.005,  0.004,
        -0.005, -0.005,  0.003,  0.01 , -0.006,  0.009, -0.005, -0.003,
        -0.003, -0.01 , -0.006, -0.003, -0.01 ,  0.002,  0.009, -0.007,
         0.003,  0.007,  0.006,  0.   ,  0.   , -0.006, -0.009,  0.   ,
         0.007, -0.004,  0.006],
       [-0.001,  0.002, -0.002, -0.001,  0.002,  0.007, -0.001,  0.002,
        -0.004, -0.005, -0.002, -0.008, -0.002,  0.007,  0.01 , -0.009,
         0.007, -0.001, -0.006, -0.01 ,  0.003,  0.01 ,  0.01 ,  0.   ,
        -0.002, -0.003, -0.001,  0.   ,  0.01 ,  0.007,  0.008,  0.001,
        -0.005, -0.001, -0.008, -0.002,  0.007, -0.001, -0.005,  0.005,
        -0.007,  0.005,  0.005, -0.005, -0.007,  0.009,  0.001, -0.006,
        -0.003, -0.005,  0.003, -0.005,  0.007, -0.005, -0.006, -0.002,
        -0.009, -0.001, -0.009],
       [ 0.01 , -0.01 , -0.01 , -0.006, -0.004, -0.006, -0.002, -0.006,
         0.002,  0.004,  0.009,  0.004, -0.004,  0.009,  0.007, -0.002,
        -0.003,  0.001,  0.01 , -0.004, -0.001,  0.   , -0.001, -0.001,
        -0.004, -0.007, -0.01 , -0.001, -0.003,  0.003, -0.009,  0.002,
         0.01 ,  0.002,  0.003,  0.   , -0.01 , -0.003, -0.004,  0.   ,
        -0.004,  0.005,  0.   , -0.008,  0.01 , -0.007, -0.009, -0.003,
         0.007, -0.005,  0.003,  0.01 ,  0.004, -0.01 , -0.005,  0.006,
        -0.009, -0.001, -0.009],
       [-0.001, -0.003, -0.002,  0.   ,  0.008,  0.   , -0.005,  0.   ,
        -0.002,  0.01 , -0.003, -0.01 , -0.006,  0.   ,  0.002, -0.001,
        -0.009, -0.006, -0.007, -0.003,  0.009, -0.006,  0.002,  0.   ,
        -0.003,  0.005,  0.01 , -0.001,  0.002,  0.009,  0.006, -0.005,
        -0.008, -0.001, -0.001,  0.007, -0.002,  0.003, -0.01 , -0.005,
         0.001,  0.01 ,  0.01 , -0.006, -0.004,  0.004,  0.004,  0.009,
        -0.004, -0.005, -0.003, -0.003, -0.003,  0.004, -0.008, -0.008,
         0.009, -0.01 ,  0.002]]), 'deltas': array([[0.],
       [0.],
       [0.],
       [0.],
       [0.]]), 'outputs': array([[0.],
       [0.],
       [0.],
       [0.],
       [0.]]), 'errors': array([[0.],
       [0.],
       [0.],
       [0.],
       [0.]])}, {'weights': array([[ 0.01 , -0.01 , -0.005, -0.008,  0.01 ],
       [ 0.003, -0.008,  0.009,  0.002, -0.01 ],
       [ 0.002,  0.004, -0.001,  0.008, -0.01 ],
       [ 0.01 , -0.008, -0.007, -0.006, -0.002]]), 'deltas': array([[0.],
       [0.],
       [0.],
       [0.],
       [0.]]), 'outputs': array([[0.],
       [0.],
       [0.],
       [0.],
       [0.]]), 'errors': array([[0.],
       [0.],
       [0.],
       [0.],
       [0.]])}]
Training complete!
Training done. epoch: 932 , total error: 0.000906466331014117
[{'weights': array([[-8.44229122e-02,  3.05994492e-01,  1.50772336e-01,
        -3.11546313e-01,  1.43092175e-01, -8.15100812e-01,
         5.51921977e-01, -6.38099003e-01,  5.79809945e-01,
        -8.12988358e-01,  3.16103011e-01,  4.18596289e-01,
         1.26281680e-01,  1.64707468e-01, -3.72278206e-01,
        -1.63702754e-01,  9.14136965e-02, -1.39314098e-01,
        -1.59705824e-02, -2.99022685e-01,  3.89018308e-01,
         2.58866245e-01,  3.31449584e-01, -2.04820798e-01,
        -4.63784088e-01,  1.00998478e-01, -1.72287535e-01,
         5.26650680e-01, -6.02939737e-01, -9.29727501e-02,
        -3.11013733e-01,  3.30697426e-01, -4.10935340e-01,
         3.57646283e-01,  4.90338802e-01, -5.61627859e-01,
        -8.17988358e-01,  3.52611669e-01,  5.81084072e-01,
        -1.80996441e-01, -1.06843231e+00,  4.61500530e-01,
         1.34463108e+00, -8.19988358e-01,  1.10707384e-01,
        -1.69996441e-01,  7.09994166e-02, -1.40288474e-01,
        -8.15839747e-02,  2.72949175e-02,  7.57699300e-01,
        -8.17988358e-01,  7.45699300e-01, -8.16988358e-01,
        -9.93984799e-01,  9.32695742e-01, -1.39361282e-01,
         6.80722247e-02, -7.02890572e-02],
       [-1.14768354e-01,  3.09557031e-01,  2.02697304e-01,
         1.80272402e-01, -1.70256070e-02, -3.99260301e-01,
        -9.97377904e-02, -5.55881063e-01,  6.12615747e-01,
        -7.64204257e-01,  3.33951906e-01,  4.74987036e-01,
         1.04515992e-01,  3.03071427e-01, -3.45852735e-01,
        -2.85734450e-01,  3.21469134e-01, -1.76216953e-01,
        -1.87627828e-01,  1.33505872e-01,  2.86073594e-01,
         6.81845688e-02,  5.97777831e-01, -1.74159835e-01,
        -4.22067880e-01,  1.36366329e-01, -6.96316439e-02,
        -1.79076339e-01,  2.18811024e-01,  2.23800597e-01,
        -1.60882103e-01, -1.18381009e-03, -4.87985957e-01,
         5.30720642e-01,  1.31191433e-01, -6.54567479e-02,
        -7.66204257e-01,  3.82303618e-01,  5.87529849e-01,
        -1.55894526e-01, -4.36860700e-01, -2.12019783e-01,
         1.44281942e+00, -7.63204257e-01,  1.95629210e-01,
        -1.50894526e-01,  1.98692319e-01, -1.43957634e-01,
         8.03443848e-02, -1.76097001e-02,  8.18938941e-01,
        -7.60204257e-01,  8.12938941e-01, -7.66204257e-01,
        -9.22098782e-01,  9.65833467e-01, -5.86707538e-02,
         1.14405438e-01,  5.87346847e-02],
       [-2.37882084e-01,  3.41355971e-01,  1.43597532e-01,
         2.31000111e-01, -1.31056923e-01, -3.45247216e-01,
        -2.51224298e-01, -7.30487117e-01,  4.73030211e-01,
        -7.09884856e-01,  3.53630299e-01,  8.57976508e-02,
        -1.50703562e-01,  2.23382728e-01, -3.13136072e-01,
        -5.95317303e-01,  3.37860397e-01, -3.64903392e-01,
        -1.71768053e-01,  1.01259474e-01,  1.65955065e-01,
        -1.39964696e-01,  4.41274260e-01, -1.73374694e-01,
        -3.65391776e-01, -1.82980392e-01, -7.64765140e-02,
        -3.75540198e-01,  1.30083292e-01,  3.37062120e-01,
        -2.93708549e-01, -2.82810477e-01, -7.74133338e-01,
         5.12676432e-01, -2.16270212e-01, -4.91866943e-02,
        -6.97884856e-01,  1.61114471e-01,  6.26437955e-01,
        -3.39124477e-01, -3.63618350e-01, -7.51639464e-01,
         1.56768576e+00, -7.09884856e-01,  8.16675707e-02,
        -3.35124477e-01,  3.26201186e-01, -5.86658093e-01,
        -1.29749024e-01, -1.33707883e-01,  4.52427949e-01,
        -7.09884856e-01,  4.56427949e-01, -7.09884856e-01,
        -1.05500933e+00,  7.91552426e-01, -6.21290824e-01,
         3.55833918e-01, -2.64456906e-01],
       [-1.72441471e-01,  3.22588410e-01,  1.24168596e-01,
         2.08785527e-01, -1.33378496e-01, -3.75564077e-01,
        -2.50612969e-01, -7.65368753e-01,  5.12914273e-01,
        -7.13513143e-01,  3.59031192e-01,  1.23027471e-01,
        -9.70635593e-02,  1.81413796e-01, -3.20804717e-01,
        -5.66718416e-01,  3.13263936e-01, -2.37905059e-01,
        -2.12796395e-01,  8.93639116e-02,  1.18883062e-01,
        -1.52703039e-01,  4.55666996e-01, -1.74722138e-01,
        -3.82696299e-01, -7.53333355e-02, -1.90121145e-01,
        -4.72483072e-01,  2.20028591e-01,  2.98858840e-01,
        -3.48551608e-01, -2.02761712e-01, -6.98265015e-01,
         4.61810534e-01, -1.75984094e-01, -6.94703862e-02,
        -7.27513143e-01,  1.99570223e-01,  6.17990847e-01,
        -3.55502407e-01, -3.77194700e-01, -6.85572722e-01,
         1.53282608e+00, -7.25513143e-01,  1.17047927e-01,
        -3.62502407e-01,  2.82772130e-01, -5.43226610e-01,
        -1.06053961e-01, -1.40400520e-01,  4.72058663e-01,
        -7.07513143e-01,  4.73058663e-01, -7.27513143e-01,
        -1.07801555e+00,  8.30561070e-01, -5.12032792e-01,
         2.53578312e-01, -2.57454480e-01],
       [-1.00000000e-03, -3.00000000e-03, -2.00000000e-03,
         0.00000000e+00,  8.00000000e-03,  0.00000000e+00,
        -5.00000000e-03,  0.00000000e+00, -2.00000000e-03,
         1.00000000e-02, -3.00000000e-03, -1.00000000e-02,
        -6.00000000e-03,  0.00000000e+00,  2.00000000e-03,
        -1.00000000e-03, -9.00000000e-03, -6.00000000e-03,
        -7.00000000e-03, -3.00000000e-03,  9.00000000e-03,
        -6.00000000e-03,  2.00000000e-03,  0.00000000e+00,
        -3.00000000e-03,  5.00000000e-03,  1.00000000e-02,
        -1.00000000e-03,  2.00000000e-03,  9.00000000e-03,
         6.00000000e-03, -5.00000000e-03, -8.00000000e-03,
        -1.00000000e-03, -1.00000000e-03,  7.00000000e-03,
        -2.00000000e-03,  3.00000000e-03, -1.00000000e-02,
        -5.00000000e-03,  1.00000000e-03,  1.00000000e-02,
         1.00000000e-02, -6.00000000e-03, -4.00000000e-03,
         4.00000000e-03,  4.00000000e-03,  9.00000000e-03,
        -4.00000000e-03, -5.00000000e-03, -3.00000000e-03,
        -3.00000000e-03, -3.00000000e-03,  4.00000000e-03,
        -8.00000000e-03, -8.00000000e-03,  9.00000000e-03,
        -1.00000000e-02,  2.00000000e-03]]), 'deltas': array([[2.59119476e-05],
       [2.36237122e-06],
       [2.97660560e-05],
       [3.00509155e-05],
       [0.00000000e+00]]), 'outputs': array([[0.99552321],
       [0.99959352],
       [0.99485387],
       [0.99480437],
       [1.        ]]), 'errors': 0.005814088156872885}, {'weights': array([[ 5.40718905, -5.091958  , -2.20408746, -2.83852938, -1.06421393],
       [-9.09987777, -3.7127609 , -2.61834348, -2.77903451,  1.80830954],
       [ 5.61768577,  3.77406597, -4.47162619, -3.09280202, -6.16462026],
       [ 0.19015938,  1.41955483,  4.28882034,  3.64152886, -6.329431  ]]), 'deltas': array([[-9.30959527e-06],
       [-6.52527530e-15],
       [-1.68415074e-04],
       [ 1.56696315e-03]]), 'outputs': array([[3.05583558e-03],
       [8.07791794e-08],
       [1.30630859e-02],
       [9.59590220e-01]]), 'errors': array([[-3.05583558e-03],
       [-8.07791794e-08],
       [-1.30630859e-02],
       [ 4.04097800e-02]])}]
neural_net output [3.13345688e-01 3.45341257e-04 6.77876734e-01 6.81217943e-03]
target: 0 prediction: 2
neural_net output [2.96961039e-01 3.03240280e-04 7.19820821e-01 6.72400982e-03]
target: 0 prediction: 2
neural_net output [0.24694306 0.84277399 0.00228299 0.00184639]
target: 1 prediction: 1
neural_net output [0.24977736 0.84943    0.00219468 0.00182786]
target: 1 prediction: 1
neural_net output [1.09045792e-01 5.21517137e-06 7.44539068e-01 6.41833148e-02]
target: 2 prediction: 2
neural_net output [1.01134732e-01 6.88982223e-06 7.69540898e-01 5.34967150e-02]
target: 2 prediction: 2
neural_net output [3.18729113e-03 8.15668564e-08 1.37693194e-02 9.57905575e-01]
target: 3 prediction: 3
neural_net output [3.10463289e-03 8.07106682e-08 1.33366691e-02 9.59045819e-01]
target: 3 prediction: 3
neural_net output [3.10371812e-03 7.81899327e-08 1.32933828e-02 9.59732157e-01]
target: 3 prediction: 3
Accuracy: 77.77777777777779 %

train_data group 1 length:  38
   0   1   2   3   4   5   6   7   8  ...  50  51  52  53  54  55  56  57  58
0   0   0   0   0   0   0   1   1   0 ...   1   0   1   0   1   0   1   0   0
1   0   0   0   0   0   0   1   1   0 ...   1   0   1   0   1   0   1   0   0
2   0   0   0   1   0   0   0   1   0 ...   0   1   0   1   1   0   1   0   1
3   0   0   0   0   0   0   1   1   0 ...   0   1   0   1   1   0   1   0   1
4   0   0   0   0   1   0   0   1   0 ...   1   0   1   0   0   1   1   0   2

[5 rows x 59 columns]
Initial Neural Network:
[{'weights': array([[ 0.004, -0.005,  0.   ,  0.01 , -0.009,  0.002,  0.004,  0.009,
         0.01 , -0.007, -0.008,  0.001, -0.005, -0.008,  0.007,  0.002,
        -0.005, -0.007, -0.001, -0.005,  0.   , -0.004,  0.01 ,  0.003,
        -0.005, -0.002, -0.009, -0.008, -0.007, -0.006,  0.009, -0.003,
        -0.005,  0.004,  0.006,  0.01 ,  0.005,  0.008, -0.005, -0.01 ,
        -0.009, -0.01 ,  0.001, -0.009,  0.008, -0.003, -0.007,  0.005,
         0.005, -0.004,  0.01 , -0.01 , -0.001,  0.005,  0.005,  0.   ,
         0.004, -0.006,  0.   ],
       [ 0.   , -0.003, -0.008,  0.01 , -0.008,  0.   , -0.01 ,  0.   ,
        -0.002, -0.001, -0.002, -0.008,  0.004,  0.004, -0.003,  0.007,
         0.009,  0.003,  0.006, -0.004,  0.009, -0.01 ,  0.009, -0.005,
         0.008, -0.003,  0.006,  0.01 , -0.001,  0.002,  0.006, -0.003,
         0.003,  0.003,  0.007,  0.008,  0.001,  0.008,  0.003,  0.003,
         0.009, -0.006,  0.01 , -0.009,  0.   ,  0.003, -0.009,  0.007,
         0.003,  0.003, -0.01 ,  0.003, -0.009,  0.001,  0.002,  0.002,
         0.001,  0.001,  0.002],
       [ 0.002,  0.   , -0.007, -0.002,  0.004, -0.003, -0.003,  0.007,
         0.007, -0.001,  0.003,  0.004, -0.009,  0.004, -0.007,  0.001,
        -0.005,  0.008,  0.001, -0.005, -0.01 ,  0.002,  0.002, -0.008,
         0.001,  0.004,  0.007, -0.003,  0.001, -0.001,  0.008, -0.003,
        -0.004,  0.006,  0.007,  0.001,  0.007, -0.001, -0.006,  0.008,
         0.001, -0.003, -0.006, -0.003,  0.01 , -0.004,  0.007,  0.002,
        -0.003,  0.004, -0.001,  0.001,  0.004,  0.006,  0.005, -0.01 ,
        -0.003, -0.002,  0.   ],
       [-0.004,  0.01 , -0.001,  0.005, -0.006,  0.004, -0.006,  0.004,
         0.01 ,  0.006, -0.01 , -0.002, -0.009,  0.005, -0.004,  0.004,
         0.005,  0.006, -0.004, -0.009,  0.   , -0.001, -0.005, -0.006,
         0.   ,  0.001,  0.006, -0.001, -0.006,  0.002, -0.009, -0.006,
         0.01 , -0.002,  0.002, -0.002,  0.008,  0.007, -0.008, -0.005,
         0.009, -0.007,  0.003, -0.004, -0.009, -0.004,  0.003,  0.005,
         0.   , -0.001,  0.006,  0.008,  0.003,  0.004, -0.007,  0.009,
        -0.004, -0.003,  0.   ],
       [-0.001, -0.001, -0.005,  0.004, -0.003, -0.009, -0.009,  0.002,
         0.005, -0.008,  0.007,  0.007, -0.006,  0.   ,  0.009,  0.   ,
         0.004,  0.008,  0.003, -0.007, -0.002, -0.009,  0.002, -0.003,
         0.   ,  0.01 ,  0.004,  0.   , -0.002,  0.005,  0.006, -0.001,
        -0.003,  0.01 , -0.009, -0.002,  0.006, -0.008,  0.008,  0.001,
        -0.003,  0.006, -0.007, -0.002, -0.008,  0.006, -0.001,  0.006,
         0.006,  0.004,  0.004, -0.001, -0.009,  0.004, -0.003, -0.008,
        -0.005,  0.01 ,  0.006]]), 'deltas': array([[0.],
       [0.],
       [0.],
       [0.],
       [0.]]), 'outputs': array([[0.],
       [0.],
       [0.],
       [0.],
       [0.]]), 'errors': array([[0.],
       [0.],
       [0.],
       [0.],
       [0.]])}, {'weights': array([[ 0.004, -0.008, -0.004, -0.003,  0.007],
       [-0.004, -0.01 ,  0.003,  0.009,  0.009],
       [-0.003, -0.002,  0.01 ,  0.006, -0.01 ],
       [-0.005,  0.008, -0.01 , -0.002, -0.008]]), 'deltas': array([[0.],
       [0.],
       [0.],
       [0.],
       [0.]]), 'outputs': array([[0.],
       [0.],
       [0.],
       [0.],
       [0.]]), 'errors': array([[0.],
       [0.],
       [0.],
       [0.],
       [0.]])}]
Training complete!
Training done. epoch: 1000 , total error: 0.008687062124343455
[{'weights': array([[ 4.50442467e-01,  3.76846603e-01, -4.67579008e-01,
         2.10566160e-01,  5.96332409e-02, -5.42845508e-01,
        -2.36829289e-01, -5.93904626e-01,  4.57139292e-01,
        -8.88972028e-01,  3.90341964e-01,  3.28864730e-01,
        -1.11843523e-01,  2.84194317e-01, -3.34116128e-01,
        -9.62905427e-01,  8.04140093e-01, -4.11507675e-01,
         1.54636859e-01, -3.05245943e-01,  3.93351426e-01,
         4.75632293e-01,  2.56574400e-01, -2.72255329e-01,
        -6.11716699e-01,  5.32578929e-01, -6.99344263e-01,
        -3.99847962e-01,  2.29082628e-01, -4.30219209e-01,
         5.62040567e-01, -2.87586691e-01, -3.33962247e-01,
         1.77196913e-01,  1.22402621e-01, -2.62167955e-01,
        -8.76972028e-01,  3.04200545e-01,  5.04771341e-01,
        -8.97651919e-02, -9.13214753e-01,  1.23458528e-01,
         1.49796292e+00, -8.90972028e-01, -6.80001421e-02,
        -8.27651919e-02,  1.34627594e-01, -2.92392928e-01,
         6.63534631e-01, -8.18299965e-01,  7.36206694e-01,
        -8.91972028e-01,  7.25206694e-01, -8.76972028e-01,
        -9.56737220e-01,  8.05971886e-01, -6.08948204e-01,
         4.51182870e-01, -1.55765334e-01],
       [ 3.15061904e-01,  3.93921182e-01, -3.03583364e-01,
         4.10835945e-01, -3.86660862e-01, -3.28767795e-01,
        -3.50360838e-01, -7.27442875e-01,  4.94889047e-01,
        -7.43467658e-01,  3.74509405e-01,  1.27404426e-01,
        -1.02212875e-01,  1.88709860e-01, -3.12050814e-01,
        -6.82325205e-01,  4.67771377e-01, -4.50615046e-01,
         3.41608519e-01, -3.59713761e-01,  2.52166460e-01,
        -1.52786849e-01,  6.63700680e-01, -2.52549482e-01,
        -4.86918176e-01, -3.76519644e-01,  1.48965817e-01,
        -6.15789747e-01,  3.94235920e-01,  1.59309827e-01,
        -2.20473013e-02, -3.62816353e-01, -3.25002065e-01,
         1.00448237e-01, -3.58465114e-01,  1.42911286e-01,
        -7.41467658e-01,  3.92063774e-01,  5.17643102e-01,
        -3.83793045e-01, -4.81115384e-01, -5.46049639e-01,
         1.55207885e+00, -7.51467658e-01,  1.56239217e-01,
        -3.83793045e-01,  2.84340534e-01, -5.16894362e-01,
         3.42407201e-01, -5.66961029e-01,  5.01913831e-01,
        -7.39467658e-01,  5.02913831e-01, -7.41467658e-01,
        -1.12726070e+00,  9.00706875e-01, -6.35425876e-01,
         4.06872048e-01, -2.28553828e-01],
       [ 2.97058548e-01,  4.01634021e-01, -2.27925359e-01,
         2.54973041e-01, -3.32192446e-01, -3.10964339e-01,
        -3.36356879e-01, -7.93870498e-01,  5.63097086e-01,
        -7.20411529e-01,  3.76956999e-01,  1.04681118e-01,
        -1.81828543e-01,  2.38216965e-01, -3.13161835e-01,
        -6.15652391e-01,  3.66878979e-01, -4.15870216e-01,
         3.63158590e-01, -3.61495750e-01,  1.63433963e-01,
        -1.37101403e-01,  6.15739520e-01, -2.50010188e-01,
        -4.76401341e-01, -4.17186778e-01,  1.83413366e-01,
        -6.55352295e-01,  4.08578882e-01,  1.88085371e-01,
        -2.42691798e-01, -1.86166985e-01, -4.41086116e-01,
         1.98312704e-01, -2.88389605e-01,  5.16161922e-02,
        -7.12411529e-01,  3.34816109e-01,  5.05170252e-01,
        -3.64348244e-01, -4.46726465e-01, -6.32088046e-01,
         1.54545263e+00, -7.22411529e-01,  1.37574832e-01,
        -3.76348244e-01,  3.12737890e-01, -5.48511303e-01,
         2.93159742e-01, -5.36933154e-01,  4.73638117e-01,
        -7.18411529e-01,  4.78638117e-01, -7.13411529e-01,
        -1.08675977e+00,  8.36986361e-01, -6.93662137e-01,
         4.43888725e-01, -2.44773412e-01],
       [ 2.80441916e-01,  4.11098510e-01, -2.23694730e-01,
         2.77693056e-01, -3.43269046e-01, -3.01278748e-01,
        -3.41406775e-01, -7.82580895e-01,  5.54165076e-01,
        -7.09270306e-01,  3.65387958e-01,  9.54665289e-02,
        -1.80502083e-01,  2.39478590e-01, -3.09392326e-01,
        -6.15801878e-01,  3.82386059e-01, -4.24899058e-01,
         3.52690363e-01, -3.57351944e-01,  1.80144821e-01,
        -1.49349551e-01,  6.16204039e-01, -2.48543117e-01,
        -4.72727188e-01, -4.35292748e-01,  1.99876929e-01,
        -6.38732555e-01,  3.89316736e-01,  1.94440501e-01,
        -2.41721019e-01, -2.08135300e-01, -4.27853784e-01,
         1.93437966e-01, -3.09416640e-01,  6.70008214e-02,
        -7.07270306e-01,  3.40698308e-01,  5.05963654e-01,
        -3.79807476e-01, -4.29338104e-01, -6.46125938e-01,
         1.55331853e+00, -7.19270306e-01,  1.23391657e-01,
        -3.78807476e-01,  3.15400648e-01, -5.49816466e-01,
         2.94047725e-01, -5.37463543e-01,  4.78854487e-01,
        -7.07270306e-01,  4.75854487e-01, -7.11270306e-01,
        -1.09707778e+00,  8.56661963e-01, -7.00354960e-01,
         4.50939142e-01, -2.42415818e-01],
       [-1.00000000e-03, -1.00000000e-03, -5.00000000e-03,
         4.00000000e-03, -3.00000000e-03, -9.00000000e-03,
        -9.00000000e-03,  2.00000000e-03,  5.00000000e-03,
        -8.00000000e-03,  7.00000000e-03,  7.00000000e-03,
        -6.00000000e-03,  0.00000000e+00,  9.00000000e-03,
         0.00000000e+00,  4.00000000e-03,  8.00000000e-03,
         3.00000000e-03, -7.00000000e-03, -2.00000000e-03,
        -9.00000000e-03,  2.00000000e-03, -3.00000000e-03,
         0.00000000e+00,  1.00000000e-02,  4.00000000e-03,
         0.00000000e+00, -2.00000000e-03,  5.00000000e-03,
         6.00000000e-03, -1.00000000e-03, -3.00000000e-03,
         1.00000000e-02, -9.00000000e-03, -2.00000000e-03,
         6.00000000e-03, -8.00000000e-03,  8.00000000e-03,
         1.00000000e-03, -3.00000000e-03,  6.00000000e-03,
        -7.00000000e-03, -2.00000000e-03, -8.00000000e-03,
         6.00000000e-03, -1.00000000e-03,  6.00000000e-03,
         6.00000000e-03,  4.00000000e-03,  4.00000000e-03,
        -1.00000000e-03, -9.00000000e-03,  4.00000000e-03,
        -3.00000000e-03, -8.00000000e-03, -5.00000000e-03,
         1.00000000e-02,  6.00000000e-03]]), 'deltas': array([[7.43702595e-05],
       [1.50845349e-04],
       [1.42125197e-04],
       [1.46768119e-04],
       [0.00000000e+00]]), 'outputs': array([[0.99782272],
       [0.99557385],
       [0.99583079],
       [0.995694  ],
       [1.        ]]), 'errors': 0.034231971883409186}, {'weights': array([[  5.85613029,  -5.20351518,  -3.8617458 ,  -3.9066967 ,
         -0.78118703],
       [-10.08479299,  -3.73197315,  -3.23322155,  -3.15933483,
          1.43266403],
       [  7.60120568,   1.97392772,  -4.13442357,  -4.36031886,
         -3.12075709],
       [  0.30883224,   2.51268187,   3.28494176,   3.40660128,
         -6.74069592]]), 'deltas': array([[-1.50577833e-07],
       [-5.59430481e-17],
       [-1.20375212e-02],
       [ 3.51621861e-03]]), 'outputs': array([[3.88118922e-04],
       [7.47950858e-09],
       [1.16741313e-01],
       [9.38800004e-01]]), 'errors': array([[-3.88118922e-04],
       [-7.47950858e-09],
       [-1.16741313e-01],
       [ 6.11999958e-02]])}]
Accuracy: 77.77777777777779 %

train_data group 2 length:  37
   0   1   2   3   4   5   6   7   8  ...  50  51  52  53  54  55  56  57  58
0   0   0   0   0   0   0   1   1   0 ...   1   0   1   0   1   0   1   0   0
1   0   0   0   0   0   0   1   1   0 ...   1   0   1   0   1   0   1   0   0
2   0   0   0   1   0   0   0   1   0 ...   0   1   0   1   1   0   1   0   1
3   0   0   0   0   0   0   1   1   0 ...   0   1   0   1   1   0   1   0   1
4   0   0   0   0   1   0   0   1   0 ...   1   0   1   0   0   1   1   0   2

[5 rows x 59 columns]
Initial Neural Network:
[{'weights': array([[ 0.002,  0.007,  0.   ,  0.003,  0.003, -0.001,  0.003,  0.002,
        -0.01 , -0.005,  0.006,  0.007,  0.003,  0.004,  0.005,  0.006,
         0.003, -0.01 , -0.006,  0.003, -0.01 ,  0.01 ,  0.002,  0.007,
         0.007,  0.003, -0.006,  0.   ,  0.   ,  0.002, -0.009, -0.006,
        -0.003,  0.005,  0.005,  0.01 , -0.006, -0.005,  0.003,  0.006,
        -0.01 ,  0.006,  0.001,  0.   ,  0.009, -0.005, -0.007, -0.009,
        -0.006,  0.009,  0.01 , -0.003, -0.002,  0.003, -0.001, -0.002,
        -0.005,  0.007, -0.004],
       [-0.009,  0.008, -0.008,  0.008,  0.003, -0.009,  0.003,  0.006,
         0.01 , -0.004, -0.001,  0.007, -0.006, -0.003,  0.003, -0.007,
        -0.01 ,  0.004, -0.002, -0.001, -0.002, -0.008, -0.006, -0.009,
        -0.002, -0.001,  0.004,  0.002,  0.007, -0.01 , -0.003, -0.007,
         0.006,  0.002, -0.001,  0.002, -0.005, -0.001,  0.009,  0.009,
        -0.002, -0.007,  0.001, -0.004,  0.003,  0.01 , -0.001,  0.009,
         0.003, -0.005,  0.01 ,  0.002, -0.002,  0.002, -0.01 , -0.006,
         0.007, -0.01 ,  0.002],
       [ 0.006, -0.002, -0.008, -0.01 ,  0.007, -0.01 ,  0.008, -0.005,
        -0.004, -0.001,  0.005,  0.001,  0.005,  0.006,  0.   ,  0.002,
        -0.006, -0.007,  0.007,  0.004, -0.006,  0.005, -0.002, -0.006,
        -0.001, -0.008,  0.003,  0.   , -0.005,  0.009,  0.005,  0.004,
         0.004,  0.001,  0.002, -0.001,  0.006, -0.008, -0.008, -0.005,
         0.01 ,  0.006,  0.001,  0.001,  0.007, -0.004, -0.01 ,  0.005,
        -0.003, -0.001, -0.004,  0.003,  0.008, -0.007, -0.001,  0.01 ,
         0.007,  0.003, -0.001],
       [ 0.008,  0.002,  0.005, -0.001, -0.003, -0.007,  0.001, -0.003,
        -0.008,  0.004,  0.008,  0.007, -0.005,  0.007,  0.002,  0.007,
         0.004, -0.01 , -0.004, -0.004,  0.008, -0.002,  0.004,  0.002,
         0.005,  0.003, -0.007, -0.001, -0.002, -0.004,  0.001,  0.002,
        -0.004,  0.008,  0.004,  0.002, -0.01 ,  0.007, -0.01 , -0.004,
         0.009, -0.007,  0.003,  0.003,  0.003, -0.003, -0.002, -0.007,
         0.001,  0.01 ,  0.003, -0.002,  0.007,  0.002,  0.005, -0.007,
         0.007, -0.006,  0.004],
       [ 0.002,  0.006,  0.004, -0.008,  0.   ,  0.007,  0.005, -0.005,
        -0.006,  0.007,  0.002,  0.01 , -0.01 ,  0.007,  0.009,  0.005,
        -0.01 ,  0.008,  0.007, -0.005, -0.007,  0.003, -0.01 ,  0.006,
        -0.01 ,  0.01 , -0.001,  0.007,  0.006,  0.002,  0.004, -0.002,
        -0.001,  0.004, -0.008,  0.006,  0.006, -0.007,  0.01 , -0.002,
         0.006, -0.001, -0.003,  0.003,  0.003, -0.006, -0.005,  0.   ,
         0.   , -0.004, -0.01 ,  0.01 ,  0.006,  0.   ,  0.007, -0.005,
         0.   , -0.007,  0.009]]), 'deltas': array([[0.],
       [0.],
       [0.],
       [0.],
       [0.]]), 'outputs': array([[0.],
       [0.],
       [0.],
       [0.],
       [0.]]), 'errors': array([[0.],
       [0.],
       [0.],
       [0.],
       [0.]])}, {'weights': array([[ 0.007,  0.002, -0.009, -0.008, -0.006],
       [-0.003,  0.002,  0.006, -0.01 , -0.006],
       [ 0.007,  0.007, -0.01 ,  0.003, -0.009],
       [-0.009,  0.002, -0.008,  0.001,  0.006]]), 'deltas': array([[0.],
       [0.],
       [0.],
       [0.],
       [0.]]), 'outputs': array([[0.],
       [0.],
       [0.],
       [0.],
       [0.]]), 'errors': array([[0.],
       [0.],
       [0.],
       [0.],
       [0.]])}]
Training complete!
Training done. epoch: 1000 , total error: 0.009267108787133958
[{'weights': array([[-4.85413152e-02,  5.48412437e-01, -1.28796243e-01,
        -3.29906677e-01,  2.53244156e-02, -4.21962154e-01,
         1.25599142e-01, -8.33763355e-01,  5.78892960e-01,
        -7.88668568e-01,  2.41433844e-01,  3.08364329e-01,
        -4.49604567e-01,  4.83103357e-01, -2.68369184e-01,
        -3.14488970e-01,  7.66185757e-02, -4.20159519e-01,
        -1.16898842e-01,  3.91308499e-03,  2.63274881e-01,
         2.19122049e-01,  2.09647692e-01, -2.77718513e-01,
        -3.71921623e-01, -8.05862124e-02, -1.69284182e-01,
        -2.76662291e-01,  2.97918965e-02,  2.48604225e-01,
        -4.15500867e-01, -9.29737526e-02, -1.02478542e+00,
         7.79915024e-01,  2.82953240e-02, -2.60165719e-01,
        -7.89668568e-01, -2.08227332e-01,  7.69850279e-01,
        -2.08247735e-02, -7.77363497e-01, -3.00516708e-01,
         1.61167838e+00, -7.83668568e-01, -2.11045621e-01,
        -3.18247735e-02,  2.02263436e-01, -4.65133830e-01,
        -2.02141128e-01, -4.17292663e-02,  5.46798173e-01,
        -7.86668568e-01,  5.34798173e-01, -7.80668568e-01,
        -8.11493342e-01,  5.61622947e-01, -4.75785282e-01,
         2.30914887e-01, -2.50870395e-01],
       [ 2.58813952e-02,  5.39455204e-01, -1.60492513e-01,
        -3.85209664e-01,  3.69768008e-02, -4.76513502e-01,
         1.84824641e-01, -8.61948380e-01,  6.46870742e-01,
        -8.04633198e-01,  2.34610523e-01,  3.40945038e-01,
        -4.11065866e-01,  4.46926342e-01, -2.72938113e-01,
        -2.80040232e-01,  3.19625948e-02, -3.37551365e-01,
        -1.67528950e-01, -8.08675415e-02,  3.53870219e-01,
         2.10785258e-01,  2.25989960e-01, -2.94229385e-01,
        -3.98623470e-01, -1.56981992e-02, -2.12379438e-01,
        -3.38596638e-01,  1.16519001e-01,  2.21385469e-01,
        -4.28247375e-01, -4.42157307e-02, -9.47769038e-01,
         7.24691401e-01,  6.51346086e-02, -2.95212246e-01,
        -8.05633198e-01, -1.55243937e-01,  7.63224925e-01,
        -2.14254264e-02, -8.72429237e-01, -1.57654982e-01,
         1.59163978e+00, -8.04633198e-01, -1.97652211e-01,
        -2.04254264e-02,  1.78271001e-01, -4.01348638e-01,
        -2.02227233e-01, -3.08504043e-02,  5.79555561e-01,
        -7.98633198e-01,  5.67555561e-01, -7.98633198e-01,
        -8.41058625e-01,  5.93980988e-01, -2.96643491e-01,
         6.25658534e-02, -2.29077637e-01],
       [-2.70882226e-01,  5.74610219e-01, -2.56770914e-01,
        -1.95574451e-01,  1.08612850e-01, -5.86500286e-01,
         3.67352915e-01, -6.14175469e-01,  3.55023575e-01,
        -8.75975649e-01,  2.53311139e-01,  3.77512616e-01,
        -6.72123421e-01,  7.39888277e-01, -3.06916750e-01,
        -3.07756284e-01,  5.36043899e-02, -4.33342783e-01,
        -3.07564504e-01,  5.80419557e-01, -9.16641639e-02,
         5.51721931e-01, -3.43349437e-02, -3.43316707e-01,
        -4.28222174e-01,  2.74985962e-01, -5.30137856e-01,
         4.08948601e-01, -6.64100495e-01, -1.89068887e-02,
        -8.08133676e-02, -1.32431638e-01, -1.43662652e+00,
         1.19147463e+00,  4.18366460e-02, -2.90988540e-01,
        -8.68975649e-01, -5.78618772e-01,  9.04461745e-01,
         2.77980782e-01, -8.02505483e-01, -3.56320860e-01,
         1.80065010e+00, -8.73975649e-01, -5.26132676e-01,
         2.78980782e-01,  2.80351121e-01, -5.35503015e-01,
         8.54701907e-02, -3.39622085e-01,  6.20823755e-01,
        -8.71975649e-01,  6.32823755e-01, -8.81975649e-01,
        -5.92994867e-01,  3.51842973e-01, -6.37637274e-01,
         3.97485381e-01, -2.51151894e-01],
       [ 5.77700002e-02,  5.50118552e-01, -5.48473522e-02,
        -2.04493976e-01, -9.61404719e-02, -3.26058063e-01,
        -1.73763338e-01, -1.00972381e+00,  7.46309166e-01,
        -7.32897035e-01,  2.44610611e-01,  2.54871776e-01,
        -2.96968424e-01,  3.09406127e-01, -2.60852352e-01,
        -3.78310860e-01,  1.36896212e-01, -2.68326179e-01,
        -1.42970978e-01, -5.72115681e-02,  2.06094076e-01,
        -1.72355297e-02,  3.79606594e-01, -2.67671083e-01,
        -3.38114630e-01, -1.24953620e-01, -1.31461028e-01,
        -6.59279346e-01,  4.03864698e-01,  3.06288501e-01,
        -5.09085061e-01, -5.06180887e-02, -8.61420088e-01,
         6.13005439e-01, -1.57179536e-04, -2.46257469e-01,
        -7.46897035e-01, -2.46379059e-03,  7.42916472e-01,
        -2.62970295e-01, -5.28280183e-01, -5.96966684e-01,
         1.61472925e+00, -7.33897035e-01,  9.55564633e-03,
        -2.61970295e-01,  2.41092447e-01, -5.02507096e-01,
        -2.95655436e-01,  5.42407880e-02,  4.87482387e-01,
        -7.38897035e-01,  4.91482387e-01, -7.34897035e-01,
        -9.90867330e-01,  7.36452682e-01, -5.41996084e-01,
         2.90581436e-01, -2.48414648e-01],
       [ 2.00000000e-03,  6.00000000e-03,  4.00000000e-03,
        -8.00000000e-03,  0.00000000e+00,  7.00000000e-03,
         5.00000000e-03, -5.00000000e-03, -6.00000000e-03,
         7.00000000e-03,  2.00000000e-03,  1.00000000e-02,
        -1.00000000e-02,  7.00000000e-03,  9.00000000e-03,
         5.00000000e-03, -1.00000000e-02,  8.00000000e-03,
         7.00000000e-03, -5.00000000e-03, -7.00000000e-03,
         3.00000000e-03, -1.00000000e-02,  6.00000000e-03,
        -1.00000000e-02,  1.00000000e-02, -1.00000000e-03,
         7.00000000e-03,  6.00000000e-03,  2.00000000e-03,
         4.00000000e-03, -2.00000000e-03, -1.00000000e-03,
         4.00000000e-03, -8.00000000e-03,  6.00000000e-03,
         6.00000000e-03, -7.00000000e-03,  1.00000000e-02,
        -2.00000000e-03,  6.00000000e-03, -1.00000000e-03,
        -3.00000000e-03,  3.00000000e-03,  3.00000000e-03,
        -6.00000000e-03, -5.00000000e-03,  0.00000000e+00,
         0.00000000e+00, -4.00000000e-03, -1.00000000e-02,
         1.00000000e-02,  6.00000000e-03,  0.00000000e+00,
         7.00000000e-03, -5.00000000e-03,  0.00000000e+00,
        -7.00000000e-03,  9.00000000e-03]]), 'deltas': array([[2.08029181e-04],
       [1.74842974e-04],
       [5.52867579e-04],
       [7.13805244e-05],
       [0.00000000e+00]]), 'outputs': array([[0.99435766],
       [0.99526207],
       [0.98486006],
       [0.99807116],
       [1.        ]]), 'errors': 0.037078520215057705}, {'weights': array([[-2.39835862, -2.39613797,  8.25054004, -4.70929001, -1.49487487],
       [-4.35506029, -4.97403328, -7.66708112, -3.98497851,  1.9033188 ],
       [-1.35404823,  3.78393352, -4.23998733,  0.43922672, -0.67258762],
       [ 2.64975658,  2.45465544,  1.49990534,  2.83277549, -5.88220006]]), 'deltas': array([[-2.89140980e-03],
       [-3.78894456e-17],
       [-1.28471839e-02],
       [ 8.34457294e-04]]), 'outputs': array([[5.53239752e-02],
       [6.15544034e-09],
       [1.20887604e-01],
       [9.70679997e-01]]), 'errors': array([[-5.53239752e-02],
       [-6.15544034e-09],
       [-1.20887604e-01],
       [ 2.93200035e-02]])}]
Accuracy: 90.0 %

train_data group 3 length:  38
   0   1   2   3   4   5   6   7   8  ...  50  51  52  53  54  55  56  57  58
0   0   0   0   0   0   0   1   1   0 ...   1   0   1   0   1   0   1   0   0
1   0   0   0   0   0   0   1   1   0 ...   1   0   1   0   1   0   1   0   0
2   0   0   0   1   0   0   0   1   0 ...   0   1   0   1   1   0   1   0   1
3   0   0   0   0   0   0   1   1   0 ...   0   1   0   1   1   0   1   0   1
4   0   0   0   0   1   0   0   1   0 ...   1   0   1   0   0   1   1   0   2

[5 rows x 59 columns]
Initial Neural Network:
[{'weights': array([[ 0.008,  0.004,  0.005,  0.003,  0.007, -0.006, -0.001, -0.001,
         0.003, -0.01 , -0.003, -0.006, -0.003,  0.005,  0.007,  0.001,
         0.003,  0.005, -0.003, -0.004,  0.001, -0.002, -0.004, -0.008,
         0.01 ,  0.006,  0.006, -0.009,  0.002,  0.006,  0.006,  0.004,
         0.002, -0.004, -0.007, -0.007,  0.   ,  0.007, -0.007,  0.006,
        -0.005, -0.007,  0.001, -0.007,  0.006, -0.003, -0.001, -0.006,
         0.005, -0.008, -0.008,  0.004,  0.004,  0.005,  0.009,  0.001,
        -0.003, -0.01 , -0.008],
       [ 0.002,  0.008, -0.01 ,  0.001, -0.003, -0.003,  0.   ,  0.01 ,
        -0.001, -0.002, -0.005,  0.009, -0.003,  0.006, -0.002, -0.005,
         0.006,  0.003, -0.001, -0.008, -0.005,  0.006,  0.007, -0.008,
        -0.002, -0.007, -0.003,  0.001,  0.007,  0.002, -0.001,  0.007,
        -0.008,  0.008,  0.008,  0.005, -0.002,  0.004, -0.009,  0.003,
        -0.003, -0.007,  0.003,  0.007,  0.007, -0.01 , -0.003,  0.002,
        -0.009,  0.   , -0.001, -0.007,  0.   ,  0.001, -0.006, -0.006,
        -0.007, -0.007, -0.005],
       [ 0.005, -0.006,  0.   , -0.001,  0.004, -0.001, -0.005,  0.01 ,
        -0.007,  0.002, -0.002, -0.006, -0.008, -0.004, -0.007, -0.002,
         0.   ,  0.007,  0.007, -0.008,  0.006, -0.007,  0.007,  0.008,
        -0.001, -0.01 , -0.001, -0.007,  0.003, -0.004,  0.002, -0.003,
        -0.01 , -0.004, -0.009,  0.006, -0.002, -0.01 , -0.004, -0.003,
         0.001,  0.   ,  0.   ,  0.005, -0.008, -0.006,  0.009,  0.005,
        -0.008,  0.01 ,  0.002, -0.003,  0.004, -0.006, -0.008,  0.01 ,
        -0.01 , -0.003,  0.005],
       [ 0.002,  0.009,  0.005, -0.005,  0.009,  0.003,  0.002,  0.   ,
         0.008,  0.007, -0.009, -0.01 ,  0.004,  0.009,  0.009, -0.007,
         0.002, -0.001,  0.007,  0.002, -0.009,  0.008, -0.009, -0.006,
        -0.005, -0.01 ,  0.   , -0.005, -0.008,  0.005, -0.003,  0.004,
         0.001,  0.01 ,  0.002, -0.007,  0.001,  0.01 , -0.008,  0.008,
        -0.003, -0.007, -0.01 , -0.003, -0.009,  0.004,  0.008,  0.009,
        -0.003, -0.005, -0.004,  0.002, -0.008, -0.009, -0.006,  0.003,
         0.004,  0.001, -0.01 ],
       [-0.003,  0.006,  0.002,  0.006,  0.004,  0.001,  0.002, -0.003,
        -0.007,  0.008,  0.01 , -0.004, -0.007,  0.001, -0.001,  0.007,
         0.009, -0.003,  0.008,  0.006, -0.007, -0.009,  0.002, -0.002,
        -0.001, -0.002, -0.007, -0.006, -0.005, -0.009, -0.009,  0.002,
        -0.009,  0.   ,  0.005,  0.01 ,  0.01 , -0.009,  0.003,  0.001,
        -0.004, -0.003, -0.006,  0.01 ,  0.   ,  0.003, -0.001, -0.008,
        -0.008,  0.004, -0.001,  0.004,  0.01 , -0.003,  0.01 , -0.006,
         0.006, -0.008,  0.01 ]]), 'deltas': array([[0.],
       [0.],
       [0.],
       [0.],
       [0.]]), 'outputs': array([[0.],
       [0.],
       [0.],
       [0.],
       [0.]]), 'errors': array([[0.],
       [0.],
       [0.],
       [0.],
       [0.]])}, {'weights': array([[ 0.006,  0.001, -0.007,  0.   , -0.007],
       [-0.004,  0.007,  0.001, -0.004, -0.001],
       [ 0.005, -0.005,  0.003,  0.004,  0.009],
       [ 0.   , -0.004, -0.009, -0.002,  0.006]]), 'deltas': array([[0.],
       [0.],
       [0.],
       [0.],
       [0.]]), 'outputs': array([[0.],
       [0.],
       [0.],
       [0.],
       [0.]]), 'errors': array([[0.],
       [0.],
       [0.],
       [0.],
       [0.]])}]
Training complete!
Training done. epoch: 1000 , total error: 0.04627184448631909
[{'weights': array([[-1.03875215e-01,  3.91666693e-01,  2.88673237e-02,
         9.86318672e-02, -2.01093438e-01, -3.07149078e-01,
        -7.73007230e-02, -7.12498579e-01,  5.24246009e-01,
        -7.14572001e-01,  2.71150644e-01,  2.34168788e-01,
        -2.37484685e-01,  3.68051008e-01, -3.11818893e-01,
        -5.17943791e-01,  3.31691222e-01, -8.70475685e-01,
        -6.12522473e-02,  4.82502053e-01,  2.57973310e-01,
         6.66493341e-02,  3.36384808e-01, -2.51433895e-01,
        -3.45852816e-01, -2.65254250e-01,  8.70016806e-02,
        -4.07911793e-01,  2.10659223e-01,  1.19159528e-01,
         3.00316292e-02, -3.23443727e-01, -7.31888188e-01,
         5.39635618e-01, -8.62380753e-02, -1.18014494e-01,
        -7.04572001e-01,  6.20252443e-02,  6.27214531e-01,
        -1.68920344e-01, -3.63172763e-01, -6.78472377e-01,
         1.54496457e+00, -7.11572001e-01, -9.33222566e-03,
        -1.77920344e-01,  2.14233185e-01, -4.11485754e-01,
        -2.77921972e-01,  8.46694027e-02,  5.06319432e-01,
        -7.00572001e-01,  5.18319432e-01, -6.99572001e-01,
        -8.70492345e-01,  6.90239775e-01, -9.58241632e-01,
         7.54989062e-01, -1.98252569e-01],
       [-1.58408931e-01,  3.96128911e-01,  2.40328533e-03,
         6.99833133e-02, -2.02462967e-01, -3.04611085e-01,
         7.03149186e-03, -6.40010222e-01,  4.64074240e-01,
        -7.18387465e-01,  2.72006515e-01,  2.63444968e-01,
        -2.79350348e-01,  4.20215566e-01, -3.24801200e-01,
        -4.92132991e-01,  3.08197010e-01, -8.75280806e-01,
         2.72411526e-02,  3.83994563e-01,  2.68109108e-01,
         1.23516108e-01,  3.13984755e-01, -2.57580428e-01,
        -3.61856417e-01, -2.94712782e-01,  9.97768003e-02,
        -3.10571667e-01,  1.33635686e-01,  1.20830681e-01,
        -6.83797719e-02, -2.29386891e-01, -7.75700150e-01,
         5.90764169e-01, -6.87834594e-02, -1.03152522e-01,
        -7.18387465e-01,  7.95009807e-04,  6.30796633e-01,
        -1.02140160e-01, -3.80493253e-01, -6.33219739e-01,
         1.53816447e+00, -7.09387465e-01, -7.27958220e-02,
        -1.15140160e-01,  1.99586685e-01, -3.85522667e-01,
        -2.81745869e-01,  8.78098873e-02,  5.30451483e-01,
        -7.23387465e-01,  5.31451483e-01, -7.15387465e-01,
        -8.27527625e-01,  6.30591643e-01, -9.55524519e-01,
         7.56588538e-01, -1.89935982e-01],
       [-1.08438141e-01,  3.81206624e-01,  1.65544434e-02,
         1.13530666e-01, -2.09997447e-01, -3.02650743e-01,
        -7.82327062e-02, -6.83933067e-01,  5.02905763e-01,
        -7.00527871e-01,  2.71665703e-01,  2.38834864e-01,
        -2.33622226e-01,  3.56207769e-01, -3.25612847e-01,
        -5.32651706e-01,  3.46624402e-01, -8.81023171e-01,
        -5.21513722e-02,  4.74146023e-01,  2.87001216e-01,
         5.91484698e-02,  3.52464398e-01, -2.37381327e-01,
        -3.51258845e-01, -2.81067104e-01,  8.60397997e-02,
        -4.01975383e-01,  2.13948079e-01,  1.11880641e-01,
         4.59900168e-02, -3.46897961e-01, -7.26006798e-01,
         5.27979495e-01, -9.59632325e-02, -9.10640715e-02,
        -7.04527871e-01,  5.62212410e-02,  6.27955969e-01,
        -1.82676643e-01, -3.63448958e-01, -6.59555809e-01,
         1.54250533e+00, -6.97527871e-01, -1.23506607e-02,
        -1.85676643e-01,  2.26656048e-01, -3.96683352e-01,
        -3.04293198e-01,  1.22265894e-01,  5.20500567e-01,
        -7.05527871e-01,  5.22500567e-01, -7.08527871e-01,
        -8.90204514e-01,  7.08177210e-01, -9.53096106e-01,
         7.56068802e-01, -1.79027304e-01],
       [-3.15424927e-01,  4.10832087e-01, -5.85465774e-02,
        -1.56350573e-01, -1.56873182e-01, -2.91993133e-01,
         4.26292557e-01, -4.42297024e-01,  2.83233275e-01,
        -7.95520722e-01,  2.68687550e-01,  3.47769423e-01,
        -4.75240686e-01,  6.73041408e-01, -3.42864471e-01,
        -3.05351537e-01,  1.33287788e-01, -8.93032487e-01,
         4.36112750e-01,  3.64154196e-02,  2.52440568e-01,
         3.73125767e-01,  1.48859328e-01, -2.93692280e-01,
        -4.07356564e-01, -2.99778451e-01,  1.22714701e-01,
         5.89406836e-03, -1.85957818e-01,  8.15244920e-02,
        -5.15769722e-01,  2.73181481e-01, -9.60484180e-01,
         8.04420430e-01,  1.09510149e-02, -1.83014764e-01,
        -8.01520722e-01, -2.63034855e-01,  6.74900150e-01,
         2.33591678e-01, -4.50326425e-01, -4.43726145e-01,
         1.50950954e+00, -8.05520722e-01, -4.01655427e-01,
         2.29591678e-01,  1.18090005e-01, -2.68153755e-01,
        -1.68819955e-01, -6.24379410e-03,  6.31456973e-01,
        -8.00520722e-01,  6.27456973e-01, -8.11520722e-01,
        -5.82929045e-01,  4.12865296e-01, -9.12726011e-01,
         7.50662262e-01, -1.77063749e-01],
       [-3.00000000e-03,  6.00000000e-03,  2.00000000e-03,
         6.00000000e-03,  4.00000000e-03,  1.00000000e-03,
         2.00000000e-03, -3.00000000e-03, -7.00000000e-03,
         8.00000000e-03,  1.00000000e-02, -4.00000000e-03,
        -7.00000000e-03,  1.00000000e-03, -1.00000000e-03,
         7.00000000e-03,  9.00000000e-03, -3.00000000e-03,
         8.00000000e-03,  6.00000000e-03, -7.00000000e-03,
        -9.00000000e-03,  2.00000000e-03, -2.00000000e-03,
        -1.00000000e-03, -2.00000000e-03, -7.00000000e-03,
        -6.00000000e-03, -5.00000000e-03, -9.00000000e-03,
        -9.00000000e-03,  2.00000000e-03, -9.00000000e-03,
         0.00000000e+00,  5.00000000e-03,  1.00000000e-02,
         1.00000000e-02, -9.00000000e-03,  3.00000000e-03,
         1.00000000e-03, -4.00000000e-03, -3.00000000e-03,
        -6.00000000e-03,  1.00000000e-02,  0.00000000e+00,
         3.00000000e-03, -1.00000000e-03, -8.00000000e-03,
        -8.00000000e-03,  4.00000000e-03, -1.00000000e-03,
         4.00000000e-03,  1.00000000e-02, -3.00000000e-03,
         1.00000000e-02, -6.00000000e-03,  6.00000000e-03,
        -8.00000000e-03,  1.00000000e-02]]), 'deltas': array([[0.00017827],
       [0.00024698],
       [0.00017822],
       [0.00069419],
       [0.        ]]), 'outputs': array([[0.06802091],
       [0.09729792],
       [0.06799995],
       [0.44399984],
       [1.        ]]), 'errors': 0.002812031193878274}, {'weights': array([[-3.21238636, -2.4078735 , -3.37510589,  7.69740835, -1.74164236],
       [-4.49260438, -4.68519773, -4.6600785 , -6.80270566,  1.83452235],
       [ 0.8160833 ,  0.15951772,  2.09712528, -4.68604964, -0.35748044],
       [ 2.40473723,  2.37603927,  2.37693685,  2.06088557, -5.323187  ]]), 'deltas': array([[ 0.05368952],
       [-0.00803998],
       [-0.00860746],
       [-0.0004237 ]]), 'outputs': array([[0.72853063],
       [0.09421381],
       [0.09766846],
       [0.02080138]]), 'errors': array([[ 0.27146937],
       [-0.09421381],
       [-0.09766846],
       [-0.02080138]])}]
Accuracy: 88.88888888888889 %

train_data group 4 length:  37
   0   1   2   3   4   5   6   7   8  ...  50  51  52  53  54  55  56  57  58
0   0   0   0   0   0   0   1   1   0 ...   1   0   1   0   1   0   1   0   0
1   0   0   0   0   0   0   1   1   0 ...   1   0   1   0   1   0   1   0   0
2   0   0   0   1   0   0   0   1   0 ...   0   1   0   1   1   0   1   0   1
3   0   0   0   0   0   0   1   1   0 ...   0   1   0   1   1   0   1   0   1
4   0   0   0   0   1   0   0   1   0 ...   1   0   1   0   0   1   1   0   2

[5 rows x 59 columns]
Initial Neural Network:
[{'weights': array([[-0.004, -0.007, -0.009,  0.003,  0.009, -0.004,  0.008, -0.002,
         0.005,  0.   , -0.003, -0.004,  0.008, -0.001, -0.005, -0.004,
         0.008,  0.004,  0.   ,  0.005,  0.001, -0.006, -0.004,  0.   ,
         0.004, -0.007, -0.003,  0.001, -0.006, -0.006,  0.01 ,  0.002,
         0.005,  0.003, -0.008, -0.01 ,  0.008, -0.002, -0.003,  0.009,
         0.   , -0.003, -0.008,  0.002,  0.   , -0.006,  0.01 , -0.001,
        -0.004,  0.003, -0.01 ,  0.003, -0.002,  0.   , -0.005, -0.01 ,
        -0.001,  0.008, -0.008],
       [ 0.01 , -0.003,  0.01 ,  0.007, -0.006,  0.002,  0.008, -0.003,
         0.003, -0.006,  0.002,  0.003,  0.008,  0.   ,  0.008, -0.01 ,
        -0.002,  0.007, -0.003, -0.001,  0.004,  0.002, -0.003,  0.003,
        -0.006, -0.003, -0.003, -0.003,  0.007, -0.003,  0.003, -0.008,
         0.006,  0.006,  0.006,  0.007,  0.008, -0.002,  0.003, -0.005,
         0.006,  0.01 , -0.007, -0.01 , -0.007, -0.005,  0.004,  0.   ,
         0.009, -0.006, -0.004, -0.01 , -0.002,  0.009,  0.001, -0.01 ,
        -0.007,  0.001, -0.002],
       [-0.003, -0.009, -0.003, -0.001, -0.01 , -0.002,  0.008,  0.008,
        -0.01 , -0.001, -0.009, -0.008,  0.005, -0.007,  0.005, -0.004,
        -0.01 ,  0.002,  0.009,  0.008,  0.001,  0.004, -0.001,  0.   ,
         0.001, -0.005,  0.002,  0.004, -0.009,  0.008, -0.001, -0.004,
        -0.001,  0.003, -0.003, -0.003,  0.001, -0.01 , -0.01 ,  0.001,
        -0.008, -0.006, -0.002,  0.   , -0.007,  0.007, -0.007,  0.007,
        -0.005, -0.01 , -0.002,  0.003,  0.002,  0.003, -0.007, -0.009,
        -0.01 ,  0.007,  0.006],
       [ 0.005,  0.003,  0.008,  0.007,  0.   , -0.004,  0.   , -0.008,
        -0.003, -0.001,  0.001, -0.004,  0.003, -0.008, -0.002, -0.003,
         0.007,  0.007,  0.005,  0.004, -0.001,  0.01 ,  0.002,  0.01 ,
        -0.002,  0.   ,  0.003, -0.001,  0.008,  0.004, -0.002,  0.002,
         0.003, -0.01 ,  0.007, -0.001, -0.005, -0.01 , -0.009,  0.01 ,
        -0.005, -0.01 ,  0.004, -0.007, -0.005, -0.003,  0.004,  0.006,
        -0.004,  0.009, -0.004,  0.007,  0.002, -0.007,  0.008,  0.006,
         0.009,  0.009, -0.003],
       [ 0.01 , -0.008,  0.004, -0.009,  0.001, -0.009,  0.003,  0.   ,
         0.003, -0.004,  0.003, -0.002, -0.007,  0.008,  0.009, -0.003,
         0.004,  0.001,  0.01 , -0.001,  0.004, -0.004,  0.006, -0.005,
        -0.005,  0.003, -0.009,  0.006,  0.009, -0.002, -0.01 ,  0.008,
        -0.006,  0.003, -0.008,  0.009,  0.008,  0.008, -0.004, -0.002,
         0.001, -0.001, -0.009, -0.006, -0.003, -0.007, -0.001,  0.003,
        -0.009,  0.003,  0.01 , -0.009,  0.01 , -0.004,  0.002,  0.003,
        -0.005,  0.   ,  0.006]]), 'deltas': array([[0.],
       [0.],
       [0.],
       [0.],
       [0.]]), 'outputs': array([[0.],
       [0.],
       [0.],
       [0.],
       [0.]]), 'errors': array([[0.],
       [0.],
       [0.],
       [0.],
       [0.]])}, {'weights': array([[-0.005, -0.01 ,  0.004,  0.004, -0.01 ],
       [ 0.005,  0.007,  0.008, -0.005,  0.007],
       [ 0.005, -0.005,  0.002, -0.01 , -0.004],
       [ 0.006, -0.008, -0.008, -0.007,  0.003]]), 'deltas': array([[0.],
       [0.],
       [0.],
       [0.],
       [0.]]), 'outputs': array([[0.],
       [0.],
       [0.],
       [0.],
       [0.]]), 'errors': array([[0.],
       [0.],
       [0.],
       [0.],
       [0.]])}]
Training complete!
Training done. epoch: 1000 , total error: 0.010475045294406897
[{'weights': array([[-1.92510144e-02,  3.62374831e-01, -2.73595086e-01,
         3.09066872e-01, -3.74256350e-01, -1.27301005e-01,
        -2.93552808e-02, -5.16763111e-01,  3.71446078e-01,
        -6.86134157e-01,  3.32551073e-01,  1.98266050e-01,
        -2.27120808e-01,  4.65545968e-01, -3.84742194e-01,
        -3.41986717e-01,  1.97669683e-01, -1.97768828e-01,
        -1.05716943e-01,  5.33391615e-02,  1.11829576e-01,
         1.14010732e-01,  2.93108435e-01, -4.01660484e-01,
        -1.59775716e-01, -6.07435346e-02, -9.75734988e-02,
         2.31910314e-03, -1.55636137e-01,  6.82333894e-02,
        -1.87853852e-01, -2.26965708e-02, -4.30679128e-01,
         2.90362095e-01, -1.33706265e-01, -3.26107688e-02,
        -6.78134157e-01, -1.71090276e-02,  6.38471406e-01,
        -7.95452553e-02, -3.34106305e-01, -4.87892932e-01,
         1.34881636e+00, -6.84134157e-01, -5.97717781e-02,
        -9.45452553e-02,  2.25260429e-01, -3.64577463e-01,
        -2.07530602e-02, -1.28563973e-01,  5.27817123e-01,
        -6.83134157e-01,  5.35817123e-01, -6.86134157e-01,
        -7.79679412e-01,  6.16362379e-01, -1.50613339e+00,
         1.36481636e+00, -1.56317033e-01],
       [-1.13816071e-02,  3.64694212e-01, -2.75660123e-01,
         2.47077658e-01, -3.46671926e-01, -1.04996666e-01,
         1.00328114e-02, -4.87630643e-01,  3.42725002e-01,
        -7.04738744e-01,  3.34907806e-01,  2.23925296e-01,
        -2.62019416e-01,  5.13606923e-01, -3.80493148e-01,
        -2.71253883e-01,  1.14348242e-01, -1.94975592e-01,
        -1.64651823e-01,  4.50959193e-02,  1.76625855e-01,
         2.18724296e-01,  2.14240640e-01, -4.07766294e-01,
        -1.74104283e-01, -5.13410372e-02, -9.95646037e-02,
        -9.84747580e-04, -1.39920893e-01,  4.95909326e-02,
        -2.20451616e-01,  1.79550428e-02, -4.61878127e-01,
         3.28972486e-01, -8.52201901e-02, -4.66854508e-02,
        -6.90738744e-01, -5.83727255e-02,  6.40969700e-01,
        -3.27638721e-02, -3.76550709e-01, -3.99968845e-01,
         1.33935266e+00, -7.08738744e-01, -1.24141769e-01,
        -3.27638721e-02,  1.98791361e-01, -3.39697002e-01,
         2.82785397e-02, -1.70184181e-01,  5.49833103e-01,
        -7.08738744e-01,  5.51833103e-01, -6.89738744e-01,
        -7.25502616e-01,  5.71596975e-01, -1.49825830e+00,
         1.34735266e+00, -1.46905641e-01],
       [-2.73909709e-02,  3.59324678e-01, -3.10964711e-01,
         1.98697296e-01, -3.12421296e-01, -1.02169310e-01,
         4.18302651e-02, -4.40906080e-01,  3.05812031e-01,
        -7.12170927e-01,  3.19989176e-01,  2.41087702e-01,
        -2.88910553e-01,  5.47029070e-01, -3.88212566e-01,
        -2.01401033e-01,  5.43069835e-02, -2.06936233e-01,
        -2.10148877e-01,  5.81190402e-02,  2.45872021e-01,
         3.03532881e-01,  1.57758706e-01, -4.19266916e-01,
        -1.71118720e-01, -5.09253464e-02, -8.51687027e-02,
         1.48848911e-02, -1.52978940e-01,  3.72824822e-02,
        -2.19522254e-01,  5.21457226e-02, -4.83142344e-01,
         3.52048295e-01, -5.85758118e-02, -8.05182374e-02,
        -7.10170927e-01, -9.85517409e-02,  6.29941578e-01,
         2.76870415e-02, -4.29061319e-01, -3.45295820e-01,
         1.33643402e+00, -7.11170927e-01, -1.66781091e-01,
         3.36870415e-02,  1.70766514e-01, -3.03860563e-01,
         5.05029970e-02, -1.98597046e-01,  5.76076878e-01,
        -7.08170927e-01,  5.80076878e-01, -7.08170927e-01,
        -6.91483886e-01,  5.42389837e-01, -1.48152807e+00,
         1.34543402e+00, -1.27094049e-01],
       [-2.94969041e-02,  3.69306508e-01, -2.99180962e-01,
         2.39802934e-01, -3.23551832e-01, -1.02044857e-01,
         3.04391914e-02, -4.45393297e-01,  3.00667375e-01,
        -7.12416790e-01,  3.30305072e-01,  2.44385795e-01,
        -2.79043941e-01,  5.34387391e-01, -3.96069372e-01,
        -2.21017046e-01,  9.12911241e-02, -2.08338303e-01,
        -2.07829102e-01,  6.78170507e-02,  2.29624432e-01,
         2.95879012e-01,  1.75368241e-01, -4.09210080e-01,
        -1.75763095e-01, -2.71492552e-02, -1.03576667e-01,
         2.36089248e-02, -1.50334847e-01,  3.91407181e-02,
        -2.13684274e-01,  4.48176341e-02, -4.57926946e-01,
         3.17201024e-01, -7.37098641e-02, -5.40160579e-02,
        -7.16416790e-01, -8.48501953e-02,  6.27507859e-01,
         2.60332040e-02, -4.23533515e-01, -3.50591238e-01,
         1.34081562e+00, -7.18416790e-01, -1.54759126e-01,
         1.30332040e-02,  1.81925229e-01, -3.05651151e-01,
         2.66732765e-02, -1.55399199e-01,  5.73690868e-01,
        -7.04416790e-01,  5.79690868e-01, -7.18416790e-01,
        -6.87383586e-01,  5.67657664e-01, -1.46154154e+00,
         1.34581562e+00, -1.36725922e-01],
       [ 1.00000000e-02, -8.00000000e-03,  4.00000000e-03,
        -9.00000000e-03,  1.00000000e-03, -9.00000000e-03,
         3.00000000e-03,  0.00000000e+00,  3.00000000e-03,
        -4.00000000e-03,  3.00000000e-03, -2.00000000e-03,
        -7.00000000e-03,  8.00000000e-03,  9.00000000e-03,
        -3.00000000e-03,  4.00000000e-03,  1.00000000e-03,
         1.00000000e-02, -1.00000000e-03,  4.00000000e-03,
        -4.00000000e-03,  6.00000000e-03, -5.00000000e-03,
        -5.00000000e-03,  3.00000000e-03, -9.00000000e-03,
         6.00000000e-03,  9.00000000e-03, -2.00000000e-03,
        -1.00000000e-02,  8.00000000e-03, -6.00000000e-03,
         3.00000000e-03, -8.00000000e-03,  9.00000000e-03,
         8.00000000e-03,  8.00000000e-03, -4.00000000e-03,
        -2.00000000e-03,  1.00000000e-03, -1.00000000e-03,
        -9.00000000e-03, -6.00000000e-03, -3.00000000e-03,
        -7.00000000e-03, -1.00000000e-03,  3.00000000e-03,
        -9.00000000e-03,  3.00000000e-03,  1.00000000e-02,
        -9.00000000e-03,  1.00000000e-02, -4.00000000e-03,
         2.00000000e-03,  3.00000000e-03, -5.00000000e-03,
         0.00000000e+00,  6.00000000e-03]]), 'deltas': array([[0.00017759],
       [0.00018157],
       [0.00018725],
       [0.00019381],
       [0.        ]]), 'outputs': array([[0.99572262],
       [0.99562627],
       [0.99548883],
       [0.99533   ],
       [1.        ]]), 'errors': 0.0416964195558246}, {'weights': array([[-6.58595007, -1.69426609,  4.05041223,  2.77971545, -0.8543273 ],
       [-4.58742236, -5.28372616, -5.9970828 , -6.06563409,  1.76048201],
       [ 0.61685582, -0.39028668, -1.63564303, -0.0457038 , -0.64339107],
       [ 2.40450418,  2.31782935,  2.27089605,  2.22249028, -5.27110809]]), 'deltas': array([[-7.59488477e-03],
       [-3.65460921e-18],
       [-1.08523833e-02],
       [ 3.83308762e-04]]), 'outputs': array([[9.14283770e-02],
       [1.91170323e-09],
       [1.10453162e-01],
       [9.80225230e-01]]), 'errors': array([[-9.14283770e-02],
       [-1.91170323e-09],
       [-1.10453162e-01],
       [ 1.97747697e-02]])}]
Accuracy: 90.0 %

Feedforward Neural Network AVG Accuracy (%): 84.88888888888889 %
