Namespace(error_threshold=0.001, max_epochs=1000, num_layers=2, num_nodes_per_hidden_layer=4, training_rate=0.2)

train_data group 0 length:  38
   0   1   2   3   4   5   6   7   8  ...  50  51  52  53  54  55  56  57  58
0   0   0   0   0   1   0   0   1   0 ...   1   0   1   0   1   0   1   0   0
1   0   0   0   0   0   0   1   1   0 ...   1   0   1   0   1   0   1   0   0
2   0   0   0   0   0   1   0   1   0 ...   0   1   0   1   1   0   1   0   1
3   0   0   0   0   1   0   0   1   0 ...   0   1   0   1   1   0   1   0   1
4   1   0   0   0   0   0   0   0   1 ...   1   0   1   0   0   1   1   0   2

[5 rows x 59 columns]
Initial Neural Network:
[{'weights': array([[ 0.005,  0.006,  0.009,  0.008, -0.004,  0.008,  0.008, -0.001,
         0.002, -0.009, -0.004,  0.008,  0.009, -0.001,  0.007,  0.002,
         0.006, -0.002,  0.003,  0.   ,  0.008,  0.002,  0.003, -0.006,
        -0.005,  0.   ,  0.   ,  0.   ,  0.   , -0.005, -0.001,  0.01 ,
         0.008, -0.005, -0.005,  0.006,  0.01 ,  0.006,  0.01 , -0.005,
         0.004,  0.   , -0.005, -0.006, -0.003, -0.002,  0.01 , -0.005,
         0.003, -0.008,  0.001,  0.003,  0.003,  0.01 , -0.01 , -0.001,
         0.006,  0.001, -0.003],
       [-0.007,  0.007,  0.003,  0.003, -0.006, -0.007,  0.005, -0.007,
        -0.005, -0.006,  0.009, -0.007, -0.01 , -0.009, -0.005, -0.005,
        -0.008,  0.01 , -0.009, -0.001,  0.009, -0.008, -0.009,  0.002,
         0.005,  0.002,  0.01 ,  0.001, -0.004,  0.007,  0.007, -0.002,
        -0.01 , -0.006,  0.   , -0.005, -0.001, -0.001,  0.01 , -0.006,
         0.   , -0.008, -0.008, -0.007,  0.003,  0.009, -0.008,  0.003,
        -0.009, -0.003, -0.009, -0.005,  0.008, -0.002,  0.006, -0.002,
         0.009,  0.005, -0.007],
       [ 0.004, -0.001,  0.005, -0.01 , -0.001, -0.006,  0.003,  0.   ,
         0.008,  0.009,  0.01 ,  0.006,  0.007,  0.   , -0.01 , -0.004,
         0.005,  0.01 , -0.006,  0.005,  0.008,  0.009,  0.009, -0.005,
         0.009,  0.008,  0.01 ,  0.003, -0.008,  0.008,  0.001,  0.005,
         0.006, -0.003,  0.007,  0.009, -0.005,  0.008,  0.002, -0.008,
        -0.009, -0.008, -0.003,  0.001,  0.005, -0.009,  0.   ,  0.009,
        -0.005,  0.001, -0.003, -0.009, -0.008,  0.003, -0.003, -0.01 ,
        -0.002, -0.009,  0.01 ],
       [-0.003, -0.006,  0.003,  0.007, -0.01 ,  0.   , -0.01 ,  0.005,
         0.002, -0.007, -0.008, -0.005, -0.004,  0.009, -0.008,  0.001,
         0.01 ,  0.006, -0.002,  0.01 ,  0.01 , -0.008,  0.003, -0.009,
         0.002,  0.007, -0.01 ,  0.   ,  0.001,  0.002, -0.003,  0.004,
        -0.01 , -0.002,  0.006, -0.01 , -0.008,  0.004, -0.008,  0.002,
         0.009, -0.006,  0.001,  0.008,  0.005,  0.006, -0.002,  0.001,
         0.003,  0.005, -0.008,  0.006, -0.003, -0.005, -0.002, -0.007,
        -0.003,  0.005, -0.007],
       [ 0.004,  0.006,  0.   ,  0.009,  0.003, -0.007,  0.008,  0.005,
         0.009,  0.003, -0.008, -0.007, -0.004, -0.006, -0.006,  0.008,
        -0.009,  0.009,  0.002,  0.005,  0.01 ,  0.009, -0.005, -0.007,
         0.004, -0.004,  0.002,  0.01 , -0.001,  0.006,  0.003,  0.009,
        -0.002,  0.004,  0.01 ,  0.007,  0.007, -0.008,  0.004,  0.001,
        -0.008,  0.   , -0.002,  0.007,  0.005, -0.01 ,  0.006,  0.009,
         0.   , -0.008,  0.003,  0.01 ,  0.006,  0.003,  0.   , -0.001,
         0.001, -0.008, -0.01 ]]), 'deltas': array([[0.],
       [0.],
       [0.],
       [0.],
       [0.]]), 'outputs': array([[0.],
       [0.],
       [0.],
       [0.],
       [0.]]), 'errors': array([[0.],
       [0.],
       [0.],
       [0.],
       [0.]])}, {'weights': array([[-0.008,  0.003,  0.003, -0.006,  0.   ],
       [ 0.   ,  0.006,  0.002,  0.   , -0.002],
       [ 0.   ,  0.002, -0.01 , -0.008,  0.002],
       [ 0.001, -0.003,  0.009,  0.   ,  0.   ]]), 'deltas': array([[0.],
       [0.],
       [0.],
       [0.],
       [0.]]), 'outputs': array([[0.],
       [0.],
       [0.],
       [0.],
       [0.]]), 'errors': array([[0.],
       [0.],
       [0.],
       [0.],
       [0.]])}]
Training complete!
Training done. epoch: 404 , total error: 0.0009443968941588813
[{'weights': array([[-5.85563283e-02,  3.12447198e-01,  3.15201524e-01,
         7.15847446e-02, -4.50952026e-02, -4.17615464e-01,
        -5.16830849e-02, -6.67808379e-01,  7.55091766e-01,
        -7.65302640e-01,  3.22614850e-01,  5.23971178e-01,
         1.38402020e-01,  3.01193537e-01, -3.38312170e-01,
        -6.76650347e-02,  1.61948422e-01, -1.82946782e-01,
        -1.34730239e-01,  1.29038897e-01,  2.83921511e-01,
         4.57206304e-02,  6.48126944e-01, -1.85673903e-01,
        -4.27890284e-01,  1.69730266e-01, -8.34468792e-02,
        -1.55126418e-01,  2.41409805e-01,  1.59199480e-01,
        -1.03914090e-01,  3.49979969e-02, -4.20870390e-01,
         5.10153777e-01,  2.91344080e-01, -2.04060692e-01,
        -7.46302640e-01,  4.05951462e-01,  5.81507565e-01,
        -1.33873000e-01, -3.76908005e-01, -1.76835385e-01,
         1.39532942e+00, -7.62302640e-01,  2.12156387e-01,
        -1.30873000e-01,  1.72933912e-01, -8.16505247e-02,
         1.41951370e-01, -6.06679834e-02,  8.43586027e-01,
        -7.53302640e-01,  8.45586027e-01, -7.46302640e-01,
        -8.95175640e-01,  9.70459027e-01, -1.75184999e-02,
         1.10801887e-01,  8.32833871e-02],
       [-2.04369777e-01,  3.39359841e-01,  1.98313661e-01,
         1.29060855e-01, -1.45963401e-01, -3.42222805e-01,
        -2.41602364e-01, -8.21406902e-01,  5.43982912e-01,
        -6.82679600e-01,  3.48971010e-01,  6.42846002e-02,
        -1.78696565e-01,  2.15765874e-01, -3.26493299e-01,
        -4.81257641e-01,  2.02833651e-01, -3.32406046e-01,
        -1.68475021e-01,  9.23911985e-02,  1.52065878e-01,
        -1.83590361e-01,  4.12837117e-01, -1.67657685e-01,
        -3.37013060e-01, -1.38555821e-01, -1.14868169e-01,
        -4.30272346e-01,  1.61848356e-01,  3.35190355e-01,
        -3.31339920e-01, -2.57274425e-01, -7.76922066e-01,
         4.95498077e-01, -1.47006969e-01, -1.23417021e-01,
        -6.77679600e-01,  1.27237590e-01,  6.23096286e-01,
        -3.36078265e-01, -3.19418713e-01, -7.85581619e-01,
         1.50025594e+00, -6.83679600e-01,  6.76542758e-02,
        -3.21078265e-01,  3.06088931e-01, -5.76512921e-01,
        -1.27481249e-01, -1.49942741e-01,  4.02255610e-01,
        -6.81679600e-01,  4.19255610e-01, -6.78679600e-01,
        -1.00075786e+00,  7.39333875e-01, -5.98913643e-01,
         3.47489654e-01, -2.72423990e-01],
       [-3.36042047e-02,  2.96765907e-01,  2.01593799e-01,
        -3.72433594e-01,  2.15625271e-01, -7.66696240e-01,
         3.64553320e-01, -7.49557066e-01,  6.69361324e-01,
        -7.86941680e-01,  3.21054621e-01,  4.02691318e-01,
         5.60656931e-02,  2.26515841e-01, -3.73777276e-01,
        -4.52562545e-02, -4.19394869e-02, -1.18602535e-01,
        -1.17010192e-01, -1.64481895e-01,  3.28898880e-01,
         2.12355592e-01,  3.64302749e-01, -1.96470552e-01,
        -4.46383531e-01,  1.63533263e-01, -2.33729005e-01,
         3.81001408e-01, -4.74197149e-01, -3.95976243e-02,
        -2.91864428e-01,  2.57266311e-01, -4.82721767e-01,
         3.97526026e-01,  5.00766958e-01, -5.72962699e-01,
        -8.00941680e-01,  2.76336804e-01,  5.67221788e-01,
        -1.33812653e-01, -9.28293356e-01,  2.96758936e-01,
         1.31928036e+00, -7.94941680e-01,  4.26169118e-02,
        -1.34812653e-01,  7.11505844e-02, -1.50346326e-01,
         9.64602466e-03, -1.01841766e-01,  7.04745938e-01,
        -8.04941680e-01,  6.99745938e-01, -7.92941680e-01,
        -9.24754333e-01,  8.23558592e-01, -1.52911416e-01,
         5.37156750e-02, -7.81957414e-02],
       [-1.76740298e-01,  3.27575916e-01,  1.87856784e-01,
         1.27629635e-01, -1.54680468e-01, -3.38444103e-01,
        -2.57591424e-01, -8.24214829e-01,  5.65820871e-01,
        -6.85250998e-01,  3.32941623e-01,  6.69154174e-02,
        -1.54559350e-01,  2.16105062e-01, -3.29939669e-01,
        -4.65998920e-01,  2.11604963e-01, -2.96352253e-01,
        -1.72144249e-01,  1.01343396e-01,  1.25759149e-01,
        -1.90214050e-01,  4.32274743e-01, -1.77896852e-01,
        -3.41557799e-01, -1.06066256e-01, -1.62327701e-01,
        -4.66089764e-01,  2.01695806e-01,  3.26084083e-01,
        -3.66158616e-01, -2.22319424e-01, -7.61591329e-01,
         4.84197371e-01, -1.34414776e-01, -1.34979181e-01,
        -6.86250998e-01,  1.38577955e-01,  6.07623592e-01,
        -3.35344506e-01, -3.11898854e-01, -7.74036982e-01,
         1.50279288e+00, -6.70250998e-01,  7.69505489e-02,
        -3.31344506e-01,  3.06259025e-01, -5.72652983e-01,
        -1.23393480e-01, -1.34000477e-01,  4.04857041e-01,
        -6.72250998e-01,  4.09857041e-01, -6.83250998e-01,
        -1.01759550e+00,  7.43201547e-01, -5.99860841e-01,
         3.36466883e-01, -2.72393957e-01],
       [ 4.00000000e-03,  6.00000000e-03,  0.00000000e+00,
         9.00000000e-03,  3.00000000e-03, -7.00000000e-03,
         8.00000000e-03,  5.00000000e-03,  9.00000000e-03,
         3.00000000e-03, -8.00000000e-03, -7.00000000e-03,
        -4.00000000e-03, -6.00000000e-03, -6.00000000e-03,
         8.00000000e-03, -9.00000000e-03,  9.00000000e-03,
         2.00000000e-03,  5.00000000e-03,  1.00000000e-02,
         9.00000000e-03, -5.00000000e-03, -7.00000000e-03,
         4.00000000e-03, -4.00000000e-03,  2.00000000e-03,
         1.00000000e-02, -1.00000000e-03,  6.00000000e-03,
         3.00000000e-03,  9.00000000e-03, -2.00000000e-03,
         4.00000000e-03,  1.00000000e-02,  7.00000000e-03,
         7.00000000e-03, -8.00000000e-03,  4.00000000e-03,
         1.00000000e-03, -8.00000000e-03,  0.00000000e+00,
        -2.00000000e-03,  7.00000000e-03,  5.00000000e-03,
        -1.00000000e-02,  6.00000000e-03,  9.00000000e-03,
         0.00000000e+00, -8.00000000e-03,  3.00000000e-03,
         1.00000000e-02,  6.00000000e-03,  3.00000000e-03,
         0.00000000e+00, -1.00000000e-03,  1.00000000e-03,
        -8.00000000e-03, -1.00000000e-02]]), 'deltas': array([[1.39895066e-06],
       [3.89123418e-05],
       [2.42294860e-05],
       [3.56915325e-05],
       [0.00000000e+00]]), 'outputs': array([[0.99976348],
       [0.99337883],
       [0.99588759],
       [0.99393024],
       [1.        ]]), 'errors': 0.005916127305179047}, {'weights': array([[-4.25683504, -2.25007597,  5.18093784, -2.32681582, -1.25293393],
       [-3.66077008, -2.35533591, -8.21029565, -2.3164965 ,  2.06380483],
       [ 3.56793508, -3.72270509,  4.40925722, -3.82208391, -5.48331319],
       [ 1.3111703 ,  3.66172236,  0.52347886,  3.60188508, -5.92871876]]), 'deltas': array([[-5.45595299e-05],
       [-3.01617407e-13],
       [-4.25980612e-05],
       [ 1.71515571e-03]]), 'outputs': array([[7.41397696e-03],
       [5.49197208e-07],
       [6.54819366e-03],
       [9.57680408e-01]]), 'errors': array([[-7.41397696e-03],
       [-5.49197208e-07],
       [-6.54819366e-03],
       [ 4.23195923e-02]])}]
neural_net output [0.24631252 0.00103956 0.61322572 0.01258616]
target: 0 prediction: 2
neural_net output [2.53778272e-01 5.72375117e-04 7.15482044e-01 1.34235546e-02]
target: 0 prediction: 2
neural_net output [0.2113131  0.87104204 0.00456268 0.00278405]
target: 1 prediction: 1
neural_net output [0.21818077 0.88126317 0.00426544 0.00271275]
target: 1 prediction: 1
neural_net output [2.34819628e-01 5.23368846e-05 7.48376059e-01 4.09990401e-02]
target: 2 prediction: 2
neural_net output [2.00803769e-01 3.29475959e-05 7.08298190e-01 5.90704733e-02]
target: 2 prediction: 2
neural_net output [7.84410416e-03 5.77752520e-07 7.16046667e-03 9.54187996e-01]
target: 3 prediction: 3
neural_net output [7.51546536e-03 5.46525264e-07 6.66097964e-03 9.57354220e-01]
target: 3 prediction: 3
neural_net output [7.51180259e-03 5.36490920e-07 6.62536017e-03 9.57841987e-01]
target: 3 prediction: 3
Accuracy: 77.77777777777779 %

train_data group 1 length:  38
   0   1   2   3   4   5   6   7   8  ...  50  51  52  53  54  55  56  57  58
0   0   0   0   0   0   0   1   1   0 ...   1   0   1   0   1   0   1   0   0
1   0   0   0   0   0   0   1   1   0 ...   1   0   1   0   1   0   1   0   0
2   0   0   0   1   0   0   0   1   0 ...   0   1   0   1   1   0   1   0   1
3   0   0   0   0   0   0   1   1   0 ...   0   1   0   1   1   0   1   0   1
4   0   0   0   0   1   0   0   1   0 ...   1   0   1   0   0   1   1   0   2

[5 rows x 59 columns]
Initial Neural Network:
[{'weights': array([[ 0.002, -0.003,  0.01 , -0.005,  0.008,  0.006, -0.01 , -0.001,
         0.004,  0.   ,  0.006,  0.005,  0.002, -0.008, -0.003, -0.004,
         0.002, -0.01 ,  0.002,  0.007, -0.005, -0.003,  0.001,  0.005,
         0.002, -0.006, -0.01 , -0.002, -0.007,  0.007,  0.   , -0.001,
         0.003,  0.008,  0.008, -0.005,  0.002, -0.001, -0.01 , -0.002,
         0.006,  0.009, -0.01 ,  0.003, -0.009,  0.002,  0.005, -0.009,
        -0.008,  0.005, -0.006, -0.002,  0.003, -0.006, -0.003, -0.007,
        -0.004, -0.002, -0.007],
       [-0.004,  0.003,  0.004, -0.004, -0.009, -0.003, -0.004,  0.   ,
        -0.003, -0.001,  0.002,  0.003, -0.008,  0.003, -0.006,  0.005,
        -0.004,  0.005,  0.007, -0.009,  0.009,  0.01 , -0.008,  0.006,
        -0.002, -0.006,  0.008,  0.   , -0.005, -0.003, -0.003,  0.004,
         0.007, -0.008,  0.009, -0.001, -0.004, -0.004, -0.01 ,  0.   ,
         0.002, -0.01 , -0.005,  0.006,  0.002, -0.001,  0.006,  0.001,
         0.01 ,  0.006,  0.004, -0.006,  0.008, -0.006,  0.002,  0.006,
        -0.005,  0.004,  0.009],
       [-0.01 ,  0.   ,  0.009,  0.008, -0.001,  0.003,  0.001,  0.001,
        -0.009,  0.009,  0.007, -0.009,  0.005,  0.001,  0.009,  0.   ,
        -0.01 ,  0.008, -0.008, -0.002, -0.006,  0.001,  0.005,  0.01 ,
         0.005, -0.006,  0.005, -0.003,  0.005,  0.002, -0.006,  0.005,
         0.004, -0.003, -0.005,  0.008,  0.007,  0.008,  0.   , -0.005,
         0.004,  0.004,  0.006, -0.008, -0.007, -0.01 ,  0.005, -0.004,
         0.009,  0.002, -0.009, -0.004,  0.004,  0.003,  0.008, -0.007,
        -0.006,  0.   ,  0.006],
       [-0.004,  0.01 ,  0.001,  0.   ,  0.   ,  0.005, -0.004,  0.007,
        -0.001,  0.004, -0.001, -0.004, -0.007, -0.007, -0.001, -0.001,
         0.004,  0.01 ,  0.   , -0.004, -0.006,  0.01 ,  0.002, -0.008,
         0.002,  0.005, -0.01 , -0.008, -0.001, -0.006, -0.004, -0.01 ,
        -0.001, -0.009, -0.009, -0.006, -0.001, -0.006,  0.007, -0.009,
         0.01 , -0.003, -0.009,  0.   ,  0.004, -0.001, -0.005,  0.006,
        -0.001, -0.001,  0.01 ,  0.007,  0.   , -0.008,  0.001,  0.009,
         0.01 ,  0.005,  0.007],
       [ 0.001, -0.009,  0.004, -0.003,  0.007,  0.   , -0.008,  0.006,
        -0.01 , -0.002, -0.004, -0.007,  0.008, -0.008,  0.004, -0.009,
         0.005, -0.008, -0.007,  0.008, -0.006, -0.008,  0.006, -0.003,
         0.003,  0.008, -0.009,  0.01 , -0.006,  0.004, -0.006,  0.003,
         0.004,  0.007, -0.009,  0.004,  0.001, -0.008, -0.005, -0.001,
         0.01 , -0.007,  0.005, -0.005,  0.004, -0.008,  0.006,  0.003,
        -0.01 , -0.003,  0.002, -0.005,  0.01 ,  0.004, -0.006, -0.001,
        -0.003,  0.003,  0.003]]), 'deltas': array([[0.],
       [0.],
       [0.],
       [0.],
       [0.]]), 'outputs': array([[0.],
       [0.],
       [0.],
       [0.],
       [0.]]), 'errors': array([[0.],
       [0.],
       [0.],
       [0.],
       [0.]])}, {'weights': array([[-0.01 , -0.009,  0.009,  0.008, -0.005],
       [ 0.008,  0.005,  0.01 , -0.009, -0.009],
       [ 0.   , -0.005,  0.008,  0.   ,  0.01 ],
       [-0.009, -0.004,  0.   , -0.008,  0.01 ]]), 'deltas': array([[0.],
       [0.],
       [0.],
       [0.],
       [0.]]), 'outputs': array([[0.],
       [0.],
       [0.],
       [0.],
       [0.]]), 'errors': array([[0.],
       [0.],
       [0.],
       [0.],
       [0.]])}]
Training complete!
Training done. epoch: 1000 , total error: 0.05003517893287761
[{'weights': array([[ 3.35267835e-01,  4.28669976e-01, -3.10682303e-01,
         3.60818135e-01, -2.99770519e-01, -3.60491426e-01,
        -4.39045185e-01, -8.24370854e-01,  5.34137368e-01,
        -8.16631143e-01,  4.11280288e-01,  1.23117369e-01,
        -2.15031260e-01,  2.38272631e-01, -3.25474857e-01,
        -7.22459567e-01,  4.27226081e-01, -6.33820815e-01,
         3.69466393e-01, -8.24729099e-02,  4.75938469e-02,
        -2.20727296e-02,  5.43470387e-01, -2.51026546e-01,
        -5.58604597e-01, -4.77097319e-01,  1.67863834e-01,
        -5.42889663e-01,  2.40656178e-01,  1.57160515e-01,
        -1.66440655e-01, -2.77953345e-01, -5.85173089e-01,
         3.02939604e-01, -2.99859019e-01,  9.62553334e-03,
        -8.14631143e-01,  3.49014075e-01,  5.38269689e-01,
        -3.76886107e-01, -4.58412878e-01, -7.03205905e-01,
         1.69001644e+00, -8.13631143e-01,  7.26526219e-02,
        -3.72886107e-01,  3.28185794e-01, -6.25419279e-01,
         3.90189706e-01, -6.86423192e-01,  5.17397657e-01,
        -8.18631143e-01,  5.26397657e-01, -8.22631143e-01,
        -1.19451725e+00,  8.91283764e-01, -9.62449140e-01,
         6.63215654e-01, -3.00233486e-01],
       [ 3.12945865e-01,  4.25052635e-01, -8.06272831e-02,
         3.41827303e-01, -1.97473172e-01, -3.92090941e-01,
        -5.20317067e-01, -8.32629488e-01,  7.35946828e-01,
        -8.18860371e-01,  3.92656583e-01,  3.36521128e-01,
        -2.83884528e-02,  2.56629422e-01, -3.32923629e-01,
        -5.33529726e-01,  4.40847066e-01, -5.52459522e-01,
         7.74199339e-01, -4.40058354e-01,  1.36635877e-01,
         1.58082915e-01,  5.68094796e-01, -2.57148228e-01,
        -5.56712142e-01, -5.49703329e-01,  4.58020669e-01,
        -4.01745665e-01,  3.03063006e-01,  8.00464938e-02,
        -6.73450383e-01,  4.97721230e-01, -4.13560633e-01,
         3.18877973e-01,  3.57655707e-02, -1.21448230e-01,
        -8.21860371e-01,  5.26777204e-01,  5.24604695e-01,
        -3.41204188e-01, -4.32053744e-01, -5.03213596e-01,
         1.64644505e+00, -8.11860371e-01,  2.49521528e-01,
        -3.42204188e-01,  2.85736742e-01, -3.72419402e-01,
         3.46419990e-01, -4.24102650e-01,  7.28177711e-01,
        -8.23860371e-01,  7.32177711e-01, -8.23860371e-01,
        -1.15706456e+00,  1.07138190e+00, -7.06973777e-01,
         6.12291117e-01, -8.46826597e-02],
       [ 2.47451253e-01,  4.26744055e-01, -2.40706495e-01,
         4.01336403e-01, -2.96838724e-01, -3.64388116e-01,
        -4.39190063e-01, -7.92510864e-01,  5.08919177e-01,
        -8.01863176e-01,  4.02655446e-01,  1.30616043e-01,
        -2.24392385e-01,  2.79132923e-01, -3.15332225e-01,
        -6.89628429e-01,  4.04036743e-01, -6.49892091e-01,
         4.30111605e-01, -1.49160622e-01,  8.53494216e-02,
         8.79219211e-03,  5.32479297e-01, -2.48944121e-01,
        -5.46919055e-01, -5.85128032e-01,  3.08536345e-01,
        -4.86167483e-01,  2.12575796e-01,  1.57084653e-01,
        -3.20673984e-01, -1.11002355e-01, -6.04392778e-01,
         3.29801091e-01, -2.88767480e-01,  1.61757936e-02,
        -8.03863176e-01,  3.51269303e-01,  5.39997213e-01,
        -3.52995027e-01, -4.01994058e-01, -7.40447523e-01,
         1.69171307e+00, -8.18863176e-01,  6.54033401e-02,
        -3.57995027e-01,  3.21071695e-01, -5.95663382e-01,
         3.08820795e-01, -5.73412481e-01,  5.26271489e-01,
        -8.14863176e-01,  5.39271489e-01, -8.07863176e-01,
        -1.15085820e+00,  8.76266516e-01, -9.38331018e-01,
         6.56739331e-01, -2.69591687e-01],
       [ 2.42348477e-01,  4.62731854e-01, -4.79664315e-01,
         7.05800482e-02,  1.75326057e-01, -1.23508734e-01,
        -6.21187598e-01, -6.13684777e-01,  3.38310565e-01,
        -1.05367475e+00,  5.10342348e-01,  2.60958192e-01,
        -3.13825183e-01,  3.92480612e-01, -3.75029641e-01,
        -1.13496476e+00,  8.56590553e-01, -6.00795826e-01,
        -2.72162378e-01,  3.43938869e-01,  2.47645123e-01,
         1.13020839e+00, -3.41907851e-01, -3.08421797e-01,
        -7.55252955e-01,  1.02753110e+00, -1.31390532e+00,
        -3.25443975e-01,  3.50697633e-02, -2.93040824e-01,
         4.06563372e-01, -4.14896760e-01, -8.54538910e-01,
         5.63164699e-01, -2.43808649e-01, -5.25655628e-02,
        -1.05867475e+00,  8.67647730e-02,  6.30589634e-01,
         5.09461335e-02, -1.34160038e+00,  2.87040719e-01,
         1.82886020e+00, -1.05767475e+00, -3.37320345e-01,
         5.89461335e-02,  2.33435808e-01, -5.13810019e-01,
         8.30554118e-01, -1.11392833e+00,  7.86300540e-01,
        -1.05067475e+00,  7.76300540e-01, -1.06567475e+00,
        -9.96728618e-01,  7.25354407e-01, -1.12648911e+00,
         8.60114903e-01, -2.74374211e-01],
       [ 1.00000000e-03, -9.00000000e-03,  4.00000000e-03,
        -3.00000000e-03,  7.00000000e-03,  0.00000000e+00,
        -8.00000000e-03,  6.00000000e-03, -1.00000000e-02,
        -2.00000000e-03, -4.00000000e-03, -7.00000000e-03,
         8.00000000e-03, -8.00000000e-03,  4.00000000e-03,
        -9.00000000e-03,  5.00000000e-03, -8.00000000e-03,
        -7.00000000e-03,  8.00000000e-03, -6.00000000e-03,
        -8.00000000e-03,  6.00000000e-03, -3.00000000e-03,
         3.00000000e-03,  8.00000000e-03, -9.00000000e-03,
         1.00000000e-02, -6.00000000e-03,  4.00000000e-03,
        -6.00000000e-03,  3.00000000e-03,  4.00000000e-03,
         7.00000000e-03, -9.00000000e-03,  4.00000000e-03,
         1.00000000e-03, -8.00000000e-03, -5.00000000e-03,
        -1.00000000e-03,  1.00000000e-02, -7.00000000e-03,
         5.00000000e-03, -5.00000000e-03,  4.00000000e-03,
        -8.00000000e-03,  6.00000000e-03,  3.00000000e-03,
        -1.00000000e-02, -3.00000000e-03,  2.00000000e-03,
        -5.00000000e-03,  1.00000000e-02,  4.00000000e-03,
        -6.00000000e-03, -1.00000000e-03, -3.00000000e-03,
         3.00000000e-03,  3.00000000e-03]]), 'deltas': array([[-6.21656909e-05],
       [-1.49912867e-04],
       [-6.48353692e-05],
       [-1.10406813e-04],
       [-0.00000000e+00]]), 'outputs': array([[9.70060045e-04],
       [2.34252268e-03],
       [1.01176108e-03],
       [1.72413655e-03],
       [1.00000000e+00]]), 'errors': -0.06414660019956048}, {'weights': array([[ -6.92731798,  -3.71192212,  -6.05605884,   9.1666812 ,
         -0.99466438],
       [ -4.321402  ,  -4.84505947,  -4.1581074 , -13.83366428,
          1.73369211],
       [ -1.38057285,  -3.95086196,  -4.2530581 ,  10.53699466,
         -3.01228981],
       [  3.51491325,   4.233072  ,   4.05736063,  -0.25748205,
         -8.24955239]]), 'deltas': array([[-5.35295094e-02],
       [ 2.06129098e-02],
       [-2.10858099e-03],
       [-7.06216968e-08]]), 'outputs': array([[2.70972084e-01],
       [8.43693396e-01],
       [4.70389443e-02],
       [2.65782753e-04]]), 'errors': array([[-2.70972084e-01],
       [ 1.56306604e-01],
       [-4.70389443e-02],
       [-2.65782753e-04]])}]
Accuracy: 77.77777777777779 %

train_data group 2 length:  37
   0   1   2   3   4   5   6   7   8  ...  50  51  52  53  54  55  56  57  58
0   0   0   0   0   0   0   1   1   0 ...   1   0   1   0   1   0   1   0   0
1   0   0   0   0   0   0   1   1   0 ...   1   0   1   0   1   0   1   0   0
2   0   0   0   1   0   0   0   1   0 ...   0   1   0   1   1   0   1   0   1
3   0   0   0   0   0   0   1   1   0 ...   0   1   0   1   1   0   1   0   1
4   0   0   0   0   1   0   0   1   0 ...   1   0   1   0   0   1   1   0   2

[5 rows x 59 columns]
Initial Neural Network:
[{'weights': array([[ 0.008,  0.007,  0.001, -0.008,  0.007, -0.003, -0.001, -0.004,
         0.003,  0.002, -0.002,  0.   ,  0.006,  0.01 ,  0.003,  0.005,
         0.01 ,  0.01 ,  0.001,  0.002, -0.003,  0.003,  0.009,  0.001,
        -0.004,  0.006,  0.004,  0.002, -0.006,  0.009, -0.009,  0.002,
         0.01 , -0.009, -0.002,  0.003,  0.001,  0.002, -0.003, -0.008,
        -0.007, -0.007, -0.008,  0.003,  0.   , -0.004, -0.004,  0.   ,
        -0.004, -0.009,  0.009, -0.005, -0.007,  0.001, -0.007, -0.003,
        -0.007, -0.009,  0.002],
       [ 0.009, -0.007,  0.005, -0.01 , -0.004,  0.003,  0.001,  0.006,
        -0.008, -0.001, -0.006,  0.01 , -0.008, -0.006, -0.008,  0.006,
        -0.005, -0.006,  0.002,  0.009,  0.01 , -0.003, -0.009, -0.003,
        -0.007,  0.004, -0.009, -0.009,  0.004,  0.004,  0.   , -0.003,
         0.008, -0.002,  0.004,  0.006, -0.001, -0.008, -0.008,  0.006,
        -0.005,  0.006,  0.005, -0.003, -0.007, -0.01 , -0.008, -0.003,
         0.001, -0.008,  0.001, -0.007, -0.006, -0.005,  0.004,  0.006,
         0.   , -0.001,  0.009],
       [-0.002,  0.008, -0.001,  0.005,  0.007, -0.008,  0.007, -0.003,
         0.003, -0.003,  0.005,  0.005, -0.008,  0.006,  0.003,  0.009,
         0.006, -0.007, -0.009,  0.01 ,  0.008,  0.006,  0.009,  0.008,
         0.004,  0.008, -0.003,  0.002, -0.002,  0.003,  0.004,  0.009,
         0.007, -0.009, -0.001, -0.004, -0.008,  0.002, -0.003, -0.009,
         0.001, -0.002, -0.004,  0.004,  0.005,  0.003, -0.005,  0.007,
         0.001, -0.01 , -0.005,  0.006,  0.008,  0.   ,  0.002, -0.005,
        -0.008,  0.006,  0.   ],
       [-0.009, -0.009, -0.005, -0.01 ,  0.004, -0.01 ,  0.006, -0.004,
         0.005,  0.004,  0.009,  0.004, -0.007,  0.01 , -0.009,  0.006,
        -0.004,  0.007, -0.005, -0.003,  0.008,  0.002, -0.005,  0.006,
        -0.01 , -0.006,  0.007,  0.   ,  0.001,  0.004, -0.009, -0.002,
         0.002,  0.   , -0.001,  0.001,  0.01 , -0.007,  0.001, -0.006,
        -0.009, -0.008, -0.009,  0.003, -0.007,  0.002,  0.009,  0.008,
         0.004,  0.002,  0.002,  0.009,  0.007,  0.01 , -0.005, -0.008,
         0.   , -0.003, -0.001],
       [ 0.001, -0.001, -0.009,  0.005,  0.006,  0.007,  0.001,  0.002,
         0.005,  0.005, -0.004,  0.002,  0.008, -0.007, -0.009,  0.008,
         0.001, -0.01 ,  0.007,  0.002,  0.01 ,  0.   , -0.005,  0.009,
         0.006, -0.004, -0.006, -0.01 , -0.01 ,  0.004,  0.003,  0.001,
        -0.005,  0.005,  0.005, -0.01 ,  0.001,  0.   , -0.001, -0.01 ,
         0.005,  0.003,  0.003,  0.008,  0.007,  0.005, -0.006,  0.004,
        -0.009, -0.004, -0.008,  0.004, -0.007, -0.002, -0.009, -0.007,
         0.003, -0.006,  0.006]]), 'deltas': array([[0.],
       [0.],
       [0.],
       [0.],
       [0.]]), 'outputs': array([[0.],
       [0.],
       [0.],
       [0.],
       [0.]]), 'errors': array([[0.],
       [0.],
       [0.],
       [0.],
       [0.]])}, {'weights': array([[ 0.007, -0.01 ,  0.001,  0.008, -0.008],
       [-0.002,  0.005, -0.009, -0.002,  0.004],
       [ 0.006,  0.007,  0.001,  0.009, -0.009],
       [-0.003, -0.003,  0.004, -0.001, -0.002]]), 'deltas': array([[0.],
       [0.],
       [0.],
       [0.],
       [0.]]), 'outputs': array([[0.],
       [0.],
       [0.],
       [0.],
       [0.]]), 'errors': array([[0.],
       [0.],
       [0.],
       [0.],
       [0.]])}]
Training complete!
Training done. epoch: 1000 , total error: 0.489308960791288
[{'weights': array([[-1.99667096e-01,  6.00678425e-01,  1.40421771e-01,
        -5.99760956e-03,  7.13623672e-01, -7.29770930e-01,
        -4.00683793e-01, -7.24856580e-01,  8.31461019e-01,
        -9.80250557e-01,  2.88285177e-01,  7.99569819e-01,
        -2.47899324e-01,  6.93839296e-01, -3.19335533e-01,
        -2.69000952e-02,  1.49504534e-01,  6.64004498e-03,
        -8.42227645e-01,  2.60381333e-01,  6.92810705e-01,
         5.86637844e-01,  3.89827338e-01, -3.69198928e-01,
        -4.90661815e-01, -7.73948652e-03,  1.25343925e-01,
         4.55769978e-01, -3.52165539e-01,  9.26798046e-02,
        -5.46940061e-01,  5.63864695e-01, -1.04480893e+00,
         1.15341337e+00,  4.26091504e-01, -3.17487065e-01,
        -9.81250557e-01, -1.52300714e-02,  9.00334384e-01,
         1.95750683e-01, -7.48817155e-01, -5.85977999e-02,
         1.87526995e+00, -9.79250557e-01, -9.61462446e-02,
         1.99750683e-01,  1.92691563e-01, -8.90871248e-02,
         6.21947776e-02,  3.24096611e-02,  1.09885500e+00,
        -9.87250557e-01,  1.08285500e+00, -9.81250557e-01,
        -7.85499873e-01,  8.83104312e-01, -3.60190381e-01,
         4.51794820e-01,  1.09604439e-01],
       [-5.26558150e-02,  5.60459219e-01,  7.20739379e-02,
         1.92121223e-01,  4.77451550e-01, -8.53786868e-01,
        -3.40276025e-01, -7.45287254e-01,  8.01674476e-01,
        -9.78256080e-01,  2.47305136e-01,  7.92338166e-01,
        -3.12985639e-01,  6.61645048e-01, -3.12272187e-01,
         7.45403861e-02, -1.51531642e-02, -4.85181328e-01,
        -1.42099178e-01,  1.70813848e-01,  5.29853880e-01,
         1.54341152e-01,  7.38212826e-01, -3.65935487e-01,
        -4.90231269e-01, -5.64358611e-02,  1.09823083e-01,
         3.47164530e-01, -2.93777308e-01,  3.03416538e-01,
        -3.55814543e-01,  1.11785226e-01, -8.61664205e-01,
         9.26051427e-01,  2.49574048e-02,  4.34298171e-02,
        -9.78256080e-01, -5.08101877e-02,  7.92860388e-01,
         2.83593102e-01, -6.12793302e-01, -2.99020775e-02,
         1.68433868e+00, -9.80256080e-01, -2.26205880e-01,
         2.67593102e-01,  4.38587273e-02,  3.52849461e-03,
        -1.11155971e-01,  1.62543193e-01,  1.03664330e+00,
        -9.84256080e-01,  1.02964330e+00, -9.82256080e-01,
        -6.95662978e-01,  7.64050200e-01, -9.41291604e-02,
         1.51516382e-01,  6.73872219e-02],
       [-1.14139279e-01,  6.05576621e-01, -1.79882001e-02,
        -1.39241465e-02,  9.57333393e-03, -4.69156646e-01,
        -2.64866276e-01, -9.93250351e-01,  7.12325758e-01,
        -8.15221888e-01,  2.69280631e-01,  2.72016664e-01,
        -4.05175184e-01,  3.99360628e-01, -2.74110037e-01,
        -4.68830746e-01,  2.02906153e-01, -1.93974077e-01,
        -2.86443354e-01,  1.09873593e-01,  9.16192448e-02,
         5.13188210e-02,  3.60286982e-01, -2.83122822e-01,
        -3.82407574e-01, -1.45586410e-01, -1.30338184e-01,
        -5.19618451e-01,  2.38693858e-01,  4.63297280e-01,
        -5.81088222e-01, -1.47133651e-01, -1.07064645e+00,
         7.87721857e-01, -7.09546906e-02, -2.14969902e-01,
        -8.20221888e-01, -5.64273360e-02,  8.08673815e-01,
        -2.30949184e-01, -5.03752631e-01, -7.52922283e-01,
         1.78297221e+00, -8.08221888e-01, -5.39754089e-02,
        -2.18949184e-01,  2.71194303e-01, -5.50118896e-01,
        -2.10322718e-01, -7.96018755e-02,  5.26297295e-01,
        -8.06221888e-01,  5.39297295e-01, -8.12221888e-01,
        -1.03217107e+00,  7.48246479e-01, -7.53502920e-01,
         4.70578327e-01, -2.80924593e-01],
       [-7.89322220e-02,  5.67729352e-01,  7.67288122e-02,
        -3.84849761e-02,  4.58305470e-02, -4.45316513e-01,
        -2.62996849e-01, -9.21933870e-01,  8.20492022e-01,
        -8.03582488e-01,  2.65156509e-01,  4.52984130e-01,
        -2.33584402e-01,  4.08154590e-01, -2.83012036e-01,
        -2.96845698e-01,  1.96403850e-01, -2.72886413e-01,
        -2.70716757e-01,  2.29449818e-01,  2.18711504e-01,
         3.99794306e-02,  5.23741382e-01, -2.84993898e-01,
        -3.88168763e-01, -1.11586529e-01,  1.01446811e-02,
        -3.47906400e-01,  2.46464552e-01,  4.46342159e-01,
        -4.23501882e-01, -1.32282126e-01, -8.91193020e-01,
         7.90751172e-01,  5.70620838e-02, -1.59503932e-01,
        -7.97582488e-01,  8.60020666e-02,  7.94519971e-01,
        -1.87381398e-01, -4.83625802e-01, -5.36918601e-01,
         1.69968504e+00, -8.04582488e-01,  7.19395501e-02,
        -1.79381398e-01,  2.38097715e-01, -3.23539563e-01,
        -1.90944309e-01,  9.45024602e-02,  7.07140639e-01,
        -7.98582488e-01,  7.12140639e-01, -7.97582488e-01,
        -9.93963886e-01,  8.78522038e-01, -5.59469726e-01,
         4.54027878e-01, -1.03441848e-01],
       [ 1.00000000e-03, -1.00000000e-03, -9.00000000e-03,
         5.00000000e-03,  6.00000000e-03,  7.00000000e-03,
         1.00000000e-03,  2.00000000e-03,  5.00000000e-03,
         5.00000000e-03, -4.00000000e-03,  2.00000000e-03,
         8.00000000e-03, -7.00000000e-03, -9.00000000e-03,
         8.00000000e-03,  1.00000000e-03, -1.00000000e-02,
         7.00000000e-03,  2.00000000e-03,  1.00000000e-02,
         0.00000000e+00, -5.00000000e-03,  9.00000000e-03,
         6.00000000e-03, -4.00000000e-03, -6.00000000e-03,
        -1.00000000e-02, -1.00000000e-02,  4.00000000e-03,
         3.00000000e-03,  1.00000000e-03, -5.00000000e-03,
         5.00000000e-03,  5.00000000e-03, -1.00000000e-02,
         1.00000000e-03,  0.00000000e+00, -1.00000000e-03,
        -1.00000000e-02,  5.00000000e-03,  3.00000000e-03,
         3.00000000e-03,  8.00000000e-03,  7.00000000e-03,
         5.00000000e-03, -6.00000000e-03,  4.00000000e-03,
        -9.00000000e-03, -4.00000000e-03, -8.00000000e-03,
         4.00000000e-03, -7.00000000e-03, -2.00000000e-03,
        -9.00000000e-03, -7.00000000e-03,  3.00000000e-03,
        -6.00000000e-03,  6.00000000e-03]]), 'deltas': array([[-0.00128079],
       [-0.00163022],
       [-0.00134192],
       [-0.00638644],
       [-0.        ]]), 'outputs': array([[0.9592802 ],
       [0.9475278 ],
       [0.04275419],
       [0.26499968],
       [1.        ]]), 'errors': -0.03278882352519401}, {'weights': array([[  2.59523033,   6.24561558,  -8.11539586, -10.1054413 ,
         -3.09078269],
       [ -9.50677522,  -9.77754365,  -3.89566001,  -3.45032547,
          3.00773096],
       [  4.35828549,   4.70912308,  -7.32165428,  -2.6450538 ,
         -3.45776617],
       [  0.56022244,   1.25377295,   5.4614487 ,   3.78575378,
         -7.98781698]]), 'deltas': array([[ 7.71392309e-03],
       [-5.07407872e-15],
       [-1.46234837e-02],
       [-4.22889229e-05]]), 'outputs': array([[9.07819760e-01],
       [7.12325704e-08],
       [9.84925458e-01],
       [6.52431153e-03]]), 'errors': array([[ 9.21802405e-02],
       [-7.12325704e-08],
       [-9.84925458e-01],
       [-6.52431153e-03]])}]
Accuracy: 80.0 %

train_data group 3 length:  38
   0   1   2   3   4   5   6   7   8  ...  50  51  52  53  54  55  56  57  58
0   0   0   0   0   0   0   1   1   0 ...   1   0   1   0   1   0   1   0   0
1   0   0   0   0   0   0   1   1   0 ...   1   0   1   0   1   0   1   0   0
2   0   0   0   1   0   0   0   1   0 ...   0   1   0   1   1   0   1   0   1
3   0   0   0   0   0   0   1   1   0 ...   0   1   0   1   1   0   1   0   1
4   0   0   0   0   1   0   0   1   0 ...   1   0   1   0   0   1   1   0   2

[5 rows x 59 columns]
Initial Neural Network:
[{'weights': array([[ 0.002, -0.01 ,  0.01 , -0.003,  0.009,  0.003, -0.001,  0.004,
         0.006,  0.007,  0.003, -0.005,  0.001, -0.002, -0.01 ,  0.006,
         0.006,  0.009, -0.01 , -0.002,  0.003, -0.001, -0.006, -0.007,
         0.007, -0.002, -0.009,  0.003,  0.007, -0.001,  0.008, -0.01 ,
         0.003, -0.001, -0.01 , -0.007,  0.002, -0.009,  0.   , -0.003,
        -0.008, -0.007,  0.001,  0.   , -0.009, -0.005, -0.009,  0.003,
        -0.01 , -0.002, -0.007, -0.002,  0.001,  0.002,  0.003, -0.009,
         0.003,  0.01 , -0.003],
       [ 0.008, -0.004, -0.005, -0.001, -0.009, -0.009,  0.008,  0.001,
         0.002,  0.001, -0.008, -0.001,  0.01 , -0.007, -0.008, -0.001,
         0.001, -0.006, -0.006, -0.005, -0.01 , -0.005,  0.007, -0.001,
         0.007, -0.009,  0.006, -0.005, -0.001,  0.004,  0.01 , -0.007,
         0.003, -0.01 , -0.002, -0.009,  0.002,  0.001,  0.01 , -0.004,
         0.006, -0.006, -0.004, -0.01 ,  0.003, -0.007,  0.01 , -0.01 ,
        -0.007,  0.   , -0.007,  0.001, -0.008,  0.004, -0.004, -0.01 ,
        -0.003, -0.009,  0.007],
       [-0.007,  0.002, -0.007,  0.002, -0.002, -0.004,  0.001, -0.007,
         0.002,  0.   ,  0.   ,  0.004, -0.006,  0.008, -0.009, -0.005,
         0.   , -0.007,  0.008,  0.009,  0.006, -0.005,  0.005, -0.005,
         0.009, -0.001,  0.009, -0.001,  0.001,  0.002,  0.002,  0.003,
         0.   ,  0.007, -0.003, -0.006,  0.006,  0.007,  0.   , -0.003,
         0.004,  0.003,  0.008,  0.005, -0.006, -0.001,  0.001,  0.005,
         0.002, -0.007, -0.002,  0.003, -0.002, -0.001, -0.01 , -0.006,
        -0.009, -0.007,  0.004],
       [ 0.   ,  0.003,  0.002, -0.007,  0.002,  0.009, -0.004,  0.001,
        -0.005, -0.002, -0.006, -0.007, -0.007,  0.005,  0.009,  0.007,
         0.001,  0.003,  0.003,  0.003, -0.008, -0.01 , -0.001, -0.006,
         0.004, -0.001, -0.003,  0.004,  0.005, -0.001,  0.001, -0.006,
         0.009, -0.009,  0.007, -0.004,  0.   , -0.007, -0.009,  0.005,
         0.002, -0.003, -0.004,  0.005, -0.01 , -0.005,  0.003,  0.007,
        -0.01 , -0.007,  0.001, -0.007,  0.001,  0.008, -0.002, -0.003,
        -0.002,  0.   , -0.008],
       [-0.006, -0.004,  0.002, -0.008,  0.01 , -0.009,  0.007,  0.009,
        -0.004,  0.009,  0.01 ,  0.004,  0.002,  0.001, -0.002, -0.008,
         0.002,  0.001,  0.002, -0.001, -0.006, -0.006, -0.009,  0.002,
         0.006,  0.006, -0.01 ,  0.   ,  0.002,  0.003,  0.006, -0.01 ,
         0.003, -0.005,  0.006,  0.   ,  0.009, -0.007, -0.006, -0.001,
         0.004, -0.001,  0.003,  0.   ,  0.007, -0.001,  0.004, -0.003,
        -0.008,  0.008,  0.007, -0.005, -0.006,  0.01 , -0.003, -0.009,
         0.009,  0.007, -0.001]]), 'deltas': array([[0.],
       [0.],
       [0.],
       [0.],
       [0.]]), 'outputs': array([[0.],
       [0.],
       [0.],
       [0.],
       [0.]]), 'errors': array([[0.],
       [0.],
       [0.],
       [0.],
       [0.]])}, {'weights': array([[-0.002, -0.009,  0.007,  0.   , -0.006],
       [-0.002,  0.004,  0.007,  0.009,  0.005],
       [ 0.01 , -0.004,  0.007, -0.005, -0.006],
       [-0.007, -0.008,  0.008,  0.002, -0.003]]), 'deltas': array([[0.],
       [0.],
       [0.],
       [0.],
       [0.]]), 'outputs': array([[0.],
       [0.],
       [0.],
       [0.],
       [0.]]), 'errors': array([[0.],
       [0.],
       [0.],
       [0.],
       [0.]])}]
Training complete!
Training done. epoch: 543 , total error: 0.0009850687414364354
[{'weights': array([[-3.27425674e-01,  3.98062888e-01, -7.72509260e-02,
        -1.70390059e-01, -1.01975144e-01, -2.26837280e-01,
         3.54877519e-01, -3.99881607e-01,  2.48942931e-01,
        -7.95917074e-01,  2.78391544e-01,  3.61586853e-01,
        -4.64102784e-01,  6.58214857e-01, -3.66050749e-01,
        -3.30835986e-01,  1.81897309e-01, -8.35718954e-01,
         4.36139217e-01,  1.76337032e-02,  2.21007357e-01,
         3.57784699e-01,  1.63415950e-01, -2.96372851e-01,
        -3.92766475e-01, -3.55026155e-01,  1.83087479e-01,
         9.41968255e-02, -2.45135502e-01,  8.21950436e-02,
        -5.81936950e-01,  3.35803230e-01, -1.02560445e+00,
         8.66665775e-01, -7.68959949e-02, -1.01042682e-01,
        -8.00917074e-01, -2.41136750e-01,  6.84849526e-01,
         1.86265622e-01, -4.36962344e-01, -4.87421796e-01,
         1.55236254e+00, -8.02917074e-01, -3.59204298e-01,
         1.84265622e-01,  1.17324200e-01, -2.84262877e-01,
        -2.08034039e-01,  3.50953628e-02,  6.34978398e-01,
        -8.04917074e-01,  6.42978398e-01, -8.00917074e-01,
        -6.10651453e-01,  4.43712776e-01, -9.08659937e-01,
         7.60721261e-01, -1.63938677e-01],
       [-1.79982394e-02,  3.84165849e-01, -3.53792612e-02,
         6.18321921e-02, -1.94369885e-01, -3.00543215e-01,
        -1.00477598e-01, -7.36272073e-01,  5.48501914e-01,
        -7.18114789e-01,  2.69407368e-01,  2.49937262e-01,
        -1.67254402e-01,  3.03662495e-01, -3.32178252e-01,
        -5.53865907e-01,  3.63095748e-01, -9.22236334e-01,
        -1.32136120e-01,  5.87319448e-01,  2.49282848e-01,
         3.15838649e-02,  3.93243171e-01, -2.47247219e-01,
        -3.60349976e-01, -2.20691112e-01,  2.69209530e-02,
        -5.13301035e-01,  3.16530876e-01,  1.10515102e-01,
         2.06215758e-01, -5.00501019e-01, -7.17174621e-01,
         5.19404463e-01, -1.07360796e-01, -9.44093631e-02,
        -7.17114789e-01,  1.38415973e-01,  6.39327459e-01,
        -2.42398801e-01, -3.78380785e-01, -6.55263301e-01,
         1.55798872e+00, -7.29114789e-01,  5.06286417e-02,
        -2.45398801e-01,  2.18219797e-01, -4.08989956e-01,
        -3.13028518e-01,  1.15258359e-01,  5.21344631e-01,
        -7.18114789e-01,  5.20344631e-01, -7.15114789e-01,
        -9.61513590e-01,  7.56743431e-01, -8.91964895e-01,
         6.89194736e-01, -1.83770159e-01],
       [-1.84125325e-01,  3.99587014e-01, -1.26398804e-02,
         9.00276213e-03, -1.59237217e-01, -2.80510349e-01,
         2.49581730e-02, -6.37305151e-01,  4.44340329e-01,
        -7.27408033e-01,  2.75390793e-01,  2.68052419e-01,
        -3.06763303e-01,  4.49704125e-01, -3.37905644e-01,
        -4.84075553e-01,  2.91110731e-01, -8.39668426e-01,
         7.20311645e-02,  3.35734731e-01,  2.59937708e-01,
         1.26792627e-01,  3.03713174e-01, -2.59971119e-01,
        -3.54499504e-01, -3.23630538e-01,  1.43665717e-01,
        -2.66649452e-01,  7.86846301e-02,  1.25000379e-01,
        -1.25852969e-01, -1.80112233e-01, -8.53807687e-01,
         6.72842865e-01, -1.07090203e-01, -8.98746184e-02,
        -7.21408033e-01, -1.05766356e-02,  6.51555665e-01,
        -9.75358176e-02, -3.74408345e-01, -6.38906719e-01,
         1.56775828e+00, -7.22408033e-01, -9.94290041e-02,
        -9.55358176e-02,  2.05059993e-01, -3.87024815e-01,
        -2.70560331e-01,  7.75955092e-02,  5.37443211e-01,
        -7.24408033e-01,  5.37443211e-01, -7.28408033e-01,
        -8.31943851e-01,  6.27979029e-01, -9.70576940e-01,
         7.66612118e-01, -1.83964822e-01],
       [-1.27884610e-01,  3.99593150e-01, -8.77225487e-03,
         9.51377941e-03, -1.70399624e-01, -2.75497541e-01,
        -9.68977558e-03, -6.71539703e-01,  4.79402828e-01,
        -7.27476159e-01,  2.72196604e-01,  2.52142679e-01,
        -2.71173244e-01,  4.11156448e-01, -3.21120079e-01,
        -4.84212406e-01,  3.04075531e-01, -8.58226242e-01,
         1.93115263e-02,  4.10534811e-01,  2.41243030e-01,
         9.09323496e-02,  3.27938844e-01, -2.59160923e-01,
        -3.60847146e-01, -2.89043346e-01,  9.69064710e-02,
        -3.38474092e-01,  1.59337216e-01,  1.19306279e-01,
        -4.04267567e-02, -2.73016397e-01, -8.09749152e-01,
         6.21612277e-01, -8.92668065e-02, -9.58700688e-02,
        -7.25476159e-01,  2.08134457e-02,  6.39226002e-01,
        -1.33700163e-01, -3.78422706e-01, -6.52671879e-01,
         1.56343387e+00, -7.20476159e-01, -5.94367118e-02,
        -1.43700163e-01,  2.11900809e-01, -3.90037684e-01,
        -2.84124553e-01,  7.89876778e-02,  5.38339284e-01,
        -7.32476159e-01,  5.38339284e-01, -7.17476159e-01,
        -8.66176322e-01,  6.73039447e-01, -9.44883268e-01,
         7.54746392e-01, -1.96136875e-01],
       [-6.00000000e-03, -4.00000000e-03,  2.00000000e-03,
        -8.00000000e-03,  1.00000000e-02, -9.00000000e-03,
         7.00000000e-03,  9.00000000e-03, -4.00000000e-03,
         9.00000000e-03,  1.00000000e-02,  4.00000000e-03,
         2.00000000e-03,  1.00000000e-03, -2.00000000e-03,
        -8.00000000e-03,  2.00000000e-03,  1.00000000e-03,
         2.00000000e-03, -1.00000000e-03, -6.00000000e-03,
        -6.00000000e-03, -9.00000000e-03,  2.00000000e-03,
         6.00000000e-03,  6.00000000e-03, -1.00000000e-02,
         0.00000000e+00,  2.00000000e-03,  3.00000000e-03,
         6.00000000e-03, -1.00000000e-02,  3.00000000e-03,
        -5.00000000e-03,  6.00000000e-03,  0.00000000e+00,
         9.00000000e-03, -7.00000000e-03, -6.00000000e-03,
        -1.00000000e-03,  4.00000000e-03, -1.00000000e-03,
         3.00000000e-03,  0.00000000e+00,  7.00000000e-03,
        -1.00000000e-03,  4.00000000e-03, -3.00000000e-03,
        -8.00000000e-03,  8.00000000e-03,  7.00000000e-03,
        -5.00000000e-03, -6.00000000e-03,  1.00000000e-02,
        -3.00000000e-03, -9.00000000e-03,  9.00000000e-03,
         7.00000000e-03, -1.00000000e-03]]), 'deltas': array([[7.29330348e-04],
       [4.14770675e-05],
       [2.34930929e-04],
       [1.48016157e-04],
       [0.00000000e+00]]), 'outputs': array([[0.78328941],
       [0.00974856],
       [0.05804832],
       [0.0357262 ],
       [1.        ]]), 'errors': 0.004296569968914513}, {'weights': array([[ 7.71622805, -4.21730114, -2.20093871, -2.64991663, -1.70393183],
       [-6.74149226, -5.09862277, -4.6163186 , -4.71135751,  1.9179529 ],
       [-4.22759122,  5.4163932 , -2.07423445, -0.56243091, -0.66395039],
       [ 2.11107901,  2.31115621,  2.44180769,  2.37744547, -5.34032521]]), 'deltas': array([[ 0.00027371],
       [-0.00042639],
       [-0.00028101],
       [-0.00094022]]), 'outputs': array([[0.9833159 ],
       [0.02086817],
       [0.01690686],
       [0.03115214]]), 'errors': array([[ 0.0166841 ],
       [-0.02086817],
       [-0.01690686],
       [-0.03115214]])}]
Accuracy: 88.88888888888889 %

train_data group 4 length:  37
   0   1   2   3   4   5   6   7   8  ...  50  51  52  53  54  55  56  57  58
0   0   0   0   0   0   0   1   1   0 ...   1   0   1   0   1   0   1   0   0
1   0   0   0   0   0   0   1   1   0 ...   1   0   1   0   1   0   1   0   0
2   0   0   0   1   0   0   0   1   0 ...   0   1   0   1   1   0   1   0   1
3   0   0   0   0   0   0   1   1   0 ...   0   1   0   1   1   0   1   0   1
4   0   0   0   0   1   0   0   1   0 ...   1   0   1   0   0   1   1   0   2

[5 rows x 59 columns]
Initial Neural Network:
[{'weights': array([[ 0.01 , -0.01 ,  0.001, -0.004, -0.006,  0.006, -0.005, -0.002,
         0.   ,  0.001,  0.008, -0.006, -0.004, -0.002,  0.004,  0.007,
         0.007,  0.005, -0.007,  0.004,  0.002, -0.007, -0.006, -0.005,
         0.002,  0.009,  0.01 ,  0.01 , -0.003, -0.007, -0.01 , -0.007,
         0.004, -0.008,  0.   , -0.003,  0.008,  0.004,  0.006,  0.006,
         0.002,  0.009,  0.005,  0.006,  0.004, -0.01 , -0.003,  0.007,
         0.008, -0.005, -0.003,  0.002,  0.001,  0.008, -0.004,  0.007,
        -0.005, -0.003, -0.006],
       [ 0.01 ,  0.003,  0.005, -0.002, -0.01 ,  0.004, -0.005, -0.004,
        -0.005,  0.001,  0.007,  0.003, -0.001, -0.008, -0.005, -0.009,
         0.008,  0.007,  0.007, -0.007,  0.002,  0.   ,  0.002, -0.006,
        -0.006,  0.004, -0.002, -0.01 , -0.003, -0.01 , -0.008,  0.001,
        -0.008, -0.008, -0.007, -0.009,  0.009, -0.009, -0.001, -0.003,
        -0.002, -0.001, -0.009, -0.007, -0.004,  0.003,  0.01 ,  0.007,
         0.006, -0.006, -0.004, -0.002,  0.005, -0.002,  0.   , -0.003,
        -0.001, -0.003,  0.01 ],
       [ 0.006,  0.008,  0.008, -0.008, -0.006,  0.01 , -0.005,  0.009,
         0.003,  0.002,  0.006, -0.008, -0.007,  0.004,  0.007,  0.008,
         0.009,  0.   ,  0.   , -0.004,  0.004,  0.   ,  0.005, -0.008,
         0.002,  0.002,  0.001,  0.006, -0.005,  0.001, -0.009,  0.008,
        -0.003,  0.006, -0.01 ,  0.001, -0.002, -0.01 ,  0.005, -0.009,
         0.01 , -0.003,  0.005,  0.009,  0.003,  0.007,  0.001,  0.008,
        -0.001,  0.003,  0.005, -0.001, -0.002,  0.006, -0.009,  0.008,
        -0.008, -0.009,  0.01 ],
       [ 0.009, -0.002, -0.004,  0.008,  0.004,  0.007, -0.008, -0.004,
         0.001,  0.001,  0.005,  0.003,  0.006,  0.   ,  0.009, -0.008,
         0.002, -0.001,  0.001, -0.001, -0.009, -0.003,  0.003, -0.005,
        -0.007,  0.006,  0.01 ,  0.004,  0.006,  0.003, -0.007,  0.001,
        -0.01 , -0.004, -0.001,  0.003, -0.005,  0.002,  0.   , -0.008,
         0.009,  0.001, -0.002, -0.008, -0.001, -0.002,  0.008,  0.006,
        -0.002,  0.002, -0.007,  0.009,  0.007,  0.008, -0.002,  0.003,
        -0.01 ,  0.005,  0.008],
       [-0.008,  0.002,  0.001, -0.002, -0.008,  0.007, -0.005,  0.001,
         0.009, -0.007, -0.004,  0.005, -0.003, -0.005,  0.004,  0.003,
         0.008, -0.003, -0.002,  0.006, -0.006, -0.006, -0.009, -0.01 ,
         0.   , -0.002,  0.007, -0.007,  0.008,  0.002, -0.009, -0.002,
        -0.009,  0.01 , -0.002, -0.01 ,  0.007, -0.004, -0.002, -0.002,
         0.004, -0.005, -0.004,  0.008,  0.005,  0.007, -0.004,  0.009,
        -0.009, -0.001, -0.01 ,  0.005, -0.001, -0.008,  0.01 ,  0.001,
         0.003,  0.004, -0.001]]), 'deltas': array([[0.],
       [0.],
       [0.],
       [0.],
       [0.]]), 'outputs': array([[0.],
       [0.],
       [0.],
       [0.],
       [0.]]), 'errors': array([[0.],
       [0.],
       [0.],
       [0.],
       [0.]])}, {'weights': array([[ 0.   , -0.007,  0.006,  0.009, -0.004],
       [ 0.009,  0.005,  0.004, -0.005, -0.007],
       [ 0.005, -0.01 ,  0.005, -0.005, -0.006],
       [-0.009,  0.008,  0.009,  0.01 , -0.01 ]]), 'deltas': array([[0.],
       [0.],
       [0.],
       [0.],
       [0.]]), 'outputs': array([[0.],
       [0.],
       [0.],
       [0.],
       [0.]]), 'errors': array([[0.],
       [0.],
       [0.],
       [0.],
       [0.]])}]
Training complete!
Training done. epoch: 799 , total error: 0.0006798477112567781
[{'weights': array([[-3.36834617e-02,  3.86405156e-01, -3.45779063e-01,
         2.58818304e-01, -4.09330000e-01, -7.50629890e-02,
         5.73806651e-02, -4.65861235e-01,  3.10609847e-01,
        -7.33092789e-01,  3.61137478e-01,  2.21703922e-01,
        -2.84578886e-01,  5.33604357e-01, -4.04276859e-01,
        -3.39552418e-01,  2.00301030e-01, -2.12723513e-01,
        -1.54575706e-01,  7.92862087e-02,  1.38761622e-01,
         3.20340314e-01,  1.22134645e-01, -4.35645153e-01,
        -1.76081193e-01, -6.93525257e-02, -6.48988625e-02,
         5.21319293e-02, -1.98383317e-01, -1.37006800e-02,
        -2.24879852e-01,  6.13291440e-02, -4.26780874e-01,
         2.69529486e-01, -7.38174623e-02, -8.24339258e-02,
        -7.26092789e-01, -6.29760835e-02,  6.96820482e-01,
        -3.70029972e-02, -5.35601832e-01, -3.19242574e-01,
         1.45168581e+00, -7.28092789e-01, -1.06248391e-01,
        -5.30029972e-02,  2.31685183e-01, -3.80936572e-01,
         5.83952128e-02, -2.08646601e-01,  5.77841401e-01,
        -7.32092789e-01,  5.81841401e-01, -7.26092789e-01,
        -7.81095786e-01,  6.30844398e-01, -1.60493719e+00,
         1.44368581e+00, -1.59251388e-01],
       [-1.06325151e-01,  4.07466380e-01, -3.69176623e-01,
        -2.37328792e-03, -2.80867706e-01,  1.27476671e-03,
         2.10401726e-01, -4.05527599e-01,  2.51927704e-01,
        -7.78931048e-01,  3.64003278e-01,  2.81327875e-01,
        -3.99056181e-01,  6.78797719e-01, -4.38341433e-01,
        -1.47610351e-01,  2.01045566e-03, -2.08687629e-01,
        -5.12833604e-01,  2.74014639e-01,  3.11906700e-01,
         7.02132743e-01, -1.87307578e-01, -4.60535114e-01,
        -2.08889946e-01,  5.32293282e-02, -1.95829223e-01,
         9.95414687e-02, -2.57141364e-01, -9.37767139e-02,
        -1.59993037e-01,  9.21698560e-02, -6.04704779e-01,
         4.44104884e-01,  8.92388385e-02, -2.49838733e-01,
        -7.70931048e-01, -2.34390447e-01,  7.28626180e-01,
         1.28095420e-01, -7.59071412e-01, -9.45576182e-02,
         1.47696018e+00, -7.86931048e-01, -2.79695315e-01,
         1.34095420e-01,  2.30118616e-01, -3.57718511e-01,
         1.47965403e-01, -2.92565298e-01,  6.31331153e-01,
        -7.81931048e-01,  6.40331153e-01, -7.81931048e-01,
        -6.48835628e-01,  5.01235733e-01, -1.63156008e+00,
         1.48296018e+00, -1.34599895e-01],
       [-3.06314707e-02,  4.02328993e-01, -3.28139687e-01,
         2.45831734e-01, -4.10225665e-01, -7.49431584e-02,
         5.11891607e-02, -4.75733073e-01,  3.30142980e-01,
        -7.29249101e-01,  3.58583306e-01,  2.13075702e-01,
        -2.81219752e-01,  5.27191123e-01, -3.99561463e-01,
        -3.34917624e-01,  1.94327531e-01, -2.15291361e-01,
        -1.40172499e-01,  7.50957034e-02,  1.22778064e-01,
         3.11064618e-01,  1.41993354e-01, -4.36071492e-01,
        -1.75576573e-01, -6.72486747e-02, -8.73414182e-02,
         4.36297060e-02, -2.00219799e-01, -5.13734500e-03,
        -2.33361047e-01,  8.09082992e-02, -4.32138325e-01,
         2.77548232e-01, -7.66565724e-02, -8.99335205e-02,
        -7.33249101e-01, -7.05491704e-02,  6.94273008e-01,
        -6.40648296e-02, -5.22908026e-01, -3.41044069e-01,
         1.44961110e+00, -7.22249101e-01, -9.95252633e-02,
        -4.80648296e-02,  2.37593098e-01, -3.86183191e-01,
         4.63720880e-02, -2.01962181e-01,  5.78659008e-01,
        -7.32249101e-01,  5.71659008e-01, -7.25249101e-01,
        -7.95313930e-01,  6.36723837e-01, -1.61020120e+00,
         1.43561110e+00, -1.47590093e-01],
       [ 1.18944798e-02,  3.94283790e-01, -3.37285748e-01,
         4.31792485e-01, -4.78321741e-01, -1.09429755e-01,
        -4.83301804e-02, -5.10872027e-01,  3.58475357e-01,
        -7.06975821e-01,  3.59735381e-01,  2.06843771e-01,
        -1.88449800e-01,  4.39366957e-01, -3.85313827e-01,
        -4.64908472e-01,  3.09511802e-01, -2.21796407e-01,
         4.64180106e-02, -3.07443864e-02,  4.67261126e-02,
         1.16256187e-01,  3.13090068e-01, -4.21446718e-01,
        -1.69296207e-01, -1.33434718e-01,  3.80481507e-05,
         3.01691904e-02, -1.69565860e-01,  3.63147334e-02,
        -2.54717843e-01,  6.60064395e-02, -3.36850729e-01,
         1.73454059e-01, -1.63943368e-01,  1.65466986e-02,
        -7.12975821e-01,  4.27758415e-02,  6.81780241e-01,
        -1.71976931e-01, -4.17680687e-01, -4.59958193e-01,
         1.44421803e+00, -7.15975821e-01,  1.35802608e-02,
        -1.65976931e-01,  2.65617668e-01, -4.01014337e-01,
        -3.26456249e-03, -1.46132107e-01,  5.51579152e-01,
        -6.98975821e-01,  5.65579152e-01, -6.99975821e-01,
        -8.73952752e-01,  7.25556082e-01, -1.60561470e+00,
         1.45121803e+00, -1.41396670e-01],
       [-8.00000000e-03,  2.00000000e-03,  1.00000000e-03,
        -2.00000000e-03, -8.00000000e-03,  7.00000000e-03,
        -5.00000000e-03,  1.00000000e-03,  9.00000000e-03,
        -7.00000000e-03, -4.00000000e-03,  5.00000000e-03,
        -3.00000000e-03, -5.00000000e-03,  4.00000000e-03,
         3.00000000e-03,  8.00000000e-03, -3.00000000e-03,
        -2.00000000e-03,  6.00000000e-03, -6.00000000e-03,
        -6.00000000e-03, -9.00000000e-03, -1.00000000e-02,
         0.00000000e+00, -2.00000000e-03,  7.00000000e-03,
        -7.00000000e-03,  8.00000000e-03,  2.00000000e-03,
        -9.00000000e-03, -2.00000000e-03, -9.00000000e-03,
         1.00000000e-02, -2.00000000e-03, -1.00000000e-02,
         7.00000000e-03, -4.00000000e-03, -2.00000000e-03,
        -2.00000000e-03,  4.00000000e-03, -5.00000000e-03,
        -4.00000000e-03,  8.00000000e-03,  5.00000000e-03,
         7.00000000e-03, -4.00000000e-03,  9.00000000e-03,
        -9.00000000e-03, -1.00000000e-03, -1.00000000e-02,
         5.00000000e-03, -1.00000000e-03, -8.00000000e-03,
         1.00000000e-02,  1.00000000e-03,  3.00000000e-03,
         4.00000000e-03, -1.00000000e-03]]), 'deltas': array([[-6.19047960e-05],
       [-1.26494567e-04],
       [-5.61233260e-05],
       [-1.93572066e-05],
       [-0.00000000e+00]]), 'outputs': array([[0.13317439],
       [0.61880723],
       [0.11876227],
       [0.03750349],
       [1.        ]]), 'errors': -0.0005362555975484745}, {'weights': array([[-2.80293783, 11.00507287, -3.00165197, -6.53683245, -1.58735949],
       [-6.07070314, -8.13019099, -5.96061057, -5.64064199,  1.94500355],
       [ 0.93872168, -6.01789801,  0.22422565,  3.12840208, -0.34186189],
       [ 2.50715507,  2.06559845,  2.56663216,  2.67714679, -5.68992102]]), 'deltas': array([[ 1.95889018e-04],
       [-6.42935201e-05],
       [-4.71332393e-04],
       [-5.99054158e-04]]), 'outputs': array([[0.98590427],
       [0.0080508 ],
       [0.02195248],
       [0.02478465]]), 'errors': array([[ 0.01409573],
       [-0.0080508 ],
       [-0.02195248],
       [-0.02478465]])}]
Accuracy: 90.0 %

Feedforward Neural Network AVG Accuracy (%): 82.88888888888889 %
