Namespace(error_threshold=0.001, max_epochs=1000, num_layers=2, num_nodes_per_hidden_layer=4, training_rate=0.8)

train_data group 0 length:  38
   0   1   2   3   4   5   6   7   8  ...  50  51  52  53  54  55  56  57  58
0   0   0   0   0   1   0   0   1   0 ...   1   0   1   0   1   0   1   0   0
1   0   0   0   0   0   0   1   1   0 ...   1   0   1   0   1   0   1   0   0
2   0   0   0   0   0   1   0   1   0 ...   0   1   0   1   1   0   1   0   1
3   0   0   0   0   1   0   0   1   0 ...   0   1   0   1   1   0   1   0   1
4   1   0   0   0   0   0   0   0   1 ...   1   0   1   0   0   1   1   0   2

[5 rows x 59 columns]
Initial Neural Network:
[{'weights': array([[-0.005, -0.003, -0.009,  0.002,  0.   ,  0.001,  0.004, -0.009,
         0.003, -0.009, -0.008,  0.001,  0.01 ,  0.002, -0.006, -0.008,
        -0.007, -0.007, -0.007, -0.01 ,  0.002, -0.008, -0.004,  0.001,
        -0.01 , -0.008, -0.007,  0.007, -0.006,  0.004, -0.008, -0.002,
        -0.007,  0.001,  0.   ,  0.001,  0.009,  0.006, -0.004, -0.005,
        -0.01 ,  0.001, -0.001, -0.002, -0.003,  0.007, -0.009, -0.001,
         0.002, -0.008,  0.006,  0.009,  0.   ,  0.01 ,  0.005, -0.004,
        -0.01 , -0.008, -0.004],
       [-0.008,  0.008, -0.006, -0.006,  0.   , -0.002, -0.008,  0.01 ,
         0.003, -0.008,  0.008, -0.01 ,  0.002, -0.01 ,  0.002, -0.007,
         0.009,  0.005,  0.   ,  0.004, -0.01 ,  0.007, -0.007, -0.001,
         0.006, -0.002,  0.01 ,  0.006, -0.009, -0.003, -0.001,  0.009,
        -0.005, -0.001,  0.005, -0.001,  0.003, -0.006,  0.007,  0.007,
         0.001, -0.005,  0.009,  0.005,  0.007, -0.008,  0.007,  0.001,
        -0.004,  0.004,  0.005,  0.001, -0.006,  0.01 ,  0.001,  0.01 ,
         0.01 , -0.007, -0.001],
       [-0.002, -0.003, -0.001, -0.006, -0.009,  0.002, -0.006, -0.001,
        -0.01 , -0.002, -0.005,  0.004,  0.003, -0.006, -0.008,  0.003,
         0.003,  0.002,  0.004,  0.009,  0.   , -0.005, -0.01 ,  0.004,
        -0.008, -0.005,  0.001, -0.002,  0.01 , -0.006, -0.009, -0.004,
         0.003,  0.006,  0.002,  0.008,  0.008, -0.005, -0.009,  0.001,
        -0.007,  0.009, -0.004,  0.001, -0.007, -0.001,  0.002,  0.006,
        -0.005, -0.003,  0.004, -0.001,  0.004,  0.005,  0.001, -0.005,
        -0.009,  0.01 , -0.001],
       [ 0.001,  0.01 ,  0.   , -0.005, -0.009,  0.   ,  0.006, -0.009,
         0.004, -0.002,  0.008, -0.003, -0.01 ,  0.01 , -0.01 , -0.01 ,
         0.003,  0.008, -0.01 , -0.007, -0.005, -0.007,  0.   ,  0.008,
        -0.005, -0.004, -0.001,  0.009, -0.007, -0.003,  0.001,  0.001,
        -0.001,  0.   ,  0.005,  0.004, -0.009,  0.003, -0.002, -0.001,
         0.   , -0.003, -0.01 , -0.002, -0.009, -0.002, -0.007,  0.007,
         0.003,  0.004,  0.002, -0.001, -0.007, -0.008,  0.007,  0.002,
        -0.001, -0.001, -0.004],
       [ 0.005,  0.005,  0.008,  0.008, -0.001,  0.009,  0.008, -0.01 ,
         0.005, -0.01 , -0.005,  0.004,  0.006, -0.01 ,  0.001,  0.   ,
        -0.003, -0.001, -0.002, -0.009, -0.008,  0.003, -0.002,  0.009,
         0.009, -0.007,  0.   , -0.005,  0.003, -0.008,  0.   , -0.006,
         0.003, -0.002,  0.   , -0.008, -0.001, -0.006,  0.006,  0.008,
         0.004,  0.005, -0.007,  0.009, -0.006,  0.008,  0.004, -0.008,
        -0.009, -0.005,  0.01 , -0.009, -0.004,  0.   ,  0.003,  0.004,
        -0.009,  0.004,  0.008]]), 'deltas': array([[0.],
       [0.],
       [0.],
       [0.],
       [0.]]), 'outputs': array([[0.],
       [0.],
       [0.],
       [0.],
       [0.]]), 'errors': array([[0.],
       [0.],
       [0.],
       [0.],
       [0.]])}, {'weights': array([[ 0.004,  0.01 , -0.002, -0.001,  0.003],
       [-0.007,  0.008,  0.005,  0.002,  0.01 ],
       [ 0.   , -0.006, -0.003, -0.006, -0.003],
       [-0.009, -0.006,  0.   , -0.005,  0.009]]), 'deltas': array([[0.],
       [0.],
       [0.],
       [0.],
       [0.]]), 'outputs': array([[0.],
       [0.],
       [0.],
       [0.],
       [0.]]), 'errors': array([[0.],
       [0.],
       [0.],
       [0.],
       [0.]])}]
Training complete!
Training done. epoch: 94 , total error: 0.000833532769415647
[{'weights': array([[-1.59437619e-01,  3.64245926e-01,  1.09159507e-01,
         1.32554561e-01, -1.96016595e-01, -2.55319655e-01,
        -2.27823073e-01, -7.67283979e-01,  5.38647032e-01,
        -3.84096581e-01,  2.95616846e-01, -1.50157212e-01,
        -1.41653222e-01,  7.64442815e-02, -1.51428006e-01,
        -6.46505908e-01,  4.08868961e-01, -5.13953439e-01,
         3.59280967e-02,  1.77360220e-01,  5.60281761e-02,
        -4.18105607e-01,  3.63100670e-01, -5.47661787e-02,
        -1.33865831e-01, -3.15273246e-01,  7.76362996e-02,
        -3.17629470e-01,  9.59925237e-02,  3.92913584e-01,
        -4.86373696e-01, -1.35176836e-01, -7.02878322e-01,
         4.74241375e-01, -1.79848606e-01, -4.17883410e-02,
        -3.66096581e-01,  1.35198046e-01,  6.18962251e-01,
        -6.04700663e-01, -3.79860158e-01, -9.24718827e-01,
         1.44703862e+00, -3.77096581e-01,  3.74063716e-01,
        -5.92700663e-01,  5.23114628e-01, -7.55751574e-01,
        -2.26750512e-01, -1.88643448e-03,  1.58459634e-01,
        -3.66096581e-01,  1.52459634e-01, -3.65096581e-01,
        -9.69797244e-01,  7.48160298e-01, -8.09422560e-01,
         5.68785614e-01, -2.26636947e-01],
       [-1.84104290e-01,  3.33065898e-01,  3.00255292e-01,
         2.01465547e-01, -2.11554949e-01, -3.36316904e-01,
        -2.65473567e-01, -7.63417146e-01,  6.35754171e-01,
        -3.86499653e-01,  2.73098472e-01, -3.72617936e-02,
         2.51508245e-01, -2.74234890e-01, -1.23936330e-01,
        -6.52859476e-01,  5.14196502e-01, -5.07025329e-01,
        -1.40120102e-02,  1.44802447e-01,  2.34571917e-01,
        -5.06274300e-01,  5.68302599e-01, -5.43024933e-02,
        -1.43388780e-01, -3.33542781e-01,  2.00879806e-01,
        -6.53420515e-01,  5.09757540e-01,  2.70842846e-01,
        -5.00791160e-01,  9.42853399e-02, -2.13386768e-01,
         6.67237935e-02, -1.60571018e-01,  2.39080431e-02,
        -3.75499653e-01,  4.78352744e-01,  5.57315632e-01,
        -7.89831697e-01, -5.17669715e-01, -4.91548750e-01,
         1.25205514e+00, -3.73499653e-01,  6.63168722e-01,
        -8.04831697e-01,  3.97953366e-01, -5.30616341e-01,
        -4.07931253e-01,  2.67268279e-01,  2.42836679e-01,
        -3.77499653e-01,  2.31836679e-01, -3.68499653e-01,
        -1.17433135e+00,  1.04466838e+00,  8.49025036e-02,
        -2.22565478e-01, -1.41662975e-01],
       [-1.53490842e-01,  3.61714325e-01,  1.14544537e-01,
         1.31697813e-01, -2.04167529e-01, -2.56953594e-01,
        -2.38113483e-01, -7.52613542e-01,  5.21844770e-01,
        -3.74702552e-01,  2.97919769e-01, -1.45985990e-01,
        -1.42877934e-01,  6.34115791e-02, -1.51302418e-01,
        -6.43301664e-01,  4.29532891e-01, -5.04724081e-01,
         4.73817313e-02,  1.93437967e-01,  5.91356096e-02,
        -4.19821775e-01,  3.64332600e-01, -5.00349944e-02,
        -1.33244603e-01, -3.03848753e-01,  8.00799800e-02,
        -3.26397110e-01,  1.14628337e-01,  3.83202531e-01,
        -4.87619723e-01, -1.34351581e-01, -6.85739280e-01,
         4.74970507e-01, -1.82763519e-01, -2.70052538e-02,
        -3.64702552e-01,  1.36464264e-01,  6.09057449e-01,
        -6.05587934e-01, -3.81746690e-01, -9.11580523e-01,
         1.44426099e+00, -3.71702552e-01,  3.79819161e-01,
        -6.07587934e-01,  5.38538381e-01, -7.50307153e-01,
        -2.41625457e-01,  1.38566845e-02,  1.56933779e-01,
        -3.73702552e-01,  1.56933779e-01, -3.67702552e-01,
        -9.78290486e-01,  7.54521713e-01, -7.91845005e-01,
         5.73076232e-01, -2.20768773e-01],
       [-1.52035313e-01,  3.75532545e-01,  1.18088162e-01,
         1.18539115e-01, -2.04405006e-01, -2.54876880e-01,
        -2.24171030e-01, -7.73493818e-01,  5.42165411e-01,
        -3.75760702e-01,  3.09641922e-01, -1.57209627e-01,
        -1.64088220e-01,  8.28069776e-02, -1.55047165e-01,
        -6.40101598e-01,  4.06773191e-01, -4.98920592e-01,
         3.61606048e-02,  1.77387721e-01,  4.50438591e-02,
        -4.16140565e-01,  3.63693197e-01, -4.83313026e-02,
        -1.29549736e-01, -3.12149750e-01,  8.08213433e-02,
        -3.18866668e-01,  9.45382610e-02,  3.90695021e-01,
        -4.88226162e-01, -1.29797265e-01, -7.04161970e-01,
         4.76833563e-01, -1.69419922e-01, -4.79084850e-02,
        -3.82760702e-01,  1.25460575e-01,  6.21190186e-01,
        -5.99218466e-01, -3.70055128e-01, -9.34325308e-01,
         1.43881273e+00, -3.75760702e-01,  3.62890059e-01,
        -6.00218466e-01,  5.31016781e-01, -7.57345188e-01,
        -2.22813453e-01,  3.48504558e-03,  1.49432295e-01,
        -3.74760702e-01,  1.40432295e-01, -3.81760702e-01,
        -9.64979168e-01,  7.47650761e-01, -8.10046232e-01,
         5.81717825e-01, -2.30328407e-01],
       [ 5.00000000e-03,  5.00000000e-03,  8.00000000e-03,
         8.00000000e-03, -1.00000000e-03,  9.00000000e-03,
         8.00000000e-03, -1.00000000e-02,  5.00000000e-03,
        -1.00000000e-02, -5.00000000e-03,  4.00000000e-03,
         6.00000000e-03, -1.00000000e-02,  1.00000000e-03,
         0.00000000e+00, -3.00000000e-03, -1.00000000e-03,
        -2.00000000e-03, -9.00000000e-03, -8.00000000e-03,
         3.00000000e-03, -2.00000000e-03,  9.00000000e-03,
         9.00000000e-03, -7.00000000e-03,  0.00000000e+00,
        -5.00000000e-03,  3.00000000e-03, -8.00000000e-03,
         0.00000000e+00, -6.00000000e-03,  3.00000000e-03,
        -2.00000000e-03,  0.00000000e+00, -8.00000000e-03,
        -1.00000000e-03, -6.00000000e-03,  6.00000000e-03,
         8.00000000e-03,  4.00000000e-03,  5.00000000e-03,
        -7.00000000e-03,  9.00000000e-03, -6.00000000e-03,
         8.00000000e-03,  4.00000000e-03, -8.00000000e-03,
        -9.00000000e-03, -5.00000000e-03,  1.00000000e-02,
        -9.00000000e-03, -4.00000000e-03,  0.00000000e+00,
         3.00000000e-03,  4.00000000e-03, -9.00000000e-03,
         4.00000000e-03,  8.00000000e-03]]), 'deltas': array([[7.92633266e-05],
       [2.31863527e-04],
       [7.85479175e-05],
       [7.76155090e-05],
       [0.00000000e+00]]), 'outputs': array([[0.98538083],
       [0.95591747],
       [0.98551475],
       [0.98568923],
       [1.        ]]), 'errors': 0.005502316415239199}, {'weights': array([[-1.75916109, -3.90669491, -1.79595894, -1.73953518,  0.0579309 ],
       [-1.27234758, -3.57612201, -1.28203478, -1.26274251,  0.03923535],
       [-2.79452446,  7.46970575, -2.6756411 , -2.86236085, -2.30030388],
       [ 2.43834196,  1.16535827,  2.41207686,  2.45000545, -4.58329941]]), 'deltas': array([[-1.87971087e-08],
       [-6.25559264e-07],
       [-1.07327104e-03],
       [ 5.43039102e-04]]), 'outputs': array([[1.37111948e-04],
       [7.91236135e-04],
       [3.33206515e-02],
       [9.76417064e-01]]), 'errors': array([[-0.00013711],
       [-0.00079124],
       [-0.03332065],
       [ 0.02358294]])}]
neural_net output [0.50813508 0.50468561 0.09104338 0.01034884]
target: 0 prediction: 0
neural_net output [0.51205381 0.50776354 0.09158827 0.01018619]
target: 0 prediction: 0
neural_net output [0.48995751 0.49062024 0.08735645 0.0111884 ]
target: 1 prediction: 1
neural_net output [0.48330036 0.48475177 0.09018311 0.01133202]
target: 1 prediction: 1
neural_net output [0.02492965 0.0371651  0.94033051 0.05556532]
target: 2 prediction: 2
neural_net output [0.03897141 0.05229224 0.95413004 0.03456092]
target: 2 prediction: 2
neural_net output [1.32709628e-04 7.60946578e-04 4.13157800e-02 9.75493303e-01]
target: 3 prediction: 3
neural_net output [1.26256628e-04 7.33131603e-04 3.91846729e-02 9.76922333e-01]
target: 3 prediction: 3
neural_net output [1.14807882e-04 6.75759771e-04 4.24612282e-02 9.78210289e-01]
target: 3 prediction: 3
Accuracy: 100.0 %

train_data group 1 length:  38
   0   1   2   3   4   5   6   7   8  ...  50  51  52  53  54  55  56  57  58
0   0   0   0   0   0   0   1   1   0 ...   1   0   1   0   1   0   1   0   0
1   0   0   0   0   0   0   1   1   0 ...   1   0   1   0   1   0   1   0   0
2   0   0   0   1   0   0   0   1   0 ...   0   1   0   1   1   0   1   0   1
3   0   0   0   0   0   0   1   1   0 ...   0   1   0   1   1   0   1   0   1
4   0   0   0   0   1   0   0   1   0 ...   1   0   1   0   0   1   1   0   2

[5 rows x 59 columns]
Initial Neural Network:
[{'weights': array([[-0.003,  0.004, -0.003,  0.001, -0.008,  0.006,  0.007, -0.005,
         0.   ,  0.001, -0.007,  0.003, -0.001,  0.005, -0.001,  0.01 ,
         0.01 ,  0.002,  0.005,  0.009,  0.01 ,  0.008,  0.006, -0.007,
         0.005,  0.001, -0.008, -0.006, -0.008, -0.01 ,  0.01 ,  0.003,
         0.002, -0.005,  0.005,  0.003, -0.004,  0.004, -0.01 , -0.007,
         0.008,  0.01 , -0.007,  0.003,  0.003,  0.009,  0.001,  0.009,
         0.005,  0.003, -0.003,  0.009,  0.009,  0.008, -0.006,  0.007,
        -0.006, -0.009,  0.002],
       [-0.001, -0.006, -0.001, -0.008,  0.006,  0.001,  0.   ,  0.007,
         0.006, -0.002, -0.008, -0.005,  0.008,  0.008,  0.006,  0.003,
        -0.01 ,  0.004,  0.008, -0.005, -0.009,  0.008,  0.005,  0.009,
         0.002,  0.009,  0.005, -0.001,  0.002, -0.006,  0.   ,  0.001,
        -0.006,  0.009, -0.01 , -0.001,  0.007, -0.008,  0.008, -0.004,
         0.01 ,  0.007, -0.005, -0.002,  0.005, -0.009,  0.003, -0.008,
        -0.005,  0.003, -0.01 , -0.01 ,  0.002, -0.005, -0.006,  0.005,
         0.009,  0.009,  0.005],
       [-0.005,  0.005,  0.003, -0.009, -0.008,  0.001,  0.006, -0.007,
        -0.004, -0.01 ,  0.01 , -0.001,  0.008, -0.01 ,  0.   ,  0.007,
        -0.006, -0.004,  0.005, -0.007,  0.007,  0.007,  0.006,  0.006,
         0.001, -0.008, -0.009, -0.005,  0.001, -0.002, -0.001, -0.006,
         0.009,  0.006, -0.001, -0.01 ,  0.01 ,  0.006,  0.006,  0.002,
         0.005,  0.   , -0.006, -0.005,  0.   , -0.004,  0.01 , -0.01 ,
         0.008, -0.005,  0.007,  0.002, -0.008, -0.003,  0.009,  0.005,
        -0.008, -0.01 ,  0.007],
       [ 0.002, -0.009, -0.002, -0.008, -0.003,  0.006,  0.002, -0.01 ,
         0.003,  0.007,  0.006,  0.008,  0.01 , -0.007,  0.007, -0.01 ,
        -0.001,  0.01 , -0.004, -0.007,  0.002, -0.008,  0.002,  0.007,
        -0.009,  0.006, -0.006, -0.002, -0.01 , -0.001,  0.003, -0.01 ,
         0.008,  0.002, -0.001,  0.   , -0.004, -0.001,  0.   , -0.004,
         0.001,  0.009,  0.005,  0.002, -0.008,  0.006, -0.009, -0.009,
         0.003, -0.007, -0.002, -0.001,  0.007, -0.007, -0.01 ,  0.008,
        -0.007,  0.004, -0.005],
       [-0.005,  0.005,  0.008, -0.01 ,  0.009,  0.01 ,  0.002,  0.01 ,
        -0.004, -0.008,  0.002,  0.009,  0.006,  0.008, -0.007,  0.005,
         0.006, -0.001,  0.005,  0.007,  0.006, -0.009,  0.005, -0.002,
        -0.008, -0.007, -0.004,  0.001, -0.006, -0.008, -0.004,  0.001,
        -0.002, -0.004, -0.003, -0.006, -0.003,  0.008,  0.001, -0.007,
        -0.005, -0.003, -0.004, -0.002,  0.006,  0.008, -0.002, -0.009,
        -0.009, -0.005, -0.01 , -0.01 ,  0.008,  0.004,  0.009,  0.007,
        -0.008,  0.007,  0.001]]), 'deltas': array([[0.],
       [0.],
       [0.],
       [0.],
       [0.]]), 'outputs': array([[0.],
       [0.],
       [0.],
       [0.],
       [0.]]), 'errors': array([[0.],
       [0.],
       [0.],
       [0.],
       [0.]])}, {'weights': array([[-0.004, -0.004, -0.003,  0.002,  0.008],
       [ 0.001,  0.   ,  0.009,  0.009,  0.01 ],
       [ 0.008,  0.001,  0.009,  0.   , -0.01 ],
       [-0.003, -0.009,  0.009,  0.009,  0.002]]), 'deltas': array([[0.],
       [0.],
       [0.],
       [0.],
       [0.]]), 'outputs': array([[0.],
       [0.],
       [0.],
       [0.],
       [0.]]), 'errors': array([[0.],
       [0.],
       [0.],
       [0.],
       [0.]])}]
Training complete!
Training done. epoch: 96 , total error: 0.0008597842392194204
[{'weights': array([[ 2.20742139e-01,  3.64931140e-01, -1.58966777e-01,
         4.02681888e-01, -4.31278781e-01, -4.50148698e-01,
        -1.06022128e-01, -6.63077909e-01,  4.96016690e-01,
        -6.90866238e-01,  2.90461764e-01,  2.35343255e-01,
        -9.61264428e-02,  2.31605866e-01, -2.94540642e-01,
        -5.01991758e-01,  3.59930539e-01, -8.64611188e-01,
         2.02640973e-01,  1.90442859e-01,  3.35466138e-01,
        -1.40596417e-01,  6.84401437e-01, -2.22102027e-01,
        -4.71764211e-01, -4.00207904e-01,  2.31146686e-01,
        -7.41702323e-01,  5.65641105e-01,  2.56571745e-01,
        -1.25849842e-01, -2.89783120e-01, -1.40937606e-01,
        -2.41236125e-02, -3.04535250e-01,  1.50474031e-01,
        -6.95866238e-01,  3.88597624e-01,  4.43444393e-01,
        -3.15236998e-01, -5.53019204e-01, -2.30467363e-01,
         1.32429159e+00, -6.88866238e-01,  1.49175780e-01,
        -2.99236998e-01,  1.70575562e-01, -3.22636780e-01,
         7.75560095e-02, -2.31617228e-01,  5.26805020e-01,
        -6.82866238e-01,  5.38805020e-01, -6.83866238e-01,
        -1.00610324e+00,  8.45042018e-01, -5.11809352e-02,
        -1.25880283e-01, -1.60061218e-01],
       [ 1.76848532e-01,  3.88048642e-01, -9.09667590e-02,
         9.14116527e-02, -2.76283872e-01, -2.86205161e-01,
        -2.88803456e-01, -8.23474711e-01,  5.59524288e-01,
        -5.99752396e-01,  3.00545015e-01,  7.25695834e-03,
        -2.45035159e-01,  2.53172613e-01, -2.63087876e-01,
        -5.45392823e-01,  2.61442400e-01, -6.86803466e-01,
         1.72233523e-01,  6.06861249e-02,  1.74933396e-01,
        -2.37099354e-01,  5.70901327e-01, -2.01859988e-01,
        -3.84892407e-01, -6.03727262e-01,  3.40776839e-01,
        -5.69649420e-01,  2.93698998e-01,  2.39251101e-01,
        -4.29080576e-01, -9.21209482e-02, -5.19836445e-01,
         2.45886023e-01, -2.87750112e-01, -2.00310136e-04,
        -5.90752396e-01,  2.59509419e-01,  4.91480122e-01,
        -4.34187568e-01, -3.55244943e-01, -7.41221196e-01,
         1.42926811e+00, -5.99752396e-01,  1.58237146e-01,
        -4.39187568e-01,  3.22641818e-01, -6.04592240e-01,
        -4.63121886e-02, -2.32638234e-01,  3.10801973e-01,
        -6.07752396e-01,  3.22801973e-01, -6.02752396e-01,
        -1.03393996e+00,  7.55989541e-01, -7.27240052e-01,
         4.68289630e-01, -2.71950423e-01],
       [ 1.66328275e-01,  4.01558769e-01, -7.44079443e-02,
         3.74693287e-02, -2.59226340e-01, -2.81782000e-01,
        -2.85406394e-01, -8.58031204e-01,  5.58564899e-01,
        -6.00032173e-01,  3.17297344e-01, -6.73147669e-03,
        -2.72793769e-01,  2.50191158e-01, -2.67863695e-01,
        -5.36933208e-01,  2.49466902e-01, -6.68601016e-01,
         1.71851351e-01,  5.60436799e-02,  1.53239679e-01,
        -2.35695325e-01,  5.50261192e-01, -2.02991172e-01,
        -3.80041001e-01, -6.23700666e-01,  3.18234360e-01,
        -5.56162635e-01,  2.63696329e-01,  2.42379407e-01,
        -4.58673861e-01, -8.11718507e-02, -5.54691476e-01,
         2.81225170e-01, -2.68385584e-01, -3.10807217e-02,
        -5.80032173e-01,  2.48697292e-01,  4.92882061e-01,
        -4.26013486e-01, -3.54020797e-01, -7.76686560e-01,
         1.43127322e+00, -5.95032173e-01,  1.39547180e-01,
        -4.32013486e-01,  3.33632828e-01, -6.22099134e-01,
        -2.97295776e-02, -2.55736728e-01,  3.08565868e-01,
        -5.88032173e-01,  2.93565868e-01, -5.93032173e-01,
        -1.00904566e+00,  7.34579353e-01, -7.95937301e-01,
         4.89470996e-01, -2.81466306e-01],
       [ 1.58562059e-01,  3.89421152e-01, -7.36676555e-02,
         4.13613280e-02, -2.52841090e-01, -2.75675102e-01,
        -2.87254847e-01, -8.54647923e-01,  5.59553768e-01,
        -5.78098031e-01,  3.15847802e-01, -4.84392587e-03,
        -2.75947201e-01,  2.57634649e-01, -2.59781603e-01,
        -5.47952848e-01,  2.48858693e-01, -6.62909382e-01,
         1.65762628e-01,  5.60414094e-02,  1.54011189e-01,
        -2.46931105e-01,  5.37934981e-01, -2.02214809e-01,
        -3.84883222e-01, -6.17270568e-01,  3.29176413e-01,
        -5.46062793e-01,  2.45968638e-01,  2.46219559e-01,
        -4.57205969e-01, -8.51077452e-02, -5.67193350e-01,
         2.89099195e-01, -2.64204209e-01, -2.48899466e-02,
        -5.89098031e-01,  2.30391887e-01,  4.89589922e-01,
        -4.27977933e-01, -3.52944487e-01, -7.79669948e-01,
         1.44461831e+00, -5.83098031e-01,  1.27883778e-01,
        -4.17977933e-01,  3.26623516e-01, -6.32717671e-01,
        -3.60665959e-02, -2.56027559e-01,  2.95003876e-01,
        -5.86098031e-01,  3.04003876e-01, -5.92098031e-01,
        -1.01907596e+00,  7.28981809e-01, -8.03488842e-01,
         5.12394687e-01, -2.93094155e-01],
       [-5.00000000e-03,  5.00000000e-03,  8.00000000e-03,
        -1.00000000e-02,  9.00000000e-03,  1.00000000e-02,
         2.00000000e-03,  1.00000000e-02, -4.00000000e-03,
        -8.00000000e-03,  2.00000000e-03,  9.00000000e-03,
         6.00000000e-03,  8.00000000e-03, -7.00000000e-03,
         5.00000000e-03,  6.00000000e-03, -1.00000000e-03,
         5.00000000e-03,  7.00000000e-03,  6.00000000e-03,
        -9.00000000e-03,  5.00000000e-03, -2.00000000e-03,
        -8.00000000e-03, -7.00000000e-03, -4.00000000e-03,
         1.00000000e-03, -6.00000000e-03, -8.00000000e-03,
        -4.00000000e-03,  1.00000000e-03, -2.00000000e-03,
        -4.00000000e-03, -3.00000000e-03, -6.00000000e-03,
        -3.00000000e-03,  8.00000000e-03,  1.00000000e-03,
        -7.00000000e-03, -5.00000000e-03, -3.00000000e-03,
        -4.00000000e-03, -2.00000000e-03,  6.00000000e-03,
         8.00000000e-03, -2.00000000e-03, -9.00000000e-03,
        -9.00000000e-03, -5.00000000e-03, -1.00000000e-02,
        -1.00000000e-02,  8.00000000e-03,  4.00000000e-03,
         9.00000000e-03,  7.00000000e-03, -8.00000000e-03,
         7.00000000e-03,  1.00000000e-03]]), 'deltas': array([[1.03509035e-04],
       [9.46256186e-05],
       [9.75170862e-05],
       [9.93682056e-05],
       [0.00000000e+00]]), 'outputs': array([[0.98222033],
       [0.98377186],
       [0.9832674 ],
       [0.98294417],
       [1.        ]]), 'errors': 0.005927146248198085}, {'weights': array([[-2.66293248, -1.69000075, -1.60614727, -1.58686165, -0.0936589 ],
       [-4.91364346, -2.09491368, -1.96501001, -1.95558186,  0.51819957],
       [ 8.47761092, -2.66175902, -3.19682342, -3.29433993, -2.74514299],
       [ 1.3633259 ,  2.31281075,  2.39072458,  2.41527417, -4.73483308]]), 'deltas': array([[-2.98822278e-07],
       [-1.31843398e-09],
       [-9.81855404e-04],
       [ 6.86392665e-04]]), 'outputs': array([[5.46795905e-04],
       [3.63109054e-05],
       [3.18457506e-02],
       [9.73445973e-01]]), 'errors': array([[-5.46795905e-04],
       [-3.63109054e-05],
       [-3.18457506e-02],
       [ 2.65540269e-02]])}]
Accuracy: 77.77777777777779 %

train_data group 2 length:  37
   0   1   2   3   4   5   6   7   8  ...  50  51  52  53  54  55  56  57  58
0   0   0   0   0   0   0   1   1   0 ...   1   0   1   0   1   0   1   0   0
1   0   0   0   0   0   0   1   1   0 ...   1   0   1   0   1   0   1   0   0
2   0   0   0   1   0   0   0   1   0 ...   0   1   0   1   1   0   1   0   1
3   0   0   0   0   0   0   1   1   0 ...   0   1   0   1   1   0   1   0   1
4   0   0   0   0   1   0   0   1   0 ...   1   0   1   0   0   1   1   0   2

[5 rows x 59 columns]
Initial Neural Network:
[{'weights': array([[-0.002, -0.005,  0.009,  0.002, -0.001,  0.   , -0.009,  0.004,
        -0.002,  0.003, -0.007,  0.007, -0.004,  0.005,  0.   , -0.001,
        -0.003,  0.003,  0.007,  0.004,  0.007, -0.008, -0.005, -0.002,
         0.002, -0.01 , -0.004,  0.001, -0.008, -0.009,  0.003,  0.004,
         0.009, -0.002, -0.008,  0.009, -0.003, -0.004,  0.007, -0.01 ,
        -0.01 , -0.009, -0.002, -0.004, -0.001,  0.009, -0.001,  0.001,
        -0.001, -0.004,  0.009,  0.   ,  0.009, -0.008, -0.005,  0.009,
         0.009,  0.009,  0.004],
       [ 0.   , -0.01 ,  0.001,  0.01 , -0.002, -0.003, -0.008,  0.002,
        -0.005, -0.004,  0.007,  0.007,  0.007,  0.01 ,  0.009, -0.004,
        -0.004,  0.007,  0.   ,  0.007, -0.002,  0.007,  0.008,  0.007,
        -0.009, -0.007,  0.002,  0.006,  0.002, -0.002,  0.005,  0.007,
        -0.001,  0.008,  0.002, -0.008, -0.002,  0.009,  0.   ,  0.006,
         0.006, -0.004,  0.009,  0.007, -0.001,  0.008,  0.009,  0.009,
        -0.004,  0.001,  0.008,  0.008, -0.004, -0.001,  0.   ,  0.003,
         0.003, -0.007,  0.006],
       [-0.006, -0.002, -0.005,  0.008,  0.01 ,  0.001, -0.001, -0.005,
         0.   , -0.003,  0.005, -0.002,  0.009, -0.008, -0.003, -0.006,
        -0.002, -0.006,  0.007,  0.005,  0.009,  0.003,  0.004,  0.003,
        -0.007,  0.004, -0.007,  0.006, -0.005,  0.   , -0.006,  0.003,
         0.004, -0.009, -0.002,  0.009, -0.002, -0.005,  0.009, -0.01 ,
         0.01 , -0.002, -0.008,  0.001,  0.004, -0.001, -0.002,  0.006,
         0.01 ,  0.007, -0.008,  0.006,  0.009,  0.002, -0.009,  0.008,
         0.002,  0.006, -0.007],
       [ 0.003,  0.003, -0.008,  0.006, -0.01 ,  0.002,  0.001, -0.006,
        -0.002, -0.007, -0.001,  0.   ,  0.004, -0.009,  0.008, -0.002,
         0.004,  0.002,  0.008,  0.004,  0.008, -0.002,  0.01 ,  0.008,
        -0.001,  0.006,  0.002, -0.006,  0.01 ,  0.008,  0.009,  0.006,
        -0.01 ,  0.006, -0.008,  0.001,  0.004,  0.006,  0.009, -0.004,
         0.007,  0.006,  0.004,  0.001,  0.002,  0.006, -0.007,  0.005,
        -0.01 ,  0.002,  0.   ,  0.002, -0.003, -0.004,  0.009,  0.   ,
        -0.009, -0.004, -0.006],
       [-0.001,  0.004, -0.002,  0.   ,  0.005, -0.005,  0.008,  0.006,
         0.   ,  0.007,  0.005, -0.003,  0.004,  0.01 ,  0.007, -0.005,
         0.008, -0.003,  0.003,  0.01 ,  0.001, -0.008, -0.008,  0.005,
         0.001, -0.006,  0.01 , -0.01 ,  0.003,  0.001, -0.006, -0.009,
         0.005, -0.008,  0.002, -0.01 ,  0.001, -0.006, -0.006, -0.007,
        -0.002, -0.004,  0.007,  0.008,  0.001, -0.007,  0.   , -0.01 ,
         0.006,  0.004,  0.004,  0.006, -0.002,  0.003, -0.009,  0.005,
        -0.01 ,  0.001,  0.005]]), 'deltas': array([[0.],
       [0.],
       [0.],
       [0.],
       [0.]]), 'outputs': array([[0.],
       [0.],
       [0.],
       [0.],
       [0.]]), 'errors': array([[0.],
       [0.],
       [0.],
       [0.],
       [0.]])}, {'weights': array([[ 0.002, -0.006,  0.   ,  0.008, -0.005],
       [-0.004,  0.003, -0.006, -0.009, -0.003],
       [-0.004,  0.009,  0.007,  0.009,  0.004],
       [ 0.009,  0.007,  0.005, -0.007,  0.004]]), 'deltas': array([[0.],
       [0.],
       [0.],
       [0.],
       [0.]]), 'outputs': array([[0.],
       [0.],
       [0.],
       [0.],
       [0.]]), 'errors': array([[0.],
       [0.],
       [0.],
       [0.],
       [0.]])}]
Training complete!
Training done. epoch: 146 , total error: 0.00048794043948159014
[{'weights': array([[-1.71557618e-01,  5.53265590e-01,  1.91254752e-01,
         8.97396176e-02,  1.07678839e-01, -3.21039613e-01,
        -7.00845141e-01, -9.72908578e-01,  7.29405005e-01,
        -2.48097923e-01,  2.56532741e-01, -2.50938392e-01,
        -2.97996865e-01, -4.21327602e-02,  9.56260513e-02,
        -3.22558975e-01,  7.30554009e-02, -5.33730381e-02,
        -1.06504602e-01,  2.74836261e-01, -3.39462194e-01,
        -4.10572698e-01,  2.54535758e-01,  2.46496299e-01,
        -3.48962933e-01, -2.59947029e-01,  4.43455909e-04,
        -2.97480822e-01,  4.49772486e-02,  3.88513860e-01,
        -2.76142825e-01, -3.59874608e-01, -8.19935669e-01,
         5.81432095e-01, -1.78943227e-02, -2.26609251e-01,
        -2.54097923e-01,  5.36659419e-02,  7.19929103e-01,
        -7.75000696e-01, -5.20057128e-01, -1.05368920e+00,
         1.55834067e+00, -2.55097923e-01,  5.18497122e-01,
        -7.56000696e-01,  6.54373120e-01, -8.99876694e-01,
        -3.40637998e-01,  9.01344249e-02,  1.45943489e-02,
        -2.51097923e-01,  1.45943489e-02, -2.59097923e-01,
        -1.02109862e+00,  7.79595045e-01, -7.24014736e-01,
         4.96511162e-01, -2.41503574e-01],
       [ 3.68961637e-02,  5.36818156e-01,  2.68896060e-01,
        -2.35068439e-01,  2.66776523e-02, -2.32124403e-01,
        -3.13143409e-01, -8.98584905e-01,  9.96536686e-01,
        -8.38476070e-02,  2.66534686e-01, -7.17352980e-02,
         4.11402771e-03, -2.10067831e-01,  3.32905584e-01,
        -2.72319109e-01,  3.65270889e-01, -5.96766810e-02,
        -1.78197127e-01,  3.17191055e-01,  3.36345342e-02,
        -4.24098237e-01,  4.76292133e-01,  9.42542783e-03,
         5.23324569e-02,  1.23481680e-01, -2.75298994e-02,
        -8.02229401e-01,  9.11181182e-01,  5.35932117e-01,
        -5.13006772e-01,  8.80264366e-02, -5.11968680e-01,
         6.19920461e-01,  2.51728153e-01, -1.56776372e-01,
        -8.18476070e-02,  3.69130124e-01,  6.74727150e-01,
        -8.48057886e-01, -5.81582433e-01, -7.48123545e-01,
         1.52150537e+00, -7.28476070e-02,  9.54009667e-01,
        -8.46057886e-01,  7.99549990e-01, -6.80598209e-01,
        -1.78084582e-01,  2.76036363e-01,  1.88799388e-01,
        -7.18476070e-02,  1.76799388e-01, -8.08476070e-02,
        -9.33905493e-01,  1.03785727e+00,  9.23793328e-03,
         8.77138476e-02,  1.06951781e-01],
       [-1.17990965e-01,  5.55698349e-01,  1.72160736e-01,
        -8.30308165e-02, -7.63394949e-03, -2.35364484e-01,
        -4.24135318e-01, -9.31851703e-01,  7.81555255e-01,
        -2.05602158e-01,  2.67896561e-01, -2.07590850e-01,
        -2.36010709e-01, -7.87551984e-02,  1.67469460e-01,
        -4.00508842e-01,  2.47212395e-01, -1.58042114e-01,
        -1.08834035e-01,  2.39232059e-01, -1.02652358e-01,
        -3.91574391e-01,  3.08300547e-01,  5.81205284e-02,
        -1.17143132e-01, -1.18656421e-01, -2.96400266e-02,
        -5.38214865e-01,  3.93918417e-01,  5.44711365e-01,
        -4.72220436e-01, -2.20787377e-01, -7.73892111e-01,
         6.23595664e-01,  7.34382130e-02, -2.11734661e-01,
        -2.04602158e-01,  1.11676180e-01,  7.13227184e-01,
        -7.73597653e-01, -5.00603964e-01, -9.93537692e-01,
         1.55144737e+00, -2.01602158e-01,  6.22301206e-01,
        -7.64597653e-01,  7.00705543e-01, -8.42001990e-01,
        -2.36580787e-01,  1.08284340e-01,  4.93057105e-02,
        -1.96602158e-01,  6.63057105e-02, -2.00602158e-01,
        -9.75199812e-01,  8.28903364e-01, -5.69683324e-01,
         4.32386876e-01, -1.52296448e-01],
       [-1.12630059e-01,  5.58928524e-01,  1.70052369e-01,
        -6.87666529e-02, -1.05107884e-02, -2.36917438e-01,
        -4.55830953e-01, -9.35532996e-01,  7.74857998e-01,
        -2.12232190e-01,  2.61827069e-01, -2.10269877e-01,
        -2.43965491e-01, -7.57829876e-02,  1.70073481e-01,
        -4.02160497e-01,  2.51485499e-01, -1.44327455e-01,
        -9.90718668e-02,  2.42590375e-01, -1.29866051e-01,
        -3.97343657e-01,  3.10825518e-01,  8.75597892e-02,
        -1.38716648e-01, -1.25131487e-01, -1.95435108e-02,
        -5.13650156e-01,  3.64975158e-01,  5.29743543e-01,
        -4.29935685e-01, -2.29482856e-01, -7.90968008e-01,
         6.34293010e-01,  4.48834001e-02, -2.04558398e-01,
        -2.01232190e-01,  1.18665805e-01,  7.12215496e-01,
        -7.67324108e-01, -5.03110504e-01, -9.89158310e-01,
         1.56182601e+00, -2.04232190e-01,  6.12649110e-01,
        -7.57324108e-01,  6.93179268e-01, -8.47854266e-01,
        -2.64324110e-01,  1.03649112e-01,  5.25571923e-02,
        -2.03232190e-01,  4.95571923e-02, -2.09232190e-01,
        -9.59556298e-01,  8.15881301e-01, -5.98920723e-01,
         4.33245726e-01, -1.58674998e-01],
       [-1.00000000e-03,  4.00000000e-03, -2.00000000e-03,
         0.00000000e+00,  5.00000000e-03, -5.00000000e-03,
         8.00000000e-03,  6.00000000e-03,  0.00000000e+00,
         7.00000000e-03,  5.00000000e-03, -3.00000000e-03,
         4.00000000e-03,  1.00000000e-02,  7.00000000e-03,
        -5.00000000e-03,  8.00000000e-03, -3.00000000e-03,
         3.00000000e-03,  1.00000000e-02,  1.00000000e-03,
        -8.00000000e-03, -8.00000000e-03,  5.00000000e-03,
         1.00000000e-03, -6.00000000e-03,  1.00000000e-02,
        -1.00000000e-02,  3.00000000e-03,  1.00000000e-03,
        -6.00000000e-03, -9.00000000e-03,  5.00000000e-03,
        -8.00000000e-03,  2.00000000e-03, -1.00000000e-02,
         1.00000000e-03, -6.00000000e-03, -6.00000000e-03,
        -7.00000000e-03, -2.00000000e-03, -4.00000000e-03,
         7.00000000e-03,  8.00000000e-03,  1.00000000e-03,
        -7.00000000e-03,  0.00000000e+00, -1.00000000e-02,
         6.00000000e-03,  4.00000000e-03,  4.00000000e-03,
         6.00000000e-03, -2.00000000e-03,  3.00000000e-03,
        -9.00000000e-03,  5.00000000e-03, -1.00000000e-02,
         1.00000000e-03,  5.00000000e-03]]), 'deltas': array([[3.00157638e-05],
       [1.19679234e-06],
       [8.98229847e-06],
       [9.68923213e-06],
       [0.00000000e+00]]), 'outputs': array([[0.99169821],
       [0.99967163],
       [0.99753019],
       [0.99733529],
       [1.        ]]), 'errors': 0.003645843562947985}, {'weights': array([[-4.4050968 , -4.86931256, -3.82635706, -3.78930521,  0.98144257],
       [ 0.3432201 , -3.51205984, -1.41600311, -1.29237194,  0.05305749],
       [-5.2989358 ,  9.86783967, -2.82515074, -3.31990894, -2.49363607],
       [ 2.46281591,  1.72831927,  2.31990313,  2.34013207, -5.17311389]]), 'deltas': array([[-1.70636705e-14],
       [-8.74826940e-06],
       [-3.10361625e-04],
       [ 6.34513253e-04]]), 'outputs': array([[1.30627994e-07],
       [2.96213774e-03],
       [1.77757809e-02],
       [9.74482786e-01]]), 'errors': array([[-1.30627994e-07],
       [-2.96213774e-03],
       [-1.77757809e-02],
       [ 2.55172144e-02]])}]
Accuracy: 80.0 %

train_data group 3 length:  38
   0   1   2   3   4   5   6   7   8  ...  50  51  52  53  54  55  56  57  58
0   0   0   0   0   0   0   1   1   0 ...   1   0   1   0   1   0   1   0   0
1   0   0   0   0   0   0   1   1   0 ...   1   0   1   0   1   0   1   0   0
2   0   0   0   1   0   0   0   1   0 ...   0   1   0   1   1   0   1   0   1
3   0   0   0   0   0   0   1   1   0 ...   0   1   0   1   1   0   1   0   1
4   0   0   0   0   1   0   0   1   0 ...   1   0   1   0   0   1   1   0   2

[5 rows x 59 columns]
Initial Neural Network:
[{'weights': array([[ 0.01 ,  0.006,  0.005, -0.01 , -0.008, -0.006, -0.003,  0.005,
         0.006, -0.001,  0.007,  0.003,  0.004,  0.004, -0.005,  0.006,
         0.   , -0.005, -0.01 ,  0.001,  0.001, -0.004, -0.005,  0.001,
         0.005,  0.006, -0.007,  0.01 ,  0.003, -0.01 ,  0.004, -0.008,
        -0.004, -0.007,  0.007, -0.01 ,  0.001,  0.002,  0.003,  0.008,
         0.008, -0.004, -0.003,  0.004,  0.009, -0.005,  0.009, -0.003,
        -0.001, -0.001, -0.002,  0.01 ,  0.008,  0.007,  0.005, -0.002,
        -0.005, -0.008,  0.009],
       [-0.01 ,  0.   , -0.007, -0.004, -0.004,  0.005,  0.003, -0.007,
        -0.008,  0.007, -0.003,  0.01 , -0.007,  0.005,  0.01 , -0.009,
        -0.009,  0.   ,  0.007,  0.003,  0.004,  0.002,  0.   ,  0.01 ,
         0.007,  0.006, -0.008, -0.009,  0.005, -0.002, -0.001, -0.002,
        -0.004, -0.004,  0.   , -0.007,  0.008, -0.005, -0.01 , -0.002,
         0.009, -0.001,  0.008, -0.001,  0.008,  0.008, -0.01 , -0.002,
         0.007, -0.008, -0.002, -0.003, -0.002,  0.   , -0.002, -0.002,
        -0.007, -0.009,  0.01 ],
       [-0.009,  0.007, -0.006,  0.001, -0.002,  0.005,  0.   , -0.002,
         0.01 ,  0.009, -0.001,  0.003, -0.008, -0.008, -0.005, -0.003,
         0.009, -0.01 ,  0.005, -0.004,  0.01 ,  0.004,  0.002,  0.   ,
        -0.008, -0.01 , -0.002, -0.002,  0.01 ,  0.001, -0.009, -0.008,
         0.008,  0.008,  0.009,  0.009,  0.008,  0.009, -0.002,  0.008,
         0.009,  0.004,  0.   ,  0.006,  0.004,  0.01 ,  0.01 , -0.005,
         0.006,  0.005, -0.008, -0.009,  0.009,  0.003,  0.01 , -0.009,
         0.008, -0.002, -0.008],
       [ 0.   , -0.009,  0.002, -0.003, -0.002,  0.01 ,  0.007,  0.003,
         0.007,  0.005,  0.004, -0.006,  0.001, -0.006,  0.001,  0.005,
         0.006, -0.003,  0.002, -0.006, -0.005,  0.008,  0.006, -0.002,
         0.007,  0.006, -0.001, -0.008,  0.002,  0.003,  0.005,  0.   ,
         0.008, -0.01 , -0.008,  0.002,  0.006, -0.005,  0.002,  0.008,
        -0.007, -0.004,  0.003, -0.01 ,  0.005, -0.009,  0.007, -0.006,
         0.003, -0.005,  0.002,  0.008, -0.002, -0.009,  0.003,  0.003,
         0.002,  0.009, -0.008],
       [-0.006, -0.001,  0.003,  0.006, -0.004, -0.008, -0.007,  0.   ,
        -0.01 ,  0.009,  0.005, -0.004, -0.006,  0.007,  0.007, -0.007,
         0.006, -0.006,  0.01 , -0.001, -0.001,  0.009, -0.007, -0.008,
        -0.003, -0.009, -0.007,  0.009, -0.007,  0.006,  0.002, -0.009,
         0.002,  0.005,  0.004,  0.002,  0.003, -0.005, -0.008,  0.004,
        -0.003, -0.01 , -0.001, -0.002,  0.004, -0.006,  0.002, -0.004,
        -0.008,  0.001, -0.001,  0.009, -0.003,  0.005, -0.001,  0.006,
         0.   ,  0.003, -0.006]]), 'deltas': array([[0.],
       [0.],
       [0.],
       [0.],
       [0.]]), 'outputs': array([[0.],
       [0.],
       [0.],
       [0.],
       [0.]]), 'errors': array([[0.],
       [0.],
       [0.],
       [0.],
       [0.]])}, {'weights': array([[-0.008,  0.008, -0.002,  0.006, -0.001],
       [-0.006, -0.009, -0.005, -0.002,  0.003],
       [ 0.009, -0.01 ,  0.   ,  0.008, -0.007],
       [-0.004,  0.001,  0.009,  0.   , -0.002]]), 'deltas': array([[0.],
       [0.],
       [0.],
       [0.],
       [0.]]), 'outputs': array([[0.],
       [0.],
       [0.],
       [0.],
       [0.]]), 'errors': array([[0.],
       [0.],
       [0.],
       [0.],
       [0.]])}]
Training complete!
Training done. epoch: 180 , total error: 0.0009849195182730195
[{'weights': array([[-1.92666300e-01,  4.18414432e-01,  2.97733444e-02,
         2.71270485e-01, -1.14183856e-01, -3.32287951e-01,
        -9.53251815e-02, -4.57330557e-01,  4.59325531e-01,
        -9.36536635e-01,  2.58601013e-01,  6.77930596e-01,
        -3.89736477e-01,  7.69243188e-01, -3.85511737e-01,
        -2.65124070e-01,  2.62119044e-01, -1.29178493e+00,
         1.98265112e-01,  5.03047465e-01,  5.68467329e-01,
         5.99242181e-01,  1.87519303e-01, -2.96303800e-01,
        -5.02462710e-01, -1.79119476e-01,  1.69114450e-01,
        -1.98550194e-01,  2.02545169e-01, -5.89526696e-02,
         2.67276500e-01, -2.31328856e-01, -6.49924138e-01,
         6.29919112e-01,  1.37729311e-01, -1.49734337e-01,
        -9.34536635e-01, -9.37942885e-02,  6.16644811e-01,
         4.16681087e-01, -2.42409182e-01, -3.08282575e-01,
         1.47822337e+00, -9.31536635e-01, -4.08686113e-01,
         4.03681087e-01, -5.33277662e-02,  5.03227405e-02,
        -1.54717198e-01,  1.43712173e-01,  9.24531609e-01,
        -9.25536635e-01,  9.34531609e-01, -9.28536635e-01,
        -5.21855548e-01,  5.15850522e-01, -5.03537202e-01,
         4.81532176e-01, -5.02569966e-06],
       [-3.00769396e-01,  4.80617658e-01, -4.39811481e-02,
         3.27653684e-02, -3.80813608e-01, -3.62779007e-01,
         2.37323316e-01, -7.47479353e-01,  4.11842536e-01,
        -7.57820906e-01,  2.99185216e-01,  1.51998873e-01,
        -6.37750698e-01,  6.67033997e-01, -3.41920116e-01,
        -3.14057353e-01, -2.45794637e-02, -8.89167065e-01,
         1.58715655e-01,  1.45877603e-01,  2.77936989e-01,
         1.63623430e-01,  1.25313350e-01, -2.62927858e-01,
        -3.27645739e-01, -5.10364336e-01,  1.87727519e-01,
        -2.04932586e-01, -1.19704231e-01,  1.40489210e-01,
        -4.25671829e-01, -4.04541981e-02, -1.16360020e+00,
         8.34963380e-01, -1.06432984e-01, -2.21203833e-01,
        -7.56820906e-01, -2.99487886e-01,  7.18370692e-01,
         8.30128320e-03, -3.02398324e-01, -1.00414149e+00,
         1.76672390e+00, -7.65820906e-01, -3.22938100e-01,
         1.83012832e-02,  2.56185388e-01, -5.88822205e-01,
        -2.11203031e-01, -1.10433786e-01,  4.42184089e-01,
        -7.67820906e-01,  4.42184089e-01, -7.64820906e-01,
        -7.56519623e-01,  4.31882806e-01, -1.32798383e+00,
         9.91347011e-01, -3.10636817e-01],
       [-2.64676159e-01,  4.72144546e-01, -7.12855740e-02,
         5.46294336e-02, -2.77207188e-01, -4.13307658e-01,
         1.75601455e-01, -7.25969600e-01,  4.13868456e-01,
        -7.78039263e-01,  3.26238210e-01,  1.42699910e-01,
        -6.05671133e-01,  6.22161857e-01, -3.57591868e-01,
        -4.82295635e-01,  1.68194492e-01, -1.00241143e+00,
         1.76143416e-01,  2.77195643e-01,  2.29971229e-01,
         2.48629874e-01,  8.01064657e-02, -2.67610517e-01,
        -3.83226966e-01, -4.11589235e-01,  7.94880914e-02,
        -2.75465191e-01, -3.66359524e-02,  1.74612323e-01,
        -2.72936761e-01, -2.37776705e-01, -1.14173645e+00,
         8.37635311e-01, -7.13163124e-02, -2.30784831e-01,
        -7.79039263e-01, -2.46622063e-01,  7.05393772e-01,
         2.31664116e-02, -4.04009634e-01, -8.92744663e-01,
         1.77669242e+00, -7.81039263e-01, -3.31267555e-01,
         2.51664116e-02,  2.98466351e-01, -6.13567494e-01,
        -1.92921912e-01, -1.16179231e-01,  4.58938120e-01,
        -7.96039263e-01,  4.75938120e-01, -7.84039263e-01,
        -7.61872852e-01,  4.42771708e-01, -1.23591285e+00,
         9.21811710e-01, -3.28101143e-01],
       [-3.50449682e-01,  4.42638611e-01, -4.29193443e-02,
         1.47464352e-01, -9.83331788e-02, -2.91705757e-01,
         3.70295915e-02, -4.66066580e-01,  3.14791172e-01,
        -8.30620202e-01,  3.21556344e-01,  3.50788450e-01,
        -7.77869564e-01,  9.71471101e-01, -3.58876945e-01,
        -4.01294623e-01,  2.51019215e-01, -1.06012983e+00,
         2.54771845e-01,  3.51035000e-01,  2.81047576e-01,
         5.60117568e-01, -1.22179296e-02, -2.84453651e-01,
        -4.05721395e-01, -1.47742444e-01, -8.53296389e-03,
        -2.05967198e-01,  3.86917897e-02,  1.84818520e-01,
        -1.74638312e-01, -1.63455616e-01, -1.20701477e+00,
         1.04373937e+00, -2.07795576e-02, -1.46495851e-01,
        -8.29620202e-01, -4.61392278e-01,  6.85169268e-01,
         4.55567804e-01, -2.56364069e-01, -7.93623814e-01,
         1.71633268e+00, -8.45620202e-01, -6.03843212e-01,
         4.38567804e-01,  2.14785110e-01, -3.75060518e-01,
         4.88254188e-02, -2.12100827e-01,  6.76344794e-01,
        -8.27620202e-01,  6.72344794e-01, -8.44620202e-01,
        -3.85052398e-01,  2.29776990e-01, -1.05679391e+00,
         9.06518497e-01, -1.69275408e-01],
       [-6.00000000e-03, -1.00000000e-03,  3.00000000e-03,
         6.00000000e-03, -4.00000000e-03, -8.00000000e-03,
        -7.00000000e-03,  0.00000000e+00, -1.00000000e-02,
         9.00000000e-03,  5.00000000e-03, -4.00000000e-03,
        -6.00000000e-03,  7.00000000e-03,  7.00000000e-03,
        -7.00000000e-03,  6.00000000e-03, -6.00000000e-03,
         1.00000000e-02, -1.00000000e-03, -1.00000000e-03,
         9.00000000e-03, -7.00000000e-03, -8.00000000e-03,
        -3.00000000e-03, -9.00000000e-03, -7.00000000e-03,
         9.00000000e-03, -7.00000000e-03,  6.00000000e-03,
         2.00000000e-03, -9.00000000e-03,  2.00000000e-03,
         5.00000000e-03,  4.00000000e-03,  2.00000000e-03,
         3.00000000e-03, -5.00000000e-03, -8.00000000e-03,
         4.00000000e-03, -3.00000000e-03, -1.00000000e-02,
        -1.00000000e-03, -2.00000000e-03,  4.00000000e-03,
        -6.00000000e-03,  2.00000000e-03, -4.00000000e-03,
        -8.00000000e-03,  1.00000000e-03, -1.00000000e-03,
         9.00000000e-03, -3.00000000e-03,  5.00000000e-03,
        -1.00000000e-03,  6.00000000e-03,  0.00000000e+00,
         3.00000000e-03, -6.00000000e-03]]), 'deltas': array([[5.03211776e-06],
       [7.30141043e-05],
       [6.28104009e-05],
       [3.53190737e-05],
       [0.00000000e+00]]), 'outputs': array([[0.99924294],
       [0.98890042],
       [0.99046668],
       [0.99466191],
       [1.        ]]), 'errors': 0.0066519306908340015}, {'weights': array([[ 0.95424887, -3.7774336 , -4.0414629 ,  6.61445614, -3.17937069],
       [-6.53259587, -4.2319858 , -4.86342994, -4.17244385,  2.45668561],
       [ 5.51050639, -4.81030461,  0.65402603, -7.31651761, -1.9863947 ],
       [ 1.19083647,  3.28374362,  2.93999236,  2.2190505 , -6.06975997]]), 'deltas': array([[-1.04646807e-03],
       [-1.09674785e-15],
       [-1.46764871e-07],
       [ 8.61184750e-04]]), 'outputs': array([[3.28947138e-02],
       [3.31171841e-08],
       [3.83172454e-04],
       [9.70206880e-01]]), 'errors': array([[-3.28947138e-02],
       [-3.31171841e-08],
       [-3.83172454e-04],
       [ 2.97931203e-02]])}]
Accuracy: 88.88888888888889 %

train_data group 4 length:  37
   0   1   2   3   4   5   6   7   8  ...  50  51  52  53  54  55  56  57  58
0   0   0   0   0   0   0   1   1   0 ...   1   0   1   0   1   0   1   0   0
1   0   0   0   0   0   0   1   1   0 ...   1   0   1   0   1   0   1   0   0
2   0   0   0   1   0   0   0   1   0 ...   0   1   0   1   1   0   1   0   1
3   0   0   0   0   0   0   1   1   0 ...   0   1   0   1   1   0   1   0   1
4   0   0   0   0   1   0   0   1   0 ...   1   0   1   0   0   1   1   0   2

[5 rows x 59 columns]
Initial Neural Network:
[{'weights': array([[ 0.006, -0.008,  0.003, -0.006,  0.001,  0.002, -0.004, -0.004,
        -0.008,  0.006,  0.008, -0.005,  0.003, -0.003, -0.006,  0.   ,
         0.007,  0.01 , -0.001, -0.005,  0.009,  0.002, -0.002, -0.002,
         0.   , -0.004, -0.01 ,  0.01 ,  0.005, -0.01 , -0.002, -0.004,
         0.   , -0.003,  0.004, -0.003, -0.003,  0.007, -0.005, -0.01 ,
        -0.004, -0.006, -0.006,  0.   ,  0.001,  0.009, -0.007, -0.01 ,
        -0.008, -0.01 ,  0.008,  0.009,  0.003, -0.007, -0.006, -0.01 ,
         0.005,  0.009,  0.002],
       [-0.008,  0.006,  0.006,  0.01 ,  0.01 , -0.002,  0.006,  0.005,
         0.01 , -0.009, -0.002,  0.004,  0.005, -0.001,  0.009,  0.008,
         0.009,  0.006, -0.007, -0.002, -0.007,  0.01 , -0.002,  0.007,
        -0.009,  0.002,  0.01 ,  0.004, -0.005,  0.001, -0.004, -0.009,
         0.009, -0.008,  0.006, -0.001, -0.001, -0.001,  0.009, -0.01 ,
        -0.005, -0.002, -0.007, -0.004,  0.009,  0.003, -0.01 ,  0.004,
         0.002,  0.01 , -0.003,  0.001,  0.   , -0.002,  0.009,  0.001,
         0.001, -0.002,  0.002],
       [ 0.009, -0.002,  0.001, -0.008,  0.008, -0.001,  0.005,  0.   ,
         0.007, -0.004,  0.005,  0.002,  0.01 , -0.007,  0.01 ,  0.009,
        -0.01 , -0.009, -0.002,  0.   ,  0.001, -0.008,  0.006,  0.004,
         0.005,  0.001,  0.003,  0.008,  0.002, -0.01 ,  0.009,  0.005,
         0.01 ,  0.005,  0.001,  0.001,  0.003,  0.007, -0.002,  0.006,
        -0.003, -0.006,  0.002,  0.01 ,  0.004,  0.004,  0.009,  0.01 ,
         0.008,  0.008, -0.006, -0.01 , -0.004, -0.004, -0.01 , -0.008,
         0.008, -0.004,  0.008],
       [ 0.005, -0.003,  0.005,  0.01 , -0.006, -0.002,  0.001, -0.005,
         0.   ,  0.001,  0.001, -0.001,  0.003,  0.004,  0.   ,  0.008,
         0.007,  0.   , -0.001, -0.005,  0.006, -0.01 ,  0.   , -0.009,
         0.004,  0.002, -0.002, -0.009, -0.004,  0.009, -0.009, -0.002,
        -0.007,  0.007, -0.003, -0.007,  0.001, -0.005, -0.002, -0.006,
        -0.008, -0.004,  0.009, -0.009,  0.002,  0.008, -0.006, -0.008,
         0.003,  0.002, -0.01 ,  0.009,  0.009, -0.007, -0.005, -0.006,
         0.006,  0.   ,  0.009],
       [-0.001,  0.002,  0.008, -0.008,  0.004,  0.005, -0.007,  0.   ,
        -0.006,  0.004, -0.003, -0.006, -0.003,  0.005,  0.002,  0.008,
         0.009, -0.005, -0.006, -0.007,  0.   ,  0.004, -0.006, -0.004,
        -0.004,  0.009,  0.01 ,  0.005, -0.002, -0.006, -0.008, -0.009,
        -0.006,  0.003,  0.005,  0.005,  0.006, -0.008, -0.008, -0.009,
         0.002,  0.   , -0.01 , -0.004,  0.002,  0.002, -0.009, -0.01 ,
         0.009, -0.004,  0.   ,  0.   , -0.006,  0.007,  0.003,  0.007,
        -0.004, -0.01 , -0.01 ]]), 'deltas': array([[0.],
       [0.],
       [0.],
       [0.],
       [0.]]), 'outputs': array([[0.],
       [0.],
       [0.],
       [0.],
       [0.]]), 'errors': array([[0.],
       [0.],
       [0.],
       [0.],
       [0.]])}, {'weights': array([[ 0.005,  0.01 ,  0.004, -0.009, -0.006],
       [ 0.002, -0.01 , -0.009,  0.004, -0.005],
       [ 0.01 ,  0.005, -0.001, -0.005,  0.   ],
       [ 0.005, -0.008,  0.006,  0.002,  0.002]]), 'deltas': array([[0.],
       [0.],
       [0.],
       [0.],
       [0.]]), 'outputs': array([[0.],
       [0.],
       [0.],
       [0.],
       [0.]]), 'errors': array([[0.],
       [0.],
       [0.],
       [0.],
       [0.]])}]
Training complete!
Training done. epoch: 593 , total error: 0.0002559411704722175
[{'weights': array([[-8.70340155e-02,  4.48215214e-01, -3.78581264e-01,
         1.47007137e-01, -6.67148044e-01, -2.98340620e-01,
         4.40332577e-01, -7.07835594e-01,  3.06286579e-01,
        -8.84001606e-01,  3.91804484e-01,  1.11648106e-01,
        -5.50650866e-01,  6.68251585e-01, -5.13149735e-01,
        -1.60349125e-01, -2.22199890e-01, -2.21752404e-01,
        -8.23524822e-02, -1.98758621e-01,  1.26314491e-01,
         3.73903120e-01, -3.89551453e-02, -5.46785327e-01,
        -1.79711663e-01, -1.98613550e-01, -2.04935465e-01,
         6.97447659e-02, -4.44293781e-01, -2.47656547e-01,
        -3.52915381e-01,  1.95022912e-01, -7.49822975e-01,
         3.57273959e-01,  3.95306841e-02, -4.28079700e-01,
        -8.93001606e-01, -2.32428921e-01,  7.56078441e-01,
        -3.11969292e-02, -5.02934545e-01, -6.45949550e-01,
         1.63333669e+00, -8.90001606e-01, -3.67352086e-01,
        -1.21969292e-02,  1.48993156e-01, -5.55542172e-01,
         3.12742329e-02, -4.38823248e-01,  5.08452590e-01,
        -8.81001606e-01,  5.03452590e-01, -8.97001606e-01,
        -9.17198535e-01,  5.11649520e-01, -2.02388570e+00,
         1.64833669e+00, -3.87549016e-01],
       [-6.88325612e-02,  4.60709620e-01, -3.86369087e-01,
         4.58547980e-01, -5.75669192e-01, -7.15047031e-02,
        -1.41792201e-01, -6.68370815e-01,  3.30460669e-01,
        -8.78702540e-01,  3.99398398e-01,  1.19393996e-01,
        -4.75384627e-01,  6.23334549e-01, -4.87860068e-01,
        -4.06907751e-01,  7.09976052e-02, -3.17674463e-01,
        -4.52098831e-01,  5.16637606e-01, -1.09774457e-01,
         2.88759486e-01,  7.39143764e-02, -5.24575845e-01,
        -1.85008163e-01, -2.79898491e-01, -6.10116548e-02,
         3.07386920e-02, -3.84648838e-01,  2.20938417e-02,
        -1.27868747e-01, -2.59135240e-01, -6.15066257e-01,
         2.63156111e-01, -2.39311469e-01, -1.08598677e-01,
        -8.70702540e-01, -1.37308187e-01,  7.58089268e-01,
        -1.05988687e-01, -3.40095733e-01, -8.12089517e-01,
         1.65497764e+00, -8.73702540e-01, -2.47921459e-01,
        -9.29886867e-02,  1.91632267e-01, -5.50542412e-01,
        -7.30458392e-02, -2.67864306e-01,  5.13792394e-01,
        -8.68702540e-01,  5.16792394e-01, -8.71702540e-01,
        -9.56691227e-01,  6.13781081e-01, -2.01388779e+00,
         1.65997764e+00, -3.50910146e-01],
       [-9.56684050e-02,  4.55873419e-01, -4.19556903e-01,
         5.38609797e-01, -5.89068966e-01, -1.08549465e-01,
        -1.93794559e-01, -6.75393919e-01,  2.58238838e-01,
        -8.62950539e-01,  3.91694866e-01,  5.01005918e-02,
        -5.52774628e-01,  6.19975469e-01, -4.78355922e-01,
        -1.28159738e-01, -2.96995343e-01, -2.73668219e-01,
        -6.29310013e-01,  3.39081834e-01,  1.29741317e-01,
         3.06903874e-01, -3.99629473e-02, -5.17332246e-01,
        -1.66763762e-01, -6.90323438e-01,  2.70168357e-01,
        -1.86062708e-01, -2.28092373e-01, -6.10548953e-02,
        -3.21831720e-01, -3.72684655e-02, -7.25304907e-01,
         3.16149826e-01, -2.48374368e-01, -1.73780713e-01,
        -8.55950539e-01, -2.11430643e-01,  7.47457405e-01,
        -9.02313036e-02, -1.89140348e-01, -1.03235130e+00,
         1.64928711e+00, -8.48950539e-01, -3.23923778e-01,
        -9.22313036e-02,  1.96405620e-01, -6.01560701e-01,
        -1.51872216e-01, -2.56282866e-01,  4.28795458e-01,
        -8.68950539e-01,  4.30795458e-01, -8.62950539e-01,
        -9.65181843e-01,  5.23026762e-01, -2.06344219e+00,
         1.64328711e+00, -4.16155081e-01],
       [ 2.28433662e-01,  4.43276365e-01, -1.83859180e-01,
        -2.33559027e-02, -4.43392422e-01, -4.95382302e-01,
         6.72561443e-01, -6.11598190e-01,  7.94879853e-01,
        -8.90866449e-01,  3.77309318e-01,  7.02838793e-01,
         2.36892263e-01,  4.75304992e-01, -5.16915593e-01,
         3.30713948e-02,  1.70210267e-01, -4.76531617e-02,
        -1.41202959e-01, -2.58389940e-01,  6.35527723e-01,
         4.30637445e-02,  8.65067165e-01, -5.41436133e-01,
        -1.93413115e-01,  1.86700055e-01,  1.58160706e-03,
         5.29422982e-01, -3.54141319e-01, -2.73756936e-01,
         1.35875015e-01,  3.24163583e-01, -1.13677752e-01,
         3.01959414e-01,  3.58160275e-01, -1.79878613e-01,
        -8.90866449e-01,  5.62673118e-01,  7.26337441e-01,
        -2.21862449e-01, -8.12805599e-01,  2.80383658e-01,
         1.60957005e+00, -9.00866449e-01,  4.06144111e-01,
        -2.07862449e-01,  1.16258240e-01,  5.80234218e-02,
         1.23452008e-01,  6.98296545e-02,  1.07014811e+00,
        -8.82866449e-01,  1.08914811e+00, -8.98866449e-01,
        -1.11272890e+00,  1.29001056e+00, -1.40628839e+00,
         1.60057005e+00,  1.97281662e-01],
       [-1.00000000e-03,  2.00000000e-03,  8.00000000e-03,
        -8.00000000e-03,  4.00000000e-03,  5.00000000e-03,
        -7.00000000e-03,  0.00000000e+00, -6.00000000e-03,
         4.00000000e-03, -3.00000000e-03, -6.00000000e-03,
        -3.00000000e-03,  5.00000000e-03,  2.00000000e-03,
         8.00000000e-03,  9.00000000e-03, -5.00000000e-03,
        -6.00000000e-03, -7.00000000e-03,  0.00000000e+00,
         4.00000000e-03, -6.00000000e-03, -4.00000000e-03,
        -4.00000000e-03,  9.00000000e-03,  1.00000000e-02,
         5.00000000e-03, -2.00000000e-03, -6.00000000e-03,
        -8.00000000e-03, -9.00000000e-03, -6.00000000e-03,
         3.00000000e-03,  5.00000000e-03,  5.00000000e-03,
         6.00000000e-03, -8.00000000e-03, -8.00000000e-03,
        -9.00000000e-03,  2.00000000e-03,  0.00000000e+00,
        -1.00000000e-02, -4.00000000e-03,  2.00000000e-03,
         2.00000000e-03, -9.00000000e-03, -1.00000000e-02,
         9.00000000e-03, -4.00000000e-03,  0.00000000e+00,
         0.00000000e+00, -6.00000000e-03,  7.00000000e-03,
         3.00000000e-03,  7.00000000e-03, -4.00000000e-03,
        -1.00000000e-02, -1.00000000e-02]]), 'deltas': array([[3.02814062e-05],
       [2.33608512e-05],
       [2.87489329e-05],
       [4.63048346e-08],
       [0.00000000e+00]]), 'outputs': array([[0.9854956 ],
       [0.9888484 ],
       [0.98624003],
       [0.99997814],
       [1.        ]]), 'errors': 0.002118467001324284}, {'weights': array([[-0.45586613, -2.19033896, -1.61370285, -1.21684789, -0.18406201],
       [-8.42255264, -8.00988225, -7.97465984, -9.68740844,  1.3510153 ],
       [-1.08541662, -0.4461835 , -3.60572891,  3.52154567, -2.90130326],
       [ 2.53148618,  2.56312912,  2.59525455,  2.33577287, -5.98364387]]), 'deltas': array([[-1.33234697e-05],
       [-6.89538040e-29],
       [-1.32679273e-04],
       [ 3.57322900e-04]]), 'outputs': array([[3.65682514e-03],
       [8.30384272e-15],
       [1.15859617e-02],
       [9.80913998e-01]]), 'errors': array([[-3.65682514e-03],
       [-8.30384272e-15],
       [-1.15859617e-02],
       [ 1.90860017e-02]])}]
Accuracy: 80.0 %

Feedforward Neural Network AVG Accuracy (%): 85.33333333333333 %
