Namespace(error_threshold=0.001, max_epochs=1000, num_layers=2, num_nodes_per_hidden_layer=4, training_rate=1.0)

train_data group 0 length:  38
   0   1   2   3   4   5   6   7   8  ...  50  51  52  53  54  55  56  57  58
0   0   0   0   0   1   0   0   1   0 ...   1   0   1   0   1   0   1   0   0
1   0   0   0   0   0   0   1   1   0 ...   1   0   1   0   1   0   1   0   0
2   0   0   0   0   0   1   0   1   0 ...   0   1   0   1   1   0   1   0   1
3   0   0   0   0   1   0   0   1   0 ...   0   1   0   1   1   0   1   0   1
4   1   0   0   0   0   0   0   0   1 ...   1   0   1   0   0   1   1   0   2

[5 rows x 59 columns]
Initial Neural Network:
[{'weights': array([[-0.004,  0.   ,  0.008,  0.001, -0.002,  0.005, -0.006,  0.007,
         0.01 , -0.001, -0.008,  0.001, -0.002, -0.008,  0.002,  0.01 ,
        -0.006,  0.004, -0.009,  0.004, -0.003, -0.001, -0.009,  0.006,
        -0.005,  0.007,  0.001,  0.002, -0.005, -0.006, -0.001,  0.007,
        -0.01 ,  0.001, -0.001, -0.007,  0.007,  0.001,  0.002, -0.007,
         0.007, -0.007,  0.003, -0.008, -0.007, -0.007, -0.009, -0.006,
         0.   ,  0.002,  0.009,  0.001, -0.006, -0.003, -0.004,  0.003,
        -0.005, -0.008, -0.004],
       [-0.003,  0.002,  0.002,  0.004,  0.003,  0.007, -0.009, -0.001,
        -0.01 , -0.008, -0.006,  0.006, -0.004,  0.009, -0.009, -0.008,
        -0.01 , -0.007,  0.003,  0.008,  0.003,  0.008,  0.001,  0.002,
         0.   ,  0.004, -0.008,  0.001,  0.009,  0.006,  0.006,  0.004,
        -0.009, -0.01 ,  0.003,  0.001, -0.001, -0.001,  0.006, -0.009,
        -0.007,  0.003,  0.008, -0.001, -0.001, -0.004, -0.003, -0.009,
        -0.007,  0.005, -0.008,  0.004, -0.006, -0.009,  0.006, -0.002,
         0.01 ,  0.005,  0.001],
       [-0.01 ,  0.002,  0.001,  0.005, -0.008, -0.009,  0.   , -0.008,
        -0.007, -0.01 , -0.001,  0.003, -0.004,  0.003, -0.005,  0.01 ,
        -0.005,  0.01 ,  0.009, -0.001,  0.004,  0.002, -0.002, -0.002,
        -0.004,  0.005, -0.004,  0.009, -0.001,  0.01 , -0.003,  0.007,
        -0.004,  0.01 , -0.006, -0.001, -0.002,  0.008,  0.002,  0.008,
         0.007, -0.006, -0.007, -0.008,  0.001, -0.008,  0.003, -0.007,
         0.004,  0.001,  0.01 ,  0.   , -0.001,  0.   ,  0.007,  0.008,
         0.007, -0.003,  0.006],
       [ 0.   , -0.006, -0.009, -0.009, -0.008,  0.004, -0.003,  0.005,
         0.005,  0.007,  0.   ,  0.001, -0.009, -0.003, -0.005, -0.008,
        -0.003,  0.004, -0.001, -0.001, -0.004,  0.007,  0.005, -0.005,
         0.009,  0.006, -0.01 , -0.009, -0.01 , -0.003,  0.008, -0.003,
        -0.01 ,  0.007,  0.001, -0.007,  0.008,  0.005,  0.009,  0.01 ,
         0.005,  0.   , -0.006,  0.01 , -0.003, -0.01 , -0.007, -0.009,
         0.001,  0.003, -0.002,  0.004,  0.002, -0.006, -0.007,  0.01 ,
         0.007,  0.003, -0.004],
       [ 0.   , -0.007,  0.002,  0.002,  0.003, -0.008,  0.001, -0.001,
         0.005,  0.008,  0.002, -0.002,  0.006, -0.005,  0.005, -0.008,
        -0.002,  0.009, -0.009,  0.003, -0.002, -0.006,  0.007,  0.002,
         0.006,  0.002, -0.003, -0.008, -0.004, -0.009, -0.002,  0.003,
        -0.006, -0.002, -0.008, -0.01 , -0.009,  0.007,  0.007, -0.006,
         0.009,  0.002,  0.008,  0.007,  0.009, -0.01 ,  0.   , -0.001,
         0.   , -0.004,  0.009,  0.001,  0.003,  0.001, -0.003, -0.005,
        -0.007,  0.007,  0.009]]), 'deltas': array([[0.],
       [0.],
       [0.],
       [0.],
       [0.]]), 'outputs': array([[0.],
       [0.],
       [0.],
       [0.],
       [0.]]), 'errors': array([[0.],
       [0.],
       [0.],
       [0.],
       [0.]])}, {'weights': array([[ 0.009,  0.007, -0.009, -0.002,  0.002],
       [ 0.002,  0.001,  0.   , -0.003,  0.003],
       [-0.008,  0.01 , -0.006, -0.01 , -0.009],
       [ 0.005, -0.004,  0.004,  0.   , -0.003]]), 'deltas': array([[0.],
       [0.],
       [0.],
       [0.],
       [0.]]), 'outputs': array([[0.],
       [0.],
       [0.],
       [0.],
       [0.]]), 'errors': array([[0.],
       [0.],
       [0.],
       [0.],
       [0.]])}]
Training complete!
Training done. epoch: 203 , total error: 0.0008619542261013434
[{'weights': array([[ 1.65560359e-01,  3.63946843e-01, -5.62488418e-02,
         1.59765969e-01, -2.46364314e-01, -3.02957164e-01,
        -1.97870970e-01, -8.47767609e-01,  7.48599490e-01,
        -7.38953484e-01,  2.95519740e-01,  3.19265625e-01,
         2.63599483e-01, -5.89306953e-03, -3.81874532e-01,
        -5.57699457e-01,  4.45531338e-01, -1.74130765e-01,
        -6.88511744e-02,  1.09752601e-01,  1.30612198e-02,
        -3.63114906e-01,  8.06011806e-01, -2.03463031e-01,
        -3.64601988e-01, -5.47727491e-02, -5.33953696e-02,
        -2.28788248e-01,  1.09620129e-01,  3.51249569e-01,
        -1.33656241e-01, -3.33761446e-01, -3.94548243e-01,
         2.69380125e-01, -2.66349544e-01,  1.42181425e-01,
        -7.30953484e-01,  5.08869845e-01,  6.94984098e-01,
        -5.86068578e-01, -6.08025585e-01, -3.55591236e-01,
         1.58840219e+00, -7.45953484e-01,  4.55900459e-01,
        -5.86068578e-01,  3.39208773e-01, -4.70376892e-01,
        -2.25397523e-02, -9.16283664e-02,  6.30785365e-01,
        -7.36953484e-01,  6.15785365e-01, -7.40953484e-01,
        -1.32102206e+00,  1.20385394e+00, -8.31439350e-01,
         7.02271232e-01, -1.20168119e-01],
       [ 2.33299986e-01,  3.45500385e-01, -2.15212746e-01,
         1.65412877e-01, -3.30352187e-01, -3.98698833e-01,
        -5.62458897e-02, -9.11569960e-01,  6.38273552e-01,
        -8.90617613e-01,  3.28626492e-01,  2.91694713e-01,
         3.01156526e-01, -1.25823257e-01, -4.41629678e-01,
        -5.96948062e-01,  3.16651654e-01, -7.86384942e-02,
        -1.27038553e-01,  9.21259092e-02, -1.41745270e-01,
        -3.01299870e-01,  7.81524166e-01, -2.33663843e-01,
        -4.97856861e-01,  1.19929642e-01, -3.86226050e-01,
        -3.86878958e-01,  1.34582550e-01,  2.46453222e-01,
         2.78395931e-01, -7.71145561e-01, -3.95650537e-01,
         1.14354129e-01, -3.52559482e-01,  9.42630742e-02,
        -8.83617613e-01,  5.09923127e-01,  6.96642932e-01,
        -5.90244854e-01, -7.36424631e-01, -2.35470760e-01,
         1.59621660e+00, -8.83617613e-01,  3.17948446e-01,
        -5.85244854e-01,  2.26558382e-01, -5.00854790e-01,
         3.98355516e-02, -3.04131960e-01,  6.12321205e-01,
        -8.78617613e-01,  6.14321205e-01, -8.91617613e-01,
        -1.45786247e+00,  1.19956606e+00, -7.95635464e-01,
         5.48339056e-01, -2.61296408e-01],
       [ 3.55575178e-02,  3.24453487e-01,  4.03730676e-02,
        -6.42425205e-02,  2.41066117e-01, -5.25935897e-01,
         2.14243362e-02, -5.70747143e-01,  6.47443251e-01,
        -9.63147355e-01,  2.68150613e-01,  7.78692850e-01,
         2.06225783e-01,  3.37022621e-01, -4.57552295e-01,
        -2.97228522e-01,  3.93924630e-01, -3.74471901e-01,
         2.59536630e-01, -1.11790668e-01,  3.40422047e-01,
         4.94444627e-01,  4.05001984e-01, -2.52589670e-01,
        -5.61160834e-01, -4.68086385e-01,  5.60782493e-01,
         1.79806636e-01, -8.01105281e-02, -5.75536352e-02,
        -3.13528042e-01,  4.76777785e-01, -3.81365835e-01,
         4.79061943e-01,  5.86916312e-01, -5.02220203e-01,
        -9.55147355e-01,  4.19530607e-01,  6.27340739e-01,
         1.59721175e-02, -6.42178362e-01,  2.73784644e-01,
         1.40723718e+00, -9.61147355e-01,  8.47239906e-02,
        -2.78824997e-05,  2.85899592e-02,  5.91061489e-02,
        -1.75053223e-01,  2.71749331e-01,  1.05484346e+00,
        -9.53147355e-01,  1.04384346e+00, -9.53147355e-01,
        -9.38175238e-01,  1.04487135e+00, -4.08126321e-01,
         5.03822429e-01,  9.76961081e-02],
       [-1.73562938e-01,  4.17192122e-01, -1.42736973e-01,
         1.66040070e-01, -1.45172313e-01, -3.11280575e-01,
        -1.21484545e-01, -6.96619730e-01,  4.26614578e-01,
        -7.23291764e-01,  3.57860635e-01,  9.34259764e-02,
        -3.54843013e-01,  4.38956962e-01, -3.81119101e-01,
        -6.74418668e-01,  3.83413516e-01, -6.04350196e-01,
         1.05985340e-01,  2.74894179e-01, -5.85344751e-02,
        -1.11301759e-01,  3.75077814e-01, -2.07661450e-01,
        -3.20119758e-01, -3.94465524e-01,  1.10460372e-01,
        -1.50488176e-01, -1.48516976e-01,  4.44440354e-01,
        -7.09107759e-01, -1.33377464e-02, -1.12898131e+00,
         8.45976156e-01, -3.20553929e-01,  3.45487767e-02,
        -7.22291764e-01, -4.71980379e-02,  7.99256996e-01,
        -2.77772347e-01, -4.86349506e-01, -9.15404149e-01,
         1.85104027e+00, -7.20291764e-01,  4.76719454e-03,
        -2.97772347e-01,  5.40908662e-01, -8.36913814e-01,
        -1.98659559e-01, -7.73455927e-02,  4.48286612e-01,
        -7.26291764e-01,  4.52286612e-01, -7.36291764e-01,
        -1.02506411e+00,  7.48058958e-01, -1.23054444e+00,
         9.60539290e-01, -2.84005152e-01],
       [ 0.00000000e+00, -7.00000000e-03,  2.00000000e-03,
         2.00000000e-03,  3.00000000e-03, -8.00000000e-03,
         1.00000000e-03, -1.00000000e-03,  5.00000000e-03,
         8.00000000e-03,  2.00000000e-03, -2.00000000e-03,
         6.00000000e-03, -5.00000000e-03,  5.00000000e-03,
        -8.00000000e-03, -2.00000000e-03,  9.00000000e-03,
        -9.00000000e-03,  3.00000000e-03, -2.00000000e-03,
        -6.00000000e-03,  7.00000000e-03,  2.00000000e-03,
         6.00000000e-03,  2.00000000e-03, -3.00000000e-03,
        -8.00000000e-03, -4.00000000e-03, -9.00000000e-03,
        -2.00000000e-03,  3.00000000e-03, -6.00000000e-03,
        -2.00000000e-03, -8.00000000e-03, -1.00000000e-02,
        -9.00000000e-03,  7.00000000e-03,  7.00000000e-03,
        -6.00000000e-03,  9.00000000e-03,  2.00000000e-03,
         8.00000000e-03,  7.00000000e-03,  9.00000000e-03,
        -1.00000000e-02,  0.00000000e+00, -1.00000000e-03,
         0.00000000e+00, -4.00000000e-03,  9.00000000e-03,
         1.00000000e-03,  3.00000000e-03,  1.00000000e-03,
        -3.00000000e-03, -5.00000000e-03, -7.00000000e-03,
         7.00000000e-03,  9.00000000e-03]]), 'deltas': array([[3.48913537e-06],
       [1.93250988e-05],
       [5.38252133e-07],
       [3.10311679e-05],
       [0.00000000e+00]]), 'outputs': array([[0.99940661],
       [0.99670451],
       [0.99990851],
       [0.99469761],
       [1.        ]]), 'errors': 0.005883499928776411}, {'weights': array([[-8.2864423 , -2.66764742,  8.51065184, -4.19176482, -2.05189761],
       [-2.2392751 , -6.45602953, -9.22403261, -2.14195541,  2.380136  ],
       [ 1.1994023 ,  6.53209345,  1.65969191, -8.60332712, -4.22207764],
       [ 2.78731007,  0.01214242,  0.47365246,  6.75906251, -6.38063781]]), 'deltas': array([[-3.05343767e-08],
       [-4.70516100e-16],
       [-9.97816997e-04],
       [ 6.74718727e-04]]), 'outputs': array([[1.74756155e-04],
       [2.16913833e-08],
       [3.21079056e-02],
       [9.73675861e-01]]), 'errors': array([[-1.74756155e-04],
       [-2.16913833e-08],
       [-3.21079056e-02],
       [ 2.63241393e-02]])}]
neural_net output [0.98918231 0.00378996 0.05653222 0.00323546]
target: 0 prediction: 0
neural_net output [0.99632087 0.00221667 0.06528626 0.002708  ]
target: 0 prediction: 0
neural_net output [0.11411633 0.91278636 0.01432646 0.00172128]
target: 1 prediction: 1
neural_net output [0.11167183 0.91410457 0.01439835 0.00171702]
target: 1 prediction: 1
neural_net output [5.73450512e-02 3.37154166e-06 7.10453546e-01 7.15145783e-02]
target: 2 prediction: 2
neural_net output [1.79852428e-02 2.98645768e-07 9.90890699e-01 3.85612154e-02]
target: 2 prediction: 2
neural_net output [1.73389146e-04 2.14196812e-08 3.22253562e-02 9.73837480e-01]
target: 3 prediction: 3
neural_net output [1.72568879e-04 2.13560889e-08 3.19488883e-02 9.74026110e-01]
target: 3 prediction: 3
neural_net output [1.74210676e-04 2.19076806e-08 3.07645206e-02 9.74211138e-01]
target: 3 prediction: 3
Accuracy: 100.0 %

train_data group 1 length:  38
   0   1   2   3   4   5   6   7   8  ...  50  51  52  53  54  55  56  57  58
0   0   0   0   0   0   0   1   1   0 ...   1   0   1   0   1   0   1   0   0
1   0   0   0   0   0   0   1   1   0 ...   1   0   1   0   1   0   1   0   0
2   0   0   0   1   0   0   0   1   0 ...   0   1   0   1   1   0   1   0   1
3   0   0   0   0   0   0   1   1   0 ...   0   1   0   1   1   0   1   0   1
4   0   0   0   0   1   0   0   1   0 ...   1   0   1   0   0   1   1   0   2

[5 rows x 59 columns]
Initial Neural Network:
[{'weights': array([[-0.001, -0.007, -0.008, -0.001, -0.006,  0.005, -0.008, -0.009,
        -0.006,  0.006,  0.   , -0.001,  0.009,  0.004,  0.008,  0.003,
         0.002, -0.003,  0.004, -0.007,  0.01 ,  0.003, -0.007,  0.009,
         0.001,  0.004, -0.006,  0.001, -0.006, -0.008,  0.009, -0.005,
         0.009, -0.008, -0.008, -0.005,  0.004, -0.007,  0.007,  0.007,
        -0.001, -0.002, -0.008, -0.004, -0.006, -0.002,  0.   , -0.003,
         0.009,  0.003, -0.007, -0.01 ,  0.001,  0.01 ,  0.   , -0.002,
        -0.009, -0.002,  0.006],
       [-0.005, -0.01 ,  0.001,  0.004,  0.002, -0.008,  0.006, -0.003,
         0.002,  0.01 , -0.007,  0.001,  0.01 , -0.007, -0.002,  0.005,
         0.002,  0.008, -0.01 , -0.008, -0.001, -0.004, -0.002, -0.001,
        -0.009,  0.   ,  0.005,  0.003, -0.003,  0.01 , -0.005,  0.008,
         0.002, -0.006, -0.008,  0.009,  0.005,  0.002,  0.   ,  0.   ,
        -0.007, -0.01 , -0.01 ,  0.005, -0.006, -0.003,  0.004, -0.01 ,
         0.009,  0.006, -0.005,  0.002,  0.01 , -0.004,  0.003, -0.004,
         0.007,  0.007,  0.001],
       [ 0.009,  0.001, -0.004,  0.007,  0.001, -0.005,  0.002,  0.001,
         0.007,  0.005, -0.008,  0.006, -0.002,  0.004,  0.   , -0.002,
         0.   ,  0.01 , -0.002,  0.001,  0.007, -0.001, -0.01 , -0.008,
        -0.003, -0.009,  0.008,  0.002, -0.002,  0.002, -0.008,  0.01 ,
         0.004,  0.001, -0.009, -0.01 , -0.002,  0.008, -0.001,  0.002,
         0.006,  0.01 ,  0.005, -0.001, -0.007, -0.003,  0.006,  0.001,
         0.008, -0.008,  0.003, -0.001,  0.006, -0.01 , -0.01 ,  0.01 ,
        -0.001, -0.004,  0.   ],
       [ 0.003,  0.01 , -0.006, -0.001, -0.009, -0.007,  0.006,  0.01 ,
         0.004, -0.006,  0.001,  0.008, -0.001, -0.009, -0.007,  0.003,
         0.006,  0.008, -0.006,  0.007, -0.008,  0.   , -0.003,  0.003,
        -0.004, -0.001, -0.005,  0.007, -0.002,  0.   , -0.01 ,  0.004,
        -0.006,  0.001,  0.009, -0.008,  0.004,  0.001,  0.   , -0.001,
        -0.004, -0.006,  0.01 , -0.003,  0.006, -0.008,  0.007, -0.002,
        -0.004,  0.006,  0.003,  0.003, -0.004,  0.006, -0.001, -0.007,
        -0.008, -0.007, -0.001],
       [ 0.003, -0.01 , -0.009,  0.   ,  0.01 ,  0.005, -0.003, -0.008,
         0.002, -0.004, -0.004,  0.002,  0.005,  0.006, -0.006,  0.   ,
        -0.005, -0.001, -0.008,  0.008, -0.006, -0.005,  0.003,  0.004,
         0.008, -0.004,  0.   ,  0.003,  0.002, -0.001,  0.009, -0.006,
        -0.004,  0.01 ,  0.009,  0.007, -0.002,  0.01 ,  0.006,  0.007,
        -0.007,  0.009,  0.001, -0.009, -0.004, -0.003, -0.008, -0.007,
        -0.009, -0.009,  0.008, -0.01 , -0.003, -0.008,  0.008,  0.001,
         0.005, -0.002,  0.003]]), 'deltas': array([[0.],
       [0.],
       [0.],
       [0.],
       [0.]]), 'outputs': array([[0.],
       [0.],
       [0.],
       [0.],
       [0.]]), 'errors': array([[0.],
       [0.],
       [0.],
       [0.],
       [0.]])}, {'weights': array([[-0.009,  0.004,  0.01 ,  0.01 ,  0.005],
       [ 0.004, -0.007,  0.006,  0.007,  0.001],
       [ 0.003,  0.007, -0.009,  0.009,  0.008],
       [ 0.003, -0.006, -0.006,  0.002,  0.006]]), 'deltas': array([[0.],
       [0.],
       [0.],
       [0.],
       [0.]]), 'outputs': array([[0.],
       [0.],
       [0.],
       [0.],
       [0.]]), 'errors': array([[0.],
       [0.],
       [0.],
       [0.],
       [0.]])}]
Training complete!
Training done. epoch: 64 , total error: 0.0009563072465345353
[{'weights': array([[ 1.83014596e-01,  4.14408942e-01, -9.53504778e-02,
         6.68103519e-02, -3.36687834e-01, -2.28988085e-01,
        -3.06808081e-01, -8.73828147e-01,  5.81227559e-01,
        -5.51262218e-01,  2.89424558e-01, -1.07629274e-02,
        -2.75694700e-01,  2.79096106e-01, -2.60001993e-01,
        -5.00670578e-01,  2.28069991e-01, -6.43362380e-01,
         1.78817125e-01,  6.00760424e-02,  1.30868625e-01,
        -2.57481730e-01,  5.33143360e-01, -1.75627394e-01,
        -3.71634824e-01, -5.74273944e-01,  2.94673356e-01,
        -5.00534979e-01,  2.17934391e-01,  2.40965038e-01,
        -4.05145467e-01, -1.17420159e-01, -5.06652675e-01,
         2.30052087e-01, -2.64123214e-01, -2.64773743e-02,
        -5.53262218e-01,  2.47263824e-01,  4.66155208e-01,
        -4.26757402e-01, -2.96623265e-01, -8.48018803e-01,
         1.41330370e+00, -5.61262218e-01,  1.50156814e-01,
        -4.35757402e-01,  3.16457876e-01, -5.97058464e-01,
        -4.28737737e-03, -2.61313211e-01,  2.72661630e-01,
        -5.67262218e-01,  2.80661630e-01, -5.47262218e-01,
        -9.91019620e-01,  7.11419032e-01, -8.87862094e-01,
         5.99261506e-01, -2.71600588e-01],
       [ 2.01703730e-01,  4.09001617e-01, -1.12517366e-01,
         1.20382153e-01, -3.57414370e-01, -2.43990309e-01,
        -2.97605333e-01, -8.53931488e-01,  5.82491609e-01,
        -5.54156490e-01,  2.82339052e-01,  5.37755915e-03,
        -2.57141463e-01,  2.60081205e-01, -2.72379621e-01,
        -5.08130785e-01,  2.44690906e-01, -6.42962784e-01,
         1.68131499e-01,  4.90350771e-02,  1.44356329e-01,
        -2.65856707e-01,  5.53573317e-01, -1.87219035e-01,
        -3.86937455e-01, -5.63839927e-01,  2.98400048e-01,
        -5.23645544e-01,  2.53205665e-01,  2.52468689e-01,
        -3.89134577e-01, -1.20773991e-01, -4.65450721e-01,
         1.91010842e-01, -2.73636356e-01,  4.19647671e-03,
        -5.59156490e-01,  2.78197328e-01,  4.56080513e-01,
        -4.38561230e-01, -3.08189214e-01, -8.33989025e-01,
         1.40889485e+00, -5.59156490e-01,  1.62121351e-01,
        -4.41561230e-01,  3.13001136e-01, -5.89441015e-01,
        -1.61869077e-03, -2.53821188e-01,  2.88716611e-01,
        -5.62156490e-01,  3.03716611e-01, -5.68156490e-01,
        -9.99717720e-01,  7.28277841e-01, -8.37688372e-01,
         5.81248493e-01, -2.69439879e-01],
       [ 2.94682700e-01,  3.80137879e-01, -1.56558264e-01,
         2.35472620e-01, -3.87466130e-01, -3.48385578e-01,
        -1.34912147e-01, -7.02230157e-01,  5.82201236e-01,
        -6.57228063e-01,  2.51090095e-01,  2.81109047e-01,
        -1.28543875e-01,  3.01276588e-01, -2.98761634e-01,
        -4.72399543e-01,  3.42370622e-01, -8.30953122e-01,
         2.79937806e-01,  1.20261893e-01,  3.18724502e-01,
        -6.29146617e-02,  5.86113804e-01, -2.07603644e-01,
        -4.65624419e-01, -2.00157476e-01,  7.11285551e-02,
        -5.53661058e-01,  4.25632137e-01,  1.87157197e-01,
         2.74838839e-02, -3.38670001e-01, -6.40501870e-02,
        -5.89787339e-02, -1.39697491e-01, -7.33142964e-03,
        -6.64228063e-01,  3.48266532e-01,  4.13699680e-01,
        -2.18767069e-01, -5.11549569e-01, -1.87813415e-01,
         1.25456213e+00, -6.63228063e-01,  8.57381485e-02,
        -2.23767069e-01,  1.04407313e-01, -2.25436234e-01,
         2.11811950e-01, -3.39840871e-01,  5.37199142e-01,
        -6.63228063e-01,  5.40199142e-01, -6.72228063e-01,
        -8.92995133e-01,  7.64966212e-01, -2.71155217e-01,
         1.38126296e-01, -1.28028921e-01],
       [ 2.12570506e-01,  4.27439532e-01, -1.15210030e-01,
         9.89080484e-02, -3.61052969e-01, -2.42010303e-01,
        -2.96548452e-01, -8.47669861e-01,  5.89766195e-01,
        -5.68157214e-01,  2.90293203e-01,  8.96034448e-03,
        -2.67579466e-01,  2.56345044e-01, -2.77669244e-01,
        -5.02330655e-01,  2.39426988e-01, -6.33811012e-01,
         1.74121539e-01,  6.36314665e-02,  1.25154340e-01,
        -2.62716574e-01,  5.49970121e-01, -1.82582350e-01,
        -3.80574865e-01, -5.59178305e-01,  2.81274639e-01,
        -5.28227835e-01,  2.61324169e-01,  2.40502156e-01,
        -4.06060771e-01, -1.12345052e-01, -4.78596066e-01,
         2.01692399e-01, -2.54677778e-01, -1.62258887e-02,
        -5.58157214e-01,  2.74792968e-01,  4.53702127e-01,
        -4.38241547e-01, -3.04336029e-01, -8.29522628e-01,
         1.42411220e+00, -5.65157214e-01,  1.71337881e-01,
        -4.45241547e-01,  3.14974991e-01, -5.81878657e-01,
        -1.34055593e-02, -2.56498107e-01,  2.93253548e-01,
        -5.59157214e-01,  2.86253548e-01, -5.56157214e-01,
        -1.00039876e+00,  7.20495095e-01, -8.49950494e-01,
         5.63046828e-01, -2.72903666e-01],
       [ 3.00000000e-03, -1.00000000e-02, -9.00000000e-03,
         0.00000000e+00,  1.00000000e-02,  5.00000000e-03,
        -3.00000000e-03, -8.00000000e-03,  2.00000000e-03,
        -4.00000000e-03, -4.00000000e-03,  2.00000000e-03,
         5.00000000e-03,  6.00000000e-03, -6.00000000e-03,
         0.00000000e+00, -5.00000000e-03, -1.00000000e-03,
        -8.00000000e-03,  8.00000000e-03, -6.00000000e-03,
        -5.00000000e-03,  3.00000000e-03,  4.00000000e-03,
         8.00000000e-03, -4.00000000e-03,  0.00000000e+00,
         3.00000000e-03,  2.00000000e-03, -1.00000000e-03,
         9.00000000e-03, -6.00000000e-03, -4.00000000e-03,
         1.00000000e-02,  9.00000000e-03,  7.00000000e-03,
        -2.00000000e-03,  1.00000000e-02,  6.00000000e-03,
         7.00000000e-03, -7.00000000e-03,  9.00000000e-03,
         1.00000000e-03, -9.00000000e-03, -4.00000000e-03,
        -3.00000000e-03, -8.00000000e-03, -7.00000000e-03,
        -9.00000000e-03, -9.00000000e-03,  8.00000000e-03,
        -1.00000000e-02, -3.00000000e-03, -8.00000000e-03,
         8.00000000e-03,  1.00000000e-03,  5.00000000e-03,
        -2.00000000e-03,  3.00000000e-03]]), 'deltas': array([[1.38386130e-05],
       [1.24037907e-05],
       [7.94558138e-06],
       [1.27441394e-05],
       [0.00000000e+00]]), 'outputs': array([[0.99783154],
       [0.99805681],
       [0.99875611],
       [0.99800339],
       [1.        ]]), 'errors': 0.006395645860470893}, {'weights': array([[-1.57100197, -1.67661587, -1.72029787, -1.66672892,  0.05295971],
       [-1.87089978, -1.99586591, -5.04488467, -1.97360335,  0.43883776],
       [-2.91134238, -2.3514049 ,  7.26394008, -2.40284908, -2.97445077],
       [ 2.33758409,  2.26670863,  1.35294014,  2.30232841, -4.69842997]]), 'deltas': array([[-1.95858152e-06],
       [-8.75156450e-10],
       [-1.08066609e-03],
       [ 7.70287390e-04]]), 'outputs': array([[1.40047432e-03],
       [2.95834809e-05],
       [3.34372643e-02],
       [9.71846818e-01]]), 'errors': array([[-1.40047432e-03],
       [-2.95834809e-05],
       [-3.34372643e-02],
       [ 2.81531819e-02]])}]
Accuracy: 77.77777777777779 %

train_data group 2 length:  37
   0   1   2   3   4   5   6   7   8  ...  50  51  52  53  54  55  56  57  58
0   0   0   0   0   0   0   1   1   0 ...   1   0   1   0   1   0   1   0   0
1   0   0   0   0   0   0   1   1   0 ...   1   0   1   0   1   0   1   0   0
2   0   0   0   1   0   0   0   1   0 ...   0   1   0   1   1   0   1   0   1
3   0   0   0   0   0   0   1   1   0 ...   0   1   0   1   1   0   1   0   1
4   0   0   0   0   1   0   0   1   0 ...   1   0   1   0   0   1   1   0   2

[5 rows x 59 columns]
Initial Neural Network:
[{'weights': array([[ 0.007, -0.009,  0.004, -0.004,  0.007,  0.009, -0.009, -0.008,
        -0.001,  0.002,  0.005,  0.01 , -0.006, -0.001, -0.009,  0.01 ,
         0.004, -0.001,  0.005,  0.006, -0.002, -0.008,  0.005, -0.005,
         0.008, -0.002, -0.01 , -0.008,  0.009, -0.01 , -0.006, -0.004,
        -0.009,  0.001, -0.006,  0.004, -0.008,  0.01 , -0.007, -0.001,
        -0.002,  0.002,  0.001,  0.004,  0.009,  0.002,  0.007, -0.004,
         0.01 ,  0.005,  0.006,  0.008,  0.001,  0.   ,  0.002, -0.007,
        -0.006,  0.007,  0.009],
       [ 0.007, -0.008,  0.009,  0.005, -0.007, -0.008, -0.001, -0.008,
         0.008, -0.005, -0.001, -0.009,  0.008, -0.01 ,  0.003,  0.006,
        -0.007,  0.001,  0.006, -0.008,  0.005,  0.001,  0.002,  0.001,
        -0.003,  0.001,  0.007,  0.009,  0.007,  0.004,  0.009, -0.005,
        -0.006,  0.005,  0.007,  0.002,  0.003, -0.002, -0.003,  0.006,
         0.003,  0.007,  0.01 ,  0.   , -0.005, -0.002,  0.004,  0.01 ,
         0.005,  0.008,  0.004,  0.005, -0.001,  0.007,  0.   , -0.007,
         0.003,  0.009, -0.006],
       [ 0.005,  0.004, -0.006, -0.004, -0.005, -0.009,  0.   ,  0.006,
         0.004,  0.005,  0.001,  0.006,  0.002, -0.004, -0.004,  0.006,
         0.   ,  0.009,  0.002, -0.001, -0.001, -0.009,  0.004,  0.007,
        -0.008, -0.002,  0.007, -0.005, -0.01 ,  0.01 ,  0.009,  0.008,
         0.   , -0.01 , -0.009, -0.008, -0.007, -0.009,  0.005,  0.002,
         0.007, -0.003, -0.007,  0.003, -0.006,  0.002, -0.01 , -0.007,
        -0.008, -0.002, -0.008,  0.001,  0.005,  0.008, -0.01 , -0.01 ,
         0.004,  0.005,  0.005],
       [ 0.009, -0.006,  0.008, -0.002, -0.006, -0.004, -0.006, -0.004,
        -0.01 ,  0.005, -0.001,  0.005,  0.   , -0.001,  0.001,  0.002,
         0.004,  0.009, -0.003, -0.007,  0.004, -0.003,  0.004,  0.007,
         0.002, -0.007, -0.001,  0.009, -0.005, -0.003, -0.006,  0.   ,
        -0.008, -0.007,  0.005,  0.001,  0.007,  0.006, -0.001,  0.005,
         0.008, -0.006,  0.009, -0.007, -0.001, -0.006,  0.007, -0.003,
        -0.01 ,  0.008,  0.001,  0.007, -0.009, -0.009, -0.001, -0.006,
        -0.004,  0.   , -0.009],
       [ 0.009,  0.005, -0.006, -0.004, -0.002, -0.006,  0.009,  0.005,
        -0.01 ,  0.005,  0.007, -0.008, -0.001,  0.006, -0.001,  0.007,
        -0.005, -0.006, -0.003, -0.006, -0.01 ,  0.   ,  0.007, -0.006,
        -0.009, -0.009,  0.01 ,  0.003, -0.002,  0.008,  0.003,  0.002,
         0.007,  0.009,  0.001, -0.009, -0.004, -0.008,  0.001, -0.005,
         0.003, -0.006, -0.008,  0.009, -0.008,  0.003,  0.001,  0.002,
         0.003, -0.006, -0.006, -0.008, -0.01 , -0.003,  0.009, -0.006,
         0.007, -0.006,  0.01 ]]), 'deltas': array([[0.],
       [0.],
       [0.],
       [0.],
       [0.]]), 'outputs': array([[0.],
       [0.],
       [0.],
       [0.],
       [0.]]), 'errors': array([[0.],
       [0.],
       [0.],
       [0.],
       [0.]])}, {'weights': array([[-0.001, -0.007, -0.003, -0.01 , -0.009],
       [ 0.006, -0.005, -0.006, -0.007, -0.003],
       [ 0.003,  0.005, -0.009,  0.006, -0.003],
       [ 0.007,  0.009,  0.006, -0.005,  0.   ]]), 'deltas': array([[0.],
       [0.],
       [0.],
       [0.],
       [0.]]), 'outputs': array([[0.],
       [0.],
       [0.],
       [0.],
       [0.]]), 'errors': array([[0.],
       [0.],
       [0.],
       [0.],
       [0.]])}]
Training complete!
Training done. epoch: 148 , total error: 0.0009963812092093779
[{'weights': array([[ 3.19331577e-01,  4.67179448e-01,  5.96885327e-02,
        -1.47104200e-02, -1.14422305e-01, -5.25664281e-01,
        -2.47178794e-01, -1.03843498e+00,  9.68658741e-01,
        -7.73058494e-01,  1.75839543e-01,  5.53442708e-01,
         3.10382188e-01, -7.70246933e-02, -3.10133737e-01,
        -1.66878127e-01,  1.20101884e-01,  1.29746852e-02,
        -7.09611607e-02,  1.72274538e-01, -1.67064305e-01,
         4.12064232e-02,  5.69745418e-01, -3.08225187e-01,
        -3.63502897e-01,  4.03552038e-02, -1.13131447e-01,
        -1.78543009e-01,  1.18766766e-01, -6.69763104e-02,
        -9.12603688e-02,  7.74604363e-02, -2.35777513e-01,
         1.67001270e-01,  3.57336274e-01, -4.20112517e-01,
        -7.83058494e-01,  5.26988036e-01,  5.84883841e-01,
        -3.95589626e-01, -4.85768885e-01,  3.61488122e-03,
         1.19743625e+00, -7.71058494e-01,  3.42813384e-01,
        -3.92589626e-01, -4.87188456e-02, -9.05739728e-03,
        -2.34673546e-01,  1.88897303e-01,  7.20282251e-01,
        -7.67058494e-01,  7.15282251e-01, -7.75058494e-01,
        -1.16764812e+00,  1.10187188e+00, -5.91370441e-01,
         5.31594198e-01, -5.17762429e-02],
       [-9.47318300e-02,  5.75639293e-01,  4.24211582e-02,
        -8.52797365e-02, -1.33568950e-01, -2.32727274e-01,
        -3.42165682e-01, -9.60164137e-01,  6.92751115e-01,
        -7.05073292e-01,  2.18135647e-01,  2.04524622e-01,
        -2.99447768e-01,  3.05501988e-01, -2.72467242e-01,
        -4.38217112e-01,  1.69804090e-01, -4.04413184e-01,
        -1.28567719e-01,  1.65218626e-01,  1.04349255e-01,
        -1.49911543e-01,  4.59284262e-01, -2.71157924e-01,
        -3.04627817e-01, -2.05727845e-01, -5.36851768e-02,
        -4.37501436e-01,  1.86088414e-01,  4.30765837e-01,
        -4.49344684e-01, -2.40834175e-01, -8.80869080e-01,
         6.12456058e-01, -9.67718758e-02, -1.61641146e-01,
        -6.97073292e-01, -8.72637059e-03,  7.19294702e-01,
        -2.76908062e-01, -3.21300480e-01, -7.95659445e-01,
         1.56962020e+00, -7.00073292e-01,  1.04950398e-02,
        -2.84908062e-01,  2.53345309e-01, -5.06758331e-01,
        -2.36524441e-01, -1.78885810e-02,  4.36660270e-01,
        -6.95073292e-01,  4.31660270e-01, -6.93073292e-01,
        -9.82981354e-01,  7.08568332e-01, -8.58249210e-01,
         6.02836188e-01, -2.73413022e-01],
       [-4.09995496e-03,  5.52672958e-01,  4.23397216e-03,
        -1.01548585e-01, -2.60412304e-02, -2.66924972e-01,
        -3.68605653e-01, -8.96135659e-01,  7.10822194e-01,
        -7.07471779e-01,  2.11160386e-01,  3.12997927e-01,
        -1.13469738e-01,  1.95941231e-01, -2.83784959e-01,
        -4.22661486e-01,  2.33348021e-01, -1.60054671e-01,
        -2.84288428e-01,  1.74661794e-01,  8.33678402e-02,
        -1.52631493e-01,  5.46190493e-01, -2.70019144e-01,
        -3.24853321e-01, -1.14187344e-01, -7.61261210e-02,
        -5.22101532e-01,  3.11788067e-01,  3.52479378e-01,
        -4.66900022e-01, -5.38928209e-02, -7.56820077e-01,
         5.51506611e-01, -7.50805737e-02, -1.37232892e-01,
        -7.19471779e-01,  1.55067485e-01,  6.86371201e-01,
        -3.26280373e-01, -3.42559808e-01, -5.99924150e-01,
         1.45664227e+00, -7.09471779e-01,  1.26966907e-01,
        -3.26280373e-01,  1.72013573e-01, -3.84327039e-01,
        -3.08303126e-01,  1.02989660e-01,  5.09158313e-01,
        -7.11471779e-01,  5.22158313e-01, -7.04471779e-01,
        -1.05075215e+00,  8.35438686e-01, -5.99812414e-01,
         4.13498949e-01, -1.90313465e-01],
       [ 1.26845041e-01,  4.95079109e-01,  5.41626226e-02,
         1.16803617e-01,  9.39213211e-02, -3.64320010e-01,
        -4.43015654e-01, -7.22072331e-01,  7.94548377e-01,
        -8.42508388e-01,  1.86503022e-01,  7.51481412e-01,
         7.59458588e-03,  3.94511098e-01, -3.15629638e-01,
         5.82876773e-02,  3.41883686e-02, -2.17763942e-01,
        -3.92620406e-01,  3.95122728e-01,  3.04737665e-01,
         3.27189754e-01,  4.99476014e-01, -3.17794060e-01,
        -4.12395663e-01, -3.63088389e-02,  1.14784885e-01,
        -9.47653663e-02,  1.85241412e-01, -1.19473894e-01,
         5.68879578e-02,  1.40061982e-01, -5.11332221e-01,
         5.82808267e-01,  4.20635127e-01, -3.28159081e-01,
        -8.40508388e-01,  2.41322938e-01,  6.27717331e-01,
         7.49441652e-02, -1.66818746e-01, -2.05077418e-01,
         1.31688060e+00, -8.54508388e-01,  1.55318807e-02,
         6.39441652e-02, -3.93701971e-02,  1.29846243e-01,
        -2.02285481e-02,  1.04704594e-01,  9.34984434e-01,
        -8.40508388e-01,  9.24984434e-01, -8.56508388e-01,
        -7.78564223e-01,  8.58040269e-01, -4.24951873e-01,
         5.07427919e-01,  7.74760459e-02],
       [ 9.00000000e-03,  5.00000000e-03, -6.00000000e-03,
        -4.00000000e-03, -2.00000000e-03, -6.00000000e-03,
         9.00000000e-03,  5.00000000e-03, -1.00000000e-02,
         5.00000000e-03,  7.00000000e-03, -8.00000000e-03,
        -1.00000000e-03,  6.00000000e-03, -1.00000000e-03,
         7.00000000e-03, -5.00000000e-03, -6.00000000e-03,
        -3.00000000e-03, -6.00000000e-03, -1.00000000e-02,
         0.00000000e+00,  7.00000000e-03, -6.00000000e-03,
        -9.00000000e-03, -9.00000000e-03,  1.00000000e-02,
         3.00000000e-03, -2.00000000e-03,  8.00000000e-03,
         3.00000000e-03,  2.00000000e-03,  7.00000000e-03,
         9.00000000e-03,  1.00000000e-03, -9.00000000e-03,
        -4.00000000e-03, -8.00000000e-03,  1.00000000e-03,
        -5.00000000e-03,  3.00000000e-03, -6.00000000e-03,
        -8.00000000e-03,  9.00000000e-03, -8.00000000e-03,
         3.00000000e-03,  1.00000000e-03,  2.00000000e-03,
         3.00000000e-03, -6.00000000e-03, -6.00000000e-03,
        -8.00000000e-03, -1.00000000e-02, -3.00000000e-03,
         9.00000000e-03, -6.00000000e-03,  7.00000000e-03,
        -6.00000000e-03,  1.00000000e-02]]), 'deltas': array([[3.05865661e-06],
       [3.95779141e-05],
       [2.51943797e-05],
       [6.85326215e-07],
       [0.00000000e+00]]), 'outputs': array([[0.99954308],
       [0.99405504],
       [0.99622382],
       [0.99989766],
       [1.        ]]), 'errors': 0.0066972047230570535}, {'weights': array([[-5.55227584, -2.1428379 , -4.27101809,  7.61432123, -2.29929805],
       [-6.19132325, -2.34049954, -2.43946789, -7.54355352,  2.64228641],
       [ 8.38960225, -5.61033846, -2.90611008,  0.61866537, -3.94252698],
       [-0.30032253,  5.53438416,  3.73917049,  0.85027678, -6.3283671 ]]), 'deltas': array([[-1.76926628e-06],
       [-1.72379677e-14],
       [-9.99178757e-04],
       [ 9.28961060e-04]]), 'outputs': array([[1.33102380e-03],
       [1.31293450e-07],
       [3.21301773e-02],
       [9.69038047e-01]]), 'errors': array([[-1.33102380e-03],
       [-1.31293450e-07],
       [-3.21301773e-02],
       [ 3.09619525e-02]])}]
Accuracy: 100.0 %

train_data group 3 length:  38
   0   1   2   3   4   5   6   7   8  ...  50  51  52  53  54  55  56  57  58
0   0   0   0   0   0   0   1   1   0 ...   1   0   1   0   1   0   1   0   0
1   0   0   0   0   0   0   1   1   0 ...   1   0   1   0   1   0   1   0   0
2   0   0   0   1   0   0   0   1   0 ...   0   1   0   1   1   0   1   0   1
3   0   0   0   0   0   0   1   1   0 ...   0   1   0   1   1   0   1   0   1
4   0   0   0   0   1   0   0   1   0 ...   1   0   1   0   0   1   1   0   2

[5 rows x 59 columns]
Initial Neural Network:
[{'weights': array([[-0.006,  0.001, -0.008,  0.008, -0.006,  0.008, -0.008,  0.005,
        -0.002, -0.007,  0.001,  0.008,  0.007, -0.007,  0.003,  0.005,
        -0.009, -0.001,  0.002, -0.009,  0.002,  0.001, -0.006,  0.004,
        -0.001,  0.008, -0.005,  0.001, -0.01 , -0.003, -0.007, -0.003,
         0.001, -0.001,  0.001, -0.008, -0.004, -0.002,  0.009,  0.001,
         0.001,  0.004,  0.01 , -0.003, -0.001,  0.006,  0.009,  0.01 ,
         0.002,  0.002, -0.009,  0.   , -0.004,  0.003, -0.002, -0.007,
         0.008,  0.007, -0.007],
       [-0.007,  0.001, -0.009,  0.004, -0.008, -0.002, -0.003,  0.008,
        -0.002,  0.006,  0.008,  0.004,  0.01 ,  0.007, -0.009,  0.002,
        -0.008, -0.003,  0.008,  0.002,  0.009, -0.005, -0.008, -0.002,
        -0.007,  0.   , -0.007,  0.   , -0.009,  0.009,  0.008, -0.008,
        -0.008, -0.009,  0.004, -0.008,  0.001, -0.005, -0.009,  0.   ,
        -0.003,  0.01 , -0.003, -0.009, -0.002, -0.009,  0.008,  0.006,
         0.008,  0.01 , -0.001,  0.003, -0.007,  0.009,  0.009,  0.003,
         0.002,  0.001, -0.007],
       [ 0.004,  0.002,  0.009,  0.   , -0.006,  0.007,  0.   ,  0.004,
         0.002, -0.01 ,  0.008,  0.006, -0.008, -0.009,  0.009, -0.003,
        -0.006, -0.005, -0.007,  0.006,  0.001, -0.008,  0.004,  0.006,
         0.   , -0.004,  0.01 ,  0.01 ,  0.004, -0.008, -0.009,  0.009,
         0.001,  0.002, -0.003, -0.009,  0.009, -0.006, -0.005,  0.004,
         0.002, -0.004,  0.002,  0.002,  0.01 ,  0.004, -0.002,  0.01 ,
         0.   , -0.009, -0.001, -0.005, -0.006, -0.001,  0.006,  0.01 ,
         0.01 ,  0.006,  0.001],
       [ 0.004,  0.002,  0.004,  0.001,  0.001,  0.007, -0.003,  0.003,
         0.001,  0.01 ,  0.005,  0.001, -0.001, -0.01 , -0.002, -0.004,
         0.001, -0.002,  0.002,  0.   ,  0.002,  0.002,  0.001,  0.004,
        -0.009, -0.008,  0.003,  0.006, -0.01 ,  0.006,  0.009,  0.008,
        -0.007, -0.007,  0.003,  0.   , -0.001, -0.002, -0.01 ,  0.005,
         0.005,  0.004,  0.003,  0.008,  0.   ,  0.001,  0.01 , -0.003,
         0.004,  0.006,  0.008, -0.007, -0.008,  0.006,  0.006,  0.   ,
         0.005,  0.007,  0.01 ],
       [-0.006,  0.007,  0.008, -0.005, -0.009, -0.008,  0.   , -0.003,
        -0.006,  0.003, -0.007, -0.009,  0.004, -0.01 ,  0.004, -0.005,
         0.004, -0.007,  0.005,  0.006, -0.002, -0.001, -0.01 , -0.009,
        -0.001,  0.001,  0.005,  0.002, -0.001,  0.003,  0.002, -0.01 ,
        -0.008,  0.008, -0.01 ,  0.009,  0.004, -0.002,  0.01 ,  0.006,
         0.001,  0.009, -0.002, -0.006,  0.006,  0.002,  0.008, -0.003,
        -0.005,  0.009, -0.004,  0.008,  0.   ,  0.008,  0.007, -0.01 ,
         0.002,  0.008, -0.008]]), 'deltas': array([[0.],
       [0.],
       [0.],
       [0.],
       [0.]]), 'outputs': array([[0.],
       [0.],
       [0.],
       [0.],
       [0.]]), 'errors': array([[0.],
       [0.],
       [0.],
       [0.],
       [0.]])}, {'weights': array([[ 0.01 , -0.004,  0.007,  0.005,  0.01 ],
       [-0.01 , -0.001, -0.002,  0.008,  0.004],
       [ 0.005,  0.003,  0.001, -0.004,  0.001],
       [ 0.   , -0.008,  0.007,  0.007, -0.01 ]]), 'deltas': array([[0.],
       [0.],
       [0.],
       [0.],
       [0.]]), 'outputs': array([[0.],
       [0.],
       [0.],
       [0.],
       [0.]]), 'errors': array([[0.],
       [0.],
       [0.],
       [0.],
       [0.]])}]
Training complete!
Training done. epoch: 106 , total error: 0.0005127339707994688
[{'weights': array([[-1.65014396e-01,  4.44636718e-01,  6.71038099e-02,
        -2.46095484e-02,  3.58374949e-02, -2.61134766e-01,
        -1.06931233e-01, -5.48123312e-01,  5.52011393e-01,
         1.31823121e-01,  2.19335484e-01, -3.48270525e-01,
        -4.20619550e-01,  5.97128346e-02,  3.64794796e-01,
        -1.51818641e-01,  1.48706722e-01, -4.48026842e-01,
        -1.33095740e-01,  3.01912343e-01,  2.74098320e-01,
        -3.62377691e-01,  1.13408148e-01,  4.07199651e-01,
        -1.59342027e-01, -2.54419820e-01,  2.58307900e-01,
        -1.38280708e-01,  1.30168788e-01,  1.98760472e-01,
         3.91508639e-02, -2.50023256e-01, -8.04639882e-01,
         8.05527962e-01,  2.07833356e-01, -2.13945275e-01,
         1.34823121e-01,  2.24264886e-02,  6.43488851e-01,
        -7.95850380e-01, -3.41499549e-01, -1.37664954e+00,
         1.59521404e+00,  1.35823121e-01,  7.96738460e-01,
        -7.90850380e-01,  8.85487268e-01, -8.65599187e-01,
        -1.16884575e-01,  1.21772656e-01, -1.46935041e-01,
         1.38823121e-01, -1.41935041e-01,  1.41823121e-01,
        -6.60027259e-01,  6.51915339e-01, -8.45909795e-01,
         8.61797875e-01, -6.11191947e-03],
       [ 1.43472632e-03,  4.11618658e-01,  8.51247173e-02,
         4.65681824e-02, -1.55937772e-01, -2.53817344e-01,
        -5.72387995e-02, -5.90272487e-01,  6.98024856e-01,
         2.77395814e-01,  2.13961542e-01, -3.71604987e-01,
        -1.08270939e-01, -2.46597258e-01,  4.64620566e-01,
        -1.28614805e-01,  2.24367174e-01, -5.18320907e-01,
        -1.18543661e-02,  3.75959476e-01,  2.71968166e-01,
        -4.40868387e-01,  1.64368336e-01,  5.18445434e-01,
        -1.62193015e-01, -1.35917123e-01,  2.30669492e-01,
        -2.15359593e-01,  3.08111962e-01,  2.69635736e-01,
         1.34571281e-01, -2.93454648e-01, -4.05427552e-01,
         4.90179922e-01,  3.47786473e-01, -2.50034104e-01,
         2.72395814e-01,  2.36088933e-01,  5.86204971e-01,
        -1.00593735e+00, -4.63498707e-01, -1.12461848e+00,
         1.42247375e+00,  2.62395814e-01,  1.10568972e+00,
        -1.01493735e+00,  9.65164264e-01, -8.49411894e-01,
        -1.98409602e-01,  3.18161971e-01, -1.70643445e-01,
         2.74395814e-01, -1.76643445e-01,  2.80395814e-01,
        -7.25541535e-01,  8.39293904e-01, -5.79803662e-01,
         6.84556031e-01,  9.47523692e-02],
       [-1.05569822e-01,  4.49796403e-01,  8.41592518e-02,
         2.32704821e-02, -6.60419994e-02, -3.50333817e-01,
        -1.42902046e-01, -7.28612563e-01,  6.10991015e-01,
        -8.10937114e-02,  2.25485530e-01, -2.64013366e-01,
        -3.75312826e-01,  1.92018001e-02,  2.24489479e-01,
        -2.67447454e-01,  1.34825906e-01, -5.49951629e-01,
        -6.51059668e-02,  3.37289509e-01,  1.49146539e-01,
        -3.62408731e-01,  2.00538387e-01,  2.95757826e-01,
        -2.55509029e-01, -3.85654899e-01,  2.68033352e-01,
        -2.28206252e-01,  1.18584704e-01,  1.97722715e-01,
         9.50663841e-04, -3.30294926e-01, -7.64434364e-01,
         6.43812817e-01,  8.76958010e-02, -2.23317348e-01,
        -6.20937114e-02,  8.85673789e-02,  6.31221673e-01,
        -7.79316888e-01, -3.36234314e-01, -1.32160883e+00,
         1.60531531e+00, -6.90937114e-02,  6.69695340e-01,
        -7.79316888e-01,  6.77608608e-01, -7.93230156e-01,
        -2.63872742e-01,  1.31251195e-01, -5.35278360e-02,
        -7.60937114e-02, -5.85278360e-02, -7.20937114e-02,
        -8.48410599e-01,  7.40789052e-01, -9.67477315e-01,
         8.59855767e-01, -1.22621547e-01],
       [ 1.98479906e-01,  3.84289637e-01,  1.73870006e-01,
        -1.88151331e-01, -9.86753964e-02, -3.23063611e-01,
        -1.55353105e-01, -9.41106658e-01,  9.20502764e-01,
        -7.95024393e-02,  1.96691817e-01, -1.25793272e-01,
         3.21723590e-01, -1.15922685e+00,  7.99899363e-01,
         4.50898453e-01, -4.78502346e-01, -2.48256696e-01,
        -2.17973531e-02,  3.41773921e-01, -9.43237653e-02,
        -4.82565689e-01,  4.53699284e-01,  5.74087345e-01,
        -5.71824834e-01, -4.68404276e-01,  4.38800382e-01,
         4.74568117e-02, -7.60607053e-02, -1.88936677e-01,
         5.09947489e-01, -3.22614706e-01,  8.40780072e-02,
        -1.22681901e-01,  1.53270700e-01, -1.74874594e-01,
        -9.05024393e-02,  6.02561967e-01,  5.62246002e-01,
        -1.10690942e+00, -4.94073568e-01, -7.08091050e-01,
         1.27906316e+00, -8.15024393e-02,  1.08730553e+00,
        -1.11090942e+00,  5.19250214e-01, -5.36854108e-01,
        -5.08661735e-01,  4.94057841e-01,  7.28985457e-02,
        -9.65024393e-02,  5.68985457e-02, -8.35024393e-02,
        -1.19541186e+00,  1.17680797e+00, -7.37362816e-01,
         7.24758923e-01, -1.46038936e-02],
       [-6.00000000e-03,  7.00000000e-03,  8.00000000e-03,
        -5.00000000e-03, -9.00000000e-03, -8.00000000e-03,
         0.00000000e+00, -3.00000000e-03, -6.00000000e-03,
         3.00000000e-03, -7.00000000e-03, -9.00000000e-03,
         4.00000000e-03, -1.00000000e-02,  4.00000000e-03,
        -5.00000000e-03,  4.00000000e-03, -7.00000000e-03,
         5.00000000e-03,  6.00000000e-03, -2.00000000e-03,
        -1.00000000e-03, -1.00000000e-02, -9.00000000e-03,
        -1.00000000e-03,  1.00000000e-03,  5.00000000e-03,
         2.00000000e-03, -1.00000000e-03,  3.00000000e-03,
         2.00000000e-03, -1.00000000e-02, -8.00000000e-03,
         8.00000000e-03, -1.00000000e-02,  9.00000000e-03,
         4.00000000e-03, -2.00000000e-03,  1.00000000e-02,
         6.00000000e-03,  1.00000000e-03,  9.00000000e-03,
        -2.00000000e-03, -6.00000000e-03,  6.00000000e-03,
         2.00000000e-03,  8.00000000e-03, -3.00000000e-03,
        -5.00000000e-03,  9.00000000e-03, -4.00000000e-03,
         8.00000000e-03,  0.00000000e+00,  8.00000000e-03,
         7.00000000e-03, -1.00000000e-02,  2.00000000e-03,
         8.00000000e-03, -8.00000000e-03]]), 'deltas': array([[-1.15132522e-05],
       [-3.70028554e-05],
       [-9.73001770e-06],
       [-3.10373290e-06],
       [-0.00000000e+00]]), 'outputs': array([[0.08467901],
       [0.47012162],
       [0.0704695 ],
       [0.97864949],
       [1.        ]]), 'errors': -0.00014854184540660374}, {'weights': array([[-3.05102038, -3.30830795, -2.88706051, -6.95248362,  2.79526503],
       [-0.79397498, -4.62003155, -1.31205088,  1.94834361, -3.68941852],
       [-4.91475497,  1.33956905, -3.46716967,  6.37821602, -2.50938451],
       [ 3.10038623,  0.91586522,  4.53534763,  1.40258367, -6.68451087]]), 'deltas': array([[-5.79219362e-06],
       [-2.54499826e-04],
       [ 5.67341445e-04],
       [-1.77235344e-04]]), 'outputs': array([[0.0024096 ],
       [0.0160829 ],
       [0.97588862],
       [0.0134031 ]]), 'errors': array([[-0.0024096 ],
       [-0.0160829 ],
       [ 0.02411138],
       [-0.0134031 ]])}]
Accuracy: 77.77777777777779 %

train_data group 4 length:  37
   0   1   2   3   4   5   6   7   8  ...  50  51  52  53  54  55  56  57  58
0   0   0   0   0   0   0   1   1   0 ...   1   0   1   0   1   0   1   0   0
1   0   0   0   0   0   0   1   1   0 ...   1   0   1   0   1   0   1   0   0
2   0   0   0   1   0   0   0   1   0 ...   0   1   0   1   1   0   1   0   1
3   0   0   0   0   0   0   1   1   0 ...   0   1   0   1   1   0   1   0   1
4   0   0   0   0   1   0   0   1   0 ...   1   0   1   0   0   1   1   0   2

[5 rows x 59 columns]
Initial Neural Network:
[{'weights': array([[ 0.008,  0.005,  0.007, -0.009, -0.004, -0.009, -0.002, -0.003,
        -0.003,  0.007, -0.002,  0.008, -0.002, -0.008, -0.01 , -0.009,
        -0.002,  0.003,  0.005,  0.004,  0.006,  0.003,  0.007,  0.004,
        -0.009,  0.007, -0.004,  0.009,  0.007,  0.01 , -0.004,  0.01 ,
         0.002,  0.002,  0.01 ,  0.   , -0.008,  0.005,  0.005, -0.005,
        -0.001,  0.008, -0.008,  0.   , -0.01 , -0.001, -0.009,  0.006,
        -0.001, -0.003, -0.001,  0.01 ,  0.008, -0.002, -0.01 ,  0.   ,
         0.003,  0.002,  0.003],
       [-0.005, -0.009, -0.009,  0.007, -0.01 , -0.008, -0.002, -0.003,
         0.005,  0.007,  0.002,  0.001, -0.002,  0.008,  0.003,  0.003,
         0.   ,  0.004,  0.005,  0.001, -0.009, -0.006, -0.004, -0.002,
        -0.001,  0.007, -0.003,  0.004,  0.007, -0.005, -0.004,  0.002,
         0.008, -0.009, -0.009, -0.005,  0.01 , -0.005, -0.006,  0.   ,
         0.004, -0.008, -0.005,  0.002, -0.004,  0.007,  0.004, -0.005,
         0.001, -0.003,  0.009,  0.   , -0.005, -0.005,  0.001, -0.003,
         0.005,  0.01 , -0.001],
       [-0.006,  0.001, -0.001, -0.002,  0.003,  0.002, -0.001, -0.007,
         0.006, -0.007,  0.008, -0.002, -0.003,  0.008,  0.009, -0.008,
        -0.005,  0.004, -0.005,  0.009, -0.007, -0.004,  0.005,  0.005,
         0.003, -0.01 ,  0.009,  0.008,  0.006,  0.008,  0.001,  0.001,
         0.001, -0.004,  0.007, -0.002, -0.002, -0.007, -0.004, -0.009,
         0.008,  0.003,  0.004,  0.   , -0.007,  0.007,  0.002,  0.007,
         0.005,  0.001,  0.001, -0.007, -0.002,  0.002, -0.004,  0.004,
         0.01 , -0.006, -0.001],
       [ 0.006, -0.006, -0.009,  0.   ,  0.002,  0.001,  0.003, -0.003,
         0.009,  0.004, -0.006, -0.004,  0.003, -0.01 ,  0.005, -0.007,
        -0.001,  0.003,  0.006,  0.   ,  0.001, -0.008, -0.005,  0.008,
        -0.009,  0.002,  0.006, -0.007, -0.009,  0.009,  0.007, -0.007,
        -0.001,  0.001,  0.01 ,  0.01 , -0.006, -0.01 , -0.01 , -0.006,
        -0.001,  0.002, -0.001, -0.001, -0.001, -0.005, -0.002,  0.004,
         0.004,  0.001, -0.007,  0.009,  0.002, -0.01 , -0.004,  0.006,
        -0.007,  0.003, -0.005],
       [-0.009,  0.006,  0.003, -0.005,  0.009, -0.006,  0.007,  0.002,
        -0.002,  0.01 , -0.007, -0.002,  0.002,  0.007,  0.003, -0.007,
        -0.002,  0.008,  0.004, -0.008,  0.004,  0.   , -0.009, -0.005,
        -0.007, -0.002, -0.006, -0.009,  0.003,  0.004,  0.008, -0.007,
         0.005,  0.01 ,  0.   , -0.002,  0.003, -0.009,  0.005, -0.008,
         0.006,  0.007,  0.001, -0.002,  0.007,  0.   , -0.003,  0.002,
        -0.006,  0.003, -0.009,  0.006, -0.003, -0.003, -0.006,  0.003,
         0.006, -0.005,  0.005]]), 'deltas': array([[0.],
       [0.],
       [0.],
       [0.],
       [0.]]), 'outputs': array([[0.],
       [0.],
       [0.],
       [0.],
       [0.]]), 'errors': array([[0.],
       [0.],
       [0.],
       [0.],
       [0.]])}, {'weights': array([[ 0.   ,  0.002,  0.004, -0.005, -0.006],
       [-0.008, -0.007, -0.007,  0.006, -0.008],
       [-0.001,  0.005, -0.008,  0.01 ,  0.006],
       [-0.005,  0.001, -0.002,  0.003,  0.002]]), 'deltas': array([[0.],
       [0.],
       [0.],
       [0.],
       [0.]]), 'outputs': array([[0.],
       [0.],
       [0.],
       [0.],
       [0.]]), 'errors': array([[0.],
       [0.],
       [0.],
       [0.],
       [0.]])}]
Training complete!
Training done. epoch: 170 , total error: 0.0009272228747841482
[{'weights': array([[-2.12366584e-02,  3.45731595e-01,  1.82956219e-02,
         4.60706648e-01, -4.26134704e-01, -2.78982699e-01,
        -2.40964599e-01, -7.10851978e-01,  5.66267182e-01,
        -5.62607204e-01,  2.75746896e-01,  1.61275512e-01,
         8.83355305e-02,  9.87078456e-02, -3.45628172e-01,
        -5.93811343e-01,  4.44226548e-01,  8.09234381e-02,
        -4.83501287e-01,  2.63604715e-01,  1.83883388e-02,
        -4.31619649e-01,  7.43283979e-01, -3.35818343e-01,
        -1.09430782e-01,  1.13009804e-01, -2.48594600e-01,
         1.64726751e-01, -2.87311547e-01,  4.58934498e-02,
         5.52852096e-02, -2.23763455e-01, -1.17762983e-01,
        -1.68218131e-02, -2.52595411e-01,  1.24010615e-01,
        -5.77607204e-01,  3.93204433e-01,  5.93562843e-01,
        -5.50744868e-01, -1.94548402e-01, -6.43711057e-01,
         1.26828187e+00, -5.69607204e-01,  3.97160072e-01,
        -5.46744868e-01,  2.10412758e-01, -3.51997554e-01,
        -4.56585608e-01,  3.14000812e-01,  4.30022409e-01,
        -5.59607204e-01,  4.39022409e-01, -5.71607204e-01,
        -1.12535207e+00,  9.76767276e-01, -1.41186666e+00,
         1.27828187e+00, -1.35584796e-01],
       [ 4.65333711e-02,  3.56716549e-01, -7.09302849e-02,
         2.55789583e-01, -3.72954009e-01, -2.68423080e-01,
        -2.16811651e-01, -8.52159069e-01,  6.20079547e-01,
        -5.38116764e-01,  2.99482698e-01,  1.45545443e-02,
        -1.39889498e-01,  2.22631518e-01, -3.07821542e-01,
        -5.44105589e-01,  3.13026067e-01,  1.17168377e-02,
        -2.70342732e-01,  9.05582948e-02, -6.50119224e-02,
        -4.18969798e-01,  5.79335348e-01, -3.18127275e-01,
        -8.93177965e-02, -1.50288983e-01, -7.97905392e-02,
        -4.14054704e-02, -1.81674052e-01,  7.53730450e-02,
        -1.27757981e-01, -1.88694586e-01, -4.23109149e-01,
         1.88029627e-01, -2.01297497e-01, -4.67820248e-02,
        -5.35116764e-01,  1.88860403e-01,  6.19070009e-01,
        -5.07893170e-01, -1.77264729e-01, -8.91206565e-01,
         1.37050854e+00, -5.43116764e-01,  2.69813648e-01,
        -5.00893170e-01,  3.04480967e-01, -5.39560489e-01,
        -2.45495570e-01,  9.41604757e-03,  3.20037242e-01,
        -5.45116764e-01,  3.06037242e-01, -5.50116764e-01,
        -1.05200993e+00,  8.15930413e-01, -1.60458806e+00,
         1.38550854e+00, -2.35079522e-01],
       [ 5.65429044e-02,  3.64754248e-01, -6.42196530e-02,
         2.24861433e-01, -3.53754995e-01, -2.57866393e-01,
        -2.13070819e-01, -8.69891033e-01,  6.30137759e-01,
        -5.47805918e-01,  3.05432833e-01,  2.61981159e-03,
        -1.54622683e-01,  2.29648182e-01, -2.99778773e-01,
        -5.41926166e-01,  2.90172893e-01,  1.50200332e-02,
        -2.75503228e-01,  8.77916253e-02, -6.50617044e-02,
        -4.15316444e-01,  5.78035190e-01, -3.08171522e-01,
        -8.43004975e-02, -1.70467038e-01, -6.92862356e-02,
        -5.13961824e-02, -1.73357091e-01,  9.19965808e-02,
        -1.30617280e-01, -1.90132575e-01, -4.48904507e-01,
         2.07151233e-01, -1.73033554e-01, -6.07197200e-02,
        -5.42805918e-01,  1.76199130e-01,  6.19412931e-01,
        -5.13559416e-01, -1.72249804e-01, -8.91790203e-01,
         1.38109265e+00, -5.40805918e-01,  2.58806142e-01,
        -4.97559416e-01,  3.08771792e-01, -5.38525066e-01,
        -2.19981648e-01, -1.27716259e-02,  3.03052645e-01,
        -5.47805918e-01,  3.00052645e-01, -5.38805918e-01,
        -1.04936533e+00,  8.10612060e-01, -1.60584593e+00,
         1.37109265e+00, -2.39753274e-01],
       [ 5.81653087e-02,  3.57767621e-01, -7.96725060e-02,
         2.60426821e-01, -3.61463902e-01, -2.59159805e-01,
        -2.12241113e-01, -8.40458909e-01,  6.13281333e-01,
        -5.40650418e-01,  2.93114690e-01,  8.35815175e-03,
        -1.38283468e-01,  2.10463288e-01, -3.07357397e-01,
        -5.58219201e-01,  3.17041625e-01,  3.90881193e-03,
        -2.62531594e-01,  8.23670235e-02, -4.69218174e-02,
        -4.17849321e-01,  5.75490140e-01, -3.09511691e-01,
        -9.53067043e-02, -1.64359581e-01, -6.08179953e-02,
        -5.33478979e-02, -1.95829678e-01,  8.83538263e-02,
        -1.10619168e-01, -2.01912234e-01, -4.32539518e-01,
         1.99361942e-01, -1.87150901e-01, -2.60266758e-02,
        -5.50650418e-01,  1.82052948e-01,  6.13970927e-01,
        -5.10551034e-01, -1.79490811e-01, -8.83154004e-01,
         1.37411766e+00, -5.45650418e-01,  2.70373457e-01,
        -5.09551034e-01,  3.00603823e-01, -5.31781399e-01,
        -2.41587398e-01,  1.34098220e-02,  3.04472842e-01,
        -5.35650418e-01,  3.13472842e-01, -5.54650418e-01,
        -1.05320145e+00,  8.22023876e-01, -1.61529523e+00,
         1.37811766e+00, -2.38177576e-01],
       [-9.00000000e-03,  6.00000000e-03,  3.00000000e-03,
        -5.00000000e-03,  9.00000000e-03, -6.00000000e-03,
         7.00000000e-03,  2.00000000e-03, -2.00000000e-03,
         1.00000000e-02, -7.00000000e-03, -2.00000000e-03,
         2.00000000e-03,  7.00000000e-03,  3.00000000e-03,
        -7.00000000e-03, -2.00000000e-03,  8.00000000e-03,
         4.00000000e-03, -8.00000000e-03,  4.00000000e-03,
         0.00000000e+00, -9.00000000e-03, -5.00000000e-03,
        -7.00000000e-03, -2.00000000e-03, -6.00000000e-03,
        -9.00000000e-03,  3.00000000e-03,  4.00000000e-03,
         8.00000000e-03, -7.00000000e-03,  5.00000000e-03,
         1.00000000e-02,  0.00000000e+00, -2.00000000e-03,
         3.00000000e-03, -9.00000000e-03,  5.00000000e-03,
        -8.00000000e-03,  6.00000000e-03,  7.00000000e-03,
         1.00000000e-03, -2.00000000e-03,  7.00000000e-03,
         0.00000000e+00, -3.00000000e-03,  2.00000000e-03,
        -6.00000000e-03,  3.00000000e-03, -9.00000000e-03,
         6.00000000e-03, -3.00000000e-03, -3.00000000e-03,
        -6.00000000e-03,  3.00000000e-03,  6.00000000e-03,
        -5.00000000e-03,  5.00000000e-03]]), 'deltas': array([[2.53311693e-05],
       [3.22370003e-05],
       [3.12468954e-05],
       [3.22476472e-05],
       [0.00000000e+00]]), 'outputs': array([[0.99576333],
       [0.99460202],
       [0.99476869],
       [0.99460023],
       [1.        ]]), 'errors': 0.006004465188538205}, {'weights': array([[-4.74756155, -2.76396693, -2.66155932, -2.79150916,  0.05277407],
       [-4.96532705, -2.83370214, -2.75236509, -2.82634282, -0.04786305],
       [12.77619854, -4.33904404, -5.1444086 , -4.29818139, -2.21548519],
       [ 1.79635666,  2.52056684,  2.58470202,  2.53856427, -5.35701809]]), 'deltas': array([[-6.92701287e-12],
       [-2.48880244e-12],
       [-1.49029230e-03],
       [ 2.97771751e-04]]), 'outputs': array([[2.63192536e-06],
       [1.57759512e-06],
       [3.93877959e-02],
       [9.82591747e-01]]), 'errors': array([[-2.63192536e-06],
       [-1.57759512e-06],
       [-3.93877959e-02],
       [ 1.74082531e-02]])}]
Accuracy: 70.0 %

Feedforward Neural Network AVG Accuracy (%): 85.11111111111111 %
