Namespace(error_threshold=0.001, max_epochs=1000, num_layers=2, num_nodes_per_hidden_layer=4, training_rate=0.5)

train_data group 0 length:  38
   0   1   2   3   4   5   6   7   8  ...  50  51  52  53  54  55  56  57  58
0   0   0   0   0   1   0   0   1   0 ...   1   0   1   0   1   0   1   0   0
1   0   0   0   0   0   0   1   1   0 ...   1   0   1   0   1   0   1   0   0
2   0   0   0   0   0   1   0   1   0 ...   0   1   0   1   1   0   1   0   1
3   0   0   0   0   1   0   0   1   0 ...   0   1   0   1   1   0   1   0   1
4   1   0   0   0   0   0   0   0   1 ...   1   0   1   0   0   1   1   0   2

[5 rows x 59 columns]
Initial Neural Network:
[{'weights': array([[ 0.007,  0.009, -0.01 ,  0.   ,  0.01 , -0.009, -0.009,  0.008,
        -0.005,  0.001, -0.009,  0.005,  0.002, -0.004,  0.   , -0.01 ,
         0.   ,  0.007, -0.008, -0.005,  0.009,  0.001,  0.008, -0.001,
        -0.005, -0.007, -0.008,  0.005, -0.004,  0.001, -0.001, -0.01 ,
        -0.004, -0.008, -0.006,  0.01 ,  0.008,  0.009, -0.006, -0.007,
        -0.004,  0.004,  0.006, -0.01 ,  0.   , -0.004,  0.004,  0.006,
        -0.003,  0.004,  0.001, -0.01 , -0.01 ,  0.01 , -0.004, -0.005,
         0.005, -0.005,  0.006],
       [ 0.01 , -0.004, -0.002,  0.004, -0.001,  0.006,  0.002, -0.001,
         0.005,  0.002, -0.008,  0.003, -0.008,  0.01 , -0.002,  0.003,
        -0.001,  0.01 , -0.002,  0.003,  0.009, -0.008,  0.004,  0.005,
         0.004, -0.01 ,  0.01 , -0.008, -0.003,  0.002, -0.004, -0.003,
         0.004, -0.001, -0.005, -0.009, -0.009, -0.002, -0.006, -0.008,
        -0.006, -0.01 ,  0.007,  0.004,  0.004,  0.005,  0.003,  0.002,
        -0.005,  0.   ,  0.008,  0.009,  0.006,  0.007,  0.01 , -0.01 ,
         0.003,  0.009,  0.001],
       [ 0.009, -0.005,  0.002, -0.003,  0.006,  0.001,  0.008, -0.005,
         0.003, -0.006,  0.004, -0.003, -0.01 ,  0.003,  0.   ,  0.007,
         0.007,  0.004, -0.001, -0.003, -0.007, -0.001, -0.005, -0.006,
         0.01 , -0.007, -0.005, -0.008,  0.008,  0.006, -0.007, -0.005,
         0.01 , -0.002,  0.008,  0.007,  0.003,  0.009,  0.007,  0.008,
        -0.006, -0.001,  0.003,  0.   , -0.002, -0.002,  0.003,  0.006,
         0.003, -0.007, -0.01 ,  0.007,  0.007,  0.   , -0.01 , -0.005,
        -0.005,  0.007,  0.004],
       [-0.008, -0.005, -0.004, -0.005,  0.007, -0.003,  0.001,  0.001,
        -0.003, -0.002,  0.002,  0.002, -0.008,  0.005, -0.007,  0.003,
        -0.01 , -0.002,  0.006,  0.01 ,  0.001, -0.007,  0.006, -0.003,
        -0.005,  0.008,  0.006, -0.001, -0.007, -0.008,  0.008, -0.01 ,
        -0.001,  0.01 ,  0.002,  0.   , -0.008,  0.005, -0.002,  0.003,
         0.003, -0.001, -0.01 ,  0.006,  0.001,  0.   ,  0.   ,  0.007,
         0.005,  0.   ,  0.007, -0.002, -0.007,  0.003, -0.009, -0.003,
        -0.007, -0.01 ,  0.007],
       [-0.009, -0.005,  0.002, -0.003,  0.004, -0.009,  0.002,  0.009,
        -0.002, -0.009, -0.001, -0.006, -0.009,  0.005, -0.001, -0.003,
         0.008, -0.004,  0.008,  0.003, -0.007,  0.01 ,  0.004, -0.008,
        -0.01 , -0.009, -0.003,  0.005,  0.007, -0.001, -0.005,  0.003,
        -0.002, -0.004, -0.003,  0.005, -0.01 ,  0.   ,  0.004,  0.006,
         0.001, -0.01 , -0.009, -0.002, -0.008,  0.   ,  0.005, -0.005,
         0.008,  0.001, -0.004,  0.005,  0.009, -0.009,  0.003,  0.   ,
         0.01 ,  0.007, -0.009]]), 'deltas': array([[0.],
       [0.],
       [0.],
       [0.],
       [0.]]), 'outputs': array([[0.],
       [0.],
       [0.],
       [0.],
       [0.]]), 'errors': array([[0.],
       [0.],
       [0.],
       [0.],
       [0.]])}, {'weights': array([[ 0.003, -0.001, -0.004, -0.003, -0.008],
       [ 0.004,  0.008, -0.008, -0.008, -0.009],
       [-0.007,  0.008,  0.004,  0.01 ,  0.007],
       [ 0.005, -0.004, -0.008,  0.   ,  0.008]]), 'deltas': array([[0.],
       [0.],
       [0.],
       [0.],
       [0.]]), 'outputs': array([[0.],
       [0.],
       [0.],
       [0.],
       [0.]]), 'errors': array([[0.],
       [0.],
       [0.],
       [0.],
       [0.]])}]
Training complete!
Training done. epoch: 186 , total error: 0.0008412232494632128
[{'weights': array([[-8.10188479e-02,  3.51969043e-01, -1.84237387e-01,
         9.47862541e-01, -4.56229521e-02, -2.60415414e-01,
        -7.92795869e-01, -3.30908531e-01,  2.71649645e-01,
        -3.24076025e-01,  3.34123466e-01, -7.53063269e-02,
         2.15788882e-01, -6.08240611e-01,  3.28192844e-01,
        -1.20395699e+00,  1.13169811e+00,  1.59861968e-01,
        -1.92458400e-01,  2.90819669e-01, -3.17482123e-01,
        -6.80557699e-01,  7.61410535e-01,  1.17657183e-01,
        -2.57768904e-01,  4.40690564e-01, -5.17949450e-01,
        -9.40120583e-01,  8.78861697e-01,  3.59971672e-02,
        -1.75924198e-01,  6.76681455e-02, -3.72372716e-01,
         2.98113831e-01, -5.41494313e-01,  4.83235428e-01,
        -3.17076025e-01,  8.13739909e-01,  6.17775783e-01,
        -1.17269855e+00, -8.21463227e-01, -7.12608043e-01,
         1.80288841e+00, -3.35076025e-01,  1.10343967e+00,
        -1.16969855e+00,  7.03317748e-01, -7.55576633e-01,
        -4.22473996e-02, -1.90114860e-02,  2.63817139e-01,
        -3.35076025e-01,  2.52817139e-01, -3.15076025e-01,
        -1.49477458e+00,  1.42351569e+00,  3.61613307e-01,
        -4.23872192e-01, -5.62588856e-02],
       [-2.71785771e-01,  3.83139183e-01,  1.28716313e-01,
         3.92830033e-01, -2.78949301e-02, -9.81362093e-02,
        -6.22547259e-01, -5.76504207e-01,  4.49825567e-01,
        -1.89907551e-01,  3.02490590e-01, -2.46261679e-01,
        -2.44775185e-01, -1.87598057e-01,  3.01694602e-01,
        -7.11495997e-01,  5.82817356e-01, -4.53190641e-01,
         1.72303329e-01,  3.71107669e-02,  1.33097904e-01,
        -5.86868414e-01,  4.30441350e-01,  1.03869761e-01,
        -7.31213373e-02, -3.45672172e-01,  2.14993532e-01,
        -1.29784869e-01, -1.18937718e-02,  1.39369163e-01,
        -2.14941487e-02, -2.53553654e-01, -8.05535328e-01,
         6.77856687e-01, -1.43270630e-01, -1.40801030e-03,
        -2.00907551e-01,  2.24321315e-01,  6.82669370e-01,
        -8.61761775e-01, -5.75101686e-01, -1.10419542e+00,
         1.73152601e+00, -1.87907551e-01,  7.27083135e-01,
        -8.48761775e-01,  7.56992736e-01, -8.82671376e-01,
        -8.92802556e-02, -4.63983848e-02,  6.92289106e-02,
        -1.82907551e-01,  6.72289106e-02, -1.84907551e-01,
        -1.03566933e+00,  9.04990686e-01, -7.83964251e-01,
         6.65285611e-01, -1.29678640e-01],
       [-1.72697858e-01,  3.82109260e-01,  1.73092000e-01,
         2.35167218e-01, -1.82608558e-02, -1.39578727e-01,
        -5.67021577e-01, -7.18931164e-01,  5.91740625e-01,
        -2.16295780e-01,  3.12301870e-01, -2.26196629e-01,
        -2.66559135e-01, -1.06448248e-01,  2.40816845e-01,
        -5.05209596e-01,  3.94019057e-01, -4.60658453e-01,
         2.40923565e-01,  1.01360881e-01, -1.38165310e-02,
        -5.63057962e-01,  4.28558192e-01,  7.62037486e-02,
        -6.88945175e-02, -2.70159846e-01,  1.32969307e-01,
        -2.04091298e-01,  7.89007588e-02,  1.91000087e-01,
        -1.80386479e-01, -1.41804147e-01, -8.24159353e-01,
         7.06968814e-01,  2.37847057e-02, -1.33975245e-01,
        -2.07295780e-01,  2.11438673e-01,  6.98487428e-01,
        -8.00820860e-01, -5.35419849e-01, -1.11456036e+00,
         1.73108545e+00, -2.10295780e-01,  6.81630321e-01,
        -8.10820860e-01,  7.41027845e-01, -8.57218384e-01,
        -6.25868036e-02, -6.66037353e-02,  7.51052408e-02,
        -2.03295780e-01,  9.21052408e-02, -2.10295780e-01,
        -1.02911664e+00,  8.88926101e-01, -8.33216250e-01,
         7.10025711e-01, -1.21190539e-01],
       [-2.62215996e-01,  3.72842552e-01,  5.71383147e-02,
         6.67029251e-01, -2.69644926e-02,  4.01219934e-02,
        -5.96137564e-01, -1.19754804e-01,  3.86568862e-01,
         1.07262924e-01,  3.09670113e-01, -1.46118980e-01,
        -5.11504473e-02, -3.21572179e-01,  6.31536684e-01,
        -7.78780054e-01,  1.04059411e+00, -3.92108725e-01,
         3.32317361e-01,  1.90491780e-02,  3.24556244e-01,
        -6.24919285e-01,  5.76092292e-01,  2.79417826e-01,
         2.92232254e-02, -5.38693575e-02,  3.36683415e-01,
         8.88199637e-02,  1.71994094e-01,  1.54280234e-01,
         3.74251508e-01, -2.69717684e-01, -6.06221264e-01,
         8.84035322e-01, -1.37700354e-02,  2.84584093e-01,
         1.01262924e-01,  4.28828889e-01,  6.76656230e-01,
        -9.39933985e-01, -6.37350111e-01, -9.08805138e-01,
         1.69770638e+00,  1.15262924e-01,  1.21274804e+00,
        -9.42933985e-01,  1.03655063e+00, -7.60736569e-01,
         2.10376637e-01,  6.34374211e-02,  1.66551134e-01,
         1.07262924e-01,  1.52551134e-01,  1.12262924e-01,
        -8.42671061e-01,  1.09948512e+00, -2.93367348e-01,
         5.45181406e-01,  2.75814058e-01],
       [-9.00000000e-03, -5.00000000e-03,  2.00000000e-03,
        -3.00000000e-03,  4.00000000e-03, -9.00000000e-03,
         2.00000000e-03,  9.00000000e-03, -2.00000000e-03,
        -9.00000000e-03, -1.00000000e-03, -6.00000000e-03,
        -9.00000000e-03,  5.00000000e-03, -1.00000000e-03,
        -3.00000000e-03,  8.00000000e-03, -4.00000000e-03,
         8.00000000e-03,  3.00000000e-03, -7.00000000e-03,
         1.00000000e-02,  4.00000000e-03, -8.00000000e-03,
        -1.00000000e-02, -9.00000000e-03, -3.00000000e-03,
         5.00000000e-03,  7.00000000e-03, -1.00000000e-03,
        -5.00000000e-03,  3.00000000e-03, -2.00000000e-03,
        -4.00000000e-03, -3.00000000e-03,  5.00000000e-03,
        -1.00000000e-02,  0.00000000e+00,  4.00000000e-03,
         6.00000000e-03,  1.00000000e-03, -1.00000000e-02,
        -9.00000000e-03, -2.00000000e-03, -8.00000000e-03,
         0.00000000e+00,  5.00000000e-03, -5.00000000e-03,
         8.00000000e-03,  1.00000000e-03, -4.00000000e-03,
         5.00000000e-03,  9.00000000e-03, -9.00000000e-03,
         3.00000000e-03,  0.00000000e+00,  1.00000000e-02,
         7.00000000e-03, -9.00000000e-03]]), 'deltas': array([[1.20342178e-04],
       [1.87461407e-05],
       [1.06436634e-05],
       [9.52242473e-07],
       [0.00000000e+00]]), 'outputs': array([[0.97740716],
       [0.99654823],
       [0.99804309],
       [0.99982524],
       [1.        ]]), 'errors': 0.005449685502564796}, {'weights': array([[-9.09886111, -3.48353776, -3.15023543, -4.10681764,  1.75741879],
       [-0.42513162, -2.22409374, -5.12663975,  5.99023125, -2.76192569],
       [ 8.20349557, -3.64401529, -3.12683647, -5.45134158, -0.97473249],
       [ 0.69664449,  3.07924803,  3.75152154,  1.96264603, -6.25237753]]), 'deltas': array([[-3.08406054e-16],
       [-1.14552689e-04],
       [-3.24674340e-05],
       [ 1.47391292e-03]]), 'outputs': array([[1.75614936e-08],
       [1.07609850e-02],
       [5.71437059e-03],
       [9.60833769e-01]]), 'errors': array([[-1.75614936e-08],
       [-1.07609850e-02],
       [-5.71437059e-03],
       [ 3.91662312e-02]])}]
neural_net output [0.83573986 0.06858001 0.24609882 0.00204472]
target: 0 prediction: 0
neural_net output [0.84770794 0.06208861 0.26536913 0.0019589 ]
target: 0 prediction: 0
neural_net output [0.0332557  0.89440663 0.00134174 0.02791337]
target: 1 prediction: 1
neural_net output [6.64276131e-04 9.02285573e-01 3.69050339e-02 3.72391430e-02]
target: 1 prediction: 1
neural_net output [3.17422930e-06 7.60590754e-01 5.52553745e-01 1.03236478e-01]
target: 2 prediction: 1
neural_net output [2.56103638e-05 6.96914964e-01 8.98838727e-01 2.76224683e-02]
target: 2 prediction: 2
neural_net output [1.53593908e-08 1.09156365e-02 6.60671356e-03 9.60801056e-01]
target: 3 prediction: 3
neural_net output [1.49761117e-08 1.06636823e-02 6.57211376e-03 9.61474936e-01]
target: 3 prediction: 3
neural_net output [1.49974438e-08 1.07306554e-02 6.64276876e-03 9.61252307e-01]
target: 3 prediction: 3
Accuracy: 88.88888888888889 %

train_data group 1 length:  38
   0   1   2   3   4   5   6   7   8  ...  50  51  52  53  54  55  56  57  58
0   0   0   0   0   0   0   1   1   0 ...   1   0   1   0   1   0   1   0   0
1   0   0   0   0   0   0   1   1   0 ...   1   0   1   0   1   0   1   0   0
2   0   0   0   1   0   0   0   1   0 ...   0   1   0   1   1   0   1   0   1
3   0   0   0   0   0   0   1   1   0 ...   0   1   0   1   1   0   1   0   1
4   0   0   0   0   1   0   0   1   0 ...   1   0   1   0   0   1   1   0   2

[5 rows x 59 columns]
Initial Neural Network:
[{'weights': array([[-0.004,  0.002, -0.001, -0.006, -0.008, -0.003, -0.008, -0.004,
        -0.002, -0.01 ,  0.01 ,  0.01 , -0.008,  0.003,  0.004,  0.003,
        -0.007,  0.01 ,  0.007,  0.007, -0.009,  0.006,  0.005,  0.002,
         0.007,  0.   , -0.003, -0.008, -0.002,  0.006,  0.002,  0.   ,
         0.003, -0.007,  0.002,  0.005, -0.003, -0.004,  0.002, -0.01 ,
         0.006, -0.004, -0.002,  0.01 , -0.009, -0.001, -0.006, -0.005,
        -0.009, -0.004, -0.003, -0.005, -0.009,  0.002,  0.001,  0.   ,
        -0.003,  0.007, -0.001],
       [ 0.009, -0.006,  0.   ,  0.006,  0.01 ,  0.001,  0.005,  0.001,
         0.003, -0.008, -0.008,  0.01 , -0.002,  0.004, -0.003, -0.001,
        -0.01 ,  0.002,  0.003,  0.006, -0.003,  0.008, -0.006, -0.004,
        -0.004, -0.001, -0.005,  0.009, -0.004, -0.001, -0.005,  0.006,
         0.002, -0.004,  0.005,  0.009,  0.01 ,  0.009,  0.004,  0.005,
        -0.006,  0.004, -0.006, -0.005, -0.003,  0.009,  0.001,  0.003,
        -0.01 ,  0.006,  0.007, -0.009, -0.01 ,  0.002, -0.008,  0.002,
         0.01 ,  0.004,  0.01 ],
       [ 0.008,  0.   ,  0.009,  0.002, -0.007,  0.004, -0.006,  0.003,
        -0.001,  0.002, -0.003, -0.005, -0.01 , -0.005, -0.003, -0.004,
         0.003,  0.001,  0.009,  0.004, -0.009, -0.008, -0.005,  0.003,
        -0.003, -0.007, -0.002,  0.005, -0.007, -0.004,  0.01 ,  0.01 ,
        -0.008, -0.01 , -0.007, -0.004,  0.004, -0.005,  0.009, -0.005,
        -0.003, -0.01 ,  0.01 , -0.009,  0.007,  0.005, -0.009, -0.008,
         0.005,  0.001, -0.008,  0.005, -0.005, -0.004, -0.001, -0.006,
        -0.001,  0.004,  0.008],
       [-0.006,  0.01 , -0.007, -0.007,  0.001,  0.004,  0.01 , -0.008,
         0.009,  0.002, -0.005,  0.01 ,  0.009,  0.01 , -0.004,  0.005,
        -0.003,  0.001, -0.005, -0.009,  0.002, -0.006,  0.007,  0.007,
         0.003, -0.002,  0.001, -0.005, -0.003, -0.009, -0.004, -0.001,
        -0.006, -0.009,  0.002,  0.003,  0.007, -0.003,  0.004,  0.01 ,
        -0.009,  0.007, -0.001, -0.006, -0.01 ,  0.   ,  0.01 ,  0.007,
         0.001, -0.004,  0.009,  0.01 , -0.008,  0.01 , -0.005,  0.009,
         0.   ,  0.   ,  0.004],
       [-0.004, -0.002,  0.006,  0.009,  0.002, -0.004,  0.005, -0.005,
         0.007,  0.007, -0.001,  0.01 ,  0.01 ,  0.004,  0.007, -0.007,
        -0.01 , -0.01 ,  0.007,  0.003,  0.004, -0.008, -0.007,  0.003,
         0.   , -0.01 ,  0.001,  0.007, -0.001,  0.009, -0.008,  0.009,
         0.007,  0.001, -0.001,  0.006,  0.   ,  0.01 ,  0.005,  0.003,
        -0.009, -0.005,  0.003,  0.   , -0.008, -0.003,  0.01 ,  0.003,
        -0.01 ,  0.004, -0.007,  0.005,  0.006,  0.004, -0.002, -0.009,
         0.   , -0.006, -0.01 ]]), 'deltas': array([[0.],
       [0.],
       [0.],
       [0.],
       [0.]]), 'outputs': array([[0.],
       [0.],
       [0.],
       [0.],
       [0.]]), 'errors': array([[0.],
       [0.],
       [0.],
       [0.],
       [0.]])}, {'weights': array([[-0.007, -0.005,  0.009, -0.006,  0.01 ],
       [ 0.   , -0.01 , -0.01 , -0.008,  0.005],
       [ 0.005, -0.007, -0.009, -0.005, -0.01 ],
       [-0.003, -0.005,  0.008,  0.003,  0.006]]), 'deltas': array([[0.],
       [0.],
       [0.],
       [0.],
       [0.]]), 'outputs': array([[0.],
       [0.],
       [0.],
       [0.],
       [0.]]), 'errors': array([[0.],
       [0.],
       [0.],
       [0.],
       [0.]])}]
Training complete!
Training done. epoch: 240 , total error: 0.0008738627029158008
[{'weights': array([[ 1.13354366e-01,  4.40199695e-01, -1.56555154e-01,
         2.41945879e-01, -3.77546579e-01, -3.52147464e-01,
        -2.40911979e-01, -7.96254986e-01,  4.86593752e-01,
        -7.56991280e-01,  4.52492972e-01,  1.08370736e-02,
        -4.72945191e-01,  4.91057022e-01, -3.22773065e-01,
        -5.89284791e-01,  2.81623556e-01, -6.26921036e-01,
         2.92138475e-01, -9.82256668e-02,  1.44346993e-01,
        -1.46690932e-01,  6.01020978e-01, -2.51648810e-01,
        -4.86342470e-01, -4.30667288e-01,  1.24006054e-01,
        -5.09586323e-01,  1.95925089e-01,  3.59620853e-01,
        -4.66306883e-01, -1.88975204e-01, -8.25819222e-01,
         5.18157987e-01, -4.14709115e-01,  1.18047880e-01,
        -7.49991280e-01,  1.10462828e-01,  5.65923978e-01,
        -2.45056761e-01, -4.10238431e-01, -9.38315831e-01,
         1.79188431e+00, -7.36991280e-01, -7.76044731e-02,
        -2.36056761e-01,  4.52600136e-01, -7.67261371e-01,
         1.52062618e-01, -4.68723853e-01,  4.40330045e-01,
        -7.51991280e-01,  4.34330045e-01, -7.44991280e-01,
        -9.81048041e-01,  6.78386807e-01, -9.28045246e-01,
         6.28384011e-01, -3.04661234e-01],
       [ 6.74584632e-01,  4.67904395e-01, -3.56445638e-01,
        -2.60475106e-01,  1.38683785e-01, -8.74923328e-01,
         1.15611742e-01, -1.03403113e+00,  9.17971614e-01,
        -1.03886778e+00,  5.87733500e-01,  3.25074763e-01,
        -5.19933227e-02,  2.97764190e-01, -3.66830385e-01,
        -8.45367970e-01,  7.14308452e-01, -4.98427083e-01,
         3.32074031e-01, -3.36589108e-01,  3.90882641e-01,
         7.98721186e-01,  1.14087078e-01, -2.90683717e-01,
        -7.48184064e-01,  7.52154607e-01, -8.78214125e-01,
        -6.13756143e-01,  4.98696625e-01, -3.52419506e-01,
         6.10202419e-01, -3.77842431e-01, -4.31222137e-01,
         3.09162619e-01,  9.00787299e-01, -1.00684682e+00,
        -1.02086778e+00,  3.50299807e-01,  6.68390707e-01,
        -8.98822515e-02, -1.51007189e+00,  4.44102106e-01,
         1.96877805e+00, -1.03586778e+00, -2.81772667e-02,
        -8.58822515e-02,  4.01038977e-01, -5.17098496e-01,
         9.26596972e-01, -1.05065649e+00,  9.17808263e-01,
        -1.03986778e+00,  9.00808263e-01, -1.02886778e+00,
        -1.13375003e+00,  1.00769051e+00, -7.87301229e-01,
         6.81241711e-01, -1.10059518e-01],
       [ 2.01595372e-01,  4.33989215e-01, -1.93523297e-01,
        -1.18229365e-02, -2.84095686e-02, -7.02744913e-01,
         6.62969093e-02, -7.63487301e-01,  5.20868083e-01,
        -8.89976251e-01,  4.47054539e-01,  1.92302494e-01,
        -5.02375917e-01,  5.85824571e-01, -3.46067873e-01,
        -6.58860215e-01,  4.13240996e-01, -6.35347062e-01,
         1.52963689e-01, -1.57363567e-01,  4.00127722e-01,
         4.71765307e-01,  1.62591726e-01, -2.75875952e-01,
        -6.16100299e-01,  3.35083175e-01, -5.88702393e-01,
        -5.55734259e-01,  3.09115041e-01, -2.33894414e-01,
         2.58379527e-01, -2.53104332e-01, -8.47639262e-01,
         5.85020044e-01,  2.00787449e-01, -4.56406668e-01,
        -8.87976251e-01,  7.47907612e-04,  5.79161672e-01,
         6.64474537e-02, -8.66146120e-01, -2.44528278e-01,
         1.75503143e+00, -9.00976251e-01, -3.09066672e-01,
         7.64474537e-02,  2.97036720e-01, -5.58655939e-01,
         1.82246752e-01, -4.20865970e-01,  6.39357033e-01,
        -8.86976251e-01,  6.42357033e-01, -8.95976251e-01,
        -8.21528798e-01,  5.69909579e-01, -6.26651712e-01,
         3.85032493e-01, -2.36619219e-01],
       [ 6.22736123e-01,  3.74471411e-01, -7.25227927e-01,
         8.56372925e-01, -5.64314417e-01, -1.56883040e-01,
        -2.71736374e-01, -2.29773525e-01,  3.61192227e-01,
        -1.00883553e+00,  3.48737181e-01,  7.97517054e-01,
        -1.03313016e-01,  6.15841652e-01, -3.67109934e-01,
        -2.07603670e-01,  3.40022372e-01, -4.36567141e-01,
         1.23876798e-01,  1.75836174e-01,  2.56272872e-01,
         9.24556313e-02,  1.04979860e+00, -2.84915825e-01,
        -7.15919708e-01,  2.63526496e-01, -1.34107794e-01,
        -5.70926605e-01,  6.93345307e-01,  1.63242091e-02,
         4.43727207e-01, -3.43632714e-01, -1.88810210e-01,
         3.04228912e-01, -3.77340460e-01,  5.12759162e-01,
        -1.00383553e+00,  3.54616023e-01,  4.88087741e-01,
         3.09550470e-01,  1.63508634e-02, -3.31469228e-01,
         1.45337260e+00, -1.01683553e+00, -1.79131768e-01,
         2.99550470e-01, -3.61250543e-02,  1.83543756e-01,
         6.82382239e-01, -5.54963537e-01,  1.15025424e+00,
        -1.00083553e+00,  1.13325424e+00, -1.00083553e+00,
        -7.16285063e-01,  8.50703765e-01, -3.60855246e-01,
         4.91273948e-01,  1.34418702e-01],
       [-4.00000000e-03, -2.00000000e-03,  6.00000000e-03,
         9.00000000e-03,  2.00000000e-03, -4.00000000e-03,
         5.00000000e-03, -5.00000000e-03,  7.00000000e-03,
         7.00000000e-03, -1.00000000e-03,  1.00000000e-02,
         1.00000000e-02,  4.00000000e-03,  7.00000000e-03,
        -7.00000000e-03, -1.00000000e-02, -1.00000000e-02,
         7.00000000e-03,  3.00000000e-03,  4.00000000e-03,
        -8.00000000e-03, -7.00000000e-03,  3.00000000e-03,
         0.00000000e+00, -1.00000000e-02,  1.00000000e-03,
         7.00000000e-03, -1.00000000e-03,  9.00000000e-03,
        -8.00000000e-03,  9.00000000e-03,  7.00000000e-03,
         1.00000000e-03, -1.00000000e-03,  6.00000000e-03,
         0.00000000e+00,  1.00000000e-02,  5.00000000e-03,
         3.00000000e-03, -9.00000000e-03, -5.00000000e-03,
         3.00000000e-03,  0.00000000e+00, -8.00000000e-03,
        -3.00000000e-03,  1.00000000e-02,  3.00000000e-03,
        -1.00000000e-02,  4.00000000e-03, -7.00000000e-03,
         5.00000000e-03,  6.00000000e-03,  4.00000000e-03,
        -2.00000000e-03, -9.00000000e-03,  0.00000000e+00,
        -6.00000000e-03, -1.00000000e-02]]), 'deltas': array([[4.10096550e-06],
       [1.89883994e-06],
       [2.33832238e-05],
       [6.74238638e-08],
       [0.00000000e+00]]), 'outputs': array([[0.99924301],
       [0.99964964],
       [0.99566824],
       [0.99998756],
       [1.        ]]), 'errors': 0.005421573955635724}, {'weights': array([[-6.82111522,  0.62992401,  1.84012801,  1.78876347, -2.27330539],
       [-2.77284291, -8.68879832, -2.66672528, -5.54667026,  2.11543584],
       [-3.600558  ,  3.7017275 , -8.70528978,  3.94874276, -2.55279926],
       [ 4.49309848,  0.92780855,  3.21647652,  1.23634318, -6.70106608]]), 'deltas': array([[-6.12425303e-05],
       [-5.78742342e-16],
       [-5.91572091e-07],
       [ 1.61621374e-03]]), 'outputs': array([[7.85668530e-03],
       [2.40570646e-08],
       [7.69433309e-04],
       [9.58946305e-01]]), 'errors': array([[-7.85668530e-03],
       [-2.40570646e-08],
       [-7.69433309e-04],
       [ 4.10536950e-02]])}]
Accuracy: 77.77777777777779 %

train_data group 2 length:  37
   0   1   2   3   4   5   6   7   8  ...  50  51  52  53  54  55  56  57  58
0   0   0   0   0   0   0   1   1   0 ...   1   0   1   0   1   0   1   0   0
1   0   0   0   0   0   0   1   1   0 ...   1   0   1   0   1   0   1   0   0
2   0   0   0   1   0   0   0   1   0 ...   0   1   0   1   1   0   1   0   1
3   0   0   0   0   0   0   1   1   0 ...   0   1   0   1   1   0   1   0   1
4   0   0   0   0   1   0   0   1   0 ...   1   0   1   0   0   1   1   0   2

[5 rows x 59 columns]
Initial Neural Network:
[{'weights': array([[-0.004,  0.   , -0.007, -0.009,  0.009, -0.006,  0.008,  0.006,
        -0.005,  0.002, -0.008, -0.008,  0.008,  0.006,  0.009, -0.008,
        -0.008,  0.004, -0.01 , -0.007, -0.003, -0.001,  0.004, -0.006,
         0.002,  0.   ,  0.   , -0.01 , -0.01 ,  0.008, -0.002, -0.005,
         0.   ,  0.01 , -0.01 , -0.003, -0.01 , -0.004,  0.004, -0.003,
         0.002,  0.003,  0.002,  0.002,  0.002, -0.007,  0.007,  0.004,
        -0.007,  0.   , -0.006,  0.   , -0.007, -0.008, -0.001,  0.007,
         0.005, -0.01 , -0.006],
       [-0.007,  0.007,  0.006, -0.005, -0.004, -0.006,  0.006,  0.008,
         0.005,  0.005, -0.005,  0.008, -0.009, -0.002,  0.004,  0.007,
        -0.01 ,  0.009, -0.005, -0.009, -0.004,  0.   ,  0.009,  0.006,
         0.006,  0.008,  0.005, -0.004, -0.005, -0.002,  0.009,  0.008,
        -0.005, -0.006, -0.004, -0.01 , -0.008,  0.007, -0.007, -0.003,
        -0.008, -0.007,  0.   , -0.007,  0.009, -0.003,  0.01 ,  0.009,
        -0.003,  0.004,  0.009,  0.002, -0.004,  0.001, -0.008,  0.001,
         0.004, -0.006,  0.01 ],
       [ 0.002,  0.005,  0.001,  0.008, -0.007, -0.007, -0.006, -0.004,
         0.004, -0.003,  0.   , -0.002,  0.003,  0.008,  0.007, -0.006,
        -0.007,  0.01 ,  0.006, -0.008, -0.007,  0.   ,  0.008, -0.01 ,
         0.002,  0.001, -0.01 ,  0.006,  0.   , -0.005, -0.002, -0.008,
        -0.006,  0.004,  0.004, -0.003, -0.006, -0.008,  0.006,  0.001,
         0.   , -0.007, -0.001, -0.004, -0.001, -0.01 ,  0.006,  0.006,
         0.005,  0.001,  0.01 ,  0.007,  0.003,  0.005, -0.004,  0.004,
         0.009,  0.006,  0.009],
       [-0.008,  0.001,  0.009,  0.01 ,  0.006,  0.006,  0.001, -0.002,
        -0.005, -0.006,  0.006,  0.008,  0.002,  0.003,  0.002, -0.009,
        -0.007,  0.007,  0.   , -0.009, -0.006,  0.   ,  0.006, -0.006,
         0.007, -0.009, -0.008, -0.008, -0.009, -0.006, -0.006, -0.006,
         0.008, -0.004,  0.005, -0.001,  0.006,  0.004, -0.003, -0.003,
        -0.007, -0.007,  0.006,  0.01 ,  0.004, -0.001,  0.005, -0.004,
        -0.004,  0.008, -0.006, -0.008,  0.004,  0.003, -0.01 , -0.008,
         0.008, -0.003, -0.001],
       [ 0.003, -0.006, -0.01 , -0.008,  0.001, -0.01 ,  0.002, -0.006,
        -0.007, -0.004, -0.007,  0.002, -0.004, -0.009, -0.007,  0.01 ,
         0.006, -0.008, -0.005,  0.009, -0.003,  0.007,  0.   ,  0.003,
        -0.001, -0.001, -0.004, -0.003, -0.007, -0.01 ,  0.006, -0.009,
        -0.007,  0.007, -0.005, -0.001, -0.002, -0.003,  0.003,  0.003,
        -0.005,  0.004, -0.01 , -0.001, -0.005, -0.003, -0.01 , -0.01 ,
        -0.008, -0.002, -0.009,  0.01 ,  0.003,  0.007,  0.009,  0.009,
         0.003, -0.002,  0.004]]), 'deltas': array([[0.],
       [0.],
       [0.],
       [0.],
       [0.]]), 'outputs': array([[0.],
       [0.],
       [0.],
       [0.],
       [0.]]), 'errors': array([[0.],
       [0.],
       [0.],
       [0.],
       [0.]])}, {'weights': array([[-0.008, -0.007,  0.005, -0.01 , -0.01 ],
       [-0.005, -0.008, -0.005,  0.   ,  0.005],
       [ 0.007,  0.008,  0.001, -0.001, -0.009],
       [ 0.008,  0.009,  0.004,  0.009, -0.007]]), 'deltas': array([[0.],
       [0.],
       [0.],
       [0.],
       [0.]]), 'outputs': array([[0.],
       [0.],
       [0.],
       [0.],
       [0.]]), 'errors': array([[0.],
       [0.],
       [0.],
       [0.],
       [0.]])}]
Training complete!
Training done. epoch: 1000 , total error: 0.19861442379969038
[{'weights': array([[-1.50688961e-01,  6.75622571e-01,  3.00041801e-01,
        -1.45222739e-01,  6.74918053e-02, -2.91595842e-01,
        -4.93193373e-01, -1.05956573e+00,  1.03202099e+00,
         1.44288105e-01,  2.23193015e-01, -4.10025859e-01,
        -3.52017991e-01,  9.80459906e-02,  2.48427262e-01,
        -6.26294286e-01,  5.81749548e-01, -3.62661485e-02,
        -2.48781357e-01, -2.30546866e-02,  2.63557454e-01,
        -5.90355886e-01,  2.61710103e-01,  2.24388127e-01,
         7.47129171e-02,  1.11185554e-02, -3.96632936e-02,
        -4.98104662e-01,  4.49559924e-01,  7.12907710e-01,
        -4.24861346e-01, -3.15591102e-01, -8.09725012e-01,
         7.91180274e-01,  1.67724541e-01, -2.09269279e-01,
         1.32288105e-01,  1.61326012e-01,  8.03355134e-01,
        -1.13851399e+00, -7.83377934e-01, -1.22920091e+00,
         1.84874600e+00,  1.44288105e-01,  1.10896925e+00,
        -1.14251399e+00,  1.08723221e+00, -1.10477695e+00,
        -1.60961321e-01,  1.25416583e-01, -1.76832843e-01,
         1.42288105e-01, -1.77832843e-01,  1.34288105e-01,
        -9.94225884e-01,  9.71681146e-01, -5.53647106e-01,
         5.20102368e-01, -3.45447382e-02],
       [-1.21044033e-01,  8.04063960e-01,  2.01597830e-01,
        -1.22498729e-01,  2.96173177e-01, -1.95236454e-01,
        -1.04621908e+00, -1.23858472e+00,  1.07142139e+00,
        -1.35714774e-01,  2.27191859e-01, -2.63640410e-01,
        -5.34965537e-01,  8.12313489e-04,  3.46989899e-01,
        -1.79454235e-01, -3.70908927e-03, -6.94078453e-02,
        -1.33154942e-01,  1.97055252e-01, -1.83655789e-01,
        -5.88513109e-01,  3.63620721e-01,  4.23555803e-01,
        -3.57826739e-01, -1.82858615e-01,  1.56952903e-02,
        -4.63319707e-01,  2.74156382e-01,  4.87834219e-01,
        -4.42001329e-01, -2.10996215e-01, -1.05114347e+00,
         8.59980146e-01, -1.48445093e-01, -4.57182319e-02,
        -1.48714774e-01,  2.26006410e-01,  8.64468541e-01,
        -1.13292350e+00, -8.20055711e-01, -1.34695770e+00,
         2.11256486e+00, -1.47714774e-01,  9.58760177e-01,
        -1.13292350e+00,  7.74855719e-01, -9.36019043e-01,
        -2.82947006e-01,  1.03783681e-01, -3.04485504e-02,
        -1.38714774e-01, -4.34485504e-02, -1.39714774e-01,
        -1.27863828e+00,  1.09147495e+00, -6.88773112e-01,
         5.06609787e-01, -1.70163325e-01],
       [-1.17748183e-01,  7.29784435e-01,  2.17266921e-01,
        -1.21419064e-01,  1.67369987e-01, -2.19209482e-01,
        -8.27151080e-01, -1.18906581e+00,  1.02195934e+00,
        -1.60773751e-01,  2.35100524e-01, -2.46433239e-01,
        -3.91581872e-01,  2.29753295e-02,  2.19500076e-01,
        -4.19023334e-01,  2.38916868e-01, -1.27715733e-01,
        -1.26263980e-01,  2.11654933e-01, -1.23781686e-01,
        -5.63093749e-01,  3.83061223e-01,  2.40142459e-01,
        -2.27216399e-01, -2.02392935e-01,  2.62864691e-02,
        -4.22825733e-01,  2.61719267e-01,  4.76993912e-01,
        -4.42879481e-01, -2.16220898e-01, -9.44377759e-01,
         7.75271293e-01, -7.92257763e-03, -1.58183889e-01,
        -1.63773751e-01,  1.87755799e-01,  8.51502452e-01,
        -1.04959097e+00, -7.39595865e-01, -1.23307395e+00,
         1.95533710e+00, -1.61773751e-01,  8.82484499e-01,
        -1.06059097e+00,  8.00003439e-01, -9.55109905e-01,
        -2.62459272e-01,  1.01352806e-01,  6.67285174e-04,
        -1.50773751e-01, -6.33271483e-03, -1.52773751e-01,
        -1.21236472e+00,  1.04525825e+00, -7.76136695e-01,
         6.24030229e-01, -1.58106466e-01],
       [-1.42337416e-01,  6.96610274e-01,  2.89914043e-01,
        -1.18324553e-01,  1.05266778e-01, -2.77191588e-01,
        -5.82370053e-01, -1.09596074e+00,  1.03552823e+00,
         9.85111431e-02,  2.38959873e-01, -3.82903531e-01,
        -3.85009629e-01,  7.36184741e-02,  2.64958641e-01,
        -5.66298348e-01,  4.96865834e-01,  1.35838050e-03,
        -2.57036776e-01, -2.11409164e-02,  2.15386798e-01,
        -5.91822459e-01,  2.77431368e-01,  2.61691805e-01,
         6.26677184e-03, -1.78752789e-02, -5.25572354e-02,
        -5.11850705e-01,  4.41418191e-01,  6.67772489e-01,
        -4.27881222e-01, -3.11323781e-01, -8.41443897e-01,
         7.92011382e-01,  1.39338536e-01, -1.88771050e-01,
         1.10511143e-01,  1.80417424e-01,  8.02441423e-01,
        -1.14280250e+00, -8.08084322e-01, -1.25383146e+00,
         1.89597213e+00,  1.14511143e-01,  1.09036999e+00,
        -1.14080250e+00,  1.04573291e+00, -1.09816542e+00,
        -1.82397557e-01,  1.32965042e-01, -1.63943657e-01,
         9.65111431e-02, -1.53943657e-01,  1.07511143e-01,
        -1.04529136e+00,  9.73858847e-01, -5.43749864e-01,
         4.95317350e-01, -5.44325144e-02],
       [ 3.00000000e-03, -6.00000000e-03, -1.00000000e-02,
        -8.00000000e-03,  1.00000000e-03, -1.00000000e-02,
         2.00000000e-03, -6.00000000e-03, -7.00000000e-03,
        -4.00000000e-03, -7.00000000e-03,  2.00000000e-03,
        -4.00000000e-03, -9.00000000e-03, -7.00000000e-03,
         1.00000000e-02,  6.00000000e-03, -8.00000000e-03,
        -5.00000000e-03,  9.00000000e-03, -3.00000000e-03,
         7.00000000e-03,  0.00000000e+00,  3.00000000e-03,
        -1.00000000e-03, -1.00000000e-03, -4.00000000e-03,
        -3.00000000e-03, -7.00000000e-03, -1.00000000e-02,
         6.00000000e-03, -9.00000000e-03, -7.00000000e-03,
         7.00000000e-03, -5.00000000e-03, -1.00000000e-03,
        -2.00000000e-03, -3.00000000e-03,  3.00000000e-03,
         3.00000000e-03, -5.00000000e-03,  4.00000000e-03,
        -1.00000000e-02, -1.00000000e-03, -5.00000000e-03,
        -3.00000000e-03, -1.00000000e-02, -1.00000000e-02,
        -8.00000000e-03, -2.00000000e-03, -9.00000000e-03,
         1.00000000e-02,  3.00000000e-03,  7.00000000e-03,
         9.00000000e-03,  9.00000000e-03,  3.00000000e-03,
        -2.00000000e-03,  4.00000000e-03]]), 'deltas': array([[-0.00978382],
       [-0.00762709],
       [-0.00758501],
       [-0.00991154],
       [-0.        ]]), 'outputs': array([[0.13392709],
       [0.10052772],
       [0.09990372],
       [0.13600115],
       [1.        ]]), 'errors': -0.08435006797775117}, {'weights': array([[ -8.99853402, -12.31394929,  -8.84550116,  -9.15015283,
          2.18143148],
       [ -2.66137424,   6.0754628 ,  -1.20427247,  -2.56005626,
         -4.31774961],
       [ -3.17979444,   6.63288801,  -3.21879199,  -2.31717633,
         -0.03562193],
       [  1.26593156,   5.32893234,   5.28293043,   1.33760829,
         -8.22687653]]), 'deltas': array([[-6.49604666e-03],
       [-1.12134710e-04],
       [ 1.46446395e-01],
       [-1.20726347e-06]]), 'outputs': array([[0.0842228 ],
       [0.01064619],
       [0.37548353],
       [0.00109936]]), 'errors': array([[-0.0842228 ],
       [-0.01064619],
       [ 0.62451647],
       [-0.00109936]])}]
Accuracy: 70.0 %

train_data group 3 length:  38
   0   1   2   3   4   5   6   7   8  ...  50  51  52  53  54  55  56  57  58
0   0   0   0   0   0   0   1   1   0 ...   1   0   1   0   1   0   1   0   0
1   0   0   0   0   0   0   1   1   0 ...   1   0   1   0   1   0   1   0   0
2   0   0   0   1   0   0   0   1   0 ...   0   1   0   1   1   0   1   0   1
3   0   0   0   0   0   0   1   1   0 ...   0   1   0   1   1   0   1   0   1
4   0   0   0   0   1   0   0   1   0 ...   1   0   1   0   0   1   1   0   2

[5 rows x 59 columns]
Initial Neural Network:
[{'weights': array([[-0.004, -0.01 ,  0.01 ,  0.004,  0.008,  0.005,  0.009,  0.009,
        -0.001, -0.001, -0.009, -0.004, -0.008,  0.008, -0.005,  0.01 ,
        -0.004, -0.009, -0.008,  0.   ,  0.008, -0.004,  0.006,  0.007,
         0.003,  0.008, -0.002,  0.003,  0.006,  0.006,  0.003,  0.01 ,
        -0.002,  0.006,  0.009, -0.006, -0.009,  0.   , -0.004,  0.   ,
         0.001, -0.009, -0.003,  0.001, -0.005,  0.002, -0.009, -0.009,
        -0.009, -0.009,  0.002, -0.002,  0.002,  0.007, -0.007,  0.007,
         0.   , -0.008, -0.007],
       [ 0.008, -0.001, -0.003, -0.009,  0.002, -0.008,  0.005,  0.   ,
        -0.002,  0.01 ,  0.001, -0.005, -0.01 , -0.008, -0.007, -0.007,
        -0.01 ,  0.002, -0.001, -0.003, -0.001, -0.01 ,  0.007,  0.007,
         0.006,  0.006, -0.006, -0.005,  0.   , -0.007,  0.002,  0.004,
        -0.009, -0.001,  0.003, -0.002,  0.002,  0.004,  0.003, -0.004,
         0.005, -0.004,  0.006,  0.007, -0.008,  0.008,  0.008, -0.001,
         0.001,  0.01 , -0.007, -0.01 ,  0.008, -0.004, -0.001, -0.004,
         0.005, -0.002, -0.004],
       [ 0.004, -0.007,  0.004,  0.005,  0.005, -0.008,  0.   , -0.006,
        -0.007,  0.002,  0.004, -0.006,  0.003, -0.002, -0.007,  0.006,
         0.009,  0.009,  0.01 ,  0.006,  0.009, -0.001, -0.001,  0.008,
        -0.005,  0.003, -0.01 ,  0.007,  0.008, -0.007, -0.007,  0.006,
        -0.001,  0.004,  0.005, -0.009, -0.01 ,  0.002, -0.007, -0.01 ,
         0.006, -0.009,  0.01 ,  0.002,  0.001,  0.003,  0.   ,  0.003,
         0.003, -0.009, -0.001,  0.001, -0.003,  0.01 ,  0.01 ,  0.   ,
         0.   ,  0.002,  0.004],
       [-0.003,  0.004,  0.004,  0.006, -0.01 ,  0.005, -0.001, -0.004,
        -0.008,  0.006, -0.001,  0.007,  0.007, -0.001,  0.009,  0.   ,
         0.008, -0.008,  0.001, -0.009, -0.01 ,  0.001,  0.008, -0.001,
         0.001,  0.002, -0.002, -0.008, -0.002,  0.004, -0.008, -0.002,
         0.004, -0.006, -0.009,  0.01 , -0.004,  0.008, -0.002, -0.003,
         0.006, -0.004,  0.007,  0.008,  0.007, -0.004,  0.007, -0.009,
        -0.008,  0.002,  0.004,  0.006, -0.008, -0.007,  0.007,  0.001,
         0.008,  0.003,  0.004],
       [-0.002,  0.005, -0.006, -0.007,  0.001,  0.003,  0.008,  0.009,
         0.01 ,  0.009,  0.009, -0.008, -0.005,  0.004, -0.01 , -0.003,
         0.   , -0.005, -0.01 , -0.005, -0.01 ,  0.002,  0.009,  0.002,
         0.006, -0.01 , -0.007, -0.005,  0.003, -0.004,  0.007,  0.01 ,
         0.002,  0.005,  0.004, -0.004,  0.004, -0.003,  0.004, -0.008,
        -0.007,  0.   ,  0.006,  0.   ,  0.008, -0.001,  0.004, -0.004,
         0.   ,  0.002,  0.003, -0.002, -0.006, -0.005,  0.   ,  0.004,
         0.006,  0.002, -0.001]]), 'deltas': array([[0.],
       [0.],
       [0.],
       [0.],
       [0.]]), 'outputs': array([[0.],
       [0.],
       [0.],
       [0.],
       [0.]]), 'errors': array([[0.],
       [0.],
       [0.],
       [0.],
       [0.]])}, {'weights': array([[-0.008,  0.004,  0.008,  0.003,  0.001],
       [-0.007, -0.008, -0.005,  0.009, -0.008],
       [-0.008,  0.001,  0.004,  0.007,  0.005],
       [ 0.009,  0.006, -0.007, -0.004, -0.003]]), 'deltas': array([[0.],
       [0.],
       [0.],
       [0.],
       [0.]]), 'outputs': array([[0.],
       [0.],
       [0.],
       [0.],
       [0.]]), 'errors': array([[0.],
       [0.],
       [0.],
       [0.],
       [0.]])}]
Training complete!
Training done. epoch: 198 , total error: 0.0007956561802264576
[{'weights': array([[-4.07679913e-01,  3.78002650e-01, -1.55170300e-01,
        -3.33806787e-01,  3.37758615e-01, -3.26423789e-01,
         3.59727329e-01, -2.63070620e-01,  1.01478425e-01,
        -8.21520826e-01,  2.77455672e-01,  3.60472960e-01,
        -4.18677192e-01,  6.10614398e-01, -3.66529401e-01,
        -4.88790529e-01,  3.25198334e-01, -5.14756423e-01,
         3.28269384e-01,  6.11411211e-03,  1.78073187e-03,
         3.28562314e-01,  2.21299906e-01, -3.04424638e-01,
        -4.03029777e-01, -4.54857690e-01,  2.91265495e-01,
         2.43342346e-01, -4.03934541e-01,  7.34943818e-03,
        -5.50457524e-01,  3.92515892e-01, -1.40299117e+00,
         1.23739898e+00, -1.76398714e-01,  9.80651992e-03,
        -8.29520826e-01, -2.27640349e-01,  6.97453714e-01,
         1.77115267e-01, -4.11580474e-01, -4.91682765e-01,
         1.54319187e+00, -8.19520826e-01, -3.51707462e-01,
         1.79115267e-01,  1.02522876e-01, -2.90115071e-01,
        -2.55918725e-01,  6.83265306e-02,  6.52928632e-01,
        -8.22520826e-01,  6.52928632e-01, -8.13520826e-01,
        -6.50405559e-01,  4.80813365e-01, -8.57124626e-01,
         6.79532432e-01, -1.76592195e-01],
       [-2.47202579e-01,  3.74216835e-01, -1.74047299e-02,
        -3.11902105e-01,  2.74703545e-01, -3.22305395e-01,
         4.70657754e-02, -5.53273855e-01,  3.54445202e-01,
        -7.34527051e-01,  2.86114152e-01,  2.57584246e-01,
        -2.48669460e-01,  3.66121329e-01, -3.39280522e-01,
        -5.93962086e-01,  3.80133432e-01, -5.04936797e-01,
         5.88321314e-03,  2.72162304e-01,  2.70626261e-02,
         1.00626667e-01,  3.48157024e-01, -2.65646480e-01,
        -3.69965865e-01, -4.20914646e-01,  2.24085993e-01,
        -1.95925130e-01, -5.90352330e-03,  6.64504665e-02,
        -1.76832091e-01, -8.74470284e-02, -1.25598053e+00,
         1.04915188e+00, -1.93617839e-01, -2.21081415e-03,
        -7.42527051e-01,  2.27122511e-02,  6.57619403e-01,
        -1.29633256e-01, -3.83084205e-01, -6.24571814e-01,
         1.56235442e+00, -7.37527051e-01, -7.91953969e-02,
        -1.17633256e-01,  1.91092480e-01, -3.80921133e-01,
        -3.38099457e-01,  1.52270804e-01,  5.40698398e-01,
        -7.54527051e-01,  5.55698398e-01, -7.48527051e-01,
        -8.71160307e-01,  6.69331654e-01, -8.54991312e-01,
         6.61162659e-01, -2.00828653e-01],
       [-1.85388658e-01,  3.66495950e-01,  2.54215680e-02,
        -2.71511365e-01,  2.29387753e-01, -3.09738051e-01,
        -4.38015042e-02, -6.47574276e-01,  4.42439969e-01,
        -7.35023728e-01,  2.85170170e-01,  2.57719251e-01,
        -2.03018936e-01,  3.39773284e-01, -3.34888655e-01,
        -5.51549454e-01,  3.74415147e-01, -5.66190183e-01,
        -6.61233219e-02,  3.90341559e-01,  8.38376389e-02,
         7.34715368e-02,  3.74596768e-01, -2.61256512e-01,
        -3.77946101e-01, -3.56866028e-01,  1.57731721e-01,
        -3.28452588e-01,  1.51318281e-01,  6.68333818e-02,
        -1.03932921e-02, -2.56574397e-01, -1.15852691e+00,
         9.69392603e-01, -1.52581156e-01, -4.35531508e-02,
        -7.47023728e-01,  6.62359854e-02,  6.37588875e-01,
        -1.73935440e-01, -3.53926554e-01, -6.55565844e-01,
         1.56138182e+00, -7.35023728e-01, -2.71988675e-02,
        -1.60935440e-01,  1.86545136e-01, -3.75679443e-01,
        -3.18945890e-01,  1.20811583e-01,  5.43889421e-01,
        -7.36023728e-01,  5.41889421e-01, -7.27023728e-01,
        -8.90959168e-01,  7.08824861e-01, -8.30015721e-01,
         6.39881414e-01, -1.88134307e-01],
       [-2.28562718e-02,  3.66150673e-01, -1.24359833e-02,
        -3.67136233e-01,  1.85563532e-01, -3.16028584e-01,
        -2.98094988e-02, -7.68618794e-01,  5.55066429e-01,
        -7.47821413e-01,  2.84607344e-01,  2.73661704e-01,
        -1.18836043e-01,  2.54982346e-01, -3.22698668e-01,
        -4.82474318e-01,  2.88921954e-01, -7.00301564e-01,
        -7.18197632e-02,  4.98917789e-01,  4.56511739e-02,
         3.57806383e-02,  4.33739684e-01, -2.69667081e-01,
        -3.92405606e-01, -1.80980021e-01, -2.05723434e-02,
        -5.25533164e-01,  3.13980799e-01,  5.19660491e-02,
         2.97185123e-01, -5.56703537e-01, -1.05809093e+00,
         8.54538565e-01, -7.67006539e-02, -1.23851711e-01,
        -7.57821413e-01,  1.53118859e-01,  6.28403145e-01,
        -2.26252956e-01, -3.97099609e-01, -5.78834385e-01,
         1.53720304e+00, -7.45821413e-01,  2.87005911e-02,
        -2.27252956e-01,  1.64758721e-01, -3.68311086e-01,
        -3.28217453e-01,  1.20665088e-01,  5.56269048e-01,
        -7.47821413e-01,  5.44269048e-01, -7.60821413e-01,
        -9.70074369e-01,  7.76522004e-01, -7.02458986e-01,
         5.11906622e-01, -1.97552365e-01],
       [-2.00000000e-03,  5.00000000e-03, -6.00000000e-03,
        -7.00000000e-03,  1.00000000e-03,  3.00000000e-03,
         8.00000000e-03,  9.00000000e-03,  1.00000000e-02,
         9.00000000e-03,  9.00000000e-03, -8.00000000e-03,
        -5.00000000e-03,  4.00000000e-03, -1.00000000e-02,
        -3.00000000e-03,  0.00000000e+00, -5.00000000e-03,
        -1.00000000e-02, -5.00000000e-03, -1.00000000e-02,
         2.00000000e-03,  9.00000000e-03,  2.00000000e-03,
         6.00000000e-03, -1.00000000e-02, -7.00000000e-03,
        -5.00000000e-03,  3.00000000e-03, -4.00000000e-03,
         7.00000000e-03,  1.00000000e-02,  2.00000000e-03,
         5.00000000e-03,  4.00000000e-03, -4.00000000e-03,
         4.00000000e-03, -3.00000000e-03,  4.00000000e-03,
        -8.00000000e-03, -7.00000000e-03,  0.00000000e+00,
         6.00000000e-03,  0.00000000e+00,  8.00000000e-03,
        -1.00000000e-03,  4.00000000e-03, -4.00000000e-03,
         0.00000000e+00,  2.00000000e-03,  3.00000000e-03,
        -2.00000000e-03, -6.00000000e-03, -5.00000000e-03,
         0.00000000e+00,  4.00000000e-03,  6.00000000e-03,
         2.00000000e-03, -1.00000000e-03]]), 'deltas': array([[1.36189562e-04],
       [7.39322993e-05],
       [4.95668692e-05],
       [3.90278819e-05],
       [0.00000000e+00]]), 'outputs': array([[0.7521875 ],
       [0.11424165],
       [0.07319998],
       [0.05662332],
       [1.        ]]), 'errors': 0.0007306249471837067}, {'weights': array([[ 7.33938722, -2.86948135, -3.31670387, -3.4062768 , -1.26601463],
       [-6.58483102, -4.52720803, -4.32305249, -5.42132877,  1.83034173],
       [-3.99947868, -1.73298649, -1.4956254 ,  5.96745225, -1.05838216],
       [ 1.59280068,  2.22529112,  2.443925  ,  2.3564161 , -5.95641784]]), 'deltas': array([[ 0.00084941],
       [-0.00019005],
       [-0.00029614],
       [-0.0002186 ]]), 'outputs': array([[0.97041438],
       [0.01388243],
       [0.01736012],
       [0.01489658]]), 'errors': array([[ 0.02958562],
       [-0.01388243],
       [-0.01736012],
       [-0.01489658]])}]
Accuracy: 88.88888888888889 %

train_data group 4 length:  37
   0   1   2   3   4   5   6   7   8  ...  50  51  52  53  54  55  56  57  58
0   0   0   0   0   0   0   1   1   0 ...   1   0   1   0   1   0   1   0   0
1   0   0   0   0   0   0   1   1   0 ...   1   0   1   0   1   0   1   0   0
2   0   0   0   1   0   0   0   1   0 ...   0   1   0   1   1   0   1   0   1
3   0   0   0   0   0   0   1   1   0 ...   0   1   0   1   1   0   1   0   1
4   0   0   0   0   1   0   0   1   0 ...   1   0   1   0   0   1   1   0   2

[5 rows x 59 columns]
Initial Neural Network:
[{'weights': array([[-0.01 ,  0.003,  0.003,  0.008,  0.005, -0.009,  0.   ,  0.006,
         0.   ,  0.003,  0.008, -0.002,  0.009,  0.003,  0.001,  0.006,
         0.   , -0.008, -0.002, -0.009,  0.009,  0.006, -0.008, -0.003,
         0.002, -0.007,  0.01 , -0.004,  0.005, -0.006, -0.006, -0.009,
         0.008,  0.008,  0.002,  0.01 ,  0.007,  0.004, -0.01 , -0.005,
         0.007, -0.002, -0.009, -0.01 ,  0.007, -0.002, -0.001,  0.01 ,
        -0.001,  0.01 ,  0.007,  0.   ,  0.006,  0.01 , -0.006,  0.01 ,
        -0.002, -0.001,  0.008],
       [ 0.009,  0.   ,  0.008, -0.004, -0.008,  0.01 ,  0.01 ,  0.007,
        -0.01 , -0.01 , -0.002, -0.009, -0.01 , -0.007,  0.001, -0.003,
        -0.006, -0.007, -0.01 , -0.003,  0.009,  0.005,  0.009, -0.007,
         0.008, -0.004, -0.001, -0.003, -0.008,  0.007, -0.002,  0.005,
        -0.009,  0.007,  0.008, -0.007, -0.005, -0.009, -0.007,  0.002,
        -0.007, -0.007, -0.003,  0.007, -0.007, -0.003, -0.004,  0.002,
        -0.005,  0.004,  0.006, -0.003, -0.001, -0.008,  0.004, -0.001,
         0.   ,  0.   , -0.001],
       [ 0.007,  0.003,  0.01 ,  0.   , -0.003, -0.005,  0.009,  0.   ,
        -0.01 ,  0.006, -0.005, -0.001,  0.003,  0.004,  0.009,  0.   ,
         0.001,  0.002,  0.   , -0.001,  0.001,  0.005,  0.004, -0.005,
        -0.006,  0.009,  0.01 , -0.005, -0.004,  0.   , -0.001,  0.002,
        -0.005, -0.001, -0.007, -0.001, -0.001,  0.01 ,  0.008, -0.002,
         0.   ,  0.003, -0.001, -0.002,  0.001, -0.005,  0.009, -0.003,
         0.004, -0.008,  0.008, -0.003, -0.008,  0.004, -0.003, -0.001,
         0.009, -0.009, -0.008],
       [ 0.002,  0.004,  0.008, -0.006,  0.003,  0.001, -0.01 , -0.001,
         0.001,  0.01 , -0.004, -0.002,  0.004, -0.004,  0.   , -0.004,
         0.01 ,  0.008,  0.003,  0.   ,  0.002, -0.005, -0.004,  0.01 ,
         0.007, -0.006, -0.005,  0.006, -0.002,  0.008, -0.006,  0.004,
         0.004, -0.009, -0.004, -0.004, -0.007, -0.007, -0.01 , -0.002,
         0.006,  0.01 ,  0.009,  0.007, -0.006, -0.003, -0.006,  0.009,
         0.   ,  0.002,  0.004, -0.003, -0.008, -0.001, -0.006,  0.006,
        -0.002,  0.01 ,  0.003],
       [ 0.001, -0.009, -0.001, -0.006, -0.01 ,  0.004,  0.001, -0.001,
         0.01 ,  0.004,  0.002, -0.004,  0.009, -0.01 , -0.002, -0.005,
        -0.008,  0.001, -0.007,  0.004,  0.005,  0.001,  0.005,  0.003,
         0.008, -0.005,  0.002,  0.007,  0.   , -0.009,  0.008,  0.005,
         0.008,  0.003,  0.004,  0.   , -0.003,  0.006,  0.007, -0.003,
         0.002, -0.01 , -0.009, -0.004, -0.001,  0.001, -0.001,  0.005,
        -0.002,  0.004,  0.01 , -0.005,  0.005, -0.008, -0.003,  0.003,
         0.005, -0.01 ,  0.007]]), 'deltas': array([[0.],
       [0.],
       [0.],
       [0.],
       [0.]]), 'outputs': array([[0.],
       [0.],
       [0.],
       [0.],
       [0.]]), 'errors': array([[0.],
       [0.],
       [0.],
       [0.],
       [0.]])}, {'weights': array([[ 0.007, -0.007,  0.003, -0.005,  0.007],
       [-0.001,  0.002, -0.008,  0.003, -0.01 ],
       [-0.004,  0.008,  0.008, -0.005, -0.007],
       [-0.005, -0.001,  0.003, -0.008, -0.004]]), 'deltas': array([[0.],
       [0.],
       [0.],
       [0.],
       [0.]]), 'outputs': array([[0.],
       [0.],
       [0.],
       [0.],
       [0.]]), 'errors': array([[0.],
       [0.],
       [0.],
       [0.],
       [0.]])}]
Training complete!
Training done. epoch: 527 , total error: 0.00034088758669871284
[{'weights': array([[-2.51451893e-01,  4.27638015e-01, -5.10148193e-01,
         8.44807222e-01, -5.31831196e-01, -1.53479462e-01,
         3.00682260e-02, -1.47997350e-01,  9.60007052e-03,
        -8.26354197e-01,  4.27176035e-01,  2.63780882e-01,
        -2.37817546e-01,  5.38572013e-01, -4.32151747e-01,
        -5.55071743e-01,  4.16674463e-01, -4.25902569e-01,
        -3.59969389e-01, -2.05093918e-02,  6.51984070e-01,
         3.76739133e-01,  1.85321455e-01, -5.01929801e-01,
        -2.07528067e-01, -1.28607889e-01, -1.27893905e-02,
         7.45494356e-02, -2.17946715e-01, -8.65453106e-02,
         2.17450086e-01, -2.96302055e-01, -2.39083215e-01,
         1.10685935e-01, -3.48261731e-01,  2.15864452e-01,
        -8.22354197e-01, -2.00625350e-02,  7.44786203e-01,
        -5.07667504e-02, -5.89483368e-01, -3.26476286e-01,
         1.59691657e+00, -8.39354197e-01, -9.16305293e-02,
        -4.77667504e-02,  2.71208905e-01, -4.06606185e-01,
        -1.79955226e-02, -1.17401757e-01,  6.91956917e-01,
        -8.29354197e-01,  6.90956917e-01, -8.19354197e-01,
        -8.81120947e-01,  7.40723668e-01, -1.75231385e+00,
         1.60491657e+00, -1.36397280e-01],
       [-8.55872170e-02,  4.28199358e-01, -4.35853738e-01,
         2.19331703e-01, -2.43378902e-01, -1.31272074e-01,
         1.23090754e-01, -3.76556925e-01,  2.23086809e-01,
        -8.28194175e-01,  4.00392595e-01,  2.56331464e-01,
        -4.26215717e-01,  6.87003415e-01, -4.27257814e-01,
        -1.76000988e-01,  1.65308724e-02, -2.40230408e-01,
        -3.50814008e-01, -1.10868602e-01,  5.40442901e-01,
         5.50675106e-01,  8.40932395e-03, -4.94119494e-01,
        -2.00435052e-01, -1.62394481e-01,  6.92436534e-03,
        -1.22295935e-01, -3.91741807e-02, -8.94925914e-02,
        -1.66706391e-01,  1.15728866e-01, -5.97919216e-01,
         4.45449100e-01,  2.55731643e-02, -1.75043280e-01,
        -8.23194175e-01, -2.00835073e-01,  7.36846790e-01,
         1.17712342e-01, -6.40972038e-01, -2.88689825e-01,
         1.58038592e+00, -8.11194175e-01, -2.73182458e-01,
         1.12712342e-01,  2.44469233e-01, -3.96939349e-01,
         2.94004736e-01, -4.45474852e-01,  6.73724059e-01,
        -8.21194175e-01,  6.66724059e-01, -8.26194175e-01,
        -6.98481833e-01,  5.51011717e-01, -1.73385604e+00,
         1.58338592e+00, -1.51470116e-01],
       [-1.21796578e-01,  4.37563088e-01, -2.73637174e-01,
         4.30678709e-01, -4.68086747e-01, -1.46575315e-01,
        -1.66716974e-02, -5.37821638e-01,  3.48295924e-01,
        -7.96884934e-01,  3.97815321e-01,  2.19543899e-01,
        -2.60278903e-01,  5.08754066e-01, -4.12000877e-01,
        -3.33034182e-01,  1.54508468e-01, -2.71169182e-01,
        -5.54961020e-02,  1.82258500e-01, -3.31189300e-02,
         2.44023857e-01,  2.63400133e-01, -4.91096575e-01,
        -1.97853129e-01,  3.35044555e-02, -1.94030169e-01,
        -1.56565088e-02, -1.72869205e-01, -5.44757202e-03,
        -3.49642212e-01,  1.76564070e-01, -3.97722989e-01,
         2.12197275e-01, -1.39940594e-01, -4.75851204e-02,
        -8.03884934e-01, -2.69170194e-02,  7.55265907e-01,
        -8.89896680e-02, -4.94227026e-01, -4.66679245e-01,
         1.58626549e+00, -8.04884934e-01, -9.15360460e-02,
        -9.19896680e-02,  2.78976862e-01, -4.52502576e-01,
         5.27591468e-02, -2.36284861e-01,  6.31359220e-01,
        -8.05884934e-01,  6.15359220e-01, -7.98884934e-01,
        -8.92874602e-01,  7.09348888e-01, -1.75779121e+00,
         1.57826549e+00, -1.87525714e-01],
       [-1.49772030e-01,  4.37470252e-01, -2.21372425e-01,
         4.29782135e-01, -4.79613534e-01, -1.40542909e-01,
        -5.01438397e-02, -5.66949677e-01,  3.90757325e-01,
        -7.90733415e-01,  3.98231722e-01,  2.20309342e-01,
        -2.40818754e-01,  4.85104643e-01, -4.20478240e-01,
        -3.16543712e-01,  1.46351360e-01, -2.65219304e-01,
        -3.36288343e-02,  2.86208276e-01, -1.50552489e-01,
         2.13402619e-01,  2.80176539e-01, -4.76839569e-01,
        -1.84931941e-01,  1.06705743e-01, -2.93898094e-01,
         2.76587743e-02, -1.99851126e-01,  8.48876142e-03,
        -4.13511414e-01,  2.34830301e-01, -3.65095172e-01,
         1.83902820e-01, -1.25548138e-01, -5.86442130e-02,
        -8.07733415e-01, -2.83812506e-02,  7.37046754e-01,
        -1.03124439e-01, -4.73965147e-01, -4.70718070e-01,
         1.59422428e+00, -7.93733415e-01, -8.10679122e-02,
        -1.04124439e-01,  2.69618558e-01, -4.42810909e-01,
         7.02770685e-03, -1.81220058e-01,  6.28541064e-01,
        -8.03733415e-01,  6.16541064e-01, -8.01733415e-01,
        -9.07857854e-01,  7.31665503e-01, -1.76341663e+00,
         1.59522428e+00, -1.73192352e-01],
       [ 1.00000000e-03, -9.00000000e-03, -1.00000000e-03,
        -6.00000000e-03, -1.00000000e-02,  4.00000000e-03,
         1.00000000e-03, -1.00000000e-03,  1.00000000e-02,
         4.00000000e-03,  2.00000000e-03, -4.00000000e-03,
         9.00000000e-03, -1.00000000e-02, -2.00000000e-03,
        -5.00000000e-03, -8.00000000e-03,  1.00000000e-03,
        -7.00000000e-03,  4.00000000e-03,  5.00000000e-03,
         1.00000000e-03,  5.00000000e-03,  3.00000000e-03,
         8.00000000e-03, -5.00000000e-03,  2.00000000e-03,
         7.00000000e-03,  0.00000000e+00, -9.00000000e-03,
         8.00000000e-03,  5.00000000e-03,  8.00000000e-03,
         3.00000000e-03,  4.00000000e-03,  0.00000000e+00,
        -3.00000000e-03,  6.00000000e-03,  7.00000000e-03,
        -3.00000000e-03,  2.00000000e-03, -1.00000000e-02,
        -9.00000000e-03, -4.00000000e-03, -1.00000000e-03,
         1.00000000e-03, -1.00000000e-03,  5.00000000e-03,
        -2.00000000e-03,  4.00000000e-03,  1.00000000e-02,
        -5.00000000e-03,  5.00000000e-03, -8.00000000e-03,
        -3.00000000e-03,  3.00000000e-03,  5.00000000e-03,
        -1.00000000e-02,  7.00000000e-03]]), 'deltas': array([[-4.78069074e-05],
       [-1.21249205e-04],
       [-2.24452981e-05],
       [-1.73381086e-05],
       [-0.00000000e+00]]), 'outputs': array([[0.10794116],
       [0.57607218],
       [0.0474605 ],
       [0.03623433],
       [1.        ]]), 'errors': -0.0004964895103251998}, {'weights': array([[ 1.43743444, 12.30626022, -7.02371011, -8.46338545, -1.61133111],
       [-9.37175593, -9.03393512, -8.02931739, -8.05411318,  2.07833691],
       [ 3.80492878, -9.78225064,  1.07618113,  3.12407361, -0.43830796],
       [ 2.44594958,  2.57742303,  2.62238342,  2.62884824, -5.69379765]]), 'deltas': array([[ 4.51085051e-05],
       [-6.47490957e-05],
       [-1.65447034e-05],
       [-5.41415446e-04]]), 'outputs': array([[0.99326097],
       [0.00807939],
       [0.00407583],
       [0.02354722]]), 'errors': array([[ 0.00673903],
       [-0.00807939],
       [-0.00407583],
       [-0.02354722]])}]
Accuracy: 90.0 %

Feedforward Neural Network AVG Accuracy (%): 83.11111111111111 %
