Namespace(max_epochs=100, num_layers=2, num_nodes_per_hidden_layer=10, training_rate=0.5)

train_data group 0 length:  349
   0   1   2   3   4   5   6   7   8  ...  40  41  42  43  44  45  46  47  48
0   1   0   0   0   1   0   1   0   0 ...   1   0   1   0   0   0   1   0   0
1   1   0   0   0   0   1   1   0   0 ...   1   0   1   0   0   0   1   0   0
2   1   0   0   0   1   0   1   0   0 ...   1   0   1   0   0   0   1   0   0
3   1   0   0   0   1   0   1   0   0 ...   1   0   1   0   0   1   0   0   0
4   1   0   0   1   0   0   1   0   0 ...   1   0   1   0   0   1   0   0   0

[5 rows x 49 columns]
Initial Neural Network:
[{'weights': array([[-0.005, -0.001,  0.006, -0.008, -0.003,  0.003, -0.001, -0.004,
         0.   ,  0.005,  0.001, -0.001,  0.003, -0.003,  0.01 ,  0.006,
        -0.001, -0.005,  0.002, -0.009, -0.001,  0.004,  0.008, -0.004,
         0.004, -0.002, -0.004, -0.002,  0.01 , -0.009, -0.01 , -0.009,
        -0.004, -0.01 , -0.007, -0.004,  0.009,  0.009, -0.001,  0.008,
         0.004, -0.007,  0.006,  0.002, -0.007, -0.001, -0.006,  0.005],
       [-0.005,  0.005,  0.   ,  0.009, -0.006,  0.   , -0.008, -0.006,
         0.006, -0.002,  0.008,  0.01 ,  0.002, -0.002,  0.009,  0.01 ,
        -0.003,  0.003, -0.004,  0.01 ,  0.004, -0.007,  0.003,  0.   ,
        -0.001,  0.   , -0.001,  0.006,  0.006,  0.01 ,  0.008, -0.003,
         0.001, -0.008,  0.009,  0.006, -0.008,  0.007,  0.003, -0.002,
        -0.001,  0.01 , -0.008, -0.005,  0.   , -0.008,  0.004, -0.006],
       [ 0.009,  0.005,  0.001, -0.01 ,  0.003, -0.007,  0.006,  0.01 ,
         0.008, -0.006,  0.006,  0.009, -0.008, -0.009, -0.006,  0.005,
        -0.002, -0.008, -0.01 ,  0.008, -0.002, -0.003,  0.006, -0.008,
        -0.005, -0.006,  0.   ,  0.006,  0.004,  0.01 ,  0.001,  0.01 ,
         0.009, -0.01 , -0.007, -0.005,  0.009,  0.004,  0.005,  0.009,
        -0.002, -0.008,  0.001, -0.009,  0.009,  0.003,  0.007,  0.003],
       [ 0.003,  0.004,  0.007,  0.008,  0.008, -0.01 ,  0.01 ,  0.009,
         0.002, -0.009, -0.006, -0.008,  0.004,  0.004, -0.009, -0.005,
         0.   , -0.004, -0.005,  0.001, -0.007, -0.003,  0.007, -0.001,
        -0.007,  0.002,  0.007,  0.007,  0.004, -0.009, -0.006, -0.004,
         0.005, -0.003, -0.003,  0.007,  0.004, -0.008, -0.008,  0.   ,
        -0.009, -0.007,  0.01 , -0.004, -0.001,  0.004, -0.005, -0.003],
       [-0.008,  0.006,  0.01 ,  0.006,  0.009,  0.004, -0.002,  0.007,
         0.   , -0.001, -0.007,  0.004, -0.009,  0.01 ,  0.008,  0.005,
        -0.001, -0.01 ,  0.003, -0.001,  0.002,  0.009,  0.009,  0.008,
        -0.006,  0.005,  0.006,  0.008,  0.   , -0.007,  0.001,  0.004,
        -0.001,  0.008,  0.008,  0.004, -0.005, -0.005, -0.001,  0.003,
        -0.003,  0.002,  0.   ,  0.007, -0.002,  0.006, -0.004, -0.001],
       [ 0.01 ,  0.004,  0.004, -0.001, -0.004,  0.005, -0.005, -0.008,
        -0.005, -0.003, -0.008,  0.006,  0.01 ,  0.009,  0.006, -0.005,
         0.01 , -0.007,  0.004, -0.006,  0.007, -0.004,  0.001,  0.008,
         0.01 ,  0.001, -0.007, -0.008, -0.008,  0.   , -0.01 ,  0.002,
        -0.004,  0.002, -0.006,  0.008, -0.01 ,  0.008,  0.007,  0.008,
        -0.003, -0.004,  0.01 ,  0.003,  0.006,  0.01 ,  0.   ,  0.006],
       [ 0.005, -0.001,  0.001, -0.002, -0.005, -0.008, -0.001,  0.003,
         0.009,  0.005, -0.001, -0.008, -0.005,  0.009, -0.001, -0.005,
        -0.005,  0.008, -0.009, -0.003,  0.009, -0.009, -0.003, -0.006,
        -0.004,  0.003, -0.009, -0.006, -0.003,  0.003, -0.004,  0.006,
         0.002, -0.006,  0.004, -0.005, -0.001, -0.008,  0.005,  0.005,
        -0.005, -0.01 , -0.004, -0.007,  0.01 ,  0.003,  0.01 , -0.008],
       [ 0.005,  0.004,  0.007, -0.004,  0.001, -0.005,  0.01 , -0.001,
        -0.003,  0.004,  0.008, -0.005,  0.007, -0.002,  0.001, -0.008,
         0.   , -0.001,  0.009,  0.003, -0.004, -0.005, -0.01 ,  0.009,
        -0.01 , -0.006, -0.001, -0.003, -0.006,  0.007, -0.003, -0.002,
         0.007,  0.005, -0.009, -0.008,  0.006,  0.002,  0.002,  0.006,
         0.009,  0.007, -0.001, -0.002,  0.005, -0.001, -0.002,  0.002],
       [ 0.009, -0.003, -0.01 ,  0.008,  0.004,  0.007, -0.002, -0.005,
        -0.006,  0.005,  0.004,  0.005,  0.   ,  0.006, -0.002, -0.002,
         0.006,  0.003, -0.01 ,  0.008,  0.007,  0.002,  0.01 , -0.007,
        -0.004,  0.   ,  0.01 , -0.009, -0.001,  0.006,  0.   , -0.003,
        -0.003, -0.001,  0.009,  0.   , -0.004, -0.003,  0.002,  0.008,
         0.01 , -0.004, -0.007, -0.002,  0.006, -0.007, -0.003, -0.001],
       [ 0.004, -0.01 , -0.009, -0.003,  0.007,  0.009, -0.007, -0.003,
        -0.002,  0.001, -0.004, -0.001, -0.008, -0.009,  0.01 , -0.01 ,
         0.004,  0.007, -0.007, -0.002, -0.002,  0.006,  0.004, -0.008,
         0.001,  0.004, -0.006,  0.002, -0.009,  0.001,  0.01 , -0.006,
        -0.009, -0.008,  0.005, -0.002, -0.001, -0.008, -0.002,  0.006,
        -0.005, -0.007,  0.002,  0.005,  0.002, -0.007,  0.009,  0.009]]), 'deltas': array([[0.],
       [0.],
       [0.],
       [0.],
       [0.],
       [0.],
       [0.],
       [0.],
       [0.],
       [0.]]), 'outputs': array([[0.],
       [0.],
       [0.],
       [0.],
       [0.],
       [0.],
       [0.],
       [0.],
       [0.],
       [0.]]), 'errors': array([[0.],
       [0.],
       [0.],
       [0.],
       [0.],
       [0.],
       [0.],
       [0.],
       [0.],
       [0.]])}, {'weights': array([[-0.007, -0.007,  0.008, -0.007, -0.008,  0.002, -0.008,  0.004,
        -0.008,  0.005],
       [-0.009, -0.003, -0.007, -0.005, -0.008,  0.004, -0.003, -0.001,
        -0.004, -0.002]]), 'deltas': array([[0.],
       [0.]]), 'outputs': array([[0.],
       [0.]]), 'errors': array([[0.],
       [0.]])}]
Training complete!
Training done. epoch: 100 , total error: 0.250000687767586
[{'weights': array([[-2.55867750e+00,  2.14490823e+00, -9.33911960e-01,
        -1.05677891e+00, -8.40894443e-01,  5.41992117e-01,
         2.87301736e+00, -3.98370415e+00, -2.41994436e-01,
        -5.45852048e+00,  4.97104913e+00, -8.55209893e-01,
        -1.86213949e+00,  9.99683105e-01, -4.75224845e-01,
        -7.14770688e-01, -3.61751176e-01, -2.71159370e-01,
        -9.35872693e-01, -9.63241437e-02, -3.23484397e-01,
        -1.42192002e+00, -9.04866495e-01,  9.87105283e-01,
         4.04049196e-01, -3.02846938e+00,  1.27473895e+00,
        -2.78424654e+00,  1.55056179e+00, -1.14996486e-01,
         1.68975639e+00, -2.40242498e+00, -6.58012642e-01,
        -1.87379616e+00, -1.00632682e+00,  1.51144175e+00,
        -1.79770985e+00,  6.38263182e-01, -1.71234570e-01,
        -9.62605820e-01, -1.48053577e-01, -2.32021837e-01,
        -5.77495152e-01, -8.12705614e-01,  4.35195322e-02,
        -2.92742760e-01,  1.91764824e-01, -1.24870330e+00],
       [-3.71231267e-01,  1.58012642e-01, -1.00817270e+00,
         1.38999066e-01, -1.93660527e+00,  5.79214876e-01,
         1.62727832e+00, -2.66848521e+00, -1.88184431e-01,
        -6.02227244e+00,  5.79744402e+00, -9.80562914e-01,
        -2.07084572e+00,  1.49151432e+00, -6.33059922e-01,
        -6.33178163e-01, -3.40768099e-01, -2.37445065e-01,
        -1.24340443e+00,  4.02344112e-01, -3.70331007e-01,
        -1.79853565e+00, -5.83373096e-01,  1.15651742e+00,
         4.26471035e-01, -3.21545548e+00,  1.56559312e+00,
        -1.96707145e+00,  8.25501468e-01, -5.78213397e-02,
         2.26986808e+00, -2.54511900e+00, -9.40140414e-01,
        -2.05661829e+00, -1.86134330e+00,  2.70357026e+00,
        -3.90274155e-01, -8.96372798e-01,  6.72556259e-02,
        -1.34104521e+00,  3.40197745e-01, -2.13543861e-01,
        -1.27281503e+00,  2.28729620e-01, -1.90305915e-01,
        -2.06899672e+00,  2.46860744e+00, -1.63100205e+00],
       [-1.76494579e-01, -3.38897235e-02, -1.00572901e+00,
        -1.63115904e-02, -1.79527210e+00,  5.66470376e-01,
         1.43351045e+00, -2.46401749e+00, -1.76606274e-01,
        -6.10405285e+00,  5.91149132e+00, -1.02955179e+00,
        -2.28470737e+00,  1.65457925e+00, -6.23985199e-01,
        -7.56324701e-01, -2.37537659e-01, -2.42250954e-01,
        -1.54952619e+00,  6.16721062e-01, -3.02308189e-01,
        -1.99636185e+00, -3.81829217e-01,  1.14207775e+00,
         1.04204414e-01, -2.86797617e+00,  1.52165844e+00,
        -1.97709848e+00,  8.09857965e-01, -4.38728007e-02,
         2.37780609e+00, -2.62383890e+00, -9.65080499e-01,
        -2.13759281e+00, -1.66022662e+00,  2.54470612e+00,
        -4.35417640e-01, -8.40882924e-01,  6.31872495e-02,
        -1.32407034e+00,  3.36880168e-01, -2.44923140e-01,
        -1.11524345e+00,  9.93253095e-02, -2.14195173e-01,
        -1.86279334e+00,  2.50299630e+00, -1.85831628e+00],
       [-7.35818445e-01,  4.77358637e-01, -9.60012069e-01,
        -1.84484718e-01, -1.52565344e+00,  4.83666284e-01,
         1.00893709e+00, -2.00845955e+00, -2.11949419e-01,
        -6.09554026e+00,  5.94716160e+00, -1.10709322e+00,
        -2.12239080e+00,  1.46968822e+00, -5.80769303e-01,
        -5.56479762e-01, -4.55303579e-01, -2.29688537e-01,
        -1.77490096e+00,  7.61179281e-01, -2.29750198e-01,
        -2.19422235e+00, -2.24065210e-01,  1.18881568e+00,
        -2.76130698e-01, -2.24556399e+00,  1.29122281e+00,
        -2.88842967e+00,  1.73277453e+00, -7.48167367e-02,
         2.37406243e+00, -2.66303923e+00, -9.48495077e-01,
        -1.66534912e+00, -9.61160470e-01,  1.39503771e+00,
        -9.42781216e-01, -3.11599752e-01,  9.90908956e-03,
        -1.26141202e+00,  2.02635633e-01, -1.89695496e-01,
        -2.61224639e-01, -6.27168481e-01, -3.39078759e-01,
        -8.98280428e-01,  1.55343635e+00, -1.89162780e+00],
       [-2.24743097e+00,  1.93594752e+00, -9.64066225e-01,
        -4.33777611e-01, -1.38100092e+00,  5.50228855e-01,
         2.41807553e+00, -3.45817742e+00, -2.38447784e-01,
        -5.62340422e+00,  5.24505801e+00, -9.09203476e-01,
        -1.93907171e+00,  1.16664328e+00, -5.02121244e-01,
        -7.07859762e-01, -3.16867837e-01, -2.64822079e-01,
        -1.03381675e+00,  7.95896127e-02, -3.25322539e-01,
        -1.63460800e+00, -6.82279721e-01,  1.05933805e+00,
         2.65865706e-01, -2.86166955e+00,  1.31725417e+00,
        -2.88116904e+00,  1.70641007e+00, -1.07790708e-01,
         2.03339764e+00, -2.58310847e+00, -7.29838848e-01,
        -1.87273456e+00, -9.51424822e-01,  1.56060970e+00,
        -1.53078984e+00,  3.54564624e-01, -1.18324459e-01,
        -1.05480166e+00,  3.75290887e-03, -2.30500928e-01,
        -4.99404573e-01, -6.87188625e-01, -9.19564796e-02,
        -6.61048889e-01,  6.97474709e-01, -1.31897550e+00],
       [-2.14382136e+00,  1.46562702e+00, -8.92006721e-01,
        -3.94043894e+00,  1.75439255e+00,  5.97845330e-01,
         3.71877717e+00, -5.14457954e+00, -1.80398696e-01,
        -5.87915644e+00,  4.99256483e+00, -7.06609460e-01,
        -1.83169729e+00,  6.64138591e-01, -3.95642363e-01,
        -7.65530900e-01, -5.62991336e-01, -2.61678831e-01,
        -1.15999188e+00, -2.19900980e-01, -2.03308205e-01,
        -1.49996137e+00, -1.15030651e+00,  1.06706681e+00,
         5.02139243e-01, -3.62870210e+00,  1.54236179e+00,
        -2.03758607e+00,  4.67109893e-01, -3.37248867e-02,
         1.15348359e+00, -2.26202804e+00, -4.91656623e-01,
        -1.85572192e+00, -1.20213697e+00,  1.47365782e+00,
        -3.38954221e+00,  1.86958207e+00, -6.32409248e-02,
        -8.94126754e-01, -5.03237468e-01, -1.89836844e-01,
        -8.18161802e-01, -9.75229384e-01,  2.24190119e-01,
         1.26909848e+00, -1.13493038e+00, -1.70636917e+00],
       [-1.04251597e+00,  4.62798164e-01, -9.43307692e-01,
        -9.49670528e-01, -8.75668450e-01,  2.82313481e-01,
        -7.85719805e-01, -4.82290858e-01, -2.49014835e-01,
        -6.64823308e+00,  6.44596300e+00, -1.32975542e+00,
        -1.93667015e+00,  1.05158578e+00, -6.39941120e-01,
        -6.44383751e-02, -1.22670172e+00, -2.38885407e-01,
        -2.25742415e+00,  9.09226002e-01, -1.82827353e-01,
        -2.34994881e+00, -2.73520744e-01,  1.07744405e+00,
        -8.92442125e-01, -1.61311245e+00,  9.67529076e-01,
        -4.31032995e+00,  2.85752062e+00, -8.12161638e-02,
         1.71595372e+00, -2.10714971e+00, -1.13282951e+00,
        -1.24643838e+00, -9.53096779e-01,  6.64509658e-01,
        -9.92449462e-01, -4.69332997e-01, -7.02430390e-02,
        -1.48432964e+00,  2.63770729e-01, -3.17466590e-01,
         2.73168839e-01, -1.30275500e+00, -4.99439337e-01,
        -3.32180760e-01,  1.03430495e+00, -2.22514968e+00],
       [-5.53012492e-01,  3.78291685e-01, -1.01633952e+00,
         7.98990394e-02, -1.87741702e+00,  5.82457653e-01,
         1.77149172e+00, -2.76172675e+00, -2.10825299e-01,
        -5.96769244e+00,  5.77097052e+00, -1.00333840e+00,
        -2.06981487e+00,  1.48810493e+00, -6.19350383e-01,
        -6.74634533e-01, -2.95251933e-01, -2.46173862e-01,
        -1.21055922e+00,  3.94722695e-01, -3.83223804e-01,
        -1.78389694e+00, -6.10303529e-01,  1.18114014e+00,
         4.33187357e-01, -3.15923212e+00,  1.50198443e+00,
        -2.09014737e+00,  9.53290458e-01, -7.22034160e-02,
         2.34300980e+00, -2.63150511e+00, -9.16565025e-01,
        -2.01391994e+00, -1.82312396e+00,  2.61798358e+00,
        -4.98256059e-01, -7.69429043e-01,  7.06247748e-02,
        -1.29272516e+00,  3.13417201e-01, -2.05752368e-01,
        -1.22736921e+00,  2.09395094e-01, -1.87086217e-01,
        -1.93391560e+00,  2.30384584e+00, -1.57799056e+00],
       [-1.58105614e-01, -6.77567448e-02, -1.00922847e+00,
         5.74298732e-02, -1.84871809e+00,  5.79197386e-01,
         1.41460679e+00, -2.47508523e+00, -1.83612382e-01,
        -6.10535939e+00,  5.89318231e+00, -1.00491375e+00,
        -2.21416352e+00,  1.61655758e+00, -6.29484880e-01,
        -7.10504498e-01, -2.82832485e-01, -2.30753842e-01,
        -1.47889414e+00,  5.69168300e-01, -3.16364987e-01,
        -1.95947255e+00, -4.03923587e-01,  1.13730531e+00,
         1.82870657e-01, -2.98441262e+00,  1.57645114e+00,
        -1.92053053e+00,  7.29049593e-01, -4.36098893e-02,
         2.30967512e+00, -2.58095002e+00, -9.65815927e-01,
        -2.14235336e+00, -1.71076033e+00,  2.63002287e+00,
        -3.89216847e-01, -9.07719575e-01,  6.08455957e-02,
        -1.34473805e+00,  3.68716902e-01, -2.41069681e-01,
        -1.17442278e+00,  1.47286210e-01, -2.06954260e-01,
        -1.98710290e+00,  2.56200171e+00, -1.81698963e+00],
       [-2.25326622e+00,  1.87183635e+00, -9.76798640e-01,
        -1.57870220e+00, -3.60060584e-01,  6.08534280e-01,
         3.12774307e+00, -4.26485326e+00, -2.18118323e-01,
        -5.44359852e+00,  4.91869915e+00, -8.22329135e-01,
        -1.86990398e+00,  9.73985563e-01, -4.54310089e-01,
        -7.52218956e-01, -3.37814421e-01, -2.52195129e-01,
        -9.66782997e-01, -8.45345690e-02, -3.02910941e-01,
        -1.35522717e+00, -9.94278111e-01,  1.00827677e+00,
         5.28815168e-01, -3.33479541e+00,  1.46175174e+00,
        -2.55944977e+00,  1.29679427e+00, -8.65730129e-02,
         1.52530350e+00, -2.24072944e+00, -6.32802571e-01,
        -1.84456556e+00, -1.17655244e+00,  1.67288950e+00,
        -1.94642407e+00,  7.09024876e-01, -1.16829316e-01,
        -9.39138506e-01, -1.56248485e-01, -2.53841516e-01,
        -6.88023485e-01, -7.77531304e-01,  1.31326283e-01,
        -2.90612645e-01,  1.83136993e-01, -1.22475286e+00]]), 'deltas': array([[-5.27327823e-08],
       [-3.15837701e-08],
       [-4.02828977e-08],
       [-5.06379989e-07],
       [-1.21758447e-07],
       [-6.87434421e-10],
       [-4.22018849e-06],
       [-5.06564728e-08],
       [-3.16050766e-08],
       [-2.17347345e-08]]), 'outputs': array([[1.94314707e-08],
       [1.16382840e-08],
       [1.48438203e-08],
       [1.86595684e-07],
       [4.48666969e-08],
       [2.53312285e-10],
       [1.55509706e-06],
       [1.86663727e-08],
       [1.16461352e-08],
       [8.00901895e-09]]), 'errors': -2.7137824072509673}, {'weights': array([[ 0.9667956 ,  1.09151429,  1.05657814,  0.96155897,  0.90096945,
         1.23277231,  1.57084326,  1.01724714,  1.07950744,  0.97526425],
       [-0.97723657, -1.09578248, -1.04918766, -0.96586581, -0.91072971,
        -1.22493249, -1.57205094, -1.00844668, -1.08535121, -0.96759475]]), 'deltas': array([[-0.12500017],
       [ 0.12500017]]), 'outputs': array([[0.50000069],
       [0.49999931]]), 'errors': array([[-0.50000069],
       [ 0.50000069]])}]
target: 0 prediction: 0
target: 0 prediction: 0
target: 0 prediction: 0
target: 0 prediction: 0
target: 0 prediction: 0
target: 0 prediction: 0
target: 0 prediction: 0
target: 0 prediction: 0
target: 0 prediction: 0
target: 0 prediction: 0
target: 0 prediction: 0
target: 0 prediction: 0
target: 0 prediction: 0
target: 0 prediction: 0
target: 0 prediction: 0
target: 0 prediction: 0
target: 0 prediction: 0
target: 0 prediction: 0
target: 0 prediction: 0
target: 0 prediction: 0
target: 0 prediction: 0
target: 0 prediction: 0
target: 0 prediction: 0
target: 0 prediction: 0
target: 0 prediction: 0
target: 0 prediction: 0
target: 0 prediction: 0
target: 0 prediction: 0
target: 0 prediction: 0
target: 0 prediction: 0
target: 0 prediction: 0
target: 0 prediction: 0
target: 0 prediction: 0
target: 1 prediction: 0
target: 1 prediction: 0
target: 1 prediction: 0
target: 1 prediction: 0
target: 1 prediction: 0
target: 1 prediction: 0
target: 1 prediction: 0
target: 1 prediction: 0
target: 1 prediction: 0
target: 1 prediction: 0
target: 1 prediction: 0
target: 1 prediction: 0
target: 1 prediction: 0
target: 1 prediction: 0
target: 1 prediction: 0
target: 1 prediction: 0
target: 1 prediction: 0
target: 1 prediction: 0
target: 1 prediction: 0
target: 1 prediction: 0
target: 1 prediction: 0
target: 1 prediction: 0
target: 1 prediction: 0
target: 1 prediction: 0
target: 1 prediction: 0
target: 1 prediction: 0
target: 1 prediction: 0
target: 1 prediction: 0
target: 1 prediction: 0
target: 1 prediction: 0
target: 1 prediction: 0
target: 1 prediction: 0
target: 1 prediction: 0
target: 1 prediction: 0
target: 1 prediction: 0
target: 1 prediction: 0
target: 1 prediction: 0
target: 1 prediction: 0
target: 1 prediction: 0
target: 1 prediction: 0
target: 1 prediction: 0
target: 1 prediction: 0
target: 1 prediction: 0
target: 1 prediction: 0
target: 1 prediction: 0
target: 1 prediction: 0
target: 1 prediction: 0
target: 1 prediction: 0
target: 1 prediction: 0
target: 1 prediction: 0
target: 1 prediction: 0
target: 1 prediction: 0
target: 1 prediction: 0
Accuracy: 38.372093023255815 %

train_data group 1 length:  348
   0   1   2   3   4   5   6   7   8  ...  40  41  42  43  44  45  46  47  48
0   1   0   0   1   0   0   1   0   0 ...   1   0   1   0   0   0   1   0   0
1   1   0   0   0   1   0   1   0   0 ...   1   0   1   0   0   0   1   0   0
2   1   0   0   0   1   0   1   0   0 ...   1   0   1   0   0   0   1   0   0
3   1   0   0   0   1   0   1   0   0 ...   1   0   1   0   0   1   0   0   0
4   0   1   0   1   0   0   1   0   0 ...   1   0   1   0   0   0   1   0   0

[5 rows x 49 columns]
Initial Neural Network:
[{'weights': array([[-0.007,  0.006, -0.006,  0.01 , -0.01 ,  0.009,  0.003,  0.009,
        -0.009, -0.008,  0.008,  0.006, -0.009,  0.004, -0.003, -0.001,
         0.002,  0.008,  0.008, -0.003,  0.004,  0.007, -0.005,  0.008,
         0.005, -0.002, -0.008, -0.003, -0.001, -0.004,  0.005, -0.005,
         0.01 ,  0.   ,  0.004, -0.002,  0.005,  0.001, -0.003, -0.005,
        -0.006, -0.005, -0.003,  0.002, -0.01 ,  0.01 , -0.003,  0.006],
       [-0.01 ,  0.   ,  0.007, -0.005,  0.01 ,  0.003,  0.01 , -0.002,
         0.01 ,  0.001,  0.006,  0.006,  0.002,  0.007,  0.007, -0.01 ,
         0.006, -0.01 ,  0.001, -0.001, -0.007,  0.   ,  0.007,  0.004,
        -0.004, -0.006,  0.002,  0.006, -0.009,  0.003,  0.01 ,  0.001,
        -0.002,  0.001,  0.008,  0.01 ,  0.007, -0.009,  0.006,  0.001,
         0.008, -0.002,  0.006, -0.007,  0.002, -0.006, -0.003, -0.008],
       [ 0.009, -0.007, -0.006, -0.01 , -0.006,  0.007, -0.007, -0.007,
         0.001,  0.008, -0.005,  0.006, -0.001,  0.001, -0.006,  0.001,
        -0.002, -0.01 ,  0.   , -0.005,  0.   , -0.01 ,  0.001,  0.001,
         0.003, -0.01 , -0.001, -0.005,  0.007,  0.01 ,  0.001,  0.008,
        -0.004,  0.003, -0.009,  0.007, -0.004,  0.009,  0.004, -0.008,
         0.001,  0.008, -0.004,  0.008, -0.004, -0.009,  0.008, -0.004],
       [ 0.009, -0.002,  0.006, -0.005,  0.008,  0.   ,  0.001, -0.009,
        -0.005, -0.009, -0.001,  0.004, -0.009, -0.01 ,  0.001,  0.005,
        -0.002, -0.001,  0.006,  0.009,  0.003,  0.006, -0.007,  0.01 ,
         0.004, -0.002, -0.01 ,  0.   ,  0.003, -0.004,  0.001, -0.005,
        -0.005,  0.009, -0.006,  0.005, -0.008, -0.01 ,  0.003, -0.007,
         0.009, -0.001, -0.003, -0.003, -0.01 ,  0.   ,  0.006, -0.006],
       [ 0.   ,  0.002,  0.008, -0.002, -0.008, -0.008, -0.007,  0.001,
        -0.003, -0.006,  0.009, -0.009, -0.009, -0.008, -0.001,  0.009,
         0.   ,  0.009, -0.005, -0.002, -0.006,  0.001,  0.005,  0.007,
         0.009, -0.006, -0.008, -0.004, -0.001,  0.006,  0.   , -0.01 ,
        -0.004,  0.004,  0.002,  0.   , -0.007,  0.002,  0.009,  0.009,
         0.003, -0.004, -0.01 ,  0.007, -0.005, -0.001,  0.004,  0.01 ],
       [-0.001,  0.007, -0.001, -0.006,  0.005,  0.008, -0.002,  0.004,
         0.002, -0.005, -0.005, -0.007,  0.   ,  0.004,  0.008, -0.009,
        -0.003,  0.008, -0.005,  0.002,  0.009,  0.005,  0.003,  0.008,
         0.001,  0.002, -0.003,  0.004, -0.005, -0.004,  0.001, -0.008,
        -0.01 ,  0.003,  0.   , -0.009,  0.005, -0.001,  0.   ,  0.   ,
        -0.009, -0.006, -0.002, -0.001, -0.006,  0.001,  0.006, -0.01 ],
       [ 0.004, -0.005, -0.006, -0.007,  0.008,  0.006,  0.004,  0.002,
         0.004,  0.005, -0.004, -0.008,  0.003, -0.003, -0.002, -0.009,
         0.01 , -0.009, -0.009, -0.003, -0.007, -0.002,  0.008, -0.004,
         0.003,  0.01 , -0.009, -0.006,  0.005,  0.01 , -0.01 ,  0.008,
         0.009,  0.003, -0.007, -0.007, -0.004,  0.   ,  0.004, -0.006,
        -0.004,  0.004,  0.007, -0.003, -0.002,  0.009,  0.003, -0.004],
       [ 0.003,  0.009, -0.002,  0.009,  0.004,  0.006, -0.009,  0.004,
        -0.009, -0.002,  0.007, -0.005, -0.01 ,  0.006,  0.01 ,  0.007,
         0.007,  0.007, -0.008,  0.008, -0.003,  0.003,  0.006, -0.002,
         0.004, -0.005, -0.002, -0.006, -0.008,  0.   ,  0.001, -0.006,
        -0.001,  0.004, -0.01 ,  0.01 , -0.007,  0.008, -0.001, -0.003,
        -0.003,  0.   , -0.008, -0.006, -0.01 ,  0.002, -0.004,  0.005],
       [ 0.   , -0.005, -0.01 ,  0.003, -0.003,  0.003, -0.005,  0.008,
        -0.006,  0.007, -0.008,  0.01 , -0.006, -0.001,  0.004,  0.002,
        -0.003,  0.005,  0.   , -0.001, -0.002, -0.003, -0.003, -0.01 ,
        -0.001, -0.005,  0.006, -0.006,  0.004, -0.008, -0.004, -0.006,
        -0.01 ,  0.006,  0.005, -0.004, -0.003,  0.001, -0.007, -0.005,
         0.008, -0.01 , -0.002,  0.001,  0.007,  0.   , -0.007, -0.007],
       [-0.005,  0.005, -0.001,  0.002,  0.007, -0.008,  0.002, -0.002,
        -0.004, -0.002, -0.009,  0.004, -0.003,  0.008, -0.005,  0.   ,
         0.009,  0.002, -0.005,  0.01 ,  0.004, -0.008,  0.002, -0.009,
         0.004,  0.01 ,  0.006, -0.004,  0.002, -0.002, -0.005, -0.004,
         0.002, -0.003,  0.006,  0.001, -0.009,  0.002,  0.001,  0.003,
        -0.009, -0.003,  0.003, -0.007,  0.003,  0.01 ,  0.003,  0.007]]), 'deltas': array([[0.],
       [0.],
       [0.],
       [0.],
       [0.],
       [0.],
       [0.],
       [0.],
       [0.],
       [0.]]), 'outputs': array([[0.],
       [0.],
       [0.],
       [0.],
       [0.],
       [0.],
       [0.],
       [0.],
       [0.],
       [0.]]), 'errors': array([[0.],
       [0.],
       [0.],
       [0.],
       [0.],
       [0.],
       [0.],
       [0.],
       [0.],
       [0.]])}, {'weights': array([[ 0.008,  0.009,  0.005, -0.006, -0.006, -0.002,  0.009,  0.007,
         0.007, -0.009],
       [ 0.001, -0.008,  0.001, -0.003, -0.007, -0.01 ,  0.   ,  0.002,
         0.008,  0.01 ]]), 'deltas': array([[0.],
       [0.]]), 'outputs': array([[0.],
       [0.]]), 'errors': array([[0.],
       [0.]])}]
Training complete!
Training done. epoch: 100 , total error: 0.2500000605010006
[{'weights': array([[-4.07861667e-01, -2.17638744e-01, -5.80195114e-01,
         2.74833054e-03, -1.64205888e+00,  4.49615021e-01,
         1.51522177e+00, -2.36037604e+00, -3.50541261e-01,
        -5.71880815e+00,  5.29705847e+00, -7.70945846e-01,
        -2.00101589e+00,  1.26178807e+00, -4.67467703e-01,
        -6.75859351e-01, -4.09123047e-01, -1.04713126e-01,
        -2.29336575e+00,  1.48525442e+00, -3.81584197e-01,
        -9.67530261e-01, -9.04637039e-01,  6.83471775e-01,
         3.50548360e-01, -2.89990965e+00,  1.34566576e+00,
        -1.87940527e+00,  6.50830773e-01,  2.18789699e-02,
         2.85993570e+00, -3.28032042e+00, -7.68310803e-01,
        -1.46610134e+00, -1.58598466e+00,  1.85539048e+00,
        -9.66010010e-01, -3.33263984e-01,  1.03578470e-01,
        -9.15838548e-01, -1.30199657e-01, -1.68657319e-01,
        -4.97413995e-01, -9.14468758e-01,  2.02187229e-01,
        -1.68910113e+00,  2.37289869e+00, -1.86949308e+00],
       [-1.11545295e-02, -6.13965304e-01, -6.05051721e-01,
         2.08051634e-01, -1.80223758e+00,  3.75014389e-01,
         1.11736380e+00, -2.07037731e+00, -2.56158045e-01,
        -5.58175350e+00,  5.05066394e+00, -6.83082000e-01,
        -1.98039742e+00,  1.20968241e+00, -4.40456549e-01,
        -5.95748035e-01, -5.35337454e-01, -1.10086066e-01,
        -2.50849316e+00,  1.63523321e+00, -3.60911600e-01,
        -1.10317469e+00, -8.05857291e-01,  6.92860424e-01,
         1.55844153e-01, -2.98019659e+00,  1.58918088e+00,
        -1.84118252e+00,  5.65754471e-01,  4.82564928e-02,
         2.75966146e+00, -3.27873044e+00, -6.99102572e-01,
        -1.52361215e+00, -1.39989650e+00,  1.71533709e+00,
        -6.54710483e-01, -6.56897589e-01,  8.84365171e-02,
        -1.04975589e+00,  6.26487524e-02, -2.33064414e-01,
        -3.86208762e-01, -9.40340201e-01,  1.00377408e-01,
        -1.73436349e+00,  2.19558149e+00, -1.70538956e+00],
       [-7.57278257e-01,  2.43811656e-01, -7.12848460e-01,
        -6.96978939e-01, -1.03107933e+00,  4.96743211e-01,
         2.40072564e+00, -3.15499987e+00, -4.81040827e-01,
        -5.49173007e+00,  5.05911763e+00, -7.80702612e-01,
        -1.89459717e+00,  1.13610063e+00, -4.69818522e-01,
        -7.61744891e-01, -3.35081052e-01, -1.36489118e-01,
        -1.94944509e+00,  1.08894612e+00, -3.66816092e-01,
        -6.17257635e-01, -1.24590810e+00,  6.32850676e-01,
         8.61322535e-01, -3.32464879e+00,  1.23301120e+00,
        -1.94284169e+00,  7.16152140e-01,  1.63744937e-02,
         2.40972510e+00, -2.83487834e+00, -7.92161825e-01,
        -1.85369132e+00, -1.73536045e+00,  2.36773671e+00,
        -1.46656054e+00,  1.78829458e-01,  7.44160239e-02,
        -5.04687503e-01, -5.60181663e-01, -1.56445894e-01,
        -1.11709107e+00, -9.45648185e-01,  8.40424198e-01,
        -1.28502602e+00,  2.12733017e+00, -2.06961921e+00],
       [ 7.08566477e-02, -6.86137285e-01, -6.06007147e-01,
         2.53000808e-01, -1.83789510e+00,  3.53606508e-01,
         1.03286298e+00, -2.02492317e+00, -2.55227594e-01,
        -5.56684897e+00,  4.99250592e+00, -6.65944726e-01,
        -1.99853803e+00,  1.18877439e+00, -4.42524137e-01,
        -5.73705951e-01, -5.52428554e-01, -1.06153279e-01,
        -2.54058865e+00,  1.66130601e+00, -3.37005146e-01,
        -1.11496005e+00, -8.10477302e-01,  7.00149563e-01,
         1.29821616e-01, -2.98218036e+00,  1.61007096e+00,
        -1.81545558e+00,  5.37711388e-01,  4.24564033e-02,
         2.72718671e+00, -3.29569264e+00, -6.74781858e-01,
        -1.53235309e+00, -1.37315686e+00,  1.67922216e+00,
        -6.03320420e-01, -7.33215287e-01,  8.72479224e-02,
        -1.09876505e+00,  1.03994268e-01, -2.38517002e-01,
        -3.58870391e-01, -9.52939860e-01,  6.15224666e-02,
        -1.74519064e+00,  2.19654141e+00, -1.68563856e+00],
       [ 8.31581849e-02, -7.04547941e-01, -6.04212716e-01,
         2.80096526e-01, -1.86349260e+00,  3.29793606e-01,
         9.78793220e-01, -1.98303287e+00, -2.40362824e-01,
        -5.54079750e+00,  4.94865749e+00, -6.49462460e-01,
        -1.99655006e+00,  1.18471500e+00, -4.41767417e-01,
        -5.61491804e-01, -5.66055086e-01, -9.00555827e-02,
        -2.57199007e+00,  1.66749465e+00, -3.44107058e-01,
        -1.14674970e+00, -7.81746093e-01,  7.05893318e-01,
         1.03297022e-01, -2.99771235e+00,  1.65381286e+00,
        -1.82270506e+00,  5.29260279e-01,  5.88423085e-02,
         2.70438101e+00, -3.30389774e+00, -6.50085746e-01,
        -1.53877681e+00, -1.31473700e+00,  1.62391134e+00,
        -5.61986538e-01, -7.55218870e-01,  8.56029350e-02,
        -1.10495673e+00,  1.19553501e-01, -2.42199247e-01,
        -3.26805693e-01, -9.53371084e-01,  3.65743036e-02,
        -1.70931175e+00,  2.14397028e+00, -1.65726100e+00],
       [-1.60448976e+00,  9.16558380e-01, -5.44013040e-01,
        -2.23622385e-01, -1.45909690e+00,  4.52774872e-01,
         2.52004414e+00, -3.15270374e+00, -6.00284818e-01,
        -5.71431453e+00,  5.25782348e+00, -7.97453365e-01,
        -1.97450364e+00,  1.24219963e+00, -4.92640401e-01,
        -8.35882346e-01, -2.53593125e-01, -1.51468946e-01,
        -1.88505401e+00,  1.07006422e+00, -4.15954629e-01,
        -6.51351738e-01, -1.16655690e+00,  5.96964217e-01,
         7.61777253e-01, -2.91739878e+00,  9.18677107e-01,
        -2.12690015e+00,  9.16546510e-01, -3.15907796e-02,
         2.70827238e+00, -3.16854856e+00, -7.93668234e-01,
        -1.99870089e+00, -1.25807951e+00,  2.01383598e+00,
        -1.58241599e+00,  3.30096465e-01,  1.93751088e-02,
        -5.44314608e-01, -6.21056164e-01, -8.65736445e-02,
        -8.23292417e-01, -1.06852841e+00,  6.45876415e-01,
        -9.12634171e-01,  2.02343130e+00, -2.35074155e+00],
       [-1.55695807e+00,  4.17130641e-01, -4.73405177e-01,
        -3.36495114e+00,  1.19796083e+00,  5.67757708e-01,
         3.88090827e+00, -4.48479464e+00, -9.92346246e-01,
        -5.15271640e+00,  4.06778298e+00, -5.28299189e-01,
        -1.53230111e+00,  3.33511981e-01, -4.09443481e-01,
        -5.80830851e-01, -9.08695669e-01, -1.24706088e-01,
        -1.94800992e+00,  4.67770551e-01, -1.44993238e-01,
        -8.10017682e-01, -1.22449612e+00,  4.30281194e-01,
         1.32396508e+00, -3.40053017e+00,  4.74332478e-01,
        -2.41897223e+00,  8.12895366e-01,  8.84425159e-03,
         9.18610249e-01, -2.09990485e+00, -4.17938010e-01,
        -3.04077593e+00,  8.60271175e-02,  1.33751621e+00,
        -3.24156921e+00,  1.89995098e+00, -2.64614384e-01,
        -2.29268685e-01, -1.39768244e+00,  1.47185142e-02,
        -1.06882760e+00, -1.83631686e+00,  1.30091185e+00,
         1.06674834e+00,  7.16668389e-01, -3.38164934e+00],
       [ 1.16457258e-01, -7.37073531e-01, -6.08123457e-01,
         2.96064710e-01, -1.84428226e+00,  3.28477822e-01,
         9.66922079e-01, -1.97414720e+00, -2.45514608e-01,
        -5.51999867e+00,  4.92719703e+00, -6.45938084e-01,
        -1.98106622e+00,  1.18542389e+00, -4.37097397e-01,
        -5.70424667e-01, -5.50575018e-01, -9.67400454e-02,
        -2.58824200e+00,  1.69376941e+00, -3.47267132e-01,
        -1.15603604e+00, -7.64375773e-01,  6.88672085e-01,
         1.02541024e-01, -3.01643349e+00,  1.67215273e+00,
        -1.80784744e+00,  5.04458719e-01,  5.06489907e-02,
         2.67791669e+00, -3.26906770e+00, -6.53588713e-01,
        -1.56619561e+00, -1.32614713e+00,  1.65760300e+00,
        -5.46299271e-01, -7.55803977e-01,  6.33635184e-02,
        -1.11576769e+00,  1.16671477e-01, -2.45643522e-01,
        -3.63812683e-01, -9.51298163e-01,  5.23711168e-02,
        -1.72277353e+00,  2.11022750e+00, -1.62319370e+00],
       [-2.96294420e+00,  2.03413884e+00, -4.89259458e-01,
        -1.87342547e+00, -1.88352122e-01,  6.61712776e-01,
         3.93067833e+00, -4.44997347e+00, -8.86769672e-01,
        -5.07437329e+00,  4.12162452e+00, -4.41316043e-01,
        -1.59000215e+00,  4.85578300e-01, -3.01640967e-01,
        -5.93178386e-01, -8.08607094e-01,  2.72066405e-03,
        -1.85374602e+00,  5.27210353e-01, -7.95291473e-02,
        -7.39711660e-01, -1.23176423e+00,  5.52411077e-01,
         1.28001894e+00, -3.70408777e+00,  1.02100402e+00,
        -2.50376586e+00,  9.83471537e-01,  1.07229504e-01,
         1.31747485e+00, -2.35149893e+00, -3.89040740e-01,
        -3.07621131e+00,  2.30916284e-01,  1.44923021e+00,
        -2.54982171e+00,  1.27387472e+00, -1.36117827e-01,
        -2.77872224e-01, -1.08124204e+00, -5.09505518e-02,
        -1.08670376e+00, -1.58179454e+00,  1.27143348e+00,
         1.23872403e+00,  8.08784669e-01, -3.46457352e+00],
       [-2.11577325e+00,  1.13923333e+00, -4.70161366e-01,
        -2.60021660e+00,  5.39731431e-01,  6.15783885e-01,
         3.93238830e+00, -4.46322320e+00, -9.18866388e-01,
        -5.15603652e+00,  4.19239033e+00, -4.89055100e-01,
        -1.59167257e+00,  5.02752964e-01, -3.56781682e-01,
        -6.03061876e-01, -7.84033906e-01, -4.76055051e-02,
        -1.89450188e+00,  5.52517651e-01, -9.47170567e-02,
        -7.47461100e-01, -1.23340399e+00,  5.20163799e-01,
         1.35083410e+00, -3.59965152e+00,  8.23116125e-01,
        -2.42349734e+00,  9.08296070e-01,  6.54999842e-02,
         1.19649221e+00, -2.22963871e+00, -4.19554784e-01,
        -3.08928350e+00,  1.24997356e-01,  1.52258486e+00,
        -2.84006443e+00,  1.54321124e+00, -1.54848102e-01,
        -2.58213423e-01, -1.20662656e+00,  1.01386990e-02,
        -1.11985027e+00, -1.67772983e+00,  1.35087881e+00,
         1.15155444e+00,  8.09131683e-01, -3.38638741e+00]]), 'deltas': array([[-1.06452349e-07],
       [-1.20870016e-07],
       [-1.99199347e-08],
       [-1.09156154e-07],
       [-1.19056083e-07],
       [-2.41296608e-08],
       [-1.12814335e-10],
       [-1.20544515e-07],
       [-5.11163883e-10],
       [-2.58139239e-10]]), 'outputs': array([[4.20230508e-08],
       [4.77145585e-08],
       [7.86357847e-09],
       [4.30904029e-08],
       [4.69984919e-08],
       [9.52540676e-09],
       [4.45345016e-11],
       [4.75860639e-08],
       [2.01786669e-10],
       [1.01902851e-10]]), 'errors': -2.533189561959405}, {'weights': array([[ 0.93821435,  0.99425418,  0.88448515,  1.01602878,  1.00769346,
         0.8918399 ,  1.22107257,  1.01263952,  1.08149077,  1.08437156],
       [-0.92888259, -0.9920457 , -0.88043017, -1.023446  , -1.01905595,
        -0.90562181, -1.21926507, -1.0020352 , -1.07277888, -1.0898624 ]]), 'deltas': array([[-0.12500002],
       [ 0.12500002]]), 'outputs': array([[0.50000006],
       [0.49999994]]), 'errors': array([[-0.50000006],
       [ 0.50000006]])}]
Accuracy: 39.08045977011494 %

train_data group 2 length:  348
   0   1   2   3   4   5   6   7   8  ...  40  41  42  43  44  45  46  47  48
0   1   0   0   1   0   0   1   0   0 ...   1   0   1   0   0   0   1   0   0
1   1   0   0   0   1   0   1   0   0 ...   1   0   1   0   0   0   1   0   0
2   1   0   0   0   1   0   1   0   0 ...   1   0   1   0   0   0   1   0   0
3   1   0   0   0   1   0   1   0   0 ...   1   0   1   0   0   1   0   0   0
4   0   1   0   1   0   0   1   0   0 ...   1   0   1   0   0   0   1   0   0

[5 rows x 49 columns]
Initial Neural Network:
[{'weights': array([[-0.01 , -0.007, -0.003, -0.005,  0.007, -0.004, -0.002,  0.01 ,
        -0.01 , -0.005,  0.01 ,  0.002, -0.005, -0.002,  0.009, -0.003,
        -0.01 ,  0.002,  0.006,  0.001, -0.002,  0.006, -0.004, -0.003,
         0.003,  0.004,  0.001,  0.004,  0.006,  0.001, -0.002,  0.005,
        -0.01 ,  0.003,  0.005, -0.007,  0.002, -0.002,  0.003,  0.004,
         0.002,  0.002,  0.005, -0.009,  0.   , -0.002, -0.004,  0.   ],
       [ 0.004, -0.008,  0.001, -0.008, -0.005,  0.01 ,  0.009, -0.005,
        -0.01 ,  0.006,  0.007, -0.002,  0.004, -0.005,  0.008,  0.001,
         0.009, -0.01 ,  0.01 , -0.007,  0.003,  0.005, -0.007,  0.01 ,
        -0.008, -0.004,  0.01 ,  0.   ,  0.01 , -0.003,  0.   , -0.007,
        -0.009,  0.005, -0.001, -0.007,  0.   , -0.001,  0.003, -0.003,
        -0.008,  0.003, -0.001, -0.005, -0.004,  0.007,  0.008, -0.003],
       [ 0.005,  0.003, -0.006,  0.007, -0.006,  0.006,  0.009,  0.003,
        -0.009,  0.001,  0.005, -0.002, -0.003,  0.004,  0.   ,  0.006,
         0.002, -0.01 ,  0.008, -0.008, -0.004, -0.004,  0.004,  0.003,
         0.005, -0.004,  0.003,  0.01 ,  0.002,  0.005,  0.   ,  0.006,
        -0.01 ,  0.002,  0.007,  0.01 , -0.003, -0.004,  0.002,  0.006,
        -0.002, -0.004, -0.008,  0.004,  0.001,  0.006, -0.003, -0.006],
       [ 0.003, -0.008, -0.004,  0.002, -0.006,  0.001, -0.007,  0.003,
         0.005,  0.01 , -0.007,  0.006, -0.008, -0.006,  0.002, -0.006,
         0.001,  0.001, -0.004, -0.002,  0.005,  0.001, -0.005, -0.002,
         0.008, -0.002, -0.006,  0.002, -0.001,  0.004,  0.006,  0.01 ,
        -0.001,  0.008, -0.007,  0.   ,  0.005, -0.01 ,  0.007, -0.006,
        -0.007, -0.009,  0.005,  0.005,  0.005, -0.002, -0.006, -0.003],
       [-0.01 ,  0.008, -0.002,  0.   , -0.008, -0.007, -0.006, -0.005,
        -0.005, -0.001,  0.004,  0.   , -0.005, -0.009,  0.009, -0.008,
         0.01 ,  0.002, -0.008, -0.01 ,  0.006,  0.01 ,  0.004, -0.003,
        -0.006,  0.006,  0.003, -0.007,  0.005,  0.01 ,  0.002,  0.01 ,
        -0.005, -0.006, -0.007, -0.002, -0.005,  0.008,  0.008,  0.007,
        -0.002,  0.004, -0.004, -0.01 ,  0.01 , -0.009,  0.007, -0.006],
       [ 0.009,  0.004, -0.002, -0.006,  0.   ,  0.007, -0.006,  0.007,
         0.007, -0.008,  0.001, -0.001, -0.005, -0.005, -0.007,  0.006,
        -0.002,  0.006,  0.004, -0.007, -0.006, -0.002,  0.007, -0.004,
         0.01 , -0.008, -0.005,  0.009,  0.004,  0.   ,  0.007, -0.006,
         0.006,  0.   ,  0.007, -0.003,  0.006,  0.002,  0.002, -0.005,
         0.001,  0.003,  0.003, -0.004,  0.005, -0.002, -0.004,  0.005],
       [ 0.004, -0.002, -0.003,  0.005, -0.002,  0.001,  0.003,  0.003,
         0.01 ,  0.004,  0.01 , -0.002, -0.002,  0.007, -0.006,  0.003,
        -0.007, -0.009,  0.008,  0.009, -0.004,  0.009,  0.005, -0.008,
        -0.001, -0.005,  0.001,  0.009, -0.01 ,  0.004,  0.   ,  0.004,
         0.001,  0.002, -0.009,  0.003, -0.001, -0.001, -0.008,  0.007,
        -0.002, -0.002,  0.007, -0.006,  0.007, -0.01 , -0.004, -0.009],
       [ 0.006,  0.006, -0.007, -0.002,  0.009,  0.006, -0.004, -0.01 ,
        -0.003, -0.01 ,  0.005,  0.005, -0.003, -0.009,  0.003, -0.009,
        -0.002,  0.004, -0.01 , -0.009, -0.007, -0.003, -0.009, -0.007,
        -0.005, -0.006, -0.008, -0.005, -0.004,  0.003, -0.006, -0.004,
        -0.003,  0.001,  0.003, -0.008,  0.008, -0.001, -0.006, -0.01 ,
         0.002,  0.003, -0.009,  0.004,  0.002,  0.009,  0.002, -0.007],
       [ 0.005, -0.006,  0.   , -0.006, -0.001,  0.007, -0.001,  0.003,
         0.01 , -0.005, -0.001, -0.003, -0.01 ,  0.   ,  0.008, -0.009,
        -0.008, -0.005, -0.002, -0.007,  0.   , -0.001, -0.005, -0.01 ,
         0.005, -0.01 ,  0.   , -0.006, -0.001,  0.   , -0.01 ,  0.002,
        -0.001,  0.002, -0.01 , -0.007, -0.004,  0.009, -0.004,  0.003,
        -0.004, -0.01 ,  0.008,  0.002,  0.008,  0.   ,  0.004, -0.005],
       [ 0.008,  0.01 , -0.01 ,  0.006,  0.002,  0.002, -0.002, -0.005,
        -0.004, -0.007,  0.008, -0.003, -0.007,  0.004,  0.01 , -0.001,
         0.004,  0.003, -0.008, -0.001,  0.01 ,  0.009, -0.007,  0.01 ,
         0.007,  0.004, -0.009,  0.005,  0.01 , -0.004,  0.   , -0.005,
        -0.001,  0.007,  0.009, -0.01 , -0.003,  0.006,  0.005,  0.005,
         0.003,  0.001,  0.006, -0.001,  0.   , -0.007, -0.008, -0.005]]), 'deltas': array([[0.],
       [0.],
       [0.],
       [0.],
       [0.],
       [0.],
       [0.],
       [0.],
       [0.],
       [0.]]), 'outputs': array([[0.],
       [0.],
       [0.],
       [0.],
       [0.],
       [0.],
       [0.],
       [0.],
       [0.],
       [0.]]), 'errors': array([[0.],
       [0.],
       [0.],
       [0.],
       [0.],
       [0.],
       [0.],
       [0.],
       [0.],
       [0.]])}, {'weights': array([[ 0.007, -0.008, -0.005,  0.001,  0.007, -0.009,  0.007, -0.01 ,
         0.003,  0.004],
       [ 0.009,  0.002, -0.005,  0.004,  0.01 , -0.008,  0.   , -0.01 ,
        -0.005,  0.001]]), 'deltas': array([[0.],
       [0.]]), 'outputs': array([[0.],
       [0.]]), 'errors': array([[0.],
       [0.]])}]
Training complete!
Training done. epoch: 100 , total error: 0.25000052670919026
[{'weights': array([[ 1.27577450e-02, -1.31508170e-01, -1.13805105e+00,
        -1.97270738e-01, -1.29428539e+00,  2.52754654e-01,
         2.00684450e+00, -2.74109834e+00, -5.04547628e-01,
        -5.87948827e+00,  4.92660995e+00, -2.76923147e-01,
        -1.05428650e+00,  3.64212290e-01, -5.44727264e-01,
        -1.61361577e-01, -7.63621011e-01, -3.22818883e-01,
        -1.39569894e+00,  3.99932151e-01, -2.36034684e-01,
        -2.13047406e+00, -4.15950771e-01,  1.30862336e+00,
         4.23209234e-01, -3.36591079e+00,  1.71390009e+00,
        -1.69969794e+00,  6.87813432e-01, -2.13916961e-01,
         1.39206558e+00, -2.40137592e+00, -2.34491127e-01,
        -2.61147004e+00,  2.51463572e-01,  1.12420500e+00,
        -1.60756914e+00,  2.01571571e+00, -1.64194804e+00,
         8.37746697e-02, -1.42924385e+00,  1.16667709e-01,
        -2.08713796e-01, -2.18502390e+00,  1.15293622e+00,
        -2.54201602e-01,  9.39332547e-02, -1.08253312e+00],
       [-5.01087386e-01, -7.06526820e-01, -2.02566994e-01,
        -1.09628236e+00, -1.29367697e+00,  9.79778129e-01,
         2.51957000e+00, -3.87150395e+00, -6.12472485e-02,
        -5.91804889e+00,  4.08774536e+00,  4.34122323e-01,
        -4.10360261e-01, -1.43089651e-01, -8.46731288e-01,
        -2.46159514e-01, -5.57867578e-01, -6.03154109e-01,
         4.68779172e-02, -9.50310945e-01, -4.97748173e-01,
        -2.17245487e+00,  2.92251886e-02,  7.44048485e-01,
         3.46690102e-01, -3.32348252e+00,  1.56761122e+00,
        -1.00918132e+00,  9.71127272e-02, -4.88112609e-01,
         1.77605252e+00, -2.56902234e+00, -6.30211380e-01,
        -3.29026808e+00,  1.23158082e+00,  6.48506064e-01,
        -2.77734533e+00,  3.11089990e+00, -1.73873578e+00,
         1.06390304e+00, -2.22420305e+00, -2.54881193e-01,
        -8.42583345e-02, -2.28309901e+00,  9.50176140e-01,
        -8.54137211e-02, -1.44616600e-01, -1.16515088e+00],
       [-9.73384538e-02,  3.05058086e-01, -1.35994927e+00,
         1.04235424e+00, -2.28608765e+00,  9.65037668e-02,
         1.35941909e-01, -8.76387232e-01, -4.10784315e-01,
        -6.24647737e+00,  5.45418412e+00, -3.57936389e-01,
        -8.21460465e-01,  4.65784696e-01, -7.97553869e-01,
         7.59906476e-02, -9.49266352e-01, -2.82953933e-01,
        -1.60197480e+00,  6.52311792e-01, -2.08566629e-01,
        -2.74544247e+00, -4.93300218e-01,  2.08751305e+00,
         3.83302476e-01, -2.97980864e+00,  1.44627653e+00,
        -2.03008131e+00,  1.04762828e+00, -1.54776600e-01,
         2.49663024e+00, -3.41489351e+00, -2.39966373e-01,
        -1.68851409e+00,  2.86334325e-02,  5.24651019e-01,
         2.98228890e-01, -4.92120230e-02, -1.40824650e+00,
        -1.39381676e+00, -4.56011513e-02,  2.85188269e-01,
         1.18100722e-01, -1.67138403e+00,  3.96053671e-01,
        -5.20465193e-01,  1.95356668e-01, -8.32121112e-01],
       [ 1.99981232e-01,  1.82806480e-02, -1.39349070e+00,
         7.04686073e-01, -1.97983467e+00,  1.05919775e-01,
         2.23377974e-01, -9.47074263e-01, -4.41532535e-01,
        -6.06404269e+00,  5.29036628e+00, -3.83552417e-01,
        -1.09221895e+00,  6.13198172e-01, -6.99208051e-01,
        -5.95688086e-02, -7.95562807e-01, -3.15097208e-01,
        -2.00928610e+00,  1.07187306e+00, -2.29815778e-01,
        -2.69345204e+00, -4.49786510e-01,  1.97100972e+00,
         3.01130431e-01, -3.03177289e+00,  1.56441364e+00,
        -1.77031896e+00,  8.06381762e-01, -1.97291629e-01,
         2.33626397e+00, -3.21157279e+00, -2.75920007e-01,
        -1.88798248e+00,  9.83735229e-02,  6.24380136e-01,
         8.45484606e-02,  1.73230221e-01, -1.42200750e+00,
        -1.14764207e+00, -4.04715275e-01,  3.64128522e-01,
         7.32926873e-02, -1.67697627e+00,  4.52454760e-01,
        -5.66878962e-01,  7.30985234e-02, -6.83448385e-01],
       [-3.97742519e-01, -5.48783645e-01, -3.68922272e-01,
        -8.97111456e-01, -1.36692642e+00,  9.37589436e-01,
         2.50828359e+00, -3.82010328e+00, -1.56287489e-02,
        -5.87254401e+00,  4.15285829e+00,  4.11237284e-01,
        -3.42641599e-01, -2.22692250e-01, -7.51114589e-01,
        -2.37851555e-01, -5.58299687e-01, -5.11297195e-01,
        -1.31791486e-01, -7.77020450e-01, -4.14636501e-01,
        -2.17172195e+00,  8.28811547e-02,  7.88392361e-01,
         4.12147331e-01, -3.45681234e+00,  1.73621657e+00,
        -1.16846292e+00,  2.59879408e-01, -3.94864926e-01,
         1.56374553e+00, -2.42961907e+00, -4.38574900e-01,
        -3.21124651e+00,  1.09553973e+00,  7.89258335e-01,
        -2.61477942e+00,  2.99972429e+00, -1.68539331e+00,
         1.02811696e+00, -2.03150376e+00, -2.99061632e-01,
        -1.18129524e-01, -2.23730064e+00,  1.03998173e+00,
        -9.22794461e-02, -3.26160211e-02, -1.19455297e+00],
       [-2.60656082e-02,  2.51146993e-01, -1.38645742e+00,
         9.64028566e-01, -2.20600159e+00,  7.05969939e-02,
        -4.77711325e-03, -7.68083657e-01, -3.91515261e-01,
        -6.26835052e+00,  5.44947064e+00, -3.61496156e-01,
        -8.38204234e-01,  4.62926778e-01, -8.14098576e-01,
         6.22543922e-02, -9.58065480e-01, -2.66564944e-01,
        -1.70067133e+00,  7.26347338e-01, -2.07052036e-01,
        -2.79119938e+00, -4.73303765e-01,  2.09312712e+00,
         3.56831220e-01, -2.97533088e+00,  1.44312363e+00,
        -1.97145197e+00,  9.70412987e-01, -1.58337051e-01,
         2.51630401e+00, -3.45269937e+00, -2.28980669e-01,
        -1.72770794e+00,  5.73927254e-02,  5.01939178e-01,
         2.97177346e-01, -9.57496367e-02, -1.36380374e+00,
        -1.46178412e+00,  5.81727093e-03,  2.82590819e-01,
         1.00905568e-01, -1.63728605e+00,  3.68004452e-01,
        -5.48068988e-01,  1.86647585e-01, -8.11954629e-01],
       [-6.89958381e-02, -1.43683976e-01, -1.06543059e+00,
        -3.27848829e-01, -1.33424617e+00,  3.88984601e-01,
         2.53411007e+00, -3.38157358e+00, -4.13646891e-01,
        -5.74145848e+00,  4.61205457e+00, -1.35706487e-01,
        -9.07000537e-01,  1.04129143e-01, -4.75239006e-01,
        -1.64970015e-01, -8.64774943e-01, -2.60365442e-01,
        -9.06086634e-01, -1.95558221e-01, -1.62465544e-01,
        -2.02718618e+00, -4.06428699e-01,  1.16250448e+00,
         5.82527295e-01, -3.70419147e+00,  1.83955377e+00,
        -1.79179391e+00,  6.56112555e-01, -1.38429048e-01,
         9.19581364e-01, -2.05793138e+00, -1.33760383e-01,
        -2.90050433e+00,  4.52523426e-01,  1.16687050e+00,
        -2.14393440e+00,  2.42972469e+00, -1.57290070e+00,
         3.34309629e-01, -1.52760070e+00, -8.08193245e-02,
        -3.78209237e-01, -2.16339161e+00,  1.27249044e+00,
        -1.72570750e-01,  3.01288892e-01, -1.42882854e+00],
       [-5.31785797e-03,  2.40867329e-01, -1.40632590e+00,
         9.70701877e-01, -2.18572308e+00,  5.22447814e-02,
        -1.20448875e-01, -6.92764894e-01, -3.79562655e-01,
        -6.23862695e+00,  5.40740504e+00, -3.44554505e-01,
        -8.14696671e-01,  4.39942111e-01, -8.10021865e-01,
         3.16880771e-02, -9.64520255e-01, -2.49944246e-01,
        -1.72034045e+00,  7.09403533e-01, -1.90839510e-01,
        -2.81960904e+00, -4.99567982e-01,  2.12440060e+00,
         3.43841168e-01, -2.99138550e+00,  1.45276790e+00,
        -1.99258840e+00,  9.46155842e-01, -1.35343867e-01,
         2.46563020e+00, -3.44685113e+00, -2.07555498e-01,
        -1.70810901e+00,  6.87238097e-02,  4.59608777e-01,
         2.87258025e-01, -1.76623427e-01, -1.28541102e+00,
        -1.51425999e+00,  1.10632367e-01,  2.22851203e-01,
         8.31672882e-02, -1.58489126e+00,  3.22947544e-01,
        -5.48681080e-01,  1.95440800e-01, -8.18536144e-01],
       [-4.02809113e-01, -5.98970860e-01, -3.32185235e-01,
        -9.63399542e-01, -1.36606875e+00,  9.96503087e-01,
         2.47816201e+00, -3.81804202e+00,  1.89147990e-02,
        -5.91486877e+00,  4.12471518e+00,  4.48188380e-01,
        -3.53937326e-01, -1.99555794e-01, -7.81472088e-01,
        -2.44610954e-01, -5.67531169e-01, -5.42823085e-01,
        -4.79572422e-02, -8.51305524e-01, -4.42702441e-01,
        -2.19421606e+00,  8.08788445e-02,  7.64372004e-01,
         3.80378688e-01, -3.45358619e+00,  1.73524229e+00,
        -1.09543569e+00,  1.82434574e-01, -4.26964094e-01,
         1.66849642e+00, -2.50467513e+00, -5.05786501e-01,
        -3.23684236e+00,  1.14509518e+00,  7.43781972e-01,
        -2.63942543e+00,  3.01979432e+00, -1.71233410e+00,
         1.05711890e+00, -2.05585443e+00, -3.45229670e-01,
        -8.39516436e-02, -2.24701440e+00,  1.01600084e+00,
        -9.62821614e-02, -9.58049153e-02, -1.14187813e+00],
       [-6.59681583e-02,  2.59628582e-01, -1.35791225e+00,
         9.66704269e-01, -2.18783516e+00,  5.88790619e-02,
         6.43586137e-02, -8.17599100e-01, -4.30011338e-01,
        -6.28600762e+00,  5.49892874e+00, -3.87172947e-01,
        -8.52950664e-01,  5.12392859e-01, -8.24694020e-01,
         6.81768903e-02, -9.38573399e-01, -2.95855316e-01,
        -1.73163601e+00,  7.74942183e-01, -2.14557995e-01,
        -2.78157356e+00, -4.77074368e-01,  2.09839610e+00,
         3.49093346e-01, -2.92414068e+00,  1.40479551e+00,
        -1.96749878e+00,  9.93587629e-01, -1.87340672e-01,
         2.52612401e+00, -3.45121123e+00, -2.53164596e-01,
        -1.72037356e+00,  5.94311278e-02,  4.94690607e-01,
         2.73922596e-01, -4.80026658e-02, -1.39017176e+00,
        -1.41338845e+00, -1.02042250e-01,  3.52178877e-01,
         1.10022279e-01, -1.64441701e+00,  3.67142906e-01,
        -5.27658383e-01,  1.60275237e-01, -8.24868679e-01]]), 'deltas': array([[-4.96875577e-09],
       [-1.50302197e-10],
       [-1.05266504e-06],
       [-8.73933936e-07],
       [-2.75860911e-10],
       [-1.16252740e-06],
       [-3.43133746e-10],
       [-1.19075731e-06],
       [-2.35909463e-10],
       [-1.23056693e-06]]), 'outputs': array([[1.81286485e-09],
       [5.48381892e-11],
       [3.84068018e-07],
       [3.18857413e-07],
       [1.00648647e-10],
       [4.24151649e-07],
       [1.25193335e-10],
       [4.34451419e-07],
       [8.60722463e-11],
       [4.48976088e-07]]), 'errors': -2.7408307877748457}, {'weights': array([[ 0.90142042,  1.43240943,  1.037763  ,  0.94195462,  1.18036367,
         1.05640341,  1.03383985,  1.09960953,  1.21471027,  1.06690449],
       [-0.88937725, -1.44156277, -1.04063597, -0.93365713, -1.169603  ,
        -1.06597245, -1.0326468 , -1.11051606, -1.22187841, -1.05539442]]), 'deltas': array([[-0.12500013],
       [ 0.12500013]]), 'outputs': array([[0.50000053],
       [0.49999947]]), 'errors': array([[-0.50000053],
       [ 0.50000053]])}]
Accuracy: 37.93103448275862 %

train_data group 3 length:  348
   0   1   2   3   4   5   6   7   8  ...  40  41  42  43  44  45  46  47  48
0   1   0   0   1   0   0   1   0   0 ...   1   0   1   0   0   0   1   0   0
1   1   0   0   0   1   0   1   0   0 ...   1   0   1   0   0   0   1   0   0
2   1   0   0   0   1   0   1   0   0 ...   1   0   1   0   0   0   1   0   0
3   1   0   0   0   1   0   1   0   0 ...   1   0   1   0   0   1   0   0   0
4   0   1   0   1   0   0   1   0   0 ...   1   0   1   0   0   0   1   0   0

[5 rows x 49 columns]
Initial Neural Network:
[{'weights': array([[ 0.006, -0.003, -0.008,  0.007, -0.004,  0.008, -0.002, -0.008,
        -0.003, -0.007, -0.009,  0.005,  0.003,  0.003,  0.006, -0.006,
         0.007,  0.008,  0.004,  0.004,  0.007, -0.002, -0.008,  0.008,
         0.01 , -0.007, -0.003,  0.007,  0.005,  0.006, -0.003,  0.004,
        -0.01 ,  0.002,  0.006, -0.01 ,  0.002,  0.01 , -0.003,  0.01 ,
        -0.003, -0.004, -0.001,  0.   ,  0.01 , -0.002,  0.009,  0.009],
       [-0.006, -0.003,  0.003, -0.002,  0.004,  0.002,  0.005,  0.   ,
         0.004, -0.005,  0.006,  0.006,  0.005,  0.005,  0.008,  0.006,
        -0.004,  0.005,  0.008, -0.004,  0.   , -0.009, -0.002,  0.001,
        -0.002, -0.009,  0.008, -0.002,  0.006,  0.009,  0.001, -0.004,
         0.006,  0.007,  0.   , -0.007,  0.007,  0.008,  0.003,  0.004,
         0.003, -0.006,  0.   ,  0.005,  0.008,  0.001,  0.006,  0.004],
       [-0.007,  0.001, -0.01 ,  0.008, -0.004,  0.007, -0.005,  0.002,
        -0.007,  0.003, -0.005,  0.009, -0.007,  0.005,  0.001, -0.009,
        -0.002, -0.01 ,  0.002,  0.004, -0.002, -0.009,  0.01 ,  0.005,
        -0.007,  0.008,  0.008, -0.005,  0.003, -0.004, -0.003, -0.004,
         0.003,  0.009,  0.006, -0.001, -0.008, -0.007,  0.007, -0.005,
         0.009, -0.001, -0.001,  0.   , -0.005,  0.002, -0.01 ,  0.008],
       [ 0.001, -0.003, -0.007,  0.006,  0.009,  0.009, -0.004,  0.007,
         0.01 , -0.001,  0.009,  0.004,  0.005, -0.006,  0.006, -0.003,
        -0.009, -0.007,  0.005, -0.004,  0.002, -0.001,  0.003,  0.007,
         0.006,  0.002, -0.006, -0.003, -0.002,  0.007,  0.004, -0.007,
        -0.006,  0.007,  0.   ,  0.003, -0.007,  0.006, -0.006,  0.006,
         0.004, -0.003, -0.003, -0.006, -0.003, -0.008,  0.   ,  0.006],
       [ 0.005, -0.005, -0.003,  0.005, -0.01 , -0.009, -0.008,  0.   ,
        -0.004,  0.004,  0.009, -0.01 ,  0.003, -0.001,  0.003,  0.   ,
         0.006, -0.004, -0.001,  0.01 , -0.001, -0.008,  0.   ,  0.005,
        -0.01 , -0.005, -0.001,  0.   , -0.008,  0.005,  0.002, -0.009,
        -0.01 ,  0.003,  0.009,  0.01 ,  0.003, -0.008, -0.001,  0.009,
        -0.002,  0.009, -0.006, -0.006, -0.002,  0.005,  0.005,  0.008],
       [ 0.007, -0.007, -0.007,  0.008,  0.002, -0.001, -0.001,  0.01 ,
        -0.005,  0.009, -0.001, -0.003,  0.008,  0.005,  0.006, -0.004,
        -0.008, -0.005, -0.005,  0.005,  0.006,  0.01 , -0.006, -0.004,
        -0.009,  0.004,  0.   , -0.007, -0.005,  0.008,  0.007, -0.01 ,
        -0.007,  0.009,  0.005, -0.005, -0.008, -0.008, -0.007,  0.002,
         0.009, -0.003, -0.006, -0.006, -0.007,  0.   ,  0.005,  0.001],
       [ 0.008,  0.008, -0.009,  0.007, -0.001, -0.004, -0.007,  0.01 ,
        -0.001,  0.002, -0.009,  0.007,  0.005,  0.009, -0.007, -0.003,
        -0.009,  0.009, -0.004,  0.002, -0.008, -0.003,  0.001, -0.002,
        -0.007, -0.01 , -0.002,  0.001, -0.009,  0.   , -0.001,  0.006,
         0.009,  0.007, -0.006, -0.002, -0.001,  0.007, -0.005,  0.008,
        -0.002,  0.01 , -0.004, -0.005,  0.007, -0.007, -0.001,  0.002],
       [ 0.001, -0.008, -0.008,  0.001, -0.008,  0.01 , -0.001, -0.009,
        -0.007, -0.008,  0.002, -0.008,  0.007, -0.003,  0.002, -0.005,
         0.01 ,  0.001,  0.01 , -0.006,  0.006,  0.   ,  0.004, -0.005,
         0.01 , -0.008,  0.006, -0.005, -0.007, -0.007,  0.003,  0.   ,
        -0.004, -0.01 , -0.001, -0.004, -0.002,  0.004, -0.004,  0.006,
         0.01 , -0.01 , -0.01 , -0.001,  0.007,  0.008,  0.008,  0.001],
       [-0.006, -0.01 , -0.004, -0.009,  0.004, -0.002, -0.001,  0.01 ,
        -0.003, -0.004,  0.002,  0.002,  0.009,  0.   , -0.004, -0.006,
         0.006, -0.01 , -0.008,  0.   , -0.002, -0.006, -0.002,  0.006,
         0.009,  0.   , -0.008, -0.004, -0.01 ,  0.001, -0.006,  0.004,
        -0.002, -0.002, -0.003, -0.007,  0.01 ,  0.01 , -0.005,  0.006,
        -0.01 ,  0.004, -0.005,  0.007, -0.01 , -0.007,  0.005,  0.   ],
       [-0.01 ,  0.001,  0.004, -0.001,  0.007, -0.006, -0.001,  0.009,
         0.009, -0.002,  0.01 , -0.005,  0.006, -0.006,  0.   ,  0.   ,
        -0.003, -0.01 ,  0.003,  0.005, -0.001, -0.009, -0.002, -0.007,
         0.007, -0.006,  0.002, -0.002, -0.008, -0.009,  0.008,  0.004,
        -0.005,  0.005, -0.002,  0.007, -0.009,  0.002,  0.006, -0.004,
         0.008, -0.005, -0.008, -0.003,  0.005,  0.001,  0.007,  0.001]]), 'deltas': array([[0.],
       [0.],
       [0.],
       [0.],
       [0.],
       [0.],
       [0.],
       [0.],
       [0.],
       [0.]]), 'outputs': array([[0.],
       [0.],
       [0.],
       [0.],
       [0.],
       [0.],
       [0.],
       [0.],
       [0.],
       [0.]]), 'errors': array([[0.],
       [0.],
       [0.],
       [0.],
       [0.],
       [0.],
       [0.],
       [0.],
       [0.],
       [0.]])}, {'weights': array([[-0.009,  0.002,  0.005, -0.003, -0.002, -0.007, -0.002, -0.001,
        -0.002,  0.002],
       [ 0.006, -0.009, -0.003, -0.007,  0.009,  0.009,  0.002,  0.007,
        -0.006, -0.008]]), 'deltas': array([[0.],
       [0.]]), 'outputs': array([[0.],
       [0.]]), 'errors': array([[0.],
       [0.]])}]
Training complete!
Training done. epoch: 100 , total error: 0.250001817900604
[{'weights': array([[-4.49565505e-01, -1.30435325e+00, -7.42010778e-02,
        -4.09748994e+00,  1.78634134e+00,  4.99028770e-01,
         3.63552156e+00, -4.68584596e+00, -7.85795426e-01,
        -5.19387376e+00,  3.92066563e+00, -5.60911708e-01,
        -1.76819270e+00,  1.03558537e-01, -1.46485672e-01,
        -6.92095195e-01, -1.02507809e+00, -9.69465487e-02,
        -1.58775920e+00, -2.70682492e-01,  5.03218592e-02,
        -1.49930924e+00, -1.34756837e+00,  1.02175778e+00,
         1.61750814e+00, -2.38050087e+00, -1.06012710e+00,
        -2.02650262e+00,  1.71371689e-01,  5.00110998e-02,
        -6.76971765e-02, -1.91724239e+00,  1.52819731e-01,
        -3.15487416e+00,  2.26459965e-01,  1.10329436e+00,
        -4.08224735e-01,  1.29521221e+00, -2.70110730e+00,
        -1.23167207e-01, -2.41368335e+00,  7.16730728e-01,
         4.81366078e-01, -3.11453530e+00,  8.19049391e-01,
        -7.40070724e-01,  1.44663022e+00, -2.51367933e+00],
       [-1.28436011e+00,  5.79787582e-02, -1.96640002e-01,
         5.14110537e-01, -1.95848976e+00,  3.13578630e-02,
        -2.05562016e-01, -7.59830401e-01, -4.42628940e-01,
        -6.36701820e+00,  5.62972455e+00, -6.72727705e-01,
        -1.62725963e+00,  4.67234540e-01, -2.38996263e-01,
         6.29714252e-01, -1.89142291e+00, -1.48312700e-01,
        -2.60501726e+00,  1.24229454e+00, -5.02986330e-02,
        -1.35697248e+00, -8.48802204e-01,  7.78753329e-01,
         1.61174458e-01, -1.09288319e+00, -4.88312619e-01,
        -2.74774904e+00,  1.29365086e+00,  5.00768245e-02,
         2.54778398e+00, -3.69432806e+00, -2.67477270e-01,
        -1.52671710e+00,  4.41965738e-01, -3.32269998e-01,
         5.03633643e-01, -3.04562388e-01, -1.59809261e+00,
        -2.08903318e+00,  4.27260361e-01,  2.45751460e-01,
         2.02804376e-01, -1.61694534e+00,  1.01196103e-02,
         5.32908495e-01,  3.24852433e-01, -2.26378228e+00],
       [-1.27821431e+00, -1.46137675e-01, -9.53600255e-02,
        -8.31042900e-01, -1.22319948e+00,  5.61530366e-01,
         3.06443003e+00, -3.97598360e+00, -6.02158447e-01,
        -5.58966315e+00,  4.78303503e+00, -6.90083890e-01,
        -1.85894671e+00,  4.92490957e-01, -1.38256263e-01,
        -6.64907057e-01, -7.38355765e-01, -1.21449193e-01,
        -9.89563406e-01, -5.43612564e-01,  3.34639551e-02,
        -1.43314931e+00, -1.20656186e+00,  1.14199916e+00,
         1.11688078e+00, -1.96140118e+00, -6.50191618e-01,
        -2.70500640e+00,  1.15578528e+00,  3.95091063e-02,
         1.20391697e+00, -2.74246034e+00,  3.08313477e-02,
        -2.59430769e+00, -2.77263521e-01,  1.38185919e+00,
        -1.94245532e-01,  1.32468257e+00, -2.64214905e+00,
        -1.50918407e-01, -2.07768215e+00,  7.27888545e-01,
         4.55826649e-01, -2.63686809e+00,  6.71329426e-01,
        -2.68500582e+00,  2.36553776e+00, -1.18424395e+00],
       [-1.49105677e+00,  1.09037384e-01, -9.34491037e-02,
        -2.30185046e-01, -1.76293421e+00,  5.50650765e-01,
         2.71047864e+00, -3.60334847e+00, -5.60598665e-01,
        -5.71121308e+00,  4.95516196e+00, -6.98417366e-01,
        -1.87069620e+00,  5.47502656e-01, -1.38274953e-01,
        -5.61744914e-01, -7.99617179e-01, -1.24106398e-01,
        -9.24255357e-01, -5.70609484e-01,  3.13963494e-02,
        -1.39649456e+00, -1.16192297e+00,  1.10094904e+00,
         9.69892503e-01, -1.85017658e+00, -5.84184419e-01,
        -2.75193394e+00,  1.23695545e+00,  5.05099969e-02,
         1.51539553e+00, -2.96039734e+00, -3.04666871e-02,
        -2.32696751e+00, -3.04031886e-01,  1.17453091e+00,
        -4.69195126e-03,  1.17267632e+00, -2.64145286e+00,
        -2.44453811e-01, -1.86509170e+00,  6.50077016e-01,
         4.55171626e-01, -2.38747965e+00,  4.53839537e-01,
        -2.64830233e+00,  2.26981363e+00, -1.08997979e+00],
       [-8.80952851e-01, -3.42206635e-01, -1.62434732e-01,
         7.00737329e-01, -2.32157089e+00,  2.24239348e-01,
         1.04738350e+00, -1.95085849e+00, -4.91119230e-01,
        -6.01616217e+00,  5.27512661e+00, -6.38558651e-01,
        -2.05400329e+00,  8.78542334e-01, -2.02133258e-01,
        -3.27118845e-01, -8.91149730e-01, -1.62325643e-01,
        -2.00009166e+00,  6.33728751e-01, -8.23130362e-03,
        -2.06396110e+00, -2.44606433e-01,  9.22973318e-01,
         1.52549416e-02, -9.03098770e-01, -5.10750389e-01,
        -1.86444164e+00,  4.31049550e-01,  4.77978754e-02,
         2.55603507e+00, -3.81878492e+00, -1.36844360e-01,
        -2.34242327e+00,  2.58768922e-01,  7.23060135e-01,
         6.52332284e-01,  9.67444870e-02, -2.13767099e+00,
        -1.03851636e+00, -7.88642889e-01,  4.60565032e-01,
        -1.45357255e-01, -1.44791715e+00,  1.96680182e-01,
        -1.00693076e+00,  9.07202678e-01, -1.26486613e+00],
       [-1.31379556e+00, -6.76975207e-02, -1.93858952e-01,
        -3.62564816e-01, -1.21155135e+00,  1.47641326e-02,
        -1.54257800e+00,  3.93230622e-01, -4.15004649e-01,
        -6.61424970e+00,  5.71105819e+00, -6.60160519e-01,
        -1.57097431e+00,  2.46635894e-01, -2.25013616e-01,
         7.02662210e-01, -2.12605570e+00, -1.61958535e-01,
        -2.99547448e+00,  1.44971403e+00, -1.65915799e-02,
        -1.45600446e+00, -8.58434527e-01,  7.46086962e-01,
        -7.74150050e-02, -1.00945369e+00, -4.86483331e-01,
        -2.85628905e+00,  1.23515712e+00,  4.87799016e-02,
         1.94621397e+00, -3.24632465e+00, -2.78241345e-01,
        -1.52461369e+00,  2.51907444e-01, -2.86645787e-01,
         5.49766181e-01, -6.55864752e-01, -1.48525346e+00,
        -2.13934773e+00,  3.52148671e-01,  2.26847033e-01,
        -2.14373972e-01, -1.36784267e+00, -5.13538567e-03,
         7.38004397e-02,  4.05231282e-01, -2.04138375e+00],
       [-4.62584778e-01, -1.25366232e+00, -7.62425866e-02,
        -3.94643724e+00,  1.63059203e+00,  5.18355520e-01,
         3.64976507e+00, -4.68207185e+00, -7.65182900e-01,
        -5.20055535e+00,  3.98344682e+00, -5.82381153e-01,
        -1.78230612e+00,  1.49144578e-01, -1.59328136e-01,
        -7.27154337e-01, -9.78366752e-01, -9.69685911e-02,
        -1.63707618e+00, -2.08320471e-01,  3.59069687e-02,
        -1.47747663e+00, -1.35012732e+00,  1.02411426e+00,
         1.62498345e+00, -2.35544828e+00, -1.08802485e+00,
        -2.09842139e+00,  2.47233487e-01,  4.36982174e-02,
         4.02250717e-02, -1.97896078e+00,  1.53246025e-01,
        -3.15781170e+00,  1.89927646e-01,  1.16739438e+00,
        -4.41158729e-01,  1.36519743e+00, -2.72252838e+00,
        -1.20612001e-01, -2.40515181e+00,  7.42274126e-01,
         5.17481261e-01, -3.14503550e+00,  8.26064558e-01,
        -8.54517196e-01,  1.52991924e+00, -2.48089172e+00],
       [-8.94415413e-01, -6.35800859e-01, -8.14205896e-02,
        -1.94190346e+00, -2.17125409e-01,  5.65392008e-01,
         3.49298877e+00, -4.44996629e+00, -6.56659344e-01,
        -5.39267862e+00,  4.46894390e+00, -6.86902137e-01,
        -1.76959695e+00,  3.27076922e-01, -1.48116834e-01,
        -6.70907752e-01, -8.08403991e-01, -1.11325119e-01,
        -1.19092457e+00, -4.39238497e-01,  4.35262006e-02,
        -1.39711229e+00, -1.31371771e+00,  1.11319313e+00,
         1.44758074e+00, -2.19858961e+00, -8.37628000e-01,
        -2.68593260e+00,  1.03370845e+00,  3.65872863e-02,
         6.72041443e-01, -2.32565480e+00,  5.59764942e-02,
        -2.94625243e+00, -1.04184291e-01,  1.43879986e+00,
        -2.99842202e-01,  1.44978824e+00, -2.74858290e+00,
        -8.97646167e-02, -2.24520203e+00,  7.44329786e-01,
         4.49861063e-01, -2.89927394e+00,  8.48776018e-01,
        -2.42443696e+00,  2.36521914e+00, -1.52041905e+00],
       [-6.67978492e-01, -9.41353441e-01, -7.58944634e-02,
        -2.75516080e+00,  5.38313315e-01,  5.44621093e-01,
         3.62779786e+00, -4.60267224e+00, -6.84352016e-01,
        -5.37164135e+00,  4.34882495e+00, -6.42409995e-01,
        -1.79680744e+00,  2.88911984e-01, -1.52330941e-01,
        -7.11699074e-01, -8.45543613e-01, -1.17983710e-01,
        -1.42657868e+00, -2.87867460e-01,  3.92197404e-02,
        -1.42001813e+00, -1.33747443e+00,  1.09026616e+00,
         1.54947467e+00, -2.24967301e+00, -9.64028052e-01,
        -2.51758335e+00,  7.94712185e-01,  4.46447649e-02,
         4.70889206e-01, -2.22863895e+00,  8.85233483e-02,
        -3.11253247e+00,  8.76259609e-02,  1.34768011e+00,
        -3.55721403e-01,  1.49086099e+00, -2.78536599e+00,
        -1.00685720e-01, -2.31547868e+00,  7.50938001e-01,
         5.23082440e-01, -3.03207191e+00,  8.35763072e-01,
        -1.84458343e+00,  2.04232688e+00, -1.86496984e+00],
       [-1.41274212e+00,  6.13774646e-03, -1.80789949e-01,
        -4.08053128e-01, -1.18814049e+00,  1.37992996e-02,
        -1.57574339e+00,  4.06057177e-01, -3.95708110e-01,
        -6.48507437e+00,  5.57066799e+00, -6.64987947e-01,
        -1.42586711e+00,  6.37549321e-02, -2.20282139e-01,
         7.32815250e-01, -2.16545895e+00, -1.62750622e-01,
        -2.75834335e+00,  1.20045254e+00, -1.75035144e-02,
        -1.39741490e+00, -9.41330137e-01,  7.38350721e-01,
        -2.02797312e-02, -1.07719429e+00, -4.81920294e-01,
        -3.04212375e+00,  1.40967198e+00,  3.10574494e-02,
         1.66382714e+00, -2.95831293e+00, -2.80908529e-01,
        -1.45312344e+00,  1.19019335e-01, -2.38290211e-01,
         6.08718081e-01, -7.47135611e-01, -1.44497679e+00,
        -2.13585000e+00,  3.43177096e-01,  2.09278588e-01,
        -2.54182041e-01, -1.35783291e+00,  2.36206276e-02,
        -1.03720870e-01,  3.82111591e-01, -1.85178504e+00]]), 'deltas': array([[-6.88409820e-11],
       [-1.26490187e-06],
       [-2.15682229e-09],
       [-7.02363647e-09],
       [-3.95862169e-07],
       [-6.65481502e-06],
       [-7.72702258e-11],
       [-4.57779058e-10],
       [-2.07823332e-10],
       [-8.20459031e-06]]), 'outputs': array([[2.35374386e-11],
       [4.32483125e-07],
       [7.37439689e-10],
       [2.40145343e-09],
       [1.35349359e-07],
       [2.27535476e-06],
       [2.64194836e-11],
       [1.56519360e-10],
       [7.10569312e-11],
       [2.80524154e-06]]), 'errors': -2.924743986517612}, {'weights': array([[ 1.18558671,  1.22654985,  1.06649789,  1.08342296,  1.19855996,
         1.28154061,  1.19492576,  1.07873465,  1.07867203,  1.30441555],
       [-1.1867213 , -1.23171182, -1.06297407, -1.09205347, -1.19180742,
        -1.27723573, -1.1930983 , -1.07094753, -1.08494485, -1.30746564]]), 'deltas': array([[-0.12500045],
       [ 0.12500045]]), 'outputs': array([[0.50000182],
       [0.49999818]]), 'errors': array([[-0.50000182],
       [ 0.50000182]])}]
Accuracy: 39.08045977011494 %

train_data group 4 length:  347
   0   1   2   3   4   5   6   7   8  ...  40  41  42  43  44  45  46  47  48
0   1   0   0   1   0   0   1   0   0 ...   1   0   1   0   0   0   1   0   0
1   1   0   0   0   1   0   1   0   0 ...   1   0   1   0   0   0   1   0   0
2   1   0   0   0   1   0   1   0   0 ...   1   0   1   0   0   0   1   0   0
3   1   0   0   0   1   0   1   0   0 ...   1   0   1   0   0   1   0   0   0
4   0   1   0   1   0   0   1   0   0 ...   1   0   1   0   0   0   1   0   0

[5 rows x 49 columns]
Initial Neural Network:
[{'weights': array([[ 0.009, -0.007, -0.004, -0.007,  0.001,  0.002,  0.01 ,  0.003,
        -0.004,  0.003,  0.002, -0.007,  0.009, -0.005,  0.004,  0.003,
         0.002,  0.001,  0.007, -0.006,  0.01 ,  0.01 , -0.006, -0.008,
        -0.002,  0.006, -0.001,  0.009,  0.007,  0.001, -0.007,  0.001,
        -0.002,  0.002, -0.002,  0.003,  0.008,  0.005,  0.008,  0.001,
        -0.004, -0.007, -0.003, -0.003,  0.003,  0.004, -0.004,  0.007],
       [ 0.002,  0.   , -0.006,  0.003,  0.004,  0.008, -0.002,  0.001,
         0.008, -0.004,  0.006, -0.003, -0.002, -0.002, -0.005,  0.006,
        -0.006,  0.005, -0.01 , -0.006,  0.003, -0.002, -0.005, -0.001,
         0.007, -0.002, -0.003,  0.001,  0.002, -0.005, -0.003,  0.002,
        -0.005,  0.009, -0.01 ,  0.   ,  0.009,  0.006, -0.002, -0.006,
        -0.004,  0.009, -0.005,  0.01 , -0.008,  0.01 ,  0.003,  0.009],
       [ 0.001, -0.009, -0.003, -0.004,  0.002, -0.01 ,  0.009,  0.008,
         0.008,  0.005, -0.003,  0.003,  0.008,  0.003,  0.002, -0.008,
        -0.006,  0.008, -0.004,  0.007,  0.007,  0.007,  0.005,  0.004,
         0.005,  0.006,  0.003, -0.009,  0.004,  0.007,  0.004, -0.008,
         0.004,  0.007, -0.003,  0.002, -0.002,  0.001, -0.001, -0.006,
        -0.008,  0.   ,  0.008, -0.009,  0.009,  0.002, -0.002, -0.007],
       [ 0.009,  0.006,  0.01 ,  0.008,  0.005, -0.001, -0.001, -0.009,
         0.009,  0.   , -0.003,  0.007,  0.006, -0.002, -0.001, -0.002,
        -0.005,  0.007,  0.008, -0.01 , -0.008,  0.006,  0.002, -0.006,
         0.004,  0.001, -0.001, -0.002,  0.009,  0.005,  0.   ,  0.006,
         0.   , -0.008,  0.005, -0.01 , -0.004,  0.004,  0.003,  0.001,
        -0.006,  0.009,  0.003,  0.003,  0.007, -0.001,  0.   , -0.009],
       [ 0.01 , -0.006, -0.005,  0.001, -0.003, -0.009, -0.007,  0.005,
         0.004,  0.007,  0.01 , -0.006,  0.001,  0.007,  0.004, -0.001,
         0.01 ,  0.   ,  0.003,  0.007, -0.002,  0.   , -0.004,  0.002,
         0.006,  0.007,  0.002,  0.002,  0.008, -0.003, -0.01 ,  0.005,
         0.005,  0.   , -0.001, -0.006, -0.009,  0.003, -0.001,  0.006,
         0.008, -0.008,  0.01 ,  0.003, -0.003,  0.008,  0.007, -0.003],
       [-0.008,  0.006,  0.004,  0.01 , -0.005, -0.007,  0.004, -0.002,
        -0.002, -0.001, -0.003, -0.007, -0.002, -0.004,  0.002, -0.001,
        -0.004, -0.01 ,  0.001, -0.005, -0.008,  0.01 ,  0.004,  0.006,
         0.   ,  0.01 , -0.002, -0.005,  0.004, -0.005,  0.004,  0.002,
        -0.005,  0.01 ,  0.008, -0.008,  0.   ,  0.006,  0.003,  0.004,
        -0.006,  0.007,  0.01 ,  0.005,  0.003,  0.001,  0.005,  0.005],
       [-0.01 , -0.01 ,  0.006, -0.005,  0.007, -0.001, -0.009, -0.01 ,
        -0.003,  0.008, -0.008, -0.009, -0.007, -0.001, -0.008,  0.01 ,
         0.009, -0.005,  0.001, -0.004, -0.003,  0.   , -0.002,  0.008,
        -0.001, -0.01 , -0.01 , -0.005,  0.01 ,  0.003,  0.005, -0.009,
         0.   , -0.005,  0.004, -0.007,  0.005,  0.007, -0.001,  0.007,
         0.005, -0.009, -0.007,  0.006, -0.009,  0.007,  0.003,  0.006],
       [-0.003, -0.008, -0.005,  0.002,  0.002,  0.001, -0.009, -0.005,
         0.008, -0.008,  0.007, -0.009, -0.007, -0.001,  0.004, -0.005,
        -0.002,  0.004,  0.   , -0.01 , -0.005,  0.01 , -0.001,  0.009,
        -0.006,  0.004,  0.003,  0.009,  0.001,  0.008,  0.005,  0.009,
         0.003,  0.006, -0.006, -0.004, -0.01 ,  0.006,  0.007, -0.004,
        -0.006,  0.002,  0.007, -0.005, -0.005,  0.007,  0.009,  0.007],
       [ 0.002,  0.004, -0.001,  0.   ,  0.002, -0.008, -0.009,  0.008,
        -0.006, -0.008,  0.002, -0.006, -0.01 ,  0.008, -0.01 ,  0.008,
         0.003,  0.006, -0.003, -0.009,  0.004, -0.01 , -0.003,  0.004,
         0.009, -0.01 , -0.009,  0.01 ,  0.008, -0.005, -0.003, -0.007,
         0.005, -0.006, -0.008, -0.001, -0.002, -0.006,  0.004, -0.003,
         0.005, -0.01 , -0.006,  0.002,  0.001,  0.01 , -0.001, -0.007],
       [ 0.009,  0.003, -0.004, -0.004, -0.006, -0.01 ,  0.001, -0.01 ,
         0.001, -0.006, -0.009,  0.004, -0.008, -0.007,  0.005,  0.003,
        -0.008, -0.002, -0.008, -0.008,  0.004,  0.   ,  0.009,  0.002,
         0.006,  0.007,  0.01 ,  0.   ,  0.006, -0.01 , -0.003, -0.008,
         0.003,  0.006, -0.007,  0.006,  0.007, -0.007,  0.006, -0.004,
         0.002,  0.   , -0.01 ,  0.01 ,  0.008, -0.01 ,  0.002, -0.01 ]]), 'deltas': array([[0.],
       [0.],
       [0.],
       [0.],
       [0.],
       [0.],
       [0.],
       [0.],
       [0.],
       [0.]]), 'outputs': array([[0.],
       [0.],
       [0.],
       [0.],
       [0.],
       [0.],
       [0.],
       [0.],
       [0.],
       [0.]]), 'errors': array([[0.],
       [0.],
       [0.],
       [0.],
       [0.],
       [0.],
       [0.],
       [0.],
       [0.],
       [0.]])}, {'weights': array([[-0.004,  0.009,  0.007,  0.009,  0.001, -0.007, -0.01 , -0.002,
        -0.008, -0.01 ],
       [ 0.   , -0.01 , -0.001, -0.007, -0.006, -0.008, -0.007, -0.005,
         0.006, -0.007]]), 'deltas': array([[0.],
       [0.]]), 'outputs': array([[0.],
       [0.]]), 'errors': array([[0.],
       [0.]])}]
Training complete!
Training done. epoch: 100 , total error: 0.25000607877967873
[{'weights': array([[-1.21478382e+00,  1.28133738e+00, -1.10641496e+00,
        -2.94834400e-01, -8.01385521e-01,  5.43585150e-02,
         1.66409719e+00, -2.73069136e+00,  3.77327652e-02,
        -5.81735531e+00,  5.26408117e+00, -4.86587263e-01,
        -9.48521207e-01,  3.32536323e-01, -4.13876521e-01,
        -4.43512526e-02, -1.00042770e+00,  1.29175474e-02,
        -1.23953695e+00,  1.20483854e-01,  9.21916851e-02,
        -1.32111909e+00, -1.48984782e+00,  1.76910550e+00,
         1.13010784e+00, -3.81797870e+00,  1.65300946e+00,
        -2.92423957e+00,  1.81899874e+00,  8.43794227e-02,
         1.82944691e+00, -2.56043345e+00, -3.14874861e-01,
        -1.64728648e+00,  4.89634905e-01,  1.22790166e-01,
        -1.68519488e+00, -2.30117433e-01,  8.98450905e-01,
        -6.65701582e-01, -3.90764914e-01,  8.60508991e-03,
        -6.75990337e-01,  7.39087364e-02, -4.38779806e-01,
        -1.26479970e+00,  2.06061881e+00, -1.82668052e+00],
       [-1.80524885e+00,  1.60946421e+00, -1.01423947e+00,
         7.60099091e-04, -1.22622043e+00,  3.44362148e-02,
         2.01606023e+00, -3.20631079e+00, -8.77355762e-03,
        -6.66277236e+00,  5.84984684e+00, -3.94098594e-01,
        -4.89909870e-01, -1.58192491e-01, -5.66921750e-01,
         1.24245110e+00, -2.43891740e+00, -4.55781635e-03,
        -1.52659518e+00,  3.20617919e-01, -1.30468545e-02,
        -1.84412398e+00, -7.05195792e-01,  1.33529566e+00,
         7.96824023e-01, -2.69935568e+00,  6.98507549e-01,
        -2.88667214e+00,  1.61954308e+00,  5.91049447e-02,
         2.53691446e+00, -3.55713975e+00, -1.91798819e-01,
        -1.20406069e+00,  8.90312220e-02, -9.19946408e-02,
        -1.12360706e+00, -5.01798629e-01,  4.32381577e-01,
        -2.02101018e+00,  1.20917737e+00, -3.95191296e-01,
         1.46524078e+00, -2.30371499e+00, -3.70549909e-01,
        -8.59985818e-01,  1.82004052e+00, -2.14407882e+00],
       [-1.34147090e+00,  1.48100213e+00, -1.17134684e+00,
         1.65829154e-01, -1.23175435e+00,  3.31095844e-02,
         1.28679832e+00, -2.32462557e+00,  4.20116417e-02,
        -6.11910310e+00,  5.57438264e+00, -4.71095145e-01,
        -9.80944034e-01,  4.51841044e-01, -4.78712618e-01,
        -7.20404822e-03, -1.03286849e+00,  1.32569265e-02,
        -1.64350557e+00,  5.65948379e-01,  6.67415790e-02,
        -1.82923563e+00, -1.03377579e+00,  1.85819581e+00,
         1.20193805e+00, -3.89849397e+00,  1.68974032e+00,
        -2.47962514e+00,  1.37865402e+00,  8.21555075e-02,
         2.02680543e+00, -2.74828907e+00, -2.99331964e-01,
        -1.33425361e+00,  2.31508098e-01,  8.79299022e-02,
        -1.34302007e+00, -6.00471038e-01,  9.20675501e-01,
        -9.62612591e-01, -4.77963424e-02, -2.44066747e-02,
        -3.64252199e-01, -2.12692366e-01, -4.35871044e-01,
        -1.20369965e+00,  1.79994640e+00, -1.62406235e+00],
       [-1.27510604e+00,  1.33354060e+00, -1.06471081e+00,
        -2.27854703e-01, -8.28567122e-01,  3.71455710e-02,
         1.60088775e+00, -2.66716019e+00,  3.39961863e-02,
        -5.87427896e+00,  5.33392876e+00, -4.86926053e-01,
        -9.73319098e-01,  4.03223209e-01, -4.58180365e-01,
        -8.23091953e-02, -9.46783046e-01, -2.18401214e-03,
        -1.30276467e+00,  2.06553936e-01,  5.49344844e-02,
        -1.41336252e+00, -1.44385005e+00,  1.82793631e+00,
         1.18250505e+00, -3.83467750e+00,  1.62489620e+00,
        -2.86833670e+00,  1.78151144e+00,  6.75490072e-02,
         1.89171773e+00, -2.58052049e+00, -3.36473496e-01,
        -1.59713124e+00,  4.79206093e-01,  7.36488934e-02,
        -1.67549480e+00, -2.82545790e-01,  9.29764340e-01,
        -6.81433778e-01, -4.47262905e-01,  1.01420429e-01,
        -6.60286420e-01,  9.30386691e-02, -4.51028503e-01,
        -1.21912341e+00,  2.01408915e+00, -1.83624200e+00],
       [-1.52371081e+00,  1.58721109e+00, -1.11232505e+00,
         8.88306440e-02, -1.19641661e+00,  4.87611915e-02,
         1.35135779e+00, -2.42697665e+00,  2.97940855e-02,
        -6.53857482e+00,  5.92876912e+00, -4.27019079e-01,
        -6.61385408e-01,  1.38397471e-01, -5.12836839e-01,
         6.07108765e-01, -1.66730166e+00,  2.13681201e-02,
        -1.79447376e+00,  7.00128783e-01,  5.45202022e-02,
        -1.89911909e+00, -8.49832051e-01,  1.69912637e+00,
         1.03541137e+00, -3.35600517e+00,  1.28776902e+00,
        -2.49605175e+00,  1.36723240e+00,  8.79945769e-02,
         2.13626423e+00, -2.99033059e+00, -1.93758410e-01,
        -1.18883583e+00,  7.43371628e-02,  5.96738889e-02,
        -1.17211650e+00, -6.32541719e-01,  7.49833446e-01,
        -1.41232579e+00,  5.66419714e-01, -1.95918696e-01,
         4.65219937e-01, -1.11102325e+00, -3.92021461e-01,
        -1.01380603e+00,  1.89462758e+00, -1.91664633e+00],
       [-1.88737568e+00,  1.64209514e+00, -8.32116306e-01,
        -2.05684478e-02, -1.00815207e+00, -5.26763320e-02,
         1.46456439e+00, -2.46946239e+00, -7.44988497e-02,
        -6.09366032e+00,  5.52672552e+00, -5.23462051e-01,
        -9.29019105e-01,  4.50359135e-01, -6.04736882e-01,
         1.11031604e-02, -1.00847017e+00, -9.70298385e-02,
        -1.37360700e+00,  3.13442064e-01, -3.12319115e-02,
        -1.46104895e+00, -1.31527009e+00,  1.71692220e+00,
         1.26911352e+00, -3.54026837e+00,  1.19975800e+00,
        -2.75438165e+00,  1.69099703e+00, -2.20122324e-02,
         1.96717150e+00, -2.69915356e+00, -3.46414799e-01,
        -1.61933932e+00,  5.68738292e-01, -1.87958282e-02,
        -1.59077825e+00, -2.57301486e-01,  7.77682889e-01,
        -8.32700148e-01, -4.64942903e-01,  2.23246200e-01,
        -3.09690891e-01, -2.78798884e-01, -4.72907076e-01,
        -1.03312182e+00,  2.04390686e+00, -2.07918189e+00],
       [-1.50301976e+00,  1.43155653e+00, -9.75850234e-01,
        -1.10627763e-01, -9.24337138e-01,  2.65143392e-03,
         1.50524683e+00, -2.54670448e+00, -1.38558198e-02,
        -5.95013844e+00,  5.41691328e+00, -5.09088306e-01,
        -9.91040222e-01,  4.66186891e-01, -5.24460136e-01,
        -6.01202506e-02, -9.17013940e-01, -4.21792765e-02,
        -1.36512616e+00,  2.98651372e-01,  2.71613264e-02,
        -1.50428933e+00, -1.35731587e+00,  1.83429174e+00,
         1.22912983e+00, -3.75056850e+00,  1.46712521e+00,
        -2.76865231e+00,  1.70744724e+00,  3.58916065e-02,
         1.93502534e+00, -2.63121286e+00, -3.41125946e-01,
        -1.55584500e+00,  4.80425205e-01,  3.41063321e-02,
        -1.61679278e+00, -3.09744459e-01,  9.04223772e-01,
        -7.39472231e-01, -4.59502505e-01,  1.68661269e-01,
        -5.62961857e-01, -9.90795077e-03, -4.70443659e-01,
        -1.12289100e+00,  1.97912335e+00, -1.87354582e+00],
       [-1.37948976e+00,  1.50005449e+00, -1.15864369e+00,
         2.20438836e-01, -1.28297000e+00,  4.54522053e-02,
         1.23239029e+00, -2.30188936e+00,  4.14201147e-02,
        -6.16959134e+00,  5.61036376e+00, -4.72851382e-01,
        -9.90904640e-01,  4.54036850e-01, -4.89211169e-01,
        -3.64391586e-03, -1.02857619e+00,  7.14114582e-03,
        -1.67527265e+00,  5.85557762e-01,  5.26359252e-02,
        -1.86541223e+00, -1.00453714e+00,  1.86587041e+00,
         1.20597844e+00, -3.89685302e+00,  1.66979562e+00,
        -2.41550638e+00,  1.32960197e+00,  8.18254527e-02,
         2.03711303e+00, -2.74776043e+00, -2.94431558e-01,
        -1.31139851e+00,  2.12734844e-01,  7.25847064e-02,
        -1.31651718e+00, -6.23037984e-01,  9.20476206e-01,
        -9.81187266e-01, -3.42343375e-02, -1.46573553e-02,
        -3.32179997e-01, -2.52755043e-01, -4.40143919e-01,
        -1.20973715e+00,  1.83321095e+00, -1.62255276e+00],
       [-2.18599307e+00,  1.72359528e+00, -8.40116196e-01,
        -1.68575153e-01, -1.08798291e+00, -5.69559201e-02,
         2.26732874e+00, -3.45252702e+00, -1.29315704e-01,
        -6.55033566e+00,  5.67693076e+00, -4.46109092e-01,
        -4.18007973e-01, -2.66380064e-01, -6.35125949e-01,
         1.40121362e+00, -2.60849329e+00, -8.32343157e-02,
        -1.32245243e+00,  9.98906974e-02, -9.29522520e-02,
        -1.58809981e+00, -8.68395392e-01,  1.13998122e+00,
         7.53302169e-01, -2.39084819e+00,  3.20032035e-01,
        -3.13803904e+00,  1.86065366e+00, -1.71286009e-02,
         2.43006092e+00, -3.50069638e+00, -2.41878527e-01,
        -1.41685762e+00,  3.07852687e-01, -2.13509048e-01,
        -1.30109034e+00, -2.57602682e-01,  2.47179040e-01,
        -2.05396760e+00,  1.09624701e+00, -3.57793401e-01,
         1.62601136e+00, -2.53177765e+00, -4.04747692e-01,
        -7.03584102e-01,  1.89564132e+00, -2.49757120e+00],
       [-1.43414964e+00,  1.47237931e+00, -1.16310351e+00,
         5.88720657e-02, -1.27918925e+00,  6.74433440e-02,
         1.85086046e+00, -3.04234632e+00,  5.06120146e-02,
        -6.64536451e+00,  5.87901250e+00, -3.77521828e-01,
        -4.99577211e-01, -1.48783191e-01, -4.94513442e-01,
         1.13491860e+00, -2.31570272e+00,  4.09102748e-02,
        -1.64334557e+00,  4.49388179e-01,  4.90835478e-02,
        -1.93789100e+00, -6.70783472e-01,  1.48680063e+00,
         7.72086291e-01, -2.91288373e+00,  1.03092359e+00,
        -2.67275417e+00,  1.43169714e+00,  1.04183181e-01,
         2.45570184e+00, -3.43488162e+00, -1.61694068e-01,
        -1.06067560e+00, -8.55550330e-02,  1.83567866e-02,
        -1.05716096e+00, -6.49521015e-01,  5.79808133e-01,
        -1.90917125e+00,  1.22985078e+00, -4.55553375e-01,
         1.21422332e+00, -1.98838447e+00, -3.50712692e-01,
        -1.08151632e+00,  1.89553915e+00, -1.96489668e+00]]), 'deltas': array([[-6.80649232e-08],
       [-1.57922734e-05],
       [-9.55462705e-07],
       [-9.27898184e-08],
       [-8.50080312e-06],
       [-4.79695087e-07],
       [-2.01277750e-07],
       [-1.23984635e-06],
       [-8.85201690e-06],
       [-1.95555418e-05]]), 'outputs': array([[2.63946254e-08],
       [6.12406011e-06],
       [3.70515203e-07],
       [3.59825944e-08],
       [3.29650335e-06],
       [1.86019076e-07],
       [7.80527007e-08],
       [4.80795294e-07],
       [3.43270006e-06],
       [7.58342297e-06]]), 'errors': -2.5787418451614257}, {'weights': array([[ 0.94653566,  1.1820386 ,  0.97492378,  0.97571001,  0.97253314,
         0.93706888,  0.94377417,  0.97344999,  1.33710975,  1.07139188],
       [-0.94456561, -1.17716595, -0.96310559, -0.96775063, -0.97134353,
        -0.94582973, -0.9547944 , -0.97461834, -1.33350482, -1.08246678]]), 'deltas': array([[-0.12500152],
       [ 0.12500152]]), 'outputs': array([[0.50000607],
       [0.49999392]]), 'errors': array([[-0.50000607],
       [ 0.50000608]])}]
Accuracy: 38.63636363636363 %

Feedforward Neural Network AVG Accuracy (%): 38.62008213652159 %
