Namespace(max_epochs=100, num_layers=3, num_nodes_per_hidden_layer=2, training_rate=0.5)

train_data group 0 length:  349
   0   1   2   3   4   5   6   7   8  ...  40  41  42  43  44  45  46  47  48
0   1   0   0   0   1   0   1   0   0 ...   1   0   1   0   0   0   1   0   0
1   1   0   0   0   0   1   1   0   0 ...   1   0   1   0   0   0   1   0   0
2   1   0   0   0   1   0   1   0   0 ...   1   0   1   0   0   0   1   0   0
3   1   0   0   0   1   0   1   0   0 ...   1   0   1   0   0   1   0   0   0
4   1   0   0   1   0   0   1   0   0 ...   1   0   1   0   0   1   0   0   0

[5 rows x 49 columns]
Initial Neural Network:
[{'weights': array([[-0.004,  0.006,  0.003,  0.002,  0.005, -0.004, -0.002,  0.007,
         0.002, -0.005,  0.001, -0.002, -0.006, -0.006, -0.002,  0.009,
         0.   , -0.007, -0.007,  0.   , -0.001,  0.003, -0.01 , -0.008,
         0.01 ,  0.009, -0.01 ,  0.008,  0.   , -0.001, -0.008, -0.008,
        -0.01 ,  0.009,  0.004, -0.007, -0.009, -0.005, -0.01 , -0.007,
         0.002, -0.001,  0.001,  0.01 , -0.009,  0.007,  0.01 , -0.01 ],
       [ 0.005, -0.002, -0.004,  0.01 ,  0.003,  0.   ,  0.   ,  0.009,
         0.   , -0.005,  0.004,  0.01 ,  0.002, -0.009, -0.01 ,  0.006,
        -0.003,  0.009, -0.001,  0.01 , -0.007,  0.   , -0.002, -0.004,
        -0.005,  0.005,  0.009, -0.001,  0.01 ,  0.001,  0.001, -0.008,
         0.008,  0.003,  0.009,  0.002,  0.008, -0.002,  0.007,  0.008,
         0.002, -0.007,  0.01 , -0.006,  0.002, -0.001,  0.006,  0.003]]), 'deltas': array([[0.],
       [0.]]), 'outputs': array([[0.],
       [0.]]), 'errors': array([[0.],
       [0.]])}, {'weights': array([[ 0.   , -0.004],
       [ 0.007, -0.01 ]]), 'deltas': array([[0.],
       [0.]]), 'outputs': array([[0.],
       [0.]]), 'errors': array([[0.],
       [0.]])}, {'weights': array([[ 0.007,  0.01 ],
       [ 0.006, -0.003]]), 'deltas': array([[0.],
       [0.]]), 'outputs': array([[0.],
       [0.]]), 'errors': array([[0.],
       [0.]])}]
Training complete!
Training done. epoch: 100 , total error: 0.014698395109536438
[{'weights': array([[ 4.59651227e-01,  3.33319277e-01, -1.21421694e+00,
        -6.34994826e-01,  1.49376112e+00, -1.28201273e+00,
        -2.46480987e+00,  2.94648320e+00, -9.00919773e-01,
         4.96237470e+00, -4.68004667e+00, -7.14574467e-01,
         3.58369979e-01, -1.04241128e+00,  2.43794859e-01,
         6.75303309e-01, -9.43408064e-01, -1.56141683e-01,
         1.51639403e-01, -6.98027964e-01,  1.12142124e-01,
         1.06958585e+00, -4.57592858e-01, -1.05323943e+00,
        -8.03149139e-01,  1.27284550e-01,  2.58618152e-01,
         1.10107007e+00, -1.30668089e+00, -2.13635615e-01,
        -2.24801981e+00,  1.18393136e+00,  6.11842006e-01,
         1.06493683e+00,  3.98273139e-01, -1.88345641e+00,
        -9.49606730e-01,  9.92741229e-01, -4.93380936e-01,
        -4.00760781e-01,  8.25656087e-01, -8.57141744e-01,
        -8.14092356e-01, -3.05839558e-02,  4.20429875e-01,
        -7.25712352e-01, -1.53129988e+00,  1.83776579e+00],
       [-4.98498890e-02,  3.69066644e-01, -8.30419302e-01,
        -5.82378762e-01,  1.19959041e+00, -1.11441419e+00,
        -6.60873669e-01,  8.50455773e-01, -6.90784651e-01,
         4.95675202e+00, -5.00070448e+00, -4.57250089e-01,
         8.14231736e-01, -1.46298622e+00,  1.21551940e-01,
         6.98336623e-01, -9.29158240e-01, -2.67380930e-01,
        -1.04719046e+00,  5.39567433e-01, -5.79523260e-04,
         5.57796576e-02,  3.48165238e-01, -9.20147443e-01,
        -1.14521738e+00,  4.81546413e-01,  1.62468421e-01,
         5.62604650e-01, -7.21634118e-01, -3.41173079e-01,
        -2.46290852e+00,  1.25445651e+00,  6.99249465e-01,
         1.35149515e+00,  7.71533989e-02, -1.92485110e+00,
        -4.87678609e-01,  5.32345641e-01, -5.41869579e-01,
        -1.30334530e-01,  3.65572339e-01, -7.42440355e-01,
         2.47038840e-01, -1.04493720e+00,  2.93695817e-01,
        -2.90505564e-01, -4.80238990e-01,  2.68542007e-01]]), 'deltas': array([[3.42020203e-07],
       [7.68649016e-07]]), 'outputs': array([[0.9989697 ],
       [0.99768154]]), 'errors': 0.0003323053348928397}, {'weights': array([[3.9327692 , 3.86350483],
       [3.93851546, 3.8576621 ]]), 'deltas': array([[2.13110485e-05],
       [2.13129404e-05]]), 'outputs': array([[0.99958351],
       [0.99958348]]), 'errors': 0.051190144212666135}, {'weights': array([[-0.99892865, -0.99557623],
       [ 1.00192971,  0.99257517]]), 'deltas': array([[-0.01291641],
       [ 0.01291641]]), 'outputs': array([[0.12123694],
       [0.87876306]]), 'errors': array([[-0.12123694],
       [ 0.12123694]])}]
target: 0 prediction: 1
target: 0 prediction: 1
target: 0 prediction: 1
target: 0 prediction: 1
target: 0 prediction: 1
target: 0 prediction: 1
target: 0 prediction: 1
target: 0 prediction: 1
target: 0 prediction: 1
target: 0 prediction: 1
target: 0 prediction: 1
target: 0 prediction: 1
target: 0 prediction: 1
target: 0 prediction: 1
target: 0 prediction: 1
target: 0 prediction: 1
target: 0 prediction: 1
target: 0 prediction: 1
target: 0 prediction: 1
target: 0 prediction: 1
target: 0 prediction: 1
target: 0 prediction: 1
target: 0 prediction: 1
target: 0 prediction: 1
target: 0 prediction: 1
target: 0 prediction: 1
target: 0 prediction: 1
target: 0 prediction: 1
target: 0 prediction: 1
target: 0 prediction: 1
target: 0 prediction: 1
target: 0 prediction: 1
target: 0 prediction: 1
target: 1 prediction: 1
target: 1 prediction: 1
target: 1 prediction: 1
target: 1 prediction: 1
target: 1 prediction: 1
target: 1 prediction: 1
target: 1 prediction: 1
target: 1 prediction: 1
target: 1 prediction: 1
target: 1 prediction: 1
target: 1 prediction: 1
target: 1 prediction: 1
target: 1 prediction: 1
target: 1 prediction: 1
target: 1 prediction: 1
target: 1 prediction: 1
target: 1 prediction: 1
target: 1 prediction: 1
target: 1 prediction: 1
target: 1 prediction: 1
target: 1 prediction: 1
target: 1 prediction: 1
target: 1 prediction: 1
target: 1 prediction: 1
target: 1 prediction: 1
target: 1 prediction: 1
target: 1 prediction: 1
target: 1 prediction: 1
target: 1 prediction: 1
target: 1 prediction: 1
target: 1 prediction: 1
target: 1 prediction: 1
target: 1 prediction: 1
target: 1 prediction: 1
target: 1 prediction: 1
target: 1 prediction: 1
target: 1 prediction: 1
target: 1 prediction: 1
target: 1 prediction: 1
target: 1 prediction: 1
target: 1 prediction: 1
target: 1 prediction: 1
target: 1 prediction: 1
target: 1 prediction: 1
target: 1 prediction: 1
target: 1 prediction: 1
target: 1 prediction: 1
target: 1 prediction: 1
target: 1 prediction: 1
target: 1 prediction: 1
target: 1 prediction: 1
target: 1 prediction: 1
target: 1 prediction: 1
Accuracy: 61.627906976744185 %

train_data group 1 length:  348
   0   1   2   3   4   5   6   7   8  ...  40  41  42  43  44  45  46  47  48
0   1   0   0   1   0   0   1   0   0 ...   1   0   1   0   0   0   1   0   0
1   1   0   0   0   1   0   1   0   0 ...   1   0   1   0   0   0   1   0   0
2   1   0   0   0   1   0   1   0   0 ...   1   0   1   0   0   0   1   0   0
3   1   0   0   0   1   0   1   0   0 ...   1   0   1   0   0   1   0   0   0
4   0   1   0   1   0   0   1   0   0 ...   1   0   1   0   0   0   1   0   0

[5 rows x 49 columns]
Initial Neural Network:
[{'weights': array([[ 0.002,  0.01 , -0.008, -0.01 , -0.003, -0.008, -0.006,  0.003,
        -0.003, -0.004,  0.002, -0.009, -0.003,  0.007,  0.001,  0.004,
         0.002,  0.   ,  0.009, -0.005, -0.009, -0.002,  0.003, -0.009,
        -0.01 , -0.002, -0.002, -0.003, -0.006, -0.001,  0.007, -0.01 ,
        -0.004,  0.005, -0.007,  0.003,  0.007,  0.   , -0.009,  0.   ,
         0.007,  0.001, -0.002,  0.007,  0.001,  0.001, -0.002,  0.01 ],
       [-0.002, -0.003,  0.007,  0.007,  0.007, -0.007,  0.009,  0.01 ,
        -0.006, -0.01 ,  0.007,  0.005,  0.001,  0.004, -0.009, -0.003,
         0.007, -0.009, -0.007, -0.003,  0.005, -0.005,  0.009, -0.008,
        -0.005, -0.007, -0.01 , -0.003,  0.002, -0.002,  0.004,  0.008,
         0.007, -0.009, -0.009, -0.005,  0.001, -0.005,  0.007, -0.006,
         0.003,  0.   , -0.008, -0.008,  0.003,  0.   , -0.002,  0.002]]), 'deltas': array([[0.],
       [0.]]), 'outputs': array([[0.],
       [0.]]), 'errors': array([[0.],
       [0.]])}, {'weights': array([[ 0.005,  0.009],
       [-0.003,  0.004]]), 'deltas': array([[0.],
       [0.]]), 'outputs': array([[0.],
       [0.]]), 'errors': array([[0.],
       [0.]])}, {'weights': array([[0.002, 0.005],
       [0.01 , 0.009]]), 'deltas': array([[0.],
       [0.]]), 'outputs': array([[0.],
       [0.]]), 'errors': array([[0.],
       [0.]])}]
Training complete!
Training done. epoch: 100 , total error: 0.014780646199281527
[{'weights': array([[ 0.78766708,  0.66936162, -1.72818283, -1.53411892,  2.20657538,
        -0.96861059, -2.86334607,  3.13005253, -0.5478606 ,  5.08646655,
        -4.03863044, -1.33399024,  0.73024084, -1.2687457 ,  0.26835072,
        -0.28090188,  0.13672734, -0.1249796 ,  0.68019596, -1.14490067,
         0.18455057,  0.85681276, -0.00632121, -1.13364568, -1.68328474,
         0.81865133,  0.57547927,  1.05181146, -1.18121677, -0.15574883,
        -3.84178212,  2.77767957,  0.78194841,  0.63140007,  0.67786476,
        -1.58341897,  1.07504215, -0.75028036, -0.60191593, -0.01195948,
         1.31541021, -1.57060487, -1.4392176 ,  0.72222851,  0.44783496,
        -0.33403994, -2.19735631,  2.26524211],
       [ 0.42645954,  0.67603993, -1.2599325 , -1.37527857,  1.78368372,
        -0.56083818, -2.23468594,  2.28947298, -0.20122006,  5.1754954 ,
        -4.23401774, -1.09891069,  0.88076751, -1.26586517,  0.22166463,
        -0.43221852,  0.43573523, -0.16794973, -0.14694771, -0.22192335,
         0.20443803,  0.34481441,  0.38608359, -0.89433102, -1.84779571,
         1.47591965,  0.19044304,  0.76412797, -0.73570405, -0.19085694,
        -4.51448212,  3.30945064,  1.06459845,  0.8823352 ,  0.35828439,
        -1.42305261, -0.16717532,  0.36665966, -0.35591737,  0.58121583,
         0.56922488, -1.31287373, -2.38145559,  1.82890189,  0.38012067,
        -0.17051566, -1.24895192,  1.26003455]]), 'deltas': array([[4.18190123e-09],
       [2.83534059e-09]]), 'outputs': array([[0.9999837 ],
       [0.99998895]]), 'errors': 0.00025650407221648356}, {'weights': array([[4.0495129 , 4.03242256],
       [4.0481498 , 4.03376262]]), 'deltas': array([[1.58688467e-05],
       [1.58692119e-05]]), 'outputs': array([[0.99969098],
       [0.99969098]]), 'errors': 0.051368734400922066}, {'weights': array([[-1.00213655, -0.98904722],
       [ 1.00111727,  0.9900665 ]]), 'deltas': array([[-0.01298368],
       [ 0.01298368]]), 'outputs': array([[0.12157568],
       [0.87842432]]), 'errors': array([[-0.12157568],
       [ 0.12157568]])}]
Accuracy: 60.91954022988506 %

train_data group 2 length:  348
   0   1   2   3   4   5   6   7   8  ...  40  41  42  43  44  45  46  47  48
0   1   0   0   1   0   0   1   0   0 ...   1   0   1   0   0   0   1   0   0
1   1   0   0   0   1   0   1   0   0 ...   1   0   1   0   0   0   1   0   0
2   1   0   0   0   1   0   1   0   0 ...   1   0   1   0   0   0   1   0   0
3   1   0   0   0   1   0   1   0   0 ...   1   0   1   0   0   1   0   0   0
4   0   1   0   1   0   0   1   0   0 ...   1   0   1   0   0   0   1   0   0

[5 rows x 49 columns]
Initial Neural Network:
[{'weights': array([[-0.005, -0.008,  0.007, -0.004,  0.01 , -0.008,  0.007,  0.009,
         0.004,  0.008, -0.004,  0.003, -0.005, -0.002,  0.005, -0.001,
         0.   ,  0.001,  0.005, -0.006, -0.001, -0.007, -0.009,  0.008,
         0.   , -0.004, -0.009, -0.008, -0.005,  0.007,  0.006, -0.006,
        -0.004,  0.01 ,  0.   , -0.006, -0.008, -0.004,  0.002, -0.001,
         0.01 , -0.006, -0.007, -0.002,  0.   ,  0.007,  0.006, -0.001],
       [ 0.006, -0.008, -0.001, -0.007,  0.008,  0.009,  0.008,  0.01 ,
         0.008, -0.01 , -0.005,  0.003,  0.007, -0.008, -0.008,  0.   ,
        -0.003, -0.001,  0.003,  0.009, -0.009, -0.009,  0.002, -0.001,
        -0.005, -0.009, -0.001,  0.003, -0.003, -0.005,  0.001, -0.001,
        -0.006, -0.003, -0.006, -0.003,  0.006, -0.006,  0.006, -0.007,
         0.006,  0.003,  0.005, -0.005, -0.003, -0.009, -0.002,  0.004]]), 'deltas': array([[0.],
       [0.]]), 'outputs': array([[0.],
       [0.]]), 'errors': array([[0.],
       [0.]])}, {'weights': array([[-0.008,  0.005],
       [ 0.005, -0.008]]), 'deltas': array([[0.],
       [0.]]), 'outputs': array([[0.],
       [0.]]), 'errors': array([[0.],
       [0.]])}, {'weights': array([[ 0.003, -0.003],
       [-0.001,  0.003]]), 'deltas': array([[0.],
       [0.]]), 'outputs': array([[0.],
       [0.]]), 'errors': array([[0.],
       [0.]])}]
Training complete!
Training done. epoch: 100 , total error: 0.014729899211146183
[{'weights': array([[ 0.92105159,  0.32714396, -1.53886737, -1.01116191,  1.42439955,
        -0.69990945, -2.10348526,  2.42342006, -0.58460661,  5.34549327,
        -4.55459729, -1.06856779,  0.8636116 , -1.96219914,  0.81191572,
        -0.67283487,  0.21152975,  0.1766333 ,  0.21557684, -0.63511061,
         0.13286195,  0.91939824, -0.15053593, -1.06153412, -1.39479937,
         2.21746622, -1.12033866,  0.4284964 , -0.81802786,  0.09885965,
        -3.85916448,  2.91088841,  0.65960426,  1.13862599, -0.47022749,
        -0.94907032, -1.49618832,  0.76198139,  0.43953512,  0.67478541,
        -0.08930102, -0.8671562 , -2.04024253,  1.50362263,  0.24294809,
        -0.64415372, -0.72241759,  1.0938995 ],
       [ 0.74111067,  0.46566681, -1.51948827, -1.60218901,  1.88277472,
        -0.5802965 , -2.40764441,  2.59438944, -0.47045582,  4.63399565,
        -3.99145641, -0.96425003,  0.85645614, -1.99791798,  0.82275105,
        -0.5589529 ,  0.08190011,  0.163342  ,  0.1704415 , -0.56723475,
         0.09008247,  1.1825899 , -0.196728  , -1.30357269, -1.49106598,
         2.34110471, -1.17474952,  1.1614289 , -1.55317327,  0.07703357,
        -4.30349458,  3.39267349,  0.5951103 ,  1.53255841, -1.15310873,
        -0.70116048, -0.84313219,  0.22688927,  0.31253213,  0.20246118,
         0.54155266, -1.05172463, -1.41982216,  0.82848258,  0.27862879,
        -0.87750491, -0.91056551,  1.47135964]]), 'deltas': array([[9.82175783e-09],
       [2.02017602e-08]]), 'outputs': array([[0.99996393],
       [0.99992581]]), 'errors': 0.0002723236265521127}, {'weights': array([[4.00243901, 4.00893862],
       [4.01432202, 3.99712309]]), 'deltas': array([[1.69965961e-05],
       [1.69954424e-05]]), 'outputs': array([[0.99966829],
       [0.99966831]]), 'errors': 0.05125638559304441}, {'weights': array([[-0.9927648, -1.0003801],
       [ 0.9937648,  0.9993801]]), 'deltas': array([[-0.01294218],
       [ 0.01294218]]), 'outputs': array([[0.1213668],
       [0.8786332]]), 'errors': array([[-0.1213668],
       [ 0.1213668]])}]
Accuracy: 62.06896551724138 %

train_data group 3 length:  348
   0   1   2   3   4   5   6   7   8  ...  40  41  42  43  44  45  46  47  48
0   1   0   0   1   0   0   1   0   0 ...   1   0   1   0   0   0   1   0   0
1   1   0   0   0   1   0   1   0   0 ...   1   0   1   0   0   0   1   0   0
2   1   0   0   0   1   0   1   0   0 ...   1   0   1   0   0   0   1   0   0
3   1   0   0   0   1   0   1   0   0 ...   1   0   1   0   0   1   0   0   0
4   0   1   0   1   0   0   1   0   0 ...   1   0   1   0   0   0   1   0   0

[5 rows x 49 columns]
Initial Neural Network:
[{'weights': array([[ 0.005,  0.01 ,  0.006, -0.008,  0.006,  0.009, -0.003,  0.005,
         0.008,  0.006, -0.007, -0.007, -0.01 , -0.004,  0.001,  0.009,
         0.009, -0.006,  0.005,  0.006, -0.01 ,  0.003,  0.009,  0.   ,
        -0.003, -0.006,  0.009, -0.006, -0.004,  0.003, -0.005, -0.001,
        -0.002, -0.008,  0.   ,  0.008, -0.003,  0.004, -0.005, -0.007,
        -0.008,  0.001,  0.001, -0.005,  0.003,  0.005,  0.006,  0.006],
       [ 0.005,  0.004, -0.004,  0.002,  0.007, -0.001,  0.005,  0.01 ,
        -0.002,  0.   ,  0.005, -0.003,  0.006, -0.005, -0.007, -0.002,
         0.004, -0.009, -0.004, -0.006, -0.009, -0.003,  0.003,  0.01 ,
         0.002,  0.002,  0.003,  0.002,  0.004,  0.003, -0.004, -0.007,
         0.002, -0.007, -0.004,  0.008,  0.006,  0.006,  0.005, -0.006,
        -0.008,  0.003,  0.008, -0.002, -0.001,  0.002,  0.009, -0.006]]), 'deltas': array([[0.],
       [0.]]), 'outputs': array([[0.],
       [0.]]), 'errors': array([[0.],
       [0.]])}, {'weights': array([[ 0.   , -0.007],
       [-0.003,  0.006]]), 'deltas': array([[0.],
       [0.]]), 'outputs': array([[0.],
       [0.]]), 'errors': array([[0.],
       [0.]])}, {'weights': array([[-0.003, -0.007],
       [ 0.006,  0.   ]]), 'deltas': array([[0.],
       [0.]]), 'outputs': array([[0.],
       [0.]]), 'errors': array([[0.],
       [0.]])}]
Training complete!
Training done. epoch: 100 , total error: 0.014819278266444157
[{'weights': array([[ 0.01986902, -0.04981294,  0.05066076, -0.13237294,  0.60325482,
        -0.46416505, -2.93285441,  2.33284078,  0.60973047,  5.2043921 ,
        -5.46657079,  0.25389554,  1.01337274, -1.07742831,  0.05077241,
        -1.13202723,  1.08601978,  0.05772429,  0.5576423 , -0.50153743,
        -0.05538803,  0.80448073,  0.36460639, -1.15737028, -1.26190887,
         0.65524113,  0.60638458,  1.0241356 , -0.99156775, -0.03985101,
        -2.08259038,  2.3840424 , -0.30973518,  1.01089642,  0.5018093 ,
        -1.51298888, -1.62594664,  1.35215021,  0.26951327,  0.21407752,
        -0.0470929 , -0.18126778, -0.88203254,  0.49009208,  0.3906573 ,
        -0.62824467, -1.76546034,  2.41042185],
       [-0.05827146,  0.00693753,  0.04172163, -0.21416845,  0.64412597,
        -0.43656983, -2.99643281,  2.38772609,  0.60709441,  5.0326872 ,
        -5.30558367,  0.26028416,  0.94900058, -1.01431744,  0.04470455,
        -1.21613316,  1.13945313,  0.05506772,  0.58103074, -0.56244312,
        -0.05219993,  0.82112991,  0.31261914, -1.13836136, -1.27796305,
         0.67091902,  0.59943173,  0.99272901, -0.95849129, -0.03985003,
        -2.11680207,  2.39488007, -0.30169031,  1.08191173,  0.32064124,
        -1.42016528, -1.38307303,  1.10894421,  0.27651651,  0.19872219,
        -0.04670699, -0.17762752, -0.81128868,  0.42202156,  0.37965481,
        -0.6280817 , -1.79545795,  2.41392734]]), 'deltas': array([[3.86589930e-08],
       [3.67963447e-08]]), 'outputs': array([[0.99988896],
       [0.99989431]]), 'errors': 0.0003481769807202478}, {'weights': array([[3.89842553, 3.83623056],
       [3.89051495, 3.84429107]]), 'deltas': array([[2.25091264e-05],
       [2.25057541e-05]]), 'outputs': array([[0.99956241],
       [0.99956248]]), 'errors': 0.051461612939896165}, {'weights': array([[-0.98908721, -1.00089429],
       [ 0.99408488,  0.9958966 ]]), 'deltas': array([[-0.01301526],
       [ 0.01301526]]), 'outputs': array([[0.12173446],
       [0.87826554]]), 'errors': array([[-0.12173446],
       [ 0.12173446]])}]
Accuracy: 60.91954022988506 %

train_data group 4 length:  347
   0   1   2   3   4   5   6   7   8  ...  40  41  42  43  44  45  46  47  48
0   1   0   0   1   0   0   1   0   0 ...   1   0   1   0   0   0   1   0   0
1   1   0   0   0   1   0   1   0   0 ...   1   0   1   0   0   0   1   0   0
2   1   0   0   0   1   0   1   0   0 ...   1   0   1   0   0   0   1   0   0
3   1   0   0   0   1   0   1   0   0 ...   1   0   1   0   0   1   0   0   0
4   0   1   0   1   0   0   1   0   0 ...   1   0   1   0   0   0   1   0   0

[5 rows x 49 columns]
Initial Neural Network:
[{'weights': array([[ 0.   , -0.009,  0.01 ,  0.   , -0.008, -0.005, -0.002,  0.001,
        -0.008,  0.009,  0.008,  0.002,  0.   ,  0.006,  0.002,  0.003,
         0.003, -0.004,  0.   , -0.009, -0.005, -0.008,  0.002, -0.001,
        -0.006,  0.003, -0.009,  0.002, -0.006, -0.002,  0.005, -0.003,
         0.008, -0.007, -0.007,  0.002, -0.002,  0.008, -0.007,  0.009,
         0.007, -0.007, -0.01 ,  0.   , -0.007, -0.009,  0.001, -0.009],
       [ 0.009, -0.01 , -0.002,  0.002, -0.005, -0.005,  0.004, -0.002,
         0.006, -0.004,  0.008,  0.01 ,  0.005,  0.006,  0.006, -0.006,
        -0.006,  0.   , -0.002, -0.006,  0.003, -0.01 ,  0.   ,  0.005,
        -0.005,  0.005,  0.005,  0.007,  0.006, -0.01 , -0.009,  0.004,
        -0.002, -0.01 , -0.007, -0.007,  0.001, -0.003, -0.004, -0.003,
         0.007, -0.008,  0.005, -0.007,  0.003, -0.007,  0.01 , -0.002]]), 'deltas': array([[0.],
       [0.]]), 'outputs': array([[0.],
       [0.]]), 'errors': array([[0.],
       [0.]])}, {'weights': array([[ 0.006,  0.005],
       [-0.01 , -0.008]]), 'deltas': array([[0.],
       [0.]]), 'outputs': array([[0.],
       [0.]]), 'errors': array([[0.],
       [0.]])}, {'weights': array([[ 0.01 ,  0.003],
       [ 0.006, -0.009]]), 'deltas': array([[0.],
       [0.]]), 'outputs': array([[0.],
       [0.]]), 'errors': array([[0.],
       [0.]])}]
Training complete!
Training done. epoch: 100 , total error: 0.01500461771217345
[{'weights': array([[ 1.90559718, -0.71311969, -1.36684606, -0.18364452,  0.91615018,
        -0.92087422, -1.49333518,  1.85641533, -0.54744871,  5.40565255,
        -5.03976095, -0.52226017, -0.60857351, -0.26491659,  0.70612154,
        -1.14770027,  0.70662137,  0.26771034,  0.08535244, -0.52533554,
         0.25061454,  1.64302624, -0.70945718, -1.11593761, -1.50740105,
         2.19572431, -0.87569182,  1.06654628, -1.44628851,  0.19837367,
        -2.36876295,  1.89207961,  0.31131477,  0.15014776, -0.57115051,
         0.23363419,  0.86039539, -0.64938877, -0.38737518,  1.20262061,
        -0.37678176, -0.99220741, -1.93245413,  1.13836582,  0.60171975,
         0.16415869, -0.84806167,  0.49153442],
       [ 1.7583236 , -0.41844258, -1.61221024, -0.68525945,  1.53772499,
        -1.12979476, -2.19766734,  2.66820218, -0.73186405,  5.2437973 ,
        -4.79384575, -0.70528076, -0.7310097 , -0.26187982,  0.74056031,
        -0.92169211,  0.36623278,  0.27413012,  0.65291884, -1.05054208,
         0.12329403,  1.9119689 , -0.60735565, -1.57894247, -1.69965855,
         1.97439431, -0.53906497,  1.34994442, -1.81034603,  0.1940724 ,
        -2.80202305,  2.48371057,  0.04198327,  0.51865415, -0.66707903,
        -0.14490433,  1.08477615, -0.58916371, -0.77094165,  0.35673474,
         0.52998032, -1.16004428, -1.24098385,  0.37039689,  0.60225775,
        -0.16552052, -1.95989431,  1.85708562]]), 'deltas': array([[1.05017137e-05],
       [2.45592590e-05]]), 'outputs': array([[0.97588025],
       [0.94153614]]), 'errors': 0.0004461601702800763}, {'weights': array([[3.88993426, 3.94041001],
       [3.88850488, 3.94172769]]), 'deltas': array([[2.84872874e-05],
       [2.84916772e-05]]), 'outputs': array([[0.99945059],
       [0.99945051]]), 'errors': 0.05187951564416523}, {'weights': array([[-0.99977178, -0.98349803],
       [ 1.01075511,  0.97251468]]), 'deltas': array([[-0.01316665],
       [ 0.01316665]]), 'outputs': array([[0.12249334],
       [0.87750666]]), 'errors': array([[-0.12249334],
       [ 0.12249334]])}]
Accuracy: 61.36363636363637 %

Feedforward Neural Network AVG Accuracy (%): 61.37991786347841 %
