Namespace(max_epochs=100, num_layers=2, num_nodes_per_hidden_layer=6, training_rate=0.5)

train_data group 0 length:  171
   0   1   2   3   4   5   6   7   8  ...  36  37  38  39  40  41  42  43  44
0   0   0   1   0   0   0   1   0   0 ...   0   0   0   1   0   0   0   0   0
1   0   1   0   0   0   0   1   0   0 ...   0   0   0   0   0   1   0   0   0
2   0   0   1   0   0   0   0   1   0 ...   0   0   0   1   0   0   0   0   0
3   0   1   0   0   0   0   1   0   0 ...   0   0   0   0   0   1   0   0   0
4   0   0   1   0   0   0   0   1   0 ...   0   0   0   1   0   0   0   0   0

[5 rows x 45 columns]
Initial Neural Network:
[{'weights': array([[ 0.002,  0.007,  0.001, -0.006,  0.005,  0.006, -0.008,  0.006,
        -0.002,  0.006, -0.008, -0.001,  0.   ,  0.   , -0.007,  0.006,
         0.01 , -0.003,  0.004, -0.006, -0.009,  0.   , -0.008,  0.002,
         0.009,  0.003, -0.007,  0.01 ,  0.007, -0.004, -0.005, -0.005,
        -0.001,  0.002, -0.006, -0.009, -0.002,  0.009,  0.006,  0.002,
        -0.001, -0.003,  0.004,  0.006],
       [-0.006, -0.001,  0.01 , -0.002, -0.006,  0.001,  0.   , -0.005,
         0.004,  0.008, -0.005, -0.002,  0.003, -0.004, -0.003, -0.004,
        -0.006,  0.   , -0.006, -0.001, -0.003, -0.008,  0.002,  0.002,
        -0.003, -0.006, -0.006, -0.003, -0.007,  0.004, -0.006, -0.007,
        -0.007,  0.004,  0.006,  0.001,  0.   ,  0.01 ,  0.   ,  0.008,
        -0.007,  0.008,  0.01 ,  0.001],
       [ 0.01 , -0.002, -0.001, -0.004,  0.002, -0.001,  0.005, -0.005,
        -0.005, -0.006,  0.001,  0.002,  0.007,  0.003, -0.002, -0.002,
        -0.008, -0.004, -0.002, -0.006,  0.001,  0.002, -0.01 , -0.003,
        -0.004, -0.004,  0.003, -0.006,  0.002,  0.01 ,  0.003,  0.001,
        -0.002, -0.008,  0.008,  0.008,  0.006,  0.001, -0.003, -0.007,
         0.005, -0.008,  0.   , -0.005],
       [ 0.005,  0.007, -0.007,  0.006, -0.007, -0.002,  0.   , -0.01 ,
        -0.009,  0.007, -0.004,  0.002, -0.001, -0.003, -0.01 , -0.009,
         0.001, -0.004,  0.007,  0.004, -0.007,  0.01 , -0.008,  0.001,
        -0.006,  0.007,  0.01 , -0.006, -0.007, -0.007,  0.01 ,  0.002,
        -0.01 ,  0.007, -0.004,  0.003, -0.003,  0.006, -0.003, -0.008,
        -0.003, -0.009, -0.002,  0.01 ],
       [-0.004, -0.005,  0.007, -0.009,  0.005,  0.   ,  0.006,  0.006,
         0.004,  0.005,  0.008,  0.003, -0.006,  0.009,  0.   ,  0.004,
         0.005, -0.003,  0.   , -0.009, -0.005, -0.007, -0.003,  0.003,
         0.006, -0.006,  0.008, -0.004, -0.002, -0.004, -0.005, -0.005,
         0.003,  0.005,  0.009, -0.008,  0.008,  0.004, -0.006, -0.009,
        -0.006,  0.006,  0.003, -0.002],
       [ 0.007,  0.005,  0.002, -0.003,  0.007,  0.003,  0.004,  0.002,
         0.009,  0.01 , -0.001,  0.006,  0.006,  0.002,  0.005,  0.006,
         0.007, -0.008, -0.006, -0.01 ,  0.01 , -0.009, -0.009,  0.001,
         0.   , -0.002, -0.004, -0.005, -0.003,  0.   , -0.008,  0.009,
        -0.002, -0.007,  0.009,  0.008,  0.007, -0.004, -0.002,  0.   ,
         0.002, -0.003,  0.01 ,  0.002]]), 'deltas': array([[0.],
       [0.],
       [0.],
       [0.],
       [0.],
       [0.]]), 'outputs': array([[0.],
       [0.],
       [0.],
       [0.],
       [0.],
       [0.]]), 'errors': array([[0.],
       [0.],
       [0.],
       [0.],
       [0.],
       [0.]])}, {'weights': array([[ 0.01 ,  0.   , -0.006,  0.003, -0.004, -0.005],
       [ 0.007,  0.001,  0.   , -0.005, -0.003, -0.003],
       [-0.007,  0.007, -0.004,  0.004, -0.001, -0.007],
       [-0.005, -0.009, -0.008,  0.007, -0.004, -0.001],
       [-0.01 , -0.001,  0.006,  0.01 ,  0.008,  0.001],
       [ 0.01 ,  0.   ,  0.01 ,  0.01 , -0.007, -0.005]]), 'deltas': array([[0.],
       [0.],
       [0.],
       [0.],
       [0.],
       [0.]]), 'outputs': array([[0.],
       [0.],
       [0.],
       [0.],
       [0.],
       [0.]]), 'errors': array([[0.],
       [0.],
       [0.],
       [0.],
       [0.],
       [0.]])}]
Training complete!
Training done. epoch: 100 , total error: 0.6205377620981364
[{'weights': array([[-2.54811390e-01, -9.43074564e-01, -3.15144390e+00,
         1.73448183e+00,  1.58655287e+00,  6.13598378e-01,
         8.36341093e-01, -1.62553420e+00, -1.56064803e+00,
         7.06947605e-01, -7.89852504e-01, -1.37717602e+00,
        -8.52139600e-01,  2.96497965e+00, -9.99106679e-01,
         1.86471486e+00, -3.56332704e+00,  7.87197773e-01,
         2.33808217e-01, -3.48688965e-01,  2.63184148e+00,
        -2.61582435e+00, -3.64474553e+00,  1.80563176e+00,
         7.79801490e-01,  2.01190703e-01, -6.06832906e-01,
        -2.82963985e-01, -3.35688965e-01, -2.45574266e-01,
         3.28670000e-01, -3.63023922e+00, -2.15868155e-01,
         2.71271649e+00, -7.65879944e-01, -1.11456064e-01,
        -1.05244094e+00,  9.00000000e-03,  8.81481791e-01,
         3.06551977e-01, -1.62992123e+00,  4.61174179e-01,
         4.69983664e-01, -6.37083746e-01],
       [-3.74646550e-01, -4.19416391e+00,  3.33924009e+00,
         9.19763378e-01,  1.04584929e+00,  8.30376545e-01,
         1.30614551e+00,  1.28390215e+00, -2.09968345e+00,
        -5.71698459e-01, -5.91123616e-01, -9.08651030e-01,
        -4.42864674e+00,  3.07780831e+00,  3.58065537e+00,
         2.97466623e+00, -2.08116528e-01, -3.08954751e+00,
         1.36564623e+00, -3.18606129e-01,  1.95725837e+00,
         1.80558378e+00,  6.76183944e-01, -5.70257183e+00,
         1.99458802e+00,  1.70265143e+00, -3.39564806e-01,
        -3.19438198e-01, -3.24606129e-01, -1.22686939e+00,
         3.58805332e-01,  1.44861287e+00, -1.09632498e+00,
         1.24481847e+00,  1.10610595e+00, -1.94587980e+00,
         5.89984639e-01,  1.00000000e-02,  9.97831504e-01,
         9.39380207e-01,  1.89608713e+00, -1.25133865e+00,
         4.61620824e-01, -1.28470722e+00],
       [-4.79004463e-01, -1.27689338e+00, -3.09375333e+00,
         1.87842043e+00,  1.78478638e+00,  7.69173692e-01,
         8.47384707e-01, -2.38608163e+00, -4.76497452e-01,
         4.25763305e-02, -1.66176372e+00, -1.45075256e+00,
         7.64844716e-01,  2.51502146e+00, -1.34779426e+00,
         1.45932636e+00, -3.98408336e+00,  2.01482034e+00,
        -1.31114750e-01, -5.72392957e-01,  2.63171585e+00,
        -2.47367192e+00, -2.27138274e+00,  9.14174557e-01,
        -6.28011214e-03,  3.49688606e-01, -7.77521707e-01,
        -2.04218299e-01, -5.64392957e-01, -1.28833833e+00,
         2.18536434e-01, -2.90308714e+00,  4.25234176e-02,
         2.74292126e+00, -1.22216323e+00, -3.39891433e-01,
        -3.18344894e-01,  1.00000000e-03,  7.07955197e-01,
         4.60041341e-01, -1.23511799e+00,  5.91297747e-02,
         8.98503094e-02, -5.80347791e-01],
       [-4.25532586e-01, -1.19171728e+00, -3.18226972e+00,
         1.82121739e+00,  1.80163637e+00,  7.75243288e-01,
         6.64393952e-01, -2.25375557e+00, -4.40984450e-01,
         6.04369466e-02, -1.64027715e+00, -1.46491155e+00,
         1.15338135e+00,  2.22876857e+00, -1.47362705e+00,
         1.41925920e+00, -4.22551735e+00,  2.27277222e+00,
        -6.99512285e-02, -5.78228672e-01,  2.57844420e+00,
        -2.50510501e+00, -1.68645767e+00,  4.14939922e-01,
         7.51272754e-03,  4.08587766e-01, -8.00783639e-01,
        -1.95241286e-01, -5.89228672e-01, -1.34657536e+00,
         8.24555571e-03, -2.66173222e+00,  6.65378929e-02,
         2.75485831e+00, -1.02668609e+00, -6.77004964e-01,
        -1.80914384e-01,  6.00000000e-03,  6.96939603e-01,
         7.95676997e-01, -1.13447848e+00, -3.37061988e-01,
         5.25883306e-02, -5.69390690e-01],
       [-5.06729938e+00, -3.22535514e-01,  2.62013382e+00,
         9.83629672e-01,  9.83127841e-01,  1.59115273e+00,
        -1.71644608e+00,  1.83841192e+00, -2.20207261e+00,
        -2.86989537e-01, -7.11807653e-01,  1.42898937e+00,
        -6.10526881e+00,  4.67734890e-01,  4.13740864e+00,
        -7.11651309e+00,  2.46220260e+00,  2.40978632e+00,
         1.97925792e+00, -5.34677324e-01,  1.80660279e+00,
        -3.83293037e+00,  2.99288507e+00, -3.02956360e+00,
         1.26006253e+00, -3.97213983e-06, -1.54712702e-01,
        -1.18549572e-01, -5.27677324e-01, -9.84379563e-01,
         2.44343644e-01, -4.44298654e-01, -1.14868441e+00,
         1.53007541e+00, -8.87705929e-03, -1.71402317e+00,
        -2.13122620e-01,  4.00000000e-03,  1.14207928e+00,
        -2.25326920e+00, -1.61678742e+00,  2.32511455e+00,
         1.87721323e+00, -1.13721473e+00],
       [-5.49070064e-01, -1.22789935e+00, -3.00059771e+00,
         2.01656205e+00,  1.69105479e+00,  8.00694826e-01,
         1.33727652e+00, -2.51136994e+00, -8.56340017e-01,
         1.69788332e-01, -1.56209098e+00, -1.31470323e+00,
         8.44080940e-02,  2.97243991e+00, -1.25000407e+00,
         1.62467191e+00, -3.38392804e+00,  1.00425760e+00,
         1.03732616e-01, -4.47684369e-01,  2.80255413e+00,
        -2.50351030e+00, -3.37193399e+00,  1.89125395e+00,
         8.66859349e-02,  2.22761188e-01, -6.69398601e-01,
        -2.14628497e-01, -4.40684369e-01, -9.43294637e-01,
         4.87865423e-01, -3.34703126e+00,  1.76711929e-02,
         2.68883901e+00, -1.57653829e+00,  6.76023464e-01,
        -8.77697810e-01, -4.00000000e-03,  7.12262354e-01,
         3.45764901e-01, -1.71744676e+00,  6.63270210e-01,
         1.98230182e-01, -5.66768810e-01]]), 'deltas': array([[0.00151862],
       [0.01053678],
       [0.00063284],
       [0.00126644],
       [0.01810155],
       [0.00068697]]), 'outputs': array([[0.0046649 ],
       [0.96667337],
       [0.00193866],
       [0.00388721],
       [0.05880288],
       [0.00210484]]), 'errors': 0.32706690047478515}, {'weights': array([[-1.606742  ,  0.25612877, -0.97034628, -2.03752422, -1.97742418,
         1.1969645 ],
       [-1.19793176, -0.92588856,  1.94002891,  2.20852925,  0.49782111,
        -0.85884059],
       [-2.66165529, -2.66537249, -2.55950692, -2.67588798, -3.44597758,
        -2.64236145],
       [-2.05828501, -3.95435329, -0.67742181, -0.01519954, -3.04153965,
        -2.01016687],
       [-2.73217523, -3.06994454, -2.63212544, -2.4905227 , -1.03460086,
        -2.83347887],
       [-0.30725445, -2.49308775, -0.83753123, -1.05300159,  0.09976818,
        -0.2724976 ]]), 'deltas': array([[-0.13511757],
       [-0.06415371],
       [-0.00303546],
       [-0.00030766],
       [-0.00191228],
       [ 0.06764834]]), 'outputs': array([[0.54485527],
       [0.30349252],
       [0.05672749],
       [0.01769743],
       [0.04474205],
       [0.07990898]]), 'errors': array([[-0.54485527],
       [-0.30349252],
       [-0.05672749],
       [-0.01769743],
       [-0.04474205],
       [ 0.92009102]])}]
target: 0 prediction: 1
target: 0 prediction: 1
target: 0 prediction: 0
target: 0 prediction: 1
target: 0 prediction: 0
target: 0 prediction: 0
target: 0 prediction: 1
target: 0 prediction: 0
target: 0 prediction: 1
target: 0 prediction: 1
target: 0 prediction: 1
target: 0 prediction: 1
target: 0 prediction: 1
target: 0 prediction: 1
target: 1 prediction: 1
target: 1 prediction: 1
target: 1 prediction: 1
target: 1 prediction: 1
target: 1 prediction: 1
target: 1 prediction: 1
target: 1 prediction: 0
target: 1 prediction: 1
target: 1 prediction: 1
target: 1 prediction: 1
target: 1 prediction: 0
target: 1 prediction: 1
target: 1 prediction: 5
target: 1 prediction: 1
target: 1 prediction: 1
target: 2 prediction: 1
target: 2 prediction: 1
target: 2 prediction: 1
target: 3 prediction: 1
target: 3 prediction: 1
target: 3 prediction: 1
target: 4 prediction: 1
target: 4 prediction: 1
target: 5 prediction: 1
target: 5 prediction: 1
target: 5 prediction: 1
target: 5 prediction: 1
target: 5 prediction: 1
target: 5 prediction: 1
Accuracy: 37.2093023255814 %

train_data group 1 length:  172
   0   1   2   3   4   5   6   7   8  ...  36  37  38  39  40  41  42  43  44
0   0   1   0   0   0   0   0   1   0 ...   0   0   0   1   0   0   0   0   0
1   0   1   0   0   0   0   1   0   0 ...   0   0   0   0   1   0   0   0   0
2   0   0   1   0   0   0   0   1   0 ...   0   0   0   1   0   0   0   0   0
3   0   1   0   0   0   0   0   1   0 ...   0   0   0   1   0   0   0   0   0
4   0   0   1   0   0   0   1   0   0 ...   0   0   0   0   1   0   0   0   0

[5 rows x 45 columns]
Initial Neural Network:
[{'weights': array([[-0.004,  0.004, -0.01 ,  0.006, -0.003, -0.006,  0.006, -0.001,
         0.007,  0.005,  0.007, -0.01 , -0.003,  0.01 , -0.004,  0.004,
        -0.009,  0.007, -0.008,  0.006,  0.001, -0.009, -0.006,  0.001,
         0.   ,  0.005, -0.009,  0.   ,  0.003,  0.007, -0.007, -0.004,
        -0.006,  0.004, -0.002,  0.004, -0.004, -0.007, -0.01 ,  0.01 ,
        -0.008, -0.008,  0.01 ,  0.01 ],
       [ 0.008, -0.001,  0.   ,  0.003,  0.005, -0.002, -0.01 , -0.001,
         0.003,  0.002,  0.   ,  0.   ,  0.01 , -0.008,  0.009, -0.004,
        -0.009, -0.002,  0.004, -0.005,  0.003,  0.009, -0.005,  0.005,
         0.001, -0.006, -0.002,  0.01 ,  0.007,  0.004,  0.007,  0.009,
        -0.003,  0.01 ,  0.007,  0.005, -0.01 ,  0.01 ,  0.01 , -0.003,
         0.003, -0.008,  0.006, -0.01 ],
       [ 0.004, -0.004, -0.005, -0.008, -0.008, -0.004, -0.002, -0.009,
        -0.003, -0.003,  0.009, -0.002, -0.001,  0.002,  0.003,  0.005,
         0.01 ,  0.005,  0.01 , -0.003, -0.001,  0.005,  0.006,  0.003,
         0.007,  0.005,  0.002,  0.01 , -0.01 , -0.005, -0.006, -0.006,
        -0.001, -0.002,  0.01 ,  0.002, -0.007,  0.007,  0.004, -0.005,
        -0.003, -0.006,  0.007,  0.   ],
       [ 0.   ,  0.   , -0.008, -0.008,  0.006,  0.006, -0.008, -0.001,
        -0.007,  0.01 ,  0.004, -0.007, -0.003, -0.004,  0.007,  0.005,
         0.006,  0.006,  0.009, -0.001, -0.007,  0.003,  0.001, -0.002,
        -0.006,  0.   , -0.006, -0.01 , -0.003, -0.004, -0.008,  0.008,
         0.003,  0.008,  0.005, -0.007, -0.004, -0.008,  0.009,  0.002,
        -0.002,  0.01 , -0.005, -0.01 ],
       [ 0.002,  0.009, -0.008,  0.006,  0.005, -0.008,  0.002, -0.005,
        -0.007,  0.005,  0.004, -0.002,  0.007,  0.003, -0.001, -0.01 ,
         0.008,  0.002, -0.005, -0.005,  0.005, -0.004,  0.006,  0.005,
        -0.004, -0.002, -0.006,  0.001, -0.004,  0.007,  0.005, -0.004,
        -0.01 , -0.002, -0.003,  0.002,  0.005,  0.008,  0.002, -0.003,
        -0.001, -0.006, -0.004, -0.008],
       [ 0.001, -0.002, -0.009,  0.006, -0.005, -0.003, -0.004,  0.003,
         0.002, -0.001,  0.008,  0.001,  0.008,  0.002,  0.002,  0.001,
         0.004, -0.01 , -0.009, -0.009,  0.01 ,  0.005,  0.004,  0.001,
        -0.006,  0.005,  0.007,  0.007,  0.   ,  0.009,  0.001,  0.005,
         0.003,  0.009,  0.   ,  0.   ,  0.001, -0.001, -0.005, -0.003,
        -0.008,  0.003, -0.003,  0.003]]), 'deltas': array([[0.],
       [0.],
       [0.],
       [0.],
       [0.],
       [0.]]), 'outputs': array([[0.],
       [0.],
       [0.],
       [0.],
       [0.],
       [0.]]), 'errors': array([[0.],
       [0.],
       [0.],
       [0.],
       [0.],
       [0.]])}, {'weights': array([[ 0.008, -0.004, -0.008, -0.009,  0.001, -0.009],
       [ 0.01 ,  0.003,  0.009, -0.01 ,  0.006, -0.008],
       [ 0.007,  0.001,  0.004, -0.007,  0.01 , -0.005],
       [-0.006,  0.004, -0.007, -0.002, -0.003,  0.004],
       [ 0.002,  0.001, -0.007,  0.   , -0.009,  0.002],
       [-0.005,  0.001,  0.003,  0.009, -0.01 , -0.003]]), 'deltas': array([[0.],
       [0.],
       [0.],
       [0.],
       [0.],
       [0.]]), 'outputs': array([[0.],
       [0.],
       [0.],
       [0.],
       [0.],
       [0.]]), 'errors': array([[0.],
       [0.],
       [0.],
       [0.],
       [0.],
       [0.]])}]
Training complete!
Training done. epoch: 100 , total error: 0.38800015416425304
[{'weights': array([[-2.25940076e+00, -7.63481740e-01, -2.24208455e+00,
         4.02908164e+00,  5.00757018e-01,  1.85807014e+00,
        -6.09088881e-01,  5.35006479e-01, -2.50611613e+00,
         5.00000000e-03, -2.80132561e+00, -6.10306884e-01,
        -3.40166642e-01,  4.71814951e-01,  2.55185578e+00,
         2.45336143e-02, -3.54176423e+00,  4.06492804e+00,
        -4.97958371e-01, -7.77867446e-01,  2.54459304e+00,
         9.91501748e-01, -2.15184676e+00, -2.12383514e+00,
        -1.54128942e-03,  1.98189922e+00, -1.10075837e+00,
        -5.01514121e-01, -1.10875513e+00,  7.28065745e-01,
        -3.01550201e-01, -3.42149802e+00,  2.97207237e-01,
         1.96364684e+00,  1.55793185e-01, -1.09167566e+00,
        -5.74822807e-01,  2.36006755e-01,  5.27570127e-01,
        -1.08700550e+00, -1.17931385e+00,  2.07370049e+00,
         1.86936291e+00, -2.39087244e+00],
       [-3.18948995e-02,  2.95793622e-01, -3.63433894e+00,
         1.73288517e+00,  6.25616380e-01, -9.99820764e-01,
        -1.32729337e+00,  8.67322155e-01,  4.22853316e-01,
         2.00000000e-03, -3.21075278e+00,  3.06836307e+00,
        -3.95920822e+00,  2.21188629e+00,  8.73772982e-01,
         1.00661932e+00,  2.26553283e+00, -1.65595706e+00,
        -1.25037039e+00, -1.40876336e+00,  3.20162284e-02,
        -4.56391979e-01, -1.41381383e+00, -1.88057977e+00,
         2.70483069e+00,  3.98198741e+00, -1.36466580e+00,
        -2.73419802e+00, -9.01062253e-01, -5.46333850e-01,
         3.24579118e-01, -2.87486913e+00,  4.15786438e-01,
         1.68089876e+00, -5.29001661e-01, -5.63833546e-01,
        -1.03329432e+00,  5.66138614e-01,  5.55052255e-01,
         6.67921627e-01,  2.66381304e-01, -7.23318571e-01,
         4.24303312e-01, -1.67422633e+00],
       [-2.34243387e+00,  4.74192458e-01, -2.49150541e+00,
         2.67569025e+00,  4.83787941e-01,  1.94950152e+00,
        -6.15341739e-01, -1.40529458e+00, -1.12613382e+00,
        -3.00000000e-03, -2.62479186e+00, -8.60476211e-01,
        -3.57796265e-01,  1.30759550e+00,  1.36720021e+00,
        -1.02366987e+00, -3.07333802e+00,  4.03725358e+00,
        -2.71042037e-01, -8.21472284e-01,  3.14270224e+00,
        -6.24944087e-01, -8.15168113e-01, -2.82205002e+00,
        -3.98086454e-02,  1.50990387e+00, -9.97060897e-01,
        -5.22072298e-01, -1.16303930e+00,  8.10848657e-01,
        -9.96006204e-01, -3.55595361e+00,  1.77337509e-01,
         2.36450503e+00,  4.16338888e-01, -1.41170899e+00,
        -9.45503759e-01,  2.54392251e-01,  5.23212982e-01,
        -1.25227987e+00, -2.28289904e+00,  2.44406802e+00,
         2.02092610e+00, -2.11608384e+00],
       [-4.64564075e+00,  4.05041249e+00, -3.31134210e+00,
         1.98579829e+00,  7.19198156e-01,  1.03527318e+00,
        -3.10064048e-01, -5.38953114e-01, -1.38782993e+00,
         1.00000000e-02, -3.30086314e+00,  3.79744240e+00,
        -4.96358326e+00,  1.65492888e+00,  1.61750120e+00,
         1.82706576e+00,  4.46928952e-02, -4.26382746e-01,
        -2.44330433e+00, -1.68645497e-01,  1.12686195e+00,
        -4.50226931e+00,  2.21374375e+00, -3.44656663e+00,
         3.40565633e+00,  1.92290713e+00, -1.75878023e-01,
        -2.20631099e+00, -7.51292039e-01,  1.85131599e+00,
        -3.79097395e+00, -3.64990153e+00,  1.93928388e+00,
         2.46570170e+00,  2.70616099e-01, -2.52187347e+00,
        -5.33870137e-01,  5.31558051e-01,  1.05699555e+00,
        -1.22475412e+00,  5.49805099e-01,  2.67969882e-01,
         1.17832670e+00, -1.96792148e+00],
       [-2.10304206e+00,  6.32700486e-01, -2.48403507e+00,
         2.56188001e+00,  5.10235326e-01,  2.30369432e+00,
         2.01345212e+00, -2.83263984e+00, -2.39876790e+00,
         5.00000000e-03, -5.26774257e-02, -1.98445719e+00,
        -1.39604556e+00, -1.75031426e+00,  4.29823313e+00,
        -1.14614835e+00, -3.20475164e+00,  4.51971632e+00,
        -3.39417036e-01, -7.35660604e-01,  1.06482373e+00,
         9.33616421e-01, -8.56278712e-01, -1.96236194e+00,
        -6.80608072e-02,  7.77017763e-01, -2.23796441e-01,
        -4.38514437e-01, -1.02196819e+00,  6.43713629e-01,
        -4.50345901e-01, -4.67762523e+00,  8.97398321e-01,
         2.68659787e+00, -2.17505330e-01, -8.59778155e-01,
        -5.09636299e-01,  2.17600977e-01,  4.87057498e-01,
        -3.14646412e+00,  3.80646994e-01,  2.05498045e+00,
         2.35133769e+00, -2.55876233e+00],
       [ 8.30825999e-01, -2.80821286e+00, -9.44113722e-01,
         1.41555791e+00,  4.49785834e-01,  1.61810578e+00,
        -1.50665152e+00, -1.51380540e+00,  3.53194304e-01,
        -1.00000000e-03, -1.52460101e+00,  4.18372225e+00,
        -2.31223170e+00,  1.22400471e+00, -2.59705110e+00,
        -2.15976119e+00,  1.90235053e+00,  1.10613978e+00,
        -1.44077110e+00, -4.78114865e-01,  1.02775191e+00,
        -1.93961159e+00, -4.37583463e+00,  1.38580526e+00,
         2.86873220e+00,  2.54533364e+00, -5.24002990e-01,
        -1.77987983e+00, -1.26960767e+00,  1.40054081e+00,
        -5.22289778e+00,  9.85360528e-02,  6.94069078e-01,
         2.00959500e+00,  4.22530039e-01, -1.74488672e+00,
        -8.03921048e-01,  6.70044132e-01,  4.04076754e-01,
         4.66999761e-01, -2.94781120e-01, -2.13268644e+00,
         1.80032953e+00, -8.95018582e-01]]), 'deltas': array([[7.46624337e-05],
       [3.46034713e-02],
       [1.07951270e-05],
       [9.61722613e-08],
       [8.36730717e-06],
       [1.00848075e-06]]), 'outputs': array([[4.64449519e-04],
       [3.13335621e-01],
       [6.71261175e-05],
       [5.97977314e-07],
       [5.20286946e-05],
       [6.27054023e-06]]), 'errors': 0.1608293769237047}, {'weights': array([[ 0.19080143,  0.10221245, -3.15512323, -1.04769136, -2.09305021,
        -2.81470152],
       [-1.5926634 , -0.67748976,  1.49674985,  0.53874063,  2.89802269,
         0.32608333],
       [-2.62226781, -5.62435502, -2.89907996, -3.28585887, -2.0994876 ,
        -3.80272498],
       [-0.63275335, -7.34650787, -0.19506493, -2.13554345, -0.73622163,
         2.05089434],
       [-2.70771693, -4.96156932, -2.66476779, -0.73931711, -3.01894868,
        -2.95757512],
       [-2.55753611, -0.04307639,  0.91884494, -4.66504123, -2.15190953,
        -3.30695163]]), 'deltas': array([[-0.12733037],
       [-0.11089255],
       [-0.01829975],
       [-0.00752221],
       [-0.02510136],
       [ 0.12629601]]), 'outputs': array([[0.50950562],
       [0.44835384],
       [0.14642001],
       [0.0909668 ],
       [0.17436288],
       [0.49476048]]), 'errors': array([[-0.50950562],
       [-0.44835384],
       [-0.14642001],
       [-0.0909668 ],
       [-0.17436288],
       [ 0.50523952]])}]
Accuracy: 38.095238095238095 %

train_data group 2 length:  172
   0   1   2   3   4   5   6   7   8  ...  36  37  38  39  40  41  42  43  44
0   0   1   0   0   0   0   0   1   0 ...   0   0   0   1   0   0   0   0   0
1   0   1   0   0   0   0   1   0   0 ...   0   0   0   0   1   0   0   0   0
2   0   0   1   0   0   0   0   1   0 ...   0   0   0   1   0   0   0   0   0
3   0   1   0   0   0   0   0   1   0 ...   0   0   0   1   0   0   0   0   0
4   0   0   1   0   0   0   1   0   0 ...   0   0   0   0   1   0   0   0   0

[5 rows x 45 columns]
Initial Neural Network:
[{'weights': array([[-0.007,  0.009,  0.006, -0.008, -0.005,  0.005,  0.008, -0.008,
         0.01 , -0.006, -0.009,  0.004, -0.003, -0.001, -0.002, -0.002,
         0.003,  0.008,  0.007, -0.004, -0.005,  0.004, -0.004, -0.009,
        -0.007,  0.008,  0.003, -0.008, -0.001,  0.006,  0.008, -0.006,
        -0.003, -0.006,  0.002, -0.002,  0.002, -0.003, -0.002,  0.006,
         0.   , -0.006,  0.007, -0.007],
       [ 0.006,  0.   ,  0.001,  0.01 ,  0.003, -0.006,  0.002, -0.004,
        -0.005, -0.007,  0.005, -0.008,  0.006,  0.009, -0.004, -0.002,
        -0.007,  0.006, -0.008, -0.002,  0.004, -0.006,  0.01 ,  0.001,
         0.007,  0.009,  0.005,  0.   ,  0.01 ,  0.007,  0.004, -0.01 ,
        -0.003, -0.003, -0.006, -0.007, -0.009,  0.01 , -0.002,  0.001,
        -0.007, -0.007, -0.003, -0.005],
       [ 0.005, -0.001, -0.01 ,  0.006,  0.008, -0.008, -0.009,  0.008,
         0.009, -0.008,  0.001,  0.002,  0.006,  0.008, -0.01 ,  0.005,
         0.001,  0.006, -0.009,  0.009, -0.006, -0.001,  0.009, -0.007,
         0.001, -0.002, -0.01 , -0.004,  0.   , -0.005,  0.007,  0.001,
         0.01 ,  0.005,  0.005, -0.003,  0.004,  0.004,  0.002, -0.003,
        -0.007, -0.008,  0.007,  0.009],
       [-0.006,  0.006, -0.003, -0.01 ,  0.002,  0.009,  0.007,  0.002,
         0.001, -0.003, -0.008, -0.006, -0.004, -0.005, -0.001,  0.001,
        -0.009, -0.008,  0.   , -0.005,  0.004, -0.005, -0.001,  0.006,
         0.006, -0.009,  0.01 , -0.009,  0.005,  0.007,  0.01 , -0.007,
         0.002, -0.001,  0.005,  0.01 , -0.006,  0.   , -0.001,  0.008,
        -0.003, -0.01 ,  0.01 ,  0.002],
       [ 0.008,  0.002, -0.007, -0.008,  0.   , -0.003, -0.001, -0.006,
        -0.008, -0.007, -0.01 ,  0.006,  0.01 , -0.009,  0.003, -0.001,
         0.003, -0.008, -0.002,  0.007,  0.001, -0.006, -0.003,  0.003,
         0.005, -0.003,  0.001,  0.004,  0.008, -0.009,  0.002,  0.   ,
        -0.002, -0.002, -0.01 , -0.006, -0.003,  0.001,  0.003, -0.007,
         0.005,  0.003,  0.001,  0.003],
       [-0.001,  0.008, -0.006, -0.003,  0.01 , -0.008, -0.004,  0.003,
        -0.01 ,  0.003,  0.003,  0.002,  0.003, -0.006, -0.007, -0.001,
         0.009, -0.005,  0.01 , -0.002, -0.008, -0.002,  0.004, -0.006,
        -0.003,  0.005,  0.005,  0.001,  0.   , -0.001,  0.001, -0.004,
        -0.004, -0.004,  0.002,  0.008,  0.009,  0.009, -0.002,  0.008,
         0.001, -0.01 ,  0.001, -0.004]]), 'deltas': array([[0.],
       [0.],
       [0.],
       [0.],
       [0.],
       [0.]]), 'outputs': array([[0.],
       [0.],
       [0.],
       [0.],
       [0.],
       [0.]]), 'errors': array([[0.],
       [0.],
       [0.],
       [0.],
       [0.],
       [0.]])}, {'weights': array([[ 0.005,  0.004,  0.004, -0.007, -0.009,  0.008],
       [ 0.009,  0.007, -0.001, -0.006,  0.003, -0.005],
       [ 0.004, -0.008, -0.007,  0.   ,  0.007,  0.009],
       [ 0.005,  0.01 , -0.001,  0.01 ,  0.007, -0.001],
       [-0.003,  0.002,  0.005,  0.001,  0.008, -0.008],
       [ 0.004,  0.008,  0.001, -0.003, -0.008, -0.008]]), 'deltas': array([[0.],
       [0.],
       [0.],
       [0.],
       [0.],
       [0.]]), 'outputs': array([[0.],
       [0.],
       [0.],
       [0.],
       [0.],
       [0.]]), 'errors': array([[0.],
       [0.],
       [0.],
       [0.],
       [0.],
       [0.]])}]
Training complete!
Training done. epoch: 100 , total error: 0.03106892588287142
[{'weights': array([[-8.49684933e-01, -1.60765995e+00, -1.03753006e+00,
         1.81320791e+00,  5.90131709e-01,  1.28666933e+00,
        -1.34699478e+00,  1.26342122e+00, -2.12930094e+00,
        -1.51330155e-01, -1.22796250e+00,  2.45334497e-01,
        -1.46539922e-02, -3.86752477e+00,  3.76727145e+00,
        -5.54328354e+00,  3.31815845e+00,  1.35798230e+00,
        -8.27580839e-01,  6.20188308e-01,  5.00478273e-01,
        -1.18145537e+00,  2.08243230e+00, -1.77026055e+00,
        -7.38729988e-01,  1.09598590e+00, -1.09084044e+00,
        -4.98323261e-01, -5.91357519e-01,  1.69594727e+00,
        -2.99932832e+00, -1.32208078e+00, -2.70458404e-01,
         1.80838491e+00,  1.62765027e+00, -1.14558088e+00,
        -1.00578885e+00,  1.22499568e+00, -1.79081155e+00,
        -2.94052670e+00,  8.71459846e-01,  2.07936955e+00,
         1.05042592e-01, -1.20188061e+00],
       [-2.12994705e+00, -7.17307848e-01, -2.90315688e+00,
         2.96605895e+00,  9.39277519e-01,  1.13294754e+00,
         5.21172532e-01, -1.56773281e+00, -1.67660666e+00,
        -2.94855914e-01, -1.45867612e+00, -1.07290183e+00,
        -9.71471160e-01,  1.24889964e+00,  3.97074160e-01,
         6.57348376e-01, -2.47095088e+00,  1.16437143e+00,
        -4.79200822e-01, -7.49643419e-01,  1.28059478e+00,
        -1.01824119e+00, -9.06572215e-01, -5.85104981e-01,
        -6.19751703e-01,  5.19207753e-01, -1.14398678e+00,
        -3.85883267e-01, -8.30413016e-01,  3.45537438e-01,
        -2.20477060e+00, -3.62123367e+00,  1.66219640e+00,
         1.94819513e+00,  6.77648584e-01, -1.03598908e+00,
        -1.03790594e+00,  1.06949114e-01, -5.89777988e-01,
         1.21715140e+00, -2.35563555e+00, -2.64294309e-01,
         4.73716669e-01, -9.57013518e-01],
       [-2.55198308e+00, -2.69813327e+00,  2.67496473e+00,
         3.07640022e-01,  5.40492296e-01,  6.39025096e-01,
         8.18084045e-01, -6.46593553e-01, -2.35496929e+00,
        -1.98565609e-01,  7.93190994e-01,  3.46126367e-01,
        -3.64766517e+00,  3.91097097e+00, -3.13064247e+00,
        -3.49069473e+00,  1.65005028e+00,  3.78536694e+00,
        -2.94514011e+00, -7.22601686e-01, -2.52425595e+00,
         2.58622508e+00,  2.36698650e-01, -3.87289727e-01,
        -1.65039737e+00,  2.13796887e+00, -1.92956525e+00,
        -1.33298115e+00, -6.26441776e-01, -7.38801703e-01,
        -9.64300377e-01, -2.76744056e+00,  6.14916897e-01,
         2.13860644e+00,  3.33678690e+00, -3.10834911e+00,
        -1.36563309e+00,  2.71849874e-03, -5.88542505e-01,
        -2.83659901e+00, -2.13015518e+00,  2.26157434e+00,
         1.54906885e+00, -5.80908314e-01],
       [-2.00119983e+00, -1.00660865e-01, -2.98605904e+00,
         1.82808546e+00,  7.60688347e-01,  1.12815507e+00,
         2.68677749e-01, -2.04455980e+00, -1.53870254e+00,
        -2.85716409e-01, -2.74545568e+00, -1.22775451e+00,
        -1.58039683e+00,  1.79560016e+00,  1.24586092e+00,
         1.49272750e+00, -4.80113288e+00,  1.99986474e+00,
        -4.73375753e-01, -7.27229544e-01,  1.03377339e+00,
        -2.69264411e+00, -8.80322258e-02, -1.53890547e-01,
        -5.77352444e-01,  3.41150377e-01, -1.69663358e+00,
        -3.29395747e-01, -8.06266979e-01,  3.39158849e-01,
        -2.00020381e+00, -3.36334799e+00,  7.69664832e-01,
         1.77758218e+00,  1.10875148e+00, -1.80685991e+00,
        -1.31171717e+00,  9.47794621e-02, -5.65099790e-01,
         6.72866362e-01, -1.25834410e+00, -1.33039473e+00,
         2.84819719e-01, -8.50093173e-01],
       [-2.00951960e+00, -9.45829511e-03, -3.10738925e+00,
         1.79577667e+00,  7.42319914e-01,  1.11014425e+00,
         3.36594390e-01, -2.36716442e+00, -1.38949787e+00,
        -2.98346929e-01, -2.97069044e+00, -1.16086828e+00,
        -1.96885997e+00,  1.82237638e+00,  1.69477174e+00,
         1.53594479e+00, -5.20657627e+00,  2.30018576e+00,
        -4.94763254e-01, -7.19061593e-01,  8.94671777e-01,
        -2.79022097e+00,  2.15216774e-01, -3.51339007e-01,
        -5.51599143e-01,  4.82280914e-01, -1.92737861e+00,
        -2.93256998e-01, -8.34915878e-01,  4.21794781e-01,
        -2.37251145e+00, -3.14256565e+00,  6.97492230e-01,
         1.80151952e+00,  1.40032719e+00, -2.17095073e+00,
        -1.40156409e+00,  1.20094778e-01, -5.46177707e-01,
         5.43062566e-01, -9.32534831e-01, -1.54753553e+00,
         1.85057408e-01, -8.26320184e-01],
       [-3.42383265e+00,  1.72483051e+00,  4.27695991e-01,
        -1.55846789e-01,  4.69888506e-01, -6.65142881e-01,
        -1.78071981e+00,  3.32640301e+00, -1.65266115e+00,
        -2.09143590e-01, -3.32428473e-01,  2.38487335e+00,
         1.99439277e+00, -6.48460449e+00,  1.46750241e+00,
        -4.12625903e+00, -7.28799655e-02, -1.09359727e+00,
         4.59821594e+00, -2.59744101e-01,  5.75683606e-01,
        -2.80204209e+00,  6.88829649e+00, -3.83175401e+00,
        -1.81044842e+00,  2.48415819e+00, -6.51389209e-01,
        -2.02320457e+00, -7.63828835e-01,  3.33609852e-01,
        -3.12669737e+00, -1.49877300e-01,  7.19252834e-01,
         1.24644756e+00,  2.96141313e+00, -1.94132339e+00,
        -2.32415596e+00,  4.98672483e-01, -1.33870692e-01,
         8.37596728e-01, -4.46745270e+00,  3.60122516e+00,
        -5.81254116e-01, -3.59379493e-01]]), 'deltas': array([[-5.35811420e-04],
       [-4.43012502e-05],
       [-7.04844250e-06],
       [-5.43173837e-06],
       [-1.99955369e-06],
       [-1.25203808e-05]]), 'outputs': array([[3.88626230e-03],
       [3.20172575e-04],
       [5.09265614e-05],
       [3.92450568e-05],
       [1.44466921e-05],
       [9.99909534e-01]]), 'errors': -0.13841110180828703}, {'weights': array([[-0.77935212, -1.35962129,  0.85669086, -2.27159361, -2.86948757,
        -1.67403712],
       [ 2.36606248,  1.29623074, -0.26395223,  1.05770078,  0.80413066,
        -1.80383452],
       [-1.67855851, -1.78674641, -3.57566246, -1.8424984 , -1.87345136,
        -5.40163326],
       [-0.21080502,  0.02889854, -5.41415383, -0.59748772, -0.56896739,
        -4.4951832 ],
       [-1.53299117, -1.1114449 , -5.3629594 , -0.93517362, -0.6973007 ,
        -5.03646933],
       [-5.47455489, -2.1628162 , -8.4157727 , -1.83266455, -1.94481112,
         1.95907305]]), 'deltas': array([[-2.12244720e-02],
       [-1.76742064e-02],
       [-1.97881352e-05],
       [-1.20369024e-04],
       [-4.08926080e-05],
       [ 1.40434986e-02]]), 'outputs': array([[0.15884778],
       [0.14366397],
       [0.00445834],
       [0.01103231],
       [0.00641534],
       [0.87318062]]), 'errors': array([[-0.15884778],
       [-0.14366397],
       [-0.00445834],
       [-0.01103231],
       [-0.00641534],
       [ 0.12681938]])}]
Accuracy: 45.23809523809524 %

train_data group 3 length:  170
   0   1   2   3   4   5   6   7   8  ...  36  37  38  39  40  41  42  43  44
0   0   1   0   0   0   0   0   1   0 ...   0   0   0   1   0   0   0   0   0
1   0   1   0   0   0   0   1   0   0 ...   0   0   0   0   1   0   0   0   0
2   0   0   1   0   0   0   0   1   0 ...   0   0   0   1   0   0   0   0   0
3   0   1   0   0   0   0   0   1   0 ...   0   0   0   1   0   0   0   0   0
4   0   0   1   0   0   0   1   0   0 ...   0   0   0   0   1   0   0   0   0

[5 rows x 45 columns]
Initial Neural Network:
[{'weights': array([[ 0.003,  0.006,  0.003, -0.009, -0.004,  0.01 ,  0.003,  0.003,
         0.008, -0.003, -0.001,  0.006, -0.004, -0.01 ,  0.008,  0.01 ,
        -0.003, -0.007, -0.001,  0.004, -0.002, -0.004, -0.002,  0.007,
        -0.003,  0.009,  0.   ,  0.004, -0.002,  0.007, -0.002,  0.009,
         0.005,  0.   ,  0.003,  0.009,  0.   , -0.002,  0.009, -0.007,
        -0.007, -0.001,  0.003,  0.004],
       [ 0.   ,  0.008, -0.01 , -0.01 ,  0.001,  0.008,  0.007, -0.003,
         0.004, -0.002,  0.005, -0.002, -0.01 ,  0.008, -0.004, -0.002,
         0.008, -0.002,  0.001, -0.002, -0.001,  0.007, -0.005,  0.004,
        -0.01 ,  0.01 ,  0.008,  0.007,  0.   ,  0.003, -0.008,  0.01 ,
        -0.007,  0.01 ,  0.004,  0.009,  0.002, -0.001, -0.006, -0.004,
         0.001,  0.006,  0.004, -0.003],
       [ 0.009,  0.008, -0.007,  0.008, -0.002,  0.001, -0.009,  0.007,
        -0.008,  0.002, -0.006, -0.001, -0.01 , -0.008, -0.009,  0.009,
         0.009,  0.009, -0.004,  0.008,  0.007,  0.002, -0.004, -0.007,
        -0.008, -0.001,  0.004, -0.007, -0.004,  0.002,  0.006,  0.003,
         0.005,  0.007,  0.004,  0.004, -0.001, -0.006, -0.005, -0.007,
         0.001, -0.004,  0.01 ,  0.009],
       [-0.001, -0.002,  0.001, -0.002,  0.   ,  0.   ,  0.   , -0.005,
        -0.001,  0.007,  0.006, -0.008, -0.002, -0.009, -0.002,  0.004,
        -0.006,  0.007,  0.006,  0.008, -0.004, -0.006,  0.   , -0.001,
         0.007, -0.001,  0.006, -0.006,  0.001,  0.007,  0.008, -0.004,
         0.004, -0.01 ,  0.   ,  0.002,  0.001, -0.007,  0.01 , -0.007,
         0.01 ,  0.001, -0.005, -0.002],
       [ 0.009, -0.001,  0.009,  0.002, -0.01 ,  0.001,  0.001, -0.001,
        -0.005, -0.004, -0.008,  0.004,  0.004, -0.008, -0.004,  0.002,
        -0.001,  0.007,  0.006, -0.007,  0.002, -0.008, -0.009, -0.003,
        -0.002,  0.   , -0.008,  0.   , -0.002, -0.009,  0.01 , -0.003,
        -0.009, -0.006,  0.007,  0.001,  0.002, -0.002, -0.001, -0.009,
         0.005, -0.002, -0.005,  0.006],
       [-0.007,  0.004, -0.004, -0.002,  0.002, -0.001,  0.009,  0.001,
         0.005, -0.009, -0.009, -0.001, -0.002,  0.008, -0.006,  0.005,
         0.002, -0.002,  0.01 ,  0.005,  0.003,  0.   ,  0.009,  0.007,
        -0.008,  0.001, -0.006, -0.003,  0.005,  0.001, -0.006, -0.004,
         0.009,  0.005,  0.005,  0.008,  0.   , -0.007,  0.008, -0.009,
         0.008, -0.004, -0.004, -0.007]]), 'deltas': array([[0.],
       [0.],
       [0.],
       [0.],
       [0.],
       [0.]]), 'outputs': array([[0.],
       [0.],
       [0.],
       [0.],
       [0.],
       [0.]]), 'errors': array([[0.],
       [0.],
       [0.],
       [0.],
       [0.],
       [0.]])}, {'weights': array([[ 0.003, -0.008,  0.007,  0.007, -0.009, -0.001],
       [-0.007, -0.008, -0.009,  0.   ,  0.008,  0.001],
       [-0.009,  0.002,  0.004, -0.01 , -0.004,  0.005],
       [ 0.008,  0.007, -0.006,  0.007, -0.004,  0.   ],
       [-0.009,  0.005, -0.001, -0.008, -0.002, -0.005],
       [-0.005,  0.009,  0.007, -0.009,  0.001,  0.001]]), 'deltas': array([[0.],
       [0.],
       [0.],
       [0.],
       [0.],
       [0.]]), 'outputs': array([[0.],
       [0.],
       [0.],
       [0.],
       [0.],
       [0.]]), 'errors': array([[0.],
       [0.],
       [0.],
       [0.],
       [0.],
       [0.]])}]
Training complete!
Training done. epoch: 100 , total error: 0.3951934993713571
[{'weights': array([[-1.46525510e+00,  9.86276614e-01, -2.44541788e+00,
         1.27870491e+00,  4.59498412e-01, -3.04903849e+00,
        -9.60250630e-01,  4.34016546e+00, -7.77215250e-01,
        -7.17854134e-01, -2.51310389e+00, -5.65410835e-02,
        -1.10014029e+00,  4.43606469e+00, -1.95247247e+00,
        -2.72007996e+00,  5.60831497e+00, -2.84492663e+00,
        -5.68412651e-01, -6.57088774e-01,  5.08196307e-01,
        -2.66062581e+00, -1.03185467e+00, -1.34717503e+00,
         3.34226616e+00, -2.77295626e-01, -3.41714457e-01,
         4.00000000e-03, -5.59182960e-01, -7.27283615e-01,
         3.77426670e+00, -2.19637350e+00, -3.17776027e+00,
         1.16095764e+00, -3.88185226e-01,  5.37412852e-01,
        -1.28482859e+00, -3.95920831e-02,  9.00000000e-03,
         9.74443888e-01,  4.91640342e-01, -1.19791364e+00,
        -1.17535060e-01, -1.34382858e+00],
       [ 1.92991318e+00, -3.86686492e+00, -2.07387104e+00,
         2.08893836e+00,  4.54808294e-01,  1.87668608e+00,
        -3.89438890e-01, -2.33397696e+00,  1.77580428e-01,
        -7.72926781e-01, -2.39019462e+00, -1.35676424e+00,
        -3.91731091e-01,  4.47832384e+00, -1.79871002e+00,
         1.80132926e+00, -5.42585425e+00,  3.78277854e+00,
        -7.48310733e-01, -8.63018955e-01,  6.98576648e-01,
        -2.04701308e+00, -1.77517639e+00,  2.23152332e+00,
        -5.68986624e-01, -3.12508200e-01, -2.82625999e-01,
         7.00000000e-03, -8.42941931e-01, -2.66663100e-01,
         5.19592388e-02, -3.87816446e+00,  1.57624408e+00,
         1.06854811e+00, -8.70917546e-01,  1.13912693e-01,
        -6.51957776e-01, -3.31135006e-02, -6.00000000e-03,
        -1.14729463e-01,  8.19536926e-02,  1.12363515e+00,
        -1.17542880e+00, -1.36750671e+00],
       [-7.25653026e-01, -1.91238767e+00, -1.13643299e+00,
         2.69279877e+00,  5.78440614e-01, -3.69937548e-01,
        -4.49472790e+00,  5.01760299e+00, -2.01092669e-01,
        -4.78079177e-01,  8.69464374e-01,  9.64098830e-01,
        -2.40365584e+00, -2.25141356e-02,  3.93724767e-02,
        -3.18948665e+00,  4.44622518e-01,  3.32794084e+00,
        -4.67308027e-01, -6.04002980e-01,  8.00689007e-01,
        -1.94734387e+00, -7.42936907e-01, -1.55473941e+00,
         2.91509688e+00,  4.06098016e-01, -2.99041861e-01,
        -7.00000000e-03, -6.27290454e-01,  2.06635879e-01,
        -3.68870354e+00,  6.51114630e-01,  8.25667956e-01,
         1.50905077e+00,  1.01475521e+00, -1.44911174e-01,
        -1.28777912e+00, -1.00299217e-01, -5.00000000e-03,
        -3.60712600e+00,  2.89030926e+00,  4.13915631e-01,
         1.04348540e+00, -1.25081859e+00],
       [-7.99837473e-01, -8.76745098e-01, -4.27063243e+00,
         2.63363367e+00,  6.81563610e-01,  2.47379427e+00,
         5.45792126e+00, -7.82610214e+00, -2.30904537e+00,
        -4.23585742e-01, -3.68204265e+00, -2.84812981e+00,
        -3.96107717e-01, -3.24152839e+00,  7.52479084e+00,
        -5.57458839e-01, -4.63614365e+00,  2.47331691e+00,
         1.10845923e+00, -9.97191375e-01,  3.49602331e-01,
        -3.73660877e+00,  1.53387984e+00, -6.42960511e-01,
        -1.35930605e-01, -1.36411196e+00, -2.44740298e-01,
        -6.00000000e-03, -1.01316546e+00, -9.77719686e-02,
         2.34547969e+00, -7.30303275e+00,  3.79929089e-01,
         2.05237822e+00, -2.45348884e+00,  1.87197145e+00,
        -2.02169125e+00, -2.88090752e-02,  1.00000000e-02,
         2.23540430e+00, -1.75472739e+00,  2.04281202e+00,
        -2.09825976e+00, -3.05624690e+00],
       [-4.17953571e+00,  1.29702184e+00, -5.47377813e-01,
         2.96815049e+00,  3.18360074e-01,  9.80264866e-01,
        -1.01161186e-01,  4.78534435e-01, -5.50180565e-01,
        -9.67838669e-01, -7.33904997e-01, -1.56216601e+00,
         1.03085109e+00, -8.58667523e-01,  1.95950632e+00,
        -1.15691401e+00,  1.64187701e+00,  6.68264625e-01,
        -1.39556402e+00,  9.69552817e-02,  2.88506658e-01,
        -3.77782675e+00,  6.34329698e+00, -5.33165720e+00,
         2.30529919e+00,  8.36210160e-01, -2.80149792e-01,
         0.00000000e+00, -7.18441487e-01, -3.59135591e-01,
        -4.84487378e+00,  1.70928784e+00,  1.48567841e+00,
         1.83966201e+00,  3.04240155e-01,  4.46829814e-01,
        -8.37954488e-01, -5.74966003e-02, -1.00000000e-03,
         5.97630084e-01,  2.80037894e+00,  1.71857388e+00,
        -2.51265299e+00, -2.76131103e+00],
       [ 1.83382400e+00, -3.89180106e+00, -2.17429038e+00,
         2.10980938e+00,  4.59027045e-01,  1.83486163e+00,
         1.05722942e-01, -2.38024934e+00, -5.28190633e-01,
        -6.83575616e-01, -2.91419506e+00, -1.35303668e+00,
        -4.14574225e-01,  4.70798041e+00, -1.69260547e+00,
         1.76147719e+00, -5.19896693e+00,  3.84051444e+00,
        -1.14419155e+00, -8.95264163e-01,  6.67535822e-01,
        -1.94664780e+00, -2.01228277e+00,  2.12183781e+00,
        -4.75874082e-01, -4.91414214e-01, -3.00259921e-01,
        -3.00000000e-03, -8.64756887e-01, -2.39984941e-01,
        -2.19118088e-01, -3.80134434e+00,  1.51397395e+00,
         1.09504240e+00, -9.95823710e-01,  2.20294044e-01,
        -8.21815607e-01, -5.30857490e-02,  8.00000000e-03,
        -1.59927559e-01,  4.09462909e-02,  1.06304745e+00,
        -1.23844863e+00, -1.37804858e+00]]), 'deltas': array([[5.58737792e-05],
       [9.50763296e-06],
       [1.06198804e-04],
       [2.55670769e-05],
       [1.85190249e-04],
       [1.76848322e-06]]), 'outputs': array([[9.77469905e-01],
       [3.76155557e-03],
       [4.37741282e-02],
       [1.01808395e-02],
       [7.92770572e-02],
       [6.97529135e-04]]), 'errors': 0.0025371236225426586}, {'weights': array([[-0.08567994, -2.75500256, -5.53710969, -1.07966027, -0.94303275,
        -1.57017516],
       [-0.82107883, -0.49015258,  3.52557273,  2.56228294, -0.79266874,
         2.20129009],
       [-2.89678901, -2.67240107, -1.9625329 , -3.54605462, -4.39213903,
        -2.34238657],
       [-5.12720896, -1.93757993, -2.69837769, -2.9213178 , -0.22905155,
        -1.52714668],
       [-4.95926374, -1.98361996, -1.04226911, -3.77035534, -3.19006324,
        -1.80510203],
       [-0.67163847,  0.56170575, -1.04927635, -0.57877056, -1.54170062,
        -1.485672  ]]), 'deltas': array([[-9.82595540e-02],
       [-7.74424090e-02],
       [-1.19097817e-03],
       [-3.07741345e-05],
       [-3.03440910e-05],
       [ 1.46102684e-01]]), 'outputs': array([[0.40709367],
       [0.34344144],
       [0.03513324],
       [0.00556294],
       [0.00552382],
       [0.28907531]]), 'errors': array([[-0.40709367],
       [-0.34344144],
       [-0.03513324],
       [-0.00556294],
       [-0.00552382],
       [ 0.71092469]])}]
Accuracy: 34.090909090909086 %

train_data group 4 length:  171
   0   1   2   3   4   5   6   7   8  ...  36  37  38  39  40  41  42  43  44
0   0   1   0   0   0   0   0   1   0 ...   0   0   0   1   0   0   0   0   0
1   0   1   0   0   0   0   1   0   0 ...   0   0   0   0   1   0   0   0   0
2   0   0   1   0   0   0   0   1   0 ...   0   0   0   1   0   0   0   0   0
3   0   1   0   0   0   0   0   1   0 ...   0   0   0   1   0   0   0   0   0
4   0   0   1   0   0   0   1   0   0 ...   0   0   0   0   1   0   0   0   0

[5 rows x 45 columns]
Initial Neural Network:
[{'weights': array([[-0.003,  0.001,  0.008,  0.001, -0.009,  0.004, -0.004, -0.002,
        -0.004,  0.005,  0.009, -0.008,  0.01 , -0.004, -0.004,  0.008,
        -0.003, -0.009,  0.004,  0.006,  0.003, -0.009,  0.   ,  0.005,
         0.004, -0.005,  0.006,  0.009, -0.002,  0.003, -0.01 ,  0.002,
        -0.01 , -0.01 , -0.003, -0.001,  0.002,  0.006, -0.002,  0.008,
        -0.003, -0.001,  0.001,  0.006],
       [-0.001,  0.007,  0.006, -0.007, -0.005, -0.008,  0.002, -0.009,
         0.007, -0.001,  0.006,  0.01 ,  0.   ,  0.004, -0.01 , -0.001,
        -0.01 , -0.007, -0.01 , -0.002,  0.008, -0.007,  0.004, -0.006,
         0.001,  0.006, -0.001,  0.002, -0.009, -0.004, -0.006,  0.008,
        -0.005, -0.005,  0.002,  0.003, -0.007,  0.005,  0.01 ,  0.   ,
         0.005, -0.007, -0.003,  0.01 ],
       [-0.004, -0.004,  0.007,  0.006, -0.003, -0.01 , -0.006, -0.004,
        -0.007, -0.001,  0.005,  0.003,  0.002,  0.   , -0.001,  0.007,
         0.01 ,  0.002, -0.002,  0.007, -0.003,  0.007, -0.007,  0.002,
         0.003, -0.003,  0.005,  0.   , -0.007, -0.001, -0.004, -0.005,
        -0.008, -0.01 , -0.008,  0.01 ,  0.009,  0.001, -0.01 ,  0.002,
        -0.002, -0.009, -0.004,  0.004],
       [ 0.002,  0.009, -0.006,  0.009,  0.007, -0.004, -0.008,  0.009,
         0.004, -0.01 ,  0.006, -0.008,  0.005, -0.007, -0.01 , -0.007,
        -0.007,  0.009, -0.004,  0.005, -0.009, -0.007, -0.008,  0.005,
         0.002,  0.007, -0.009,  0.004, -0.006, -0.006,  0.005,  0.007,
        -0.002,  0.01 ,  0.008,  0.006, -0.005,  0.003,  0.01 ,  0.008,
         0.002, -0.001, -0.004,  0.008],
       [-0.007,  0.004,  0.007,  0.01 ,  0.005,  0.01 , -0.008,  0.008,
         0.004, -0.008, -0.01 ,  0.009,  0.003, -0.007, -0.009,  0.008,
        -0.005, -0.001, -0.001, -0.001,  0.004, -0.003, -0.008, -0.007,
         0.005,  0.002, -0.01 ,  0.002, -0.01 , -0.003,  0.008, -0.009,
        -0.009, -0.01 ,  0.   , -0.006,  0.009,  0.   ,  0.007,  0.005,
        -0.007,  0.009,  0.002,  0.001],
       [ 0.008, -0.001,  0.01 , -0.005, -0.008, -0.008,  0.009,  0.004,
        -0.001, -0.001,  0.005, -0.004,  0.01 ,  0.003, -0.005, -0.008,
        -0.001,  0.006,  0.007, -0.005, -0.007, -0.007, -0.01 ,  0.008,
         0.005,  0.005, -0.005, -0.009,  0.002,  0.   , -0.003,  0.001,
         0.002, -0.01 ,  0.01 , -0.009, -0.001,  0.002,  0.006,  0.004,
         0.   , -0.006, -0.004,  0.002]]), 'deltas': array([[0.],
       [0.],
       [0.],
       [0.],
       [0.],
       [0.]]), 'outputs': array([[0.],
       [0.],
       [0.],
       [0.],
       [0.],
       [0.]]), 'errors': array([[0.],
       [0.],
       [0.],
       [0.],
       [0.],
       [0.]])}, {'weights': array([[ 0.002, -0.008,  0.004,  0.004,  0.003, -0.008],
       [-0.009, -0.006,  0.003, -0.007, -0.01 ,  0.002],
       [ 0.008,  0.01 ,  0.01 , -0.002,  0.006, -0.004],
       [ 0.002,  0.003,  0.007,  0.004,  0.008, -0.004],
       [-0.003, -0.007,  0.001,  0.005,  0.   , -0.003],
       [ 0.008, -0.009,  0.   , -0.009,  0.003,  0.001]]), 'deltas': array([[0.],
       [0.],
       [0.],
       [0.],
       [0.],
       [0.]]), 'outputs': array([[0.],
       [0.],
       [0.],
       [0.],
       [0.],
       [0.]]), 'errors': array([[0.],
       [0.],
       [0.],
       [0.],
       [0.],
       [0.]])}]
Training complete!
Training done. epoch: 100 , total error: 0.014005416731429915
[{'weights': array([[ 5.03009306e-01, -5.61642877e-01,  4.43928765e-01,
        -6.07402259e-01, -4.06717293e-01, -1.01373799e+00,
        -2.97099671e-01, -6.31561167e-01,  2.22575681e+00,
        -9.11182345e-01,  1.14756545e+00,  1.07226464e+00,
         2.62057140e+00, -2.62296811e+00, -2.84125773e+00,
        -1.82472700e+00,  3.28053049e-01, -4.37815669e-01,
         2.09584297e+00, -7.82177710e-01, -6.50115142e-01,
        -7.08029346e-01, -7.83142403e-01,  1.54869743e-01,
         1.36259279e+00, -1.37910635e+00, -1.13993325e-01,
         1.17067366e+00, -2.96398345e-01, -9.38642450e-01,
        -1.64609035e-01, -7.38776773e-01,  2.97950543e-02,
         1.16040885e+00, -4.07777539e-01,  7.13707002e-01,
         1.17253042e+00, -1.72915628e+00, -3.74127954e-01,
         1.02654966e+00, -1.21515678e+00,  5.06610721e-01,
        -9.39827960e-01,  6.00000000e-03],
       [ 5.97444986e-01,  7.19458052e-01, -1.46418625e+00,
        -5.40967293e-01, -2.83196147e-01,  1.28560367e-01,
        -8.66237084e-01,  7.92658540e-02,  3.93621988e-01,
        -7.15657779e-01,  2.06549936e+00,  5.79309794e-01,
        -4.67401783e-01, -1.60469350e+00, -1.53416052e+00,
        -1.39435762e+00, -2.55720067e+00,  1.62021398e+00,
         1.79747912e+00, -4.67581467e-01, -1.59992804e+00,
        -3.08949061e-01, -1.30104038e-01,  5.86985502e-01,
         4.80548985e-01, -2.48422695e+00,  3.61927164e-01,
         1.39313042e+00, -2.44277288e-01,  3.66681011e-01,
         6.21645755e-01, -1.03390510e+00, -7.77492863e-01,
        -1.60375454e-01, -1.09772087e+00,  7.65210356e-01,
         9.02136354e-01, -1.25337360e+00, -2.74698892e-01,
         4.29112037e-01, -2.48757051e-01, -9.72843637e-01,
        -1.83958002e-01,  1.00000000e-02],
       [ 5.76135493e-01,  9.22699511e-01, -1.60605299e+00,
        -5.45057259e-01, -2.69783000e-01,  1.32321960e-01,
        -7.98396663e-01,  1.51133862e-01,  3.02173364e-01,
        -7.39290768e-01,  2.03147677e+00,  5.02857519e-01,
        -5.25802815e-01, -1.47767478e+00, -1.44591494e+00,
        -1.25292388e+00, -2.65102212e+00,  1.66672079e+00,
         1.77832607e+00, -4.41159120e-01, -1.62667366e+00,
        -1.14349160e-01, -2.16202763e-01,  6.37016397e-01,
         3.98150943e-01, -2.50928952e+00,  3.87276425e-01,
         1.43282667e+00, -2.39871826e-01,  5.20034427e-01,
         6.45186531e-01, -1.14281228e+00, -7.97131659e-01,
        -1.77335264e-01, -1.03160402e+00,  7.14575791e-01,
         9.07623720e-01, -1.23341100e+00, -2.79242738e-01,
         1.57573646e-01, -2.36251806e-02, -1.02708559e+00,
        -4.39211236e-02,  4.00000000e-03],
       [ 2.63153264e+00,  6.48779202e-01, -1.20997156e+00,
        -2.79207117e-01, -4.17465542e-01, -1.19578329e+00,
         1.25503571e+00,  9.60818280e-01,  1.48160719e+00,
        -1.15801027e+00,  1.67002549e+00,  2.03136925e-01,
         6.59402767e-01,  1.46339836e+00, -2.65729593e+00,
        -2.75337541e+00,  1.02411797e+00,  2.16209971e+00,
         1.46640915e+00, -5.50583803e-01, -7.42632139e-01,
        -4.89512718e-01,  6.00180424e+00, -1.96473363e+00,
        -1.46925814e+00,  3.92799610e-01,  2.41537207e-01,
         9.49781097e-01, -2.35450295e-01, -7.65699407e-01,
        -6.68010062e-01,  9.43311866e-01, -4.90690646e-01,
         2.34775587e+00,  4.51363084e+00, -2.38457800e+00,
         7.54787823e-01, -1.03285103e+00, -4.76322019e-01,
        -3.95636034e+00,  3.61675806e-01,  4.00651766e-01,
         4.55170039e+00,  8.00000000e-03],
       [-1.18111612e+00, -2.33052792e+00,  2.96605450e+00,
         2.71462596e-01, -3.44775652e-01, -1.98495680e+00,
        -6.17329390e-01,  4.10203047e-01,  2.37776522e+00,
        -8.17584676e-01,  6.86950020e-01, -6.54569219e-01,
         1.24803711e+00, -7.48936333e+00,  5.55704282e+00,
        -3.06567834e+00,  5.38934581e+00, -2.42329418e+00,
         6.24655046e-01, -1.16293092e+00, -5.17427712e-01,
         2.86789378e+00, -2.82141802e+00,  5.08242513e-01,
        -6.84193162e-01, -4.50277507e-03, -3.63303204e-01,
         8.25208569e-02, -3.68617471e-01, -9.24416885e-01,
         1.63414201e+00, -2.25020389e+00,  2.92799100e-01,
         5.86777072e-01,  1.10981909e+00, -6.48314716e-01,
         5.60238728e-01, -1.27271236e+00, -3.76933333e-01,
         2.89767147e+00, -2.09186147e+00, -8.36234812e-01,
        -5.98477786e-01,  1.00000000e-03],
       [ 5.91459050e-01,  1.42014128e+00, -1.88800563e+00,
        -8.16302013e-01, -2.50060989e-01, -2.43297308e-01,
        -1.29365609e+00,  1.67589465e+00, -3.17483329e-01,
        -7.65226223e-01,  1.27581320e+00,  2.13718677e-01,
        -5.82595062e-01, -1.33295445e+00, -5.11750665e-01,
         1.56691608e+00, -3.97842512e+00,  1.35179735e-01,
         1.77994214e+00, -4.51381145e-01, -1.61935590e+00,
        -5.51823983e-01,  1.69794915e-01,  1.30132949e+00,
        -2.57712828e-01, -2.61984853e+00,  5.43914815e-01,
         1.38623028e+00, -2.64064873e-01,  7.71430623e-01,
         1.52131722e+00, -1.84197442e+00, -1.09805547e+00,
        -3.09486254e-01, -1.22260042e+00,  6.82180387e-01,
         1.00691592e+00, -1.17492861e+00, -2.30335585e-01,
        -1.98693685e+00, -9.32259970e-01, -1.15414722e+00,
         3.12057573e+00,  2.00000000e-03]]), 'deltas': array([[2.90997558e-03],
       [6.15297347e-03],
       [6.18213124e-03],
       [1.46799451e-04],
       [3.02122094e-07],
       [1.52104403e-02]]), 'outputs': array([[3.56415132e-02],
       [9.21098698e-01],
       [9.20689572e-01],
       [9.98263060e-01],
       [3.56852983e-06],
       [7.65220255e-01]]), 'errors': 0.08466320475938649}, {'weights': array([[-6.3200542 , -2.86451569, -2.87454239, -0.83574701,  0.23525368,
        -3.29961861],
       [-3.51870151, -0.84251282, -0.56138597,  0.25388107, -0.21140765,
        -1.92496706],
       [-2.45178363, -1.52847734, -1.4870427 , -1.80773282, -2.77530967,
        -0.6453595 ],
       [ 4.61397071, -1.55947609, -1.59514961, -2.7671206 , -1.91707555,
        -2.05588099],
       [-0.58279202, -0.47832543, -0.48617437, -3.36098838, -3.11206552,
        -0.36463422],
       [ 2.68100795,  2.99831063,  2.96741659, -5.5485426 , -2.50777919,
         2.21455036]]), 'deltas': array([[-1.97617200e-08],
       [-4.20876215e-03],
       [-3.22288098e-05],
       [-7.12263660e-07],
       [-1.09705046e-04],
       [ 1.97858037e-02]]), 'outputs': array([[1.40586268e-04],
       [6.71700948e-02],
       [5.69327215e-03],
       [8.44313652e-04],
       [1.05296006e-02],
       [8.47176594e-01]]), 'errors': array([[-1.40586268e-04],
       [-6.71700948e-02],
       [-5.69327215e-03],
       [-8.44313652e-04],
       [-1.05296006e-02],
       [ 1.52823406e-01]])}]
Accuracy: 48.837209302325576 %

Feedforward Neural Network AVG Accuracy (%): 40.69415081042988 %
