Namespace(error_threshold=0.001, max_epochs=1000, num_layers=1, num_nodes_per_hidden_layer=3, training_rate=0.5)

train_data group 0 length:  120
   0   1   2   3   4   5   6   7   8   9   10  11  12  13  14  15  16
0   1   0   0   0   0   1   0   0   1   0   0   0   1   0   0   0   0
1   1   0   0   0   0   1   0   0   1   0   0   0   1   0   0   0   0
2   1   0   0   0   0   0   1   0   1   0   0   0   1   0   0   0   0
3   1   0   0   0   0   1   0   0   1   0   0   0   1   0   0   0   0
4   1   0   0   0   0   0   1   0   1   0   0   0   1   0   0   0   0
Initial Neural Network:
[{'weights': array([[ 0.003, -0.005,  0.01 , -0.002,  0.005,  0.01 ,  0.002,  0.   ,
         0.001, -0.004, -0.003, -0.007,  0.   , -0.007,  0.002, -0.01 ,
        -0.002],
       [ 0.002, -0.008, -0.003, -0.002,  0.006,  0.01 , -0.004, -0.01 ,
         0.007,  0.   , -0.006,  0.009,  0.002, -0.009, -0.009,  0.001,
         0.004],
       [-0.007,  0.001, -0.008, -0.002, -0.007, -0.01 ,  0.001,  0.006,
         0.004, -0.003, -0.003,  0.005, -0.008,  0.007,  0.009, -0.005,
         0.   ]]), 'deltas': array([[0.],
       [0.],
       [0.],
       [0.]]), 'outputs': array([[0.],
       [0.],
       [0.],
       [0.]]), 'errors': array([[0.],
       [0.],
       [0.],
       [0.]])}]
Training complete!
Training done. epoch: 9 , total error: 0.0009638281830851893
[{'weights': array([[ 0.70183827, -0.30195259, -0.75431785, -0.41831776, -0.76558109,
        -0.47983383,  0.29248166,  0.19118333,  1.7582898 , -0.73932291,
        -1.00723486, -0.80348197,  1.7572898 , -0.81734051, -0.92231152,
        -0.81138771, -0.78074993],
       [-0.47083928,  0.41594152,  0.00510803, -0.60141844,  0.12609602,
        -0.17944925, -0.40258307, -0.18227188, -1.14910884,  1.4698841 ,
         0.72176148, -1.67274492, -1.15410884,  1.60842023,  0.76847016,
        -1.87798973, -0.63620818],
       [-0.75032944, -0.39138943,  0.11834962,  0.74180919, -0.10270144,
         0.16255768, -0.21629072, -0.11912559, -1.11468047, -0.77718492,
        -0.34255731,  1.97186263, -1.12668047, -1.11030657, -0.31872844,
         2.29315541, -0.26556007]]), 'deltas': array([[ 0.00053841],
       [-0.00045783],
       [-0.00088097]]), 'outputs': array([[0.97651902],
       [0.02163218],
       [0.03013882]]), 'errors': array([[ 0.02348098],
       [-0.02163218],
       [-0.03013882]])}]
neural_net output [0.97654987 0.02160797 0.03007451]
target: 0 prediction: 0
neural_net output [0.93239411 0.06263455 0.04664436]
target: 0 prediction: 0
neural_net output [0.9505855  0.02686458 0.0433267 ]
target: 0 prediction: 0
neural_net output [0.97654987 0.02160797 0.03007451]
target: 0 prediction: 0
neural_net output [0.97654987 0.02160797 0.03007451]
target: 0 prediction: 0
neural_net output [0.97654987 0.02160797 0.03007451]
target: 0 prediction: 0
neural_net output [0.93239411 0.06263455 0.04664436]
target: 0 prediction: 0
neural_net output [0.97654987 0.02160797 0.03007451]
target: 0 prediction: 0
neural_net output [0.93239411 0.06263455 0.04664436]
target: 0 prediction: 0
neural_net output [0.93850653 0.0508799  0.04250897]
target: 0 prediction: 0
neural_net output [0.02953834 0.74847882 0.23945358]
target: 1 prediction: 1
neural_net output [0.02953834 0.74847882 0.23945358]
target: 1 prediction: 1
neural_net output [0.02236083 0.80155809 0.19451478]
target: 1 prediction: 1
neural_net output [0.02953834 0.74847882 0.23945358]
target: 1 prediction: 1
neural_net output [0.01899414 0.66366777 0.34390537]
target: 1 prediction: 1
neural_net output [0.01899414 0.66366777 0.34390537]
target: 1 prediction: 1
neural_net output [0.040228   0.61219505 0.26409602]
target: 1 prediction: 1
neural_net output [0.02953834 0.74847882 0.23945358]
target: 1 prediction: 1
neural_net output [0.02953834 0.74847882 0.23945358]
target: 1 prediction: 1
neural_net output [0.02953834 0.74847882 0.23945358]
target: 1 prediction: 1
neural_net output [0.02727643 0.26924718 0.70960847]
target: 2 prediction: 2
neural_net output [0.03214906 0.08937008 0.90820739]
target: 2 prediction: 2
neural_net output [0.05429719 0.01010651 0.98018917]
target: 2 prediction: 2
neural_net output [0.02953834 0.74847882 0.23945358]
target: 2 prediction: 1
neural_net output [0.02117515 0.12273542 0.87717494]
target: 2 prediction: 2
neural_net output [0.03578549 0.00691028 0.99263647]
target: 2 prediction: 2
neural_net output [0.02583699 0.01260117 0.98635126]
target: 2 prediction: 2
neural_net output [0.07436768 0.00553593 0.98928117]
target: 2 prediction: 2
neural_net output [0.03288951 0.1742294  0.81095175]
target: 2 prediction: 2
neural_net output [0.02236083 0.80155809 0.19451478]
target: 2 prediction: 1
Accuracy: 93.33333333333333 %

train_data group 1 length:  120
   0   1   2   3   4   5   6   7   8   9   10  11  12  13  14  15  16
0   1   0   0   0   0   0   1   0   1   0   0   0   1   0   0   0   0
1   0   1   0   0   0   0   0   1   1   0   0   0   1   0   0   0   0
2   1   0   0   0   0   1   0   0   1   0   0   0   1   0   0   0   0
3   1   0   0   0   0   0   1   0   1   0   0   0   1   0   0   0   0
4   1   0   0   0   0   0   1   0   1   0   0   0   1   0   0   0   0
Initial Neural Network:
[{'weights': array([[ 0.01 ,  0.   ,  0.002, -0.005, -0.005,  0.01 ,  0.006,  0.01 ,
        -0.001, -0.01 , -0.003,  0.008,  0.005,  0.004, -0.01 ,  0.01 ,
         0.003],
       [-0.008,  0.003, -0.008,  0.001, -0.001, -0.01 , -0.007,  0.006,
        -0.007,  0.002,  0.   , -0.001, -0.01 ,  0.004,  0.   ,  0.007,
         0.009],
       [ 0.009, -0.004,  0.003, -0.001,  0.   , -0.007, -0.009, -0.005,
        -0.007,  0.01 , -0.008, -0.01 ,  0.003,  0.004,  0.01 ,  0.008,
         0.009]]), 'deltas': array([[0.],
       [0.],
       [0.],
       [0.]]), 'outputs': array([[0.],
       [0.],
       [0.],
       [0.]]), 'errors': array([[0.],
       [0.],
       [0.],
       [0.]])}]
Training complete!
Training done. epoch: 12 , total error: 0.00029089034249510495
[{'weights': array([[ 0.76451961, -0.29723892, -0.74301115, -0.48321258, -0.73165   ,
        -0.58904447,  0.26702546,  0.30872597,  1.83085461, -0.6389722 ,
        -1.10057693, -0.86324852,  1.83685461, -0.62922387, -1.08097407,
        -0.8835997 , -0.76294304],
       [-0.71234541,  0.06166704,  0.42635556, -0.55787506, -0.30741663,
        -0.17225685, -0.09514138, -0.20738302, -1.16316228,  1.64013702,
         0.82722695, -2.08039958, -1.16616228,  1.85994738,  0.80120374,
        -2.26418672, -0.76119787],
       [-0.38391729, -0.09966071, -0.38216624,  0.69897869,  0.31626018,
         0.10444485, -0.43572103, -0.17974953, -1.28183835, -0.94330162,
        -0.35869382,  2.39506826, -1.27183835, -1.40733061, -0.22779349,
         2.75819691, -0.16476554]]), 'deltas': array([[-4.32780799e-04],
       [-5.96849658e-05],
       [ 7.88439363e-05]]), 'outputs': array([[0.0210256 ],
       [0.00775574],
       [0.99108072]]), 'errors': array([[-0.0210256 ],
       [-0.00775574],
       [ 0.00891928]])}]
Accuracy: 93.33333333333333 %

train_data group 2 length:  120
   0   1   2   3   4   5   6   7   8   9   10  11  12  13  14  15  16
0   1   0   0   0   0   0   1   0   1   0   0   0   1   0   0   0   0
1   0   1   0   0   0   0   0   1   1   0   0   0   1   0   0   0   0
2   1   0   0   0   0   1   0   0   1   0   0   0   1   0   0   0   0
3   1   0   0   0   0   0   1   0   1   0   0   0   1   0   0   0   0
4   1   0   0   0   0   0   1   0   1   0   0   0   1   0   0   0   0
Initial Neural Network:
[{'weights': array([[-0.009, -0.008, -0.002, -0.009,  0.008,  0.006,  0.   ,  0.   ,
        -0.006,  0.004,  0.004,  0.008, -0.001,  0.   ,  0.001, -0.008,
        -0.006],
       [ 0.001,  0.009, -0.004, -0.001, -0.006, -0.004, -0.001, -0.009,
        -0.004, -0.009,  0.003, -0.003, -0.005,  0.007,  0.004,  0.002,
        -0.01 ],
       [ 0.   , -0.009, -0.006,  0.005,  0.008, -0.001,  0.002, -0.006,
         0.006, -0.01 , -0.003,  0.003,  0.007, -0.007, -0.01 ,  0.003,
        -0.007]]), 'deltas': array([[0.],
       [0.],
       [0.],
       [0.]]), 'outputs': array([[0.],
       [0.],
       [0.],
       [0.]]), 'errors': array([[0.],
       [0.],
       [0.],
       [0.]])}]
Training complete!
Training done. epoch: 13 , total error: 0.0007045800195494052
[{'weights': array([[ 0.62788338, -0.24653249, -0.83209478, -0.34766174, -0.95248436,
        -0.53144473,  0.36354524,  0.36397821,  1.8573182 , -0.70532561,
        -1.08855146, -0.82384677,  1.8623182 , -0.69659186, -1.10607414,
        -0.83805783, -0.77640564],
       [-0.55933897,  0.32981763,  0.18225458, -0.52317796, -0.38426948,
        -0.07992335,  0.14713634, -0.27838826, -1.28928626,  1.78569568,
         0.96899964, -2.0538538 , -1.29028626,  1.82153047,  0.9995579 ,
        -2.09824685, -0.58544474],
       [-0.40906316, -0.42646771, -0.19469242,  0.61786819,  0.51644295,
         0.08964646, -0.78960807, -0.21583645, -1.21718322, -1.08285392,
        -0.48495581,  2.37863786, -1.21618322, -1.3197359 , -0.41239209,
         2.53895612, -0.4093551 ]]), 'deltas': array([[ 0.00036135],
       [-0.00072185],
       [-0.0002935 ]]), 'outputs': array([[0.98080561],
       [0.02724095],
       [0.01728196]]), 'errors': array([[ 0.01919439],
       [-0.02724095],
       [-0.01728196]])}]
Accuracy: 96.66666666666667 %

train_data group 3 length:  120
   0   1   2   3   4   5   6   7   8   9   10  11  12  13  14  15  16
0   1   0   0   0   0   0   1   0   1   0   0   0   1   0   0   0   0
1   0   1   0   0   0   0   0   1   1   0   0   0   1   0   0   0   0
2   1   0   0   0   0   1   0   0   1   0   0   0   1   0   0   0   0
3   1   0   0   0   0   0   1   0   1   0   0   0   1   0   0   0   0
4   1   0   0   0   0   0   1   0   1   0   0   0   1   0   0   0   0
Initial Neural Network:
[{'weights': array([[-0.007, -0.005, -0.003,  0.002, -0.004,  0.009,  0.006, -0.004,
         0.008,  0.006,  0.01 ,  0.01 , -0.001,  0.001,  0.005, -0.004,
        -0.008],
       [ 0.009, -0.001, -0.009, -0.004,  0.009, -0.001, -0.001,  0.001,
         0.003,  0.001, -0.004,  0.005, -0.008,  0.008,  0.008, -0.006,
        -0.004],
       [-0.006, -0.009, -0.006, -0.01 ,  0.009, -0.006, -0.004,  0.007,
        -0.001, -0.004,  0.002,  0.004, -0.003,  0.002,  0.01 ,  0.009,
        -0.005]]), 'deltas': array([[0.],
       [0.],
       [0.],
       [0.]]), 'outputs': array([[0.],
       [0.],
       [0.],
       [0.]]), 'errors': array([[0.],
       [0.],
       [0.],
       [0.]])}]
Training complete!
Training done. epoch: 29 , total error: 0.000947170239297089
[{'weights': array([[ 0.69722211, -0.30387535, -0.84823569, -0.48960864, -0.90233043,
        -0.62523189,  0.16520798,  0.43785676,  2.1739087 , -0.95016797,
        -1.16934653, -0.95189178,  2.1649087 , -0.93548269, -1.12895919,
        -1.0309644 , -0.93949757],
       [-0.99663335,  0.35476144,  0.61802396, -0.71428676, -0.46954416,
        -0.14774096,  0.25173896, -0.35958855, -1.38182443,  2.3292735 ,
         0.76391265, -2.43949643, -1.39282443,  2.5192673 ,  1.00991972,
        -2.8674973 , -0.7371347 ],
       [ 0.08348278, -0.50613283, -0.72671857,  0.83129697,  0.54604016,
         0.04944497, -0.60996716, -0.26658962, -1.53179312, -1.3551595 ,
        -0.21217826,  2.81305924, -1.53379312, -1.89051406, -0.30196481,
         3.45720035, -0.29207165]]), 'deltas': array([[ 0.00078548],
       [-0.00081108],
       [-0.00024668]]), 'outputs': array([[0.97156639],
       [0.02890014],
       [0.015832  ]]), 'errors': array([[ 0.02843361],
       [-0.02890014],
       [-0.015832  ]])}]
Accuracy: 90.0 %

train_data group 4 length:  120
   0   1   2   3   4   5   6   7   8   9   10  11  12  13  14  15  16
0   1   0   0   0   0   0   1   0   1   0   0   0   1   0   0   0   0
1   0   1   0   0   0   0   0   1   1   0   0   0   1   0   0   0   0
2   1   0   0   0   0   1   0   0   1   0   0   0   1   0   0   0   0
3   1   0   0   0   0   0   1   0   1   0   0   0   1   0   0   0   0
4   1   0   0   0   0   0   1   0   1   0   0   0   1   0   0   0   0
Initial Neural Network:
[{'weights': array([[ 0.002,  0.001,  0.008, -0.001,  0.007,  0.01 , -0.004, -0.003,
         0.008,  0.008, -0.009, -0.004, -0.01 ,  0.001, -0.005, -0.009,
        -0.003],
       [ 0.001, -0.008, -0.01 , -0.008,  0.002, -0.002,  0.005,  0.005,
         0.   ,  0.003,  0.005,  0.006,  0.   ,  0.009, -0.006,  0.002,
        -0.003],
       [-0.008,  0.009, -0.008, -0.008,  0.008,  0.009,  0.009,  0.007,
        -0.001, -0.006, -0.008, -0.005,  0.005, -0.008,  0.001,  0.   ,
        -0.001]]), 'deltas': array([[0.],
       [0.],
       [0.],
       [0.]]), 'outputs': array([[0.],
       [0.],
       [0.],
       [0.]]), 'errors': array([[0.],
       [0.],
       [0.],
       [0.]])}]
Training complete!
Training done. epoch: 6 , total error: 0.0009568035922481743
[{'weights': array([[ 0.66278419, -0.23883128, -0.69379485, -0.42206242, -0.71519001,
        -0.39954542,  0.17520337,  0.24762769,  1.63541606, -0.58183234,
        -1.00691153, -0.74557655,  1.61741606, -0.69626653, -0.8716645 ,
        -0.77438939, -0.70490436],
       [-0.08509347,  0.42613781, -0.29714694, -0.66587269,  0.01983252,
        -0.05528572, -0.32835449, -0.22316759, -1.13353435,  0.95720574,
         1.04097881, -1.44762549, -1.13353435,  1.3852487 ,  0.8765651 ,
        -1.72025473, -0.59997528],
       [-0.97525531, -0.52720811,  0.38120691,  0.82632784,  0.17177427,
        -0.04682241, -0.24492406, -0.12695647, -0.99489462, -0.49849553,
        -0.55295348,  1.74641496, -0.98889462, -0.86934697, -0.48061946,
         2.05693238, -0.28092867]]), 'deltas': array([[-0.00118556],
       [-0.0002516 ],
       [ 0.0004204 ]]), 'outputs': array([[0.03505183],
       [0.01599021],
       [0.97928069]]), 'errors': array([[-0.03505183],
       [-0.01599021],
       [ 0.02071931]])}]
Accuracy: 86.66666666666667 %

Feedforward Neural Network AVG Accuracy (%): 92.0 %
