Namespace(error_threshold=0.01, max_epochs=1000, num_layers=1, num_nodes_per_hidden_layer=6, training_rate=0.05)

train_data group 0 length:  171
   0   1   2   3   4   5   6   7   8  ...  36  37  38  39  40  41  42  43  44
0   0   0   1   0   0   0   1   0   0 ...   0   0   0   1   0   0   0   0   0
1   0   1   0   0   0   0   1   0   0 ...   0   0   0   0   0   1   0   0   0
2   0   0   1   0   0   0   0   1   0 ...   0   0   0   1   0   0   0   0   0
3   0   1   0   0   0   0   1   0   0 ...   0   0   0   0   0   1   0   0   0
4   0   0   1   0   0   0   0   1   0 ...   0   0   0   1   0   0   0   0   0

[5 rows x 45 columns]
Initial Neural Network:
[{'weights': array([[ 0.   , -0.008,  0.001, -0.008,  0.001, -0.008,  0.001,  0.002,
         0.   , -0.001,  0.008,  0.001, -0.007, -0.008,  0.008,  0.001,
         0.009, -0.009, -0.002,  0.001, -0.004,  0.009, -0.01 , -0.009,
         0.008,  0.   ,  0.002, -0.001, -0.009,  0.003,  0.   , -0.008,
         0.008, -0.009,  0.01 ,  0.001,  0.006, -0.008,  0.004, -0.003,
         0.01 ,  0.002,  0.004, -0.008, -0.01 ],
       [ 0.009,  0.007,  0.01 ,  0.004, -0.001,  0.004, -0.004, -0.006,
         0.   ,  0.003, -0.001,  0.002, -0.007,  0.003, -0.005, -0.006,
         0.   ,  0.003,  0.   ,  0.007, -0.004,  0.   ,  0.007,  0.006,
        -0.007,  0.009,  0.002, -0.007,  0.004,  0.004,  0.004, -0.002,
         0.005, -0.009, -0.005,  0.   , -0.003, -0.001,  0.006,  0.   ,
         0.006,  0.01 , -0.001, -0.002,  0.001],
       [-0.01 , -0.004,  0.008,  0.01 , -0.007,  0.006, -0.007, -0.003,
         0.005, -0.002, -0.01 , -0.008,  0.007,  0.005, -0.007, -0.009,
         0.01 , -0.008,  0.007,  0.01 ,  0.01 ,  0.005, -0.003,  0.009,
         0.003,  0.008, -0.01 ,  0.007,  0.008,  0.008,  0.009,  0.001,
        -0.009,  0.004, -0.007, -0.009,  0.003, -0.003,  0.009,  0.004,
        -0.008,  0.009,  0.007, -0.009,  0.007],
       [ 0.002,  0.001, -0.01 ,  0.005, -0.002,  0.001,  0.   ,  0.005,
         0.006, -0.005,  0.002,  0.003, -0.006, -0.007, -0.009,  0.005,
        -0.003,  0.009, -0.004,  0.006,  0.01 ,  0.001, -0.008, -0.001,
        -0.009,  0.009, -0.01 , -0.006, -0.007, -0.01 , -0.006, -0.005,
         0.006,  0.007,  0.009,  0.004,  0.01 , -0.002, -0.007, -0.001,
         0.004, -0.007,  0.008,  0.002,  0.001],
       [ 0.001,  0.003, -0.002,  0.009,  0.007,  0.   ,  0.004, -0.005,
         0.01 ,  0.   ,  0.004,  0.01 ,  0.002,  0.002,  0.002, -0.008,
        -0.01 , -0.009,  0.007,  0.004, -0.002,  0.001, -0.01 , -0.009,
         0.007, -0.003, -0.006,  0.004, -0.004, -0.009,  0.001,  0.   ,
        -0.007, -0.01 ,  0.   , -0.009,  0.002, -0.006, -0.007,  0.004,
        -0.007, -0.009,  0.01 , -0.009, -0.007],
       [ 0.008, -0.003,  0.009,  0.003, -0.005,  0.005,  0.   ,  0.   ,
         0.003, -0.008,  0.002, -0.008, -0.002,  0.01 ,  0.001,  0.001,
         0.002,  0.003, -0.003,  0.004, -0.001, -0.006, -0.01 ,  0.003,
        -0.008, -0.003,  0.001,  0.   , -0.007,  0.01 ,  0.007, -0.003,
         0.005,  0.006, -0.002, -0.004,  0.001,  0.006,  0.01 ,  0.004,
         0.004,  0.008, -0.005, -0.01 ,  0.001]]), 'deltas': array([[0.],
       [0.],
       [0.],
       [0.],
       [0.],
       [0.],
       [0.]]), 'outputs': array([[0.],
       [0.],
       [0.],
       [0.],
       [0.],
       [0.],
       [0.]]), 'errors': array([[0.],
       [0.],
       [0.],
       [0.],
       [0.],
       [0.],
       [0.]])}]
Training complete!
Training done. epoch: 70 , total error: 0.005729184653794634
[{'weights': array([[-3.29284569e-01, -1.90021705e-01,  6.60777794e-02,
        -1.65612027e-01, -1.10238333e-01, -4.15195384e-01,
         3.69074292e-01, -5.93736511e-01, -2.55561161e-02,
        -5.56651347e-02, -1.27757816e+00, -4.47958589e-01,
        -7.23870387e-01,  8.18853156e-01,  9.17475124e-01,
         6.31320272e-01,  4.97702848e-01, -1.29951470e+00,
        -4.52027992e-01, -9.25592862e-02, -5.70005695e-01,
         7.47017492e-01, -5.17209952e-01, -1.30574361e-01,
        -2.50306339e-01, -3.25341015e-01, -2.26418459e-01,
        -6.87600951e-02, -1.02559286e-01, -3.73642880e-01,
         1.54790601e-02,  1.37174408e-01, -1.31639826e-01,
        -3.68449618e-01, -1.33342280e-01, -1.62168957e-01,
        -3.63513616e-01, -8.00000000e-03, -3.50540018e-02,
         8.60306212e-02,  2.76257567e-01,  3.75940648e-02,
        -1.04062948e+00, -6.93316238e-02, -7.25078855e-01],
       [-5.59237302e-01, -4.41783569e-01, -7.90624813e-01,
         9.69052794e-01,  4.39834149e-01,  2.18210659e-01,
         1.24773093e-01,  2.01022673e-02, -7.27020135e-01,
        -5.08246256e-02, -5.83938355e-01, -3.90818707e-01,
        -3.79591914e-01,  3.89551425e-01,  5.45038810e-01,
        -7.21136383e-01,  1.02515484e-01,  9.63985073e-01,
        -5.37811282e-01, -2.15311633e-01,  5.52259300e-01,
        -5.39491487e-01, -1.58183589e-01, -2.60708921e-01,
        -3.63404447e-03,  2.95150145e-01, -3.17656319e-01,
        -1.62940934e-01, -2.18311633e-01, -5.91792578e-01,
        -3.31976607e-01, -4.12590645e-01, -1.32180092e-01,
         1.05878118e+00,  4.69147628e-01, -4.85420280e-01,
        -5.22565552e-01, -1.00000000e-03,  1.25079463e-01,
        -4.82262532e-01,  8.70436857e-02, -1.69008254e-01,
         5.18762226e-01, -3.53293867e-01, -4.10758742e-01],
       [-3.23934418e-01, -1.34094967e-02, -1.72305419e-01,
        -2.04650612e-01, -6.77153086e-02, -1.42329485e-01,
        -7.00510337e-01,  3.61326152e-01, -2.65703996e-01,
        -3.27975885e-02, -7.16262692e-01, -1.63562574e-01,
        -2.30016853e-01,  4.05548579e-01, -8.77217131e-02,
         7.49090572e-01, -5.74280751e-01, -5.86021906e-01,
        -3.24615004e-01, -3.31881652e-02, -2.03332147e-01,
        -2.84462926e-02,  1.52616572e-01, -5.49486718e-01,
        -1.26366669e-01, -4.79020354e-01, -2.27808667e-01,
        -2.39980688e-02, -3.51881652e-02, -2.83794421e-01,
         3.50347860e-01, -6.72958000e-01, -8.16563892e-02,
        -7.79543048e-02, -2.36392109e-01, -2.42645849e-01,
        -2.29414517e-01, -3.00000000e-03, -7.45627787e-02,
        -4.52884004e-01, -5.90306651e-01, -2.38438532e-02,
         3.29676462e-01, -3.86572080e-02, -7.72015254e-01],
       [ 2.40551388e-02, -6.29928952e-01,  6.51924922e-01,
        -2.21492284e-01, -4.06919945e-01,  3.37484898e-01,
         7.48353743e-01, -1.03366141e+00, -5.10348874e-01,
        -1.13189480e-01,  2.40142845e-01,  5.25245018e-01,
         4.87421027e-01, -1.09837352e+00, -7.49796490e-01,
        -1.01338797e+00, -4.40239280e-01,  7.16794033e-01,
        -2.60156773e-01,  4.31628867e-01, -3.97507658e-02,
        -6.12721090e-01,  7.25415068e-02,  2.14147954e-01,
        -2.19578727e-01, -7.15126793e-01, -2.40630479e-01,
        -5.52327160e-02,  4.18628867e-01,  7.68089081e-02,
        -1.35688235e+00,  4.50860905e-01,  5.41039749e-01,
        -2.98188337e-01,  2.62604807e-01, -1.89007468e-01,
        -2.22375782e-01, -2.00000000e-03, -4.13582678e-01,
         1.06678237e-01, -5.28424537e-01, -5.39351717e-01,
        -1.74003120e-02,  4.06137208e-01, -5.77361121e-01],
       [ 3.92182193e-01,  5.33619654e-02, -7.78627471e-01,
        -1.98607937e-01, -9.10085447e-02, -3.42789091e-01,
        -9.35014455e-01,  1.35382022e-01,  7.55141202e-02,
         4.35207610e-01, -1.90450093e-01,  2.44907506e-01,
         7.61935560e-01, -7.83747689e-01, -6.53345079e-01,
         9.07700986e-02, -1.14221177e-01, -7.68127542e-02,
        -4.18103816e-01, -1.38332146e-01, -3.37984974e-01,
        -5.32292279e-01, -1.70839542e-01, -1.74003467e-01,
         5.61420468e-01, -1.98481298e-01, -2.33758943e-01,
        -7.11274068e-02, -1.46332146e-01,  5.61165210e-02,
        -6.95015322e-01,  2.28803198e-01, -1.29100792e-01,
        -1.26503400e-01,  5.05408003e-02, -2.95670762e-01,
        -2.27295227e-01, -6.00000000e-03, -1.82274605e-01,
        -5.85079776e-02, -3.25043353e-01, -2.14762595e-01,
        -3.05428621e-02, -2.28430070e-02, -6.47699794e-01],
       [ 1.76999384e-01,  1.13488056e-02,  2.98907590e-03,
        -1.12413712e-01, -2.57976826e-01,  9.16830021e-02,
        -1.19491264e+00,  2.21698057e-01,  8.32876164e-01,
        -1.42397852e-01,  1.00224841e+00,  8.67639498e-02,
        -1.47533397e-02, -4.81299257e-01, -7.81013037e-01,
        -7.53565974e-01, -5.30158686e-01, -9.14128349e-02,
         1.41354136e+00, -2.22457138e-01, -2.00742803e-01,
        -3.78495211e-01, -1.66566944e-01,  4.28477451e-01,
         1.04274235e-01, -8.94251254e-01,  4.88666162e-01,
         4.38988959e-01, -2.33457138e-01,  1.36811172e-01,
         8.55496815e-01, -6.80532860e-01, -3.81906685e-01,
        -9.59217136e-02, -1.69942595e+00,  7.41719295e-01,
         8.53433349e-01,  6.00000000e-03, -8.17799684e-02,
         4.93733902e-01, -2.53064991e-01, -3.58130725e-01,
        -4.27862427e-02, -2.98052158e-02, -1.90053272e-01]]), 'deltas': array([[-0.00051111],
       [-0.00142288],
       [-0.00289362],
       [-0.00021461],
       [-0.00544695],
       [ 0.00026982]]), 'outputs': array([[0.0228707 ],
       [0.03846817],
       [0.05534578],
       [0.01475878],
       [0.07681249],
       [0.98343606]]), 'errors': array([[-0.0228707 ],
       [-0.03846817],
       [-0.05534578],
       [-0.01475878],
       [-0.07681249],
       [ 0.01656394]])}]
neural_net output [0.2560379  0.36621293 0.22129032 0.00445285 0.0809709  0.08475106]
target: 0 prediction: 1
neural_net output [0.52157986 0.53132864 0.07889749 0.01388674 0.02261737 0.01053056]
target: 0 prediction: 1
neural_net output [0.66505462 0.12490142 0.31690745 0.00644664 0.03601028 0.04217301]
target: 0 prediction: 0
neural_net output [0.2560379  0.36621293 0.22129032 0.00445285 0.0809709  0.08475106]
target: 0 prediction: 1
neural_net output [0.66739075 0.274454   0.05681175 0.1981637  0.03425931 0.00134449]
target: 0 prediction: 0
neural_net output [0.54208423 0.13188729 0.19069826 0.0014329  0.04161088 0.46250532]
target: 0 prediction: 0
neural_net output [0.20265591 0.60819797 0.13611215 0.04319693 0.04177281 0.01526277]
target: 0 prediction: 1
neural_net output [0.57022808 0.36671105 0.04643728 0.02970954 0.029233   0.03912645]
target: 0 prediction: 0
neural_net output [0.2560379  0.36621293 0.22129032 0.00445285 0.0809709  0.08475106]
target: 0 prediction: 1
neural_net output [0.49869204 0.42841034 0.05661131 0.0362932  0.03327133 0.01636995]
target: 0 prediction: 0
neural_net output [0.49869204 0.42841034 0.05661131 0.0362932  0.03327133 0.01636995]
target: 0 prediction: 0
neural_net output [0.52157986 0.53132864 0.07889749 0.01388674 0.02261737 0.01053056]
target: 0 prediction: 1
neural_net output [0.47405985 0.39082939 0.08948012 0.02588833 0.02932292 0.02196514]
target: 0 prediction: 0
neural_net output [0.12998726 0.60291894 0.08852812 0.07793789 0.03040663 0.03365554]
target: 0 prediction: 1
neural_net output [0.47405985 0.39082939 0.08948012 0.02588833 0.02932292 0.02196514]
target: 1 prediction: 0
neural_net output [0.49869204 0.42841034 0.05661131 0.0362932  0.03327133 0.01636995]
target: 1 prediction: 0
neural_net output [0.05605044 0.63449222 0.05305535 0.15915915 0.14237138 0.15065294]
target: 1 prediction: 1
neural_net output [0.0721218  0.41095609 0.03989443 0.10510758 0.25591042 0.02048378]
target: 1 prediction: 1
neural_net output [0.54611732 0.56978312 0.0497038  0.0195649  0.02568676 0.0078248 ]
target: 1 prediction: 1
neural_net output [0.54611732 0.56978312 0.0497038  0.0195649  0.02568676 0.0078248 ]
target: 1 prediction: 1
neural_net output [0.11695595 0.42735207 0.03976151 0.07942858 0.13199442 0.07805842]
target: 1 prediction: 1
neural_net output [0.03253802 0.48393098 0.0984496  0.10293411 0.21385088 0.07629629]
target: 1 prediction: 1
neural_net output [0.12998726 0.60291894 0.08852812 0.07793789 0.03040663 0.03365554]
target: 1 prediction: 1
neural_net output [0.47405985 0.39082939 0.08948012 0.02588833 0.02932292 0.02196514]
target: 1 prediction: 0
neural_net output [0.24383878 0.41326574 0.03413067 0.03670311 0.09991754 0.03534272]
target: 1 prediction: 1
neural_net output [0.00302007 0.59617921 0.06275476 0.8194528  0.07482694 0.08552959]
target: 1 prediction: 3
neural_net output [0.55831965 0.44198786 0.06958625 0.01579474 0.02511038 0.01707515]
target: 1 prediction: 0
neural_net output [0.47405985 0.39082939 0.08948012 0.02588833 0.02932292 0.02196514]
target: 1 prediction: 0
neural_net output [0.48658611 0.50622828 0.08438321 0.01935639 0.02859598 0.0070499 ]
target: 1 prediction: 1
neural_net output [0.16802988 0.48292255 0.18985282 0.00711805 0.05990211 0.1040829 ]
target: 2 prediction: 1
neural_net output [0.47405985 0.39082939 0.08948012 0.02588833 0.02932292 0.02196514]
target: 2 prediction: 0
neural_net output [0.47405985 0.39082939 0.08948012 0.02588833 0.02932292 0.02196514]
target: 2 prediction: 0
neural_net output [0.18478012 0.16300416 0.00741303 0.5734537  0.04861825 0.01608345]
target: 3 prediction: 3
neural_net output [0.0296219  0.32322574 0.0056023  0.69363436 0.12474279 0.05653069]
target: 3 prediction: 3
neural_net output [0.0277449  0.08430444 0.10260147 0.31716923 0.4808425  0.71010666]
target: 3 prediction: 5
neural_net output [0.00785579 0.32275659 0.0318293  0.2485322  0.29427655 0.11991726]
target: 4 prediction: 1
neural_net output [0.01204954 0.38789436 0.1294907  0.06495372 0.30024398 0.18630719]
target: 4 prediction: 1
neural_net output [0.00973443 0.08322198 0.04689707 0.05335951 0.10562539 0.93742982]
target: 5 prediction: 5
neural_net output [0.02226583 0.05762847 0.13644509 0.0253086  0.09919038 0.86446919]
target: 5 prediction: 5
neural_net output [0.00813147 0.14744823 0.04365333 0.0370557  0.11110317 0.93647679]
target: 5 prediction: 5
neural_net output [0.00973443 0.08322198 0.04689707 0.05335951 0.10562539 0.93742982]
target: 5 prediction: 5
neural_net output [0.02893262 0.28448813 0.01677992 0.69713594 0.27262983 0.08005697]
target: 5 prediction: 3
neural_net output [0.00813147 0.14744823 0.04365333 0.0370557  0.11110317 0.93647679]
target: 5 prediction: 5
Accuracy: 53.48837209302325 %

train_data group 1 length:  172
   0   1   2   3   4   5   6   7   8  ...  36  37  38  39  40  41  42  43  44
0   0   1   0   0   0   0   0   1   0 ...   0   0   0   1   0   0   0   0   0
1   0   1   0   0   0   0   1   0   0 ...   0   0   0   0   1   0   0   0   0
2   0   0   1   0   0   0   0   1   0 ...   0   0   0   1   0   0   0   0   0
3   0   1   0   0   0   0   0   1   0 ...   0   0   0   1   0   0   0   0   0
4   0   0   1   0   0   0   1   0   0 ...   0   0   0   0   1   0   0   0   0

[5 rows x 45 columns]
Initial Neural Network:
[{'weights': array([[ 0.007, -0.001, -0.006, -0.007, -0.006, -0.009, -0.008, -0.001,
        -0.006,  0.002, -0.001, -0.004,  0.002, -0.003, -0.005,  0.009,
         0.007,  0.001, -0.002,  0.007,  0.   ,  0.01 , -0.006,  0.003,
        -0.005,  0.009, -0.009,  0.004, -0.008, -0.001,  0.009,  0.004,
         0.005,  0.002,  0.008, -0.008, -0.004,  0.006,  0.004,  0.005,
        -0.009, -0.006,  0.01 , -0.006, -0.006],
       [-0.005,  0.005, -0.003,  0.005,  0.   ,  0.003,  0.006,  0.005,
        -0.009,  0.002,  0.003,  0.003,  0.001, -0.007,  0.007,  0.008,
         0.002, -0.003,  0.007,  0.   , -0.003, -0.01 ,  0.008,  0.01 ,
         0.004,  0.01 ,  0.009, -0.001,  0.   , -0.009,  0.002, -0.002,
         0.001, -0.003,  0.005, -0.005, -0.002, -0.01 , -0.003, -0.007,
        -0.001,  0.   , -0.008,  0.   , -0.005],
       [-0.007, -0.006, -0.01 ,  0.   , -0.002,  0.004, -0.002, -0.007,
         0.005,  0.01 ,  0.002, -0.003, -0.002,  0.009,  0.007,  0.007,
         0.003,  0.001,  0.01 , -0.006,  0.   , -0.002,  0.003,  0.006,
         0.   , -0.003,  0.008, -0.004,  0.005, -0.004,  0.003, -0.005,
         0.001, -0.006,  0.007, -0.002, -0.006,  0.001,  0.004, -0.001,
         0.008, -0.006, -0.002,  0.009, -0.008],
       [ 0.004, -0.007,  0.006,  0.007, -0.004,  0.007,  0.001, -0.004,
         0.009, -0.008, -0.01 ,  0.002,  0.009,  0.002, -0.005,  0.009,
         0.002,  0.01 ,  0.009, -0.003, -0.01 ,  0.   , -0.007, -0.01 ,
        -0.009,  0.002,  0.003, -0.008, -0.008,  0.002,  0.007,  0.002,
         0.006,  0.009,  0.   ,  0.   ,  0.004,  0.006, -0.007, -0.005,
        -0.001,  0.004,  0.002,  0.   , -0.006],
       [-0.008, -0.002, -0.003, -0.007,  0.008,  0.   , -0.004,  0.008,
         0.005,  0.001,  0.01 ,  0.006, -0.005, -0.005, -0.003,  0.004,
        -0.009, -0.01 , -0.01 ,  0.008,  0.01 , -0.01 , -0.005, -0.01 ,
         0.006,  0.005, -0.002,  0.008, -0.001, -0.009, -0.007, -0.006,
        -0.003,  0.002,  0.003,  0.001, -0.009, -0.001,  0.001,  0.008,
         0.005,  0.009,  0.008, -0.005, -0.006],
       [-0.009, -0.007, -0.003, -0.005,  0.006, -0.007, -0.005, -0.009,
        -0.008, -0.007, -0.006, -0.004,  0.007,  0.008,  0.008,  0.002,
         0.008, -0.008,  0.009,  0.009, -0.005,  0.008, -0.002, -0.007,
         0.003,  0.005, -0.002,  0.008,  0.008, -0.007,  0.004, -0.009,
         0.004,  0.007, -0.006, -0.002,  0.   , -0.005,  0.001, -0.003,
         0.007,  0.   ,  0.002,  0.002, -0.009]]), 'deltas': array([[0.],
       [0.],
       [0.],
       [0.],
       [0.],
       [0.],
       [0.]]), 'outputs': array([[0.],
       [0.],
       [0.],
       [0.],
       [0.],
       [0.],
       [0.]]), 'errors': array([[0.],
       [0.],
       [0.],
       [0.],
       [0.],
       [0.],
       [0.]])}]
Training complete!
Training done. epoch: 69 , total error: 0.009641386000556319
[{'weights': array([[-5.75255870e-03, -2.06070148e-01,  2.98941200e-02,
        -3.15565826e-01, -7.30771775e-02, -3.32937001e-01,
         2.46111658e-01, -3.64390942e-01, -1.30355305e-01,
         2.00000000e-03, -1.30849417e+00, -4.20660385e-01,
        -5.38649723e-01,  9.95754978e-01,  7.03477710e-01,
         8.14188191e-01,  3.50883641e-01, -1.33194711e+00,
        -2.20690640e-01, -1.48005674e-01, -6.65081505e-01,
         6.65505315e-01, -2.74446516e-01, -3.66185592e-02,
        -2.44930324e-01, -2.76969962e-01, -1.43452838e-01,
        -5.72753718e-02, -8.38734182e-02, -4.07885271e-01,
         1.36895346e-01,  1.92661210e-01, -1.30987740e-01,
        -3.29255135e-01, -3.60743373e-01,  1.27598197e-01,
        -2.47533635e-01, -4.25730589e-02, -2.83197196e-02,
         9.60096092e-02,  4.76541807e-01, -4.63810345e-01,
        -6.02239703e-01, -7.00729579e-02, -5.63571590e-01],
       [-5.08670091e-01, -5.68165254e-02, -1.27805861e+00,
         1.22703380e+00,  2.74364484e-01,  6.27765419e-01,
        -4.67260976e-02, -3.43633968e-01, -5.76552291e-01,
         2.00000000e-03, -8.45872019e-01,  2.68585484e-01,
        -8.91587713e-01,  3.12323948e-01,  8.19403363e-01,
        -5.36284949e-01,  1.06968477e-01,  7.93145336e-01,
        -3.40823411e-01, -3.53152390e-01,  3.03183587e-01,
        -3.27697346e-01, -1.20669980e-01, -1.89614651e-01,
        -3.48547156e-04,  4.47529210e-01, -3.21947352e-01,
        -1.84859510e-01, -2.66869286e-01,  8.32696727e-02,
        -1.03752849e+00, -9.36170357e-01,  5.92431701e-01,
         9.42850534e-01,  6.92109926e-01, -4.84022194e-01,
        -5.02774042e-01, -5.95752920e-02, -4.88533594e-03,
        -5.31789192e-01, -3.11181979e-01,  3.92083353e-01,
         3.67000564e-01, -2.76259684e-01, -3.49146938e-01],
       [-3.81443420e-01, -6.11395053e-02, -7.05694758e-02,
        -2.30172690e-01, -5.24292802e-02, -1.55404546e-01,
        -4.97960044e-01,  2.09443090e-01, -3.26832872e-01,
         1.00000000e-02, -7.30081128e-01, -1.74366338e-01,
        -2.20781197e-01,  4.06017091e-01, -3.85427989e-02,
         3.63359313e-01, -5.68333016e-01, -2.67907067e-01,
        -1.42023032e-01, -1.40850570e-01, -2.60416044e-01,
         3.19840754e-01, -2.22620902e-01, -5.09198577e-01,
        -9.13596018e-02, -5.37935534e-01, -1.52835652e-01,
        -3.73155537e-02, -3.66676320e-02, -2.79239248e-01,
         4.14109293e-01, -7.03074271e-01, -1.12840989e-01,
        -1.00709156e-01, -1.58097783e-01, -2.91813085e-01,
        -1.88905602e-01, -6.55666840e-02, -6.23712169e-02,
        -3.36787697e-01, -2.84193831e-01, -3.40344640e-01,
         2.25875178e-01, -2.73033804e-02, -7.78754371e-01],
       [ 2.55328081e-01, -5.48424486e-01,  4.24736678e-01,
        -2.75744429e-01, -3.44993241e-01, -8.91031031e-02,
         1.03281821e+00, -6.74035634e-01, -7.51776872e-01,
        -8.00000000e-03,  3.67990306e-01,  2.65020590e-01,
         6.73716228e-01, -1.10233201e+00, -7.01492513e-01,
        -9.07276490e-01, -4.30918007e-01,  4.34110571e-01,
        -1.77025494e-01,  6.13012022e-01, -1.57873743e-01,
        -5.11474403e-01, -1.25238628e-01,  3.76545282e-01,
        -1.13055905e-01, -7.92605560e-01,  2.36491860e-02,
        -4.56369719e-02,  3.08495950e-01,  2.62557431e-01,
        -1.10730339e+00,  7.05124780e-01,  2.07122711e-02,
        -3.50188491e-01, -2.60780254e-02, -2.08815852e-01,
        -2.20255791e-01,  3.25313398e-01, -3.62261126e-01,
        -1.10467552e-02, -5.22579206e-01, -1.43022966e-01,
        -2.82392777e-01,  4.63944308e-01, -5.01097397e-01],
       [-6.40851843e-02,  2.06835546e-01, -6.55641313e-01,
        -2.25399015e-01, -7.02598137e-02, -2.93953609e-01,
        -9.26250866e-01,  3.86005304e-01,  4.66493895e-02,
         1.00000000e-03, -1.10613889e-01,  4.61436849e-02,
         6.51263202e-01, -7.45811397e-01, -6.34531382e-01,
        -1.75361126e-01, -1.14290447e-01, -8.14933781e-02,
        -2.31325657e-01, -2.11079173e-01, -4.05471284e-01,
        -5.34388766e-01,  1.03788033e-01, -8.32521427e-02,
         1.13774379e-01, -4.12220902e-01, -2.79913437e-01,
        -3.77257189e-02, -5.66897220e-02, -3.94153401e-01,
        -6.89483982e-01,  5.49543625e-01, -1.74876877e-01,
        -1.10579145e-01, -1.53410725e-03, -2.27582620e-01,
        -2.91764950e-01, -1.26900953e-01, -1.53767150e-01,
        -1.67264046e-01, -3.25281028e-01, -1.81131129e-01,
        -7.97486782e-02, -1.81248992e-02, -8.02549781e-01],
       [ 2.53818852e-02, -1.80684377e-01,  3.50199640e-01,
        -2.50632282e-01, -2.47605711e-01, -8.22886784e-02,
        -1.23295760e+00,  1.80893328e-02,  9.82816097e-01,
        -7.00000000e-03,  1.01184230e+00,  6.21780013e-02,
         1.61437777e-02, -5.71550316e-01, -7.90954611e-01,
        -6.83065613e-01, -5.92480189e-01,  1.24917354e-01,
         1.23698549e+00, -3.51697889e-01, -1.35480356e-01,
        -7.11360521e-01, -5.64587892e-02,  3.68720424e-01,
         2.46238397e-01, -7.66175539e-01,  2.05433457e-01,
         4.47696164e-01, -1.53294927e-01, -3.97934278e-02,
         9.65879228e-01, -4.77297862e-01, -5.46652529e-01,
        -1.88476254e-01, -1.47021485e+00,  7.58001157e-01,
         8.17378166e-01, -3.83826278e-01, -1.86790381e-02,
         4.43272252e-01, -1.77503084e-01, -3.63111545e-01,
        -1.43748637e-01, -3.62498310e-02, -2.94340845e-01]]), 'deltas': array([[-0.00025822],
       [-0.00321959],
       [-0.00200431],
       [-0.00132873],
       [-0.00905576],
       [ 0.00196141]]), 'outputs': array([[0.01620091],
       [0.05847701],
       [0.04583217],
       [0.03714822],
       [0.10032758],
       [0.95467296]]), 'errors': array([[-0.01620091],
       [-0.05847701],
       [-0.04583217],
       [-0.03714822],
       [-0.10032758],
       [ 0.04532704]])}]
Accuracy: 57.14285714285714 %

train_data group 2 length:  172
   0   1   2   3   4   5   6   7   8  ...  36  37  38  39  40  41  42  43  44
0   0   1   0   0   0   0   0   1   0 ...   0   0   0   1   0   0   0   0   0
1   0   1   0   0   0   0   1   0   0 ...   0   0   0   0   1   0   0   0   0
2   0   0   1   0   0   0   0   1   0 ...   0   0   0   1   0   0   0   0   0
3   0   1   0   0   0   0   0   1   0 ...   0   0   0   1   0   0   0   0   0
4   0   0   1   0   0   0   1   0   0 ...   0   0   0   0   1   0   0   0   0

[5 rows x 45 columns]
Initial Neural Network:
[{'weights': array([[ 0.009, -0.005,  0.01 ,  0.01 ,  0.   ,  0.008,  0.001,  0.008,
        -0.01 , -0.002, -0.009,  0.004, -0.004, -0.006, -0.001, -0.009,
        -0.004,  0.001, -0.006,  0.007,  0.002,  0.   , -0.006, -0.003,
        -0.008, -0.006, -0.004,  0.01 ,  0.004, -0.01 , -0.007,  0.005,
        -0.008, -0.01 ,  0.   ,  0.005,  0.003,  0.01 , -0.001, -0.009,
         0.003, -0.001,  0.001,  0.01 , -0.003],
       [ 0.009, -0.01 ,  0.009,  0.001,  0.001, -0.005,  0.008, -0.001,
        -0.003, -0.01 ,  0.004,  0.009, -0.001,  0.007,  0.001, -0.005,
         0.007, -0.004,  0.004,  0.004, -0.007, -0.003, -0.01 , -0.004,
         0.002,  0.001,  0.004,  0.007, -0.007, -0.007, -0.005,  0.007,
         0.01 , -0.002,  0.003, -0.01 , -0.007,  0.003, -0.008,  0.01 ,
         0.008, -0.007,  0.005,  0.007,  0.002],
       [ 0.001,  0.003, -0.008,  0.005, -0.008,  0.01 , -0.008,  0.003,
         0.003, -0.008, -0.003,  0.01 ,  0.01 , -0.007,  0.006, -0.007,
         0.003, -0.004, -0.002, -0.005, -0.009, -0.006, -0.003,  0.005,
        -0.002, -0.004,  0.007, -0.008,  0.003, -0.009,  0.008,  0.007,
        -0.006, -0.007,  0.002, -0.006, -0.007,  0.009, -0.002,  0.01 ,
        -0.004,  0.   , -0.005, -0.006, -0.008],
       [-0.002,  0.003,  0.01 ,  0.006,  0.   ,  0.002, -0.005,  0.   ,
        -0.003, -0.006,  0.006, -0.004,  0.007,  0.009,  0.008, -0.008,
         0.   , -0.004,  0.006,  0.003, -0.007, -0.007,  0.008, -0.002,
         0.001, -0.004,  0.002, -0.003,  0.008, -0.003,  0.01 ,  0.009,
         0.004, -0.003,  0.007, -0.008, -0.004, -0.005,  0.005,  0.002,
         0.009,  0.007,  0.009,  0.009,  0.006],
       [-0.01 , -0.009,  0.006, -0.009,  0.001, -0.01 , -0.009,  0.   ,
        -0.01 ,  0.   ,  0.009, -0.003, -0.009, -0.002,  0.004,  0.009,
         0.007, -0.006,  0.009, -0.004, -0.002,  0.01 , -0.01 ,  0.   ,
         0.001, -0.001,  0.006,  0.008, -0.01 ,  0.01 ,  0.007,  0.003,
        -0.008, -0.002, -0.009, -0.001, -0.01 ,  0.008,  0.003, -0.008,
        -0.007, -0.009,  0.009, -0.008,  0.007],
       [ 0.003,  0.005, -0.006, -0.001,  0.008, -0.01 ,  0.01 ,  0.01 ,
         0.008, -0.007,  0.005, -0.007, -0.009,  0.005,  0.006,  0.004,
         0.007,  0.   ,  0.003, -0.009, -0.005,  0.005,  0.004,  0.   ,
         0.008, -0.005, -0.001, -0.005,  0.005, -0.004,  0.003, -0.003,
        -0.002,  0.005,  0.002, -0.002,  0.004, -0.007, -0.002,  0.005,
         0.004, -0.002, -0.004, -0.002,  0.002]]), 'deltas': array([[0.],
       [0.],
       [0.],
       [0.],
       [0.],
       [0.],
       [0.]]), 'outputs': array([[0.],
       [0.],
       [0.],
       [0.],
       [0.],
       [0.],
       [0.]]), 'errors': array([[0.],
       [0.],
       [0.],
       [0.],
       [0.],
       [0.],
       [0.]])}]
Training complete!
Training done. epoch: 90 , total error: 0.009832560758234472
[{'weights': array([[ 0.24266688, -0.71509399,  0.18276291, -0.34148141, -0.07512734,
        -0.48311753,  0.31577566, -0.08203949, -0.41977739, -0.05611419,
        -1.50664887, -0.65799644, -0.84374188,  1.25906518,  1.00304907,
         0.70804306,  0.70318554, -1.54340897, -0.49748102, -0.11161155,
        -0.7820357 ,  0.41821352, -0.38294792,  0.34211237, -0.34061521,
        -0.29946953, -0.33862521, -0.04943526, -0.03874294, -0.5617863 ,
         0.14045565,  0.23333198, -0.25576008, -0.31651418, -0.36959958,
         0.14615655, -0.4194358 , -0.03936466, -0.03102944,  0.04494996,
         0.16768092, -0.46182056, -0.42528101, -0.05180225, -0.73327293],
       [-0.90431359, -0.25397992, -1.10943869,  1.5502572 ,  0.34879182,
         0.69091973, -0.04417949, -0.33406434, -0.61365547, -0.0887036 ,
        -0.86037719, -0.19363971, -0.47544141,  0.31637396,  0.85440118,
        -0.70989074, -0.09439779,  1.11087147, -0.4261178 , -0.25314831,
         0.53936368, -0.21769678, -0.03392444, -0.35395043, -0.3344752 ,
         0.37328327, -0.42387197, -0.16401258, -0.15908189,  0.09864088,
        -0.68592056, -1.29775749,  0.37923457,  1.13011942,  0.80624768,
        -0.54867859, -0.576781  , -0.05899157, -0.01947969, -0.65932645,
         0.1840872 ,  0.07397961,  0.47569306, -0.4301166 , -0.37668317],
       [-0.43021309,  0.0687872 , -0.24545959, -0.25179858, -0.06602331,
        -0.15979321, -0.63094656,  0.13778322, -0.23220665, -0.03254415,
        -0.76032447, -0.16746541, -0.32136682,  0.67622391, -0.32877458,
         0.43529327, -0.5713736 , -0.35069457, -0.32400111, -0.12193136,
        -0.28948216,  0.24006151, -0.03944945, -0.73899495, -0.10484232,
        -0.53475128, -0.31659386, -0.04958488, -0.01877734, -0.45527781,
         0.29218508, -0.53478763, -0.12162495, -0.10520205, -0.08233681,
        -0.39152961, -0.31945246, -0.05061187, -0.07777662, -0.262008  ,
        -0.50984481,  0.06078973, -0.17248169, -0.03916259, -0.92570737],
       [ 0.16733004, -0.52607444,  0.51061005, -0.30091112, -0.41337568,
        -0.26883079,  1.31377494, -0.63552504, -0.8778931 , -0.12294716,
         0.29518402,  0.89694125,  0.36410612, -1.21058723, -0.89906529,
        -1.05210356, -0.31841997,  0.37513184, -0.28125612,  0.69422667,
        -0.20017531, -0.77784694, -0.06110385,  0.63120153, -0.17849657,
        -0.88102343,  0.11656505, -0.04175873,  0.22979597,  0.14768808,
        -1.42964317,  0.63894148,  0.4979996 , -0.41740712, -0.04372502,
        -0.28164333, -0.31022011,  0.48417462, -0.43300729,  0.17190877,
        -0.66402889, -0.20635139, -0.39990015,  0.55495052, -0.57342114],
       [ 0.31766827,  0.00831249, -0.8253942 , -0.29094893, -0.09571736,
        -0.42310615, -1.08570582,  0.14727005, -0.05322457,  0.52068675,
        -0.14271496,  0.25266509,  0.77342425, -1.01661283, -0.7328413 ,
         0.02156624, -0.34417577,  0.19563846, -0.42217107, -0.3009376 ,
        -0.55377974, -0.64120705,  0.04337383, -0.64182823,  0.92736144,
        -0.2299504 , -0.44389411, -0.11496165, -0.07327357, -0.13042422,
        -0.45025484,  0.16555147, -0.26237003, -0.17758212,  0.27983939,
        -0.38628235, -0.37820806, -0.18542707, -0.20400165, -0.01907819,
        -0.51943663, -0.22002194, -0.09219449, -0.03734849, -0.85807974],
       [ 0.05048229,  0.02232983,  0.22841833, -0.26374461, -0.27480097,
        -0.01554274, -1.16965943, -0.06107884,  1.17424002, -0.16327414,
         1.04826118,  0.14912415, -0.08126715, -0.68110978, -0.68132353,
        -0.65144517, -0.76035439,  0.09774601,  1.50056683, -0.42782841,
        -0.09934245, -0.59167567, -0.19734274,  0.36898378,  0.28506196,
        -1.00031163,  0.33348562,  0.53561455, -0.12110367, -0.03459687,
         0.89923083, -0.3731439 , -0.52996661, -0.20883858, -1.64948758,
         0.9231654 ,  1.03729642, -0.52303185, -0.03925752,  0.56423774,
        -0.29825434, -0.38058818, -0.1015524 , -0.02915795, -0.24431513]]), 'deltas': array([[-0.0019337 ],
       [-0.00056749],
       [-0.0003188 ],
       [-0.00298724],
       [-0.00872531],
       [ 0.00364877]]), 'outputs': array([[0.0449979 ],
       [0.02411455],
       [0.01801804],
       [0.05626122],
       [0.09837325],
       [0.93761789]]), 'errors': array([[-0.0449979 ],
       [-0.02411455],
       [-0.01801804],
       [-0.05626122],
       [-0.09837325],
       [ 0.06238211]])}]
Accuracy: 57.14285714285714 %

train_data group 3 length:  170
   0   1   2   3   4   5   6   7   8  ...  36  37  38  39  40  41  42  43  44
0   0   1   0   0   0   0   0   1   0 ...   0   0   0   1   0   0   0   0   0
1   0   1   0   0   0   0   1   0   0 ...   0   0   0   0   1   0   0   0   0
2   0   0   1   0   0   0   0   1   0 ...   0   0   0   1   0   0   0   0   0
3   0   1   0   0   0   0   0   1   0 ...   0   0   0   1   0   0   0   0   0
4   0   0   1   0   0   0   1   0   0 ...   0   0   0   0   1   0   0   0   0

[5 rows x 45 columns]
Initial Neural Network:
[{'weights': array([[ 0.007, -0.009, -0.004,  0.006, -0.009,  0.01 , -0.004, -0.003,
        -0.003,  0.001, -0.006, -0.009, -0.005, -0.006, -0.005,  0.007,
        -0.005, -0.006,  0.   , -0.008, -0.003,  0.007, -0.008, -0.008,
        -0.008,  0.009, -0.003,  0.01 ,  0.009,  0.001,  0.005,  0.006,
        -0.009, -0.002, -0.007, -0.01 ,  0.   ,  0.006,  0.01 ,  0.004,
        -0.008,  0.003,  0.   , -0.008,  0.006],
       [ 0.01 ,  0.01 , -0.003, -0.009,  0.005, -0.005, -0.01 , -0.01 ,
        -0.001,  0.007,  0.004, -0.01 , -0.01 , -0.004,  0.004,  0.001,
        -0.002,  0.003, -0.001,  0.009,  0.006, -0.007, -0.007,  0.009,
         0.004,  0.004,  0.005, -0.003,  0.006,  0.006,  0.007,  0.005,
        -0.005, -0.007, -0.005,  0.007,  0.002,  0.008, -0.008, -0.001,
        -0.001, -0.009,  0.004, -0.005, -0.001],
       [-0.005, -0.009,  0.005,  0.007, -0.006,  0.007, -0.004, -0.007,
         0.009,  0.005, -0.002, -0.004,  0.001, -0.005, -0.001, -0.01 ,
        -0.005,  0.   ,  0.009,  0.005,  0.006,  0.001, -0.007,  0.001,
         0.005, -0.002,  0.002, -0.001,  0.009, -0.003, -0.006,  0.002,
        -0.007,  0.005,  0.002,  0.003, -0.007,  0.005, -0.002,  0.007,
         0.008,  0.009,  0.   , -0.001, -0.008],
       [ 0.003,  0.   , -0.001, -0.002,  0.   ,  0.007, -0.001, -0.007,
         0.001,  0.01 , -0.001, -0.009,  0.002, -0.009, -0.004, -0.004,
         0.004,  0.007,  0.005,  0.001, -0.007,  0.003, -0.009,  0.002,
         0.   ,  0.007,  0.009, -0.004,  0.004, -0.009,  0.001,  0.004,
        -0.009, -0.008, -0.008, -0.002, -0.002, -0.006,  0.004, -0.007,
        -0.003, -0.006,  0.007, -0.007,  0.004],
       [ 0.001, -0.008, -0.004,  0.01 , -0.005, -0.005, -0.005, -0.005,
         0.009,  0.008, -0.008,  0.004, -0.009,  0.004,  0.003, -0.004,
         0.01 ,  0.007, -0.006, -0.009, -0.009,  0.006,  0.002,  0.006,
         0.006, -0.005,  0.005, -0.004,  0.006, -0.01 , -0.006,  0.001,
        -0.008, -0.005,  0.004, -0.008, -0.002,  0.009,  0.01 , -0.005,
        -0.008, -0.01 ,  0.01 , -0.006, -0.009],
       [-0.009, -0.006, -0.004, -0.01 ,  0.004,  0.01 ,  0.002,  0.006,
         0.001,  0.   ,  0.009,  0.005,  0.   ,  0.003, -0.007,  0.005,
         0.002, -0.01 ,  0.005, -0.006, -0.007, -0.004,  0.002,  0.002,
        -0.003, -0.002, -0.01 , -0.01 ,  0.005,  0.007,  0.002, -0.006,
        -0.002, -0.001,  0.003, -0.007,  0.   , -0.007,  0.   ,  0.004,
         0.001, -0.004, -0.002, -0.003,  0.005]]), 'deltas': array([[0.],
       [0.],
       [0.],
       [0.],
       [0.],
       [0.],
       [0.]]), 'outputs': array([[0.],
       [0.],
       [0.],
       [0.],
       [0.],
       [0.],
       [0.]]), 'errors': array([[0.],
       [0.],
       [0.],
       [0.],
       [0.],
       [0.],
       [0.]])}]
Training complete!
Training done. epoch: 78 , total error: 0.008761465012408905
[{'weights': array([[-2.38160246e-01, -8.35788086e-02,  1.43642707e-01,
        -4.26305944e-01, -8.45532852e-02, -3.11579000e-01,
         2.40801615e-01, -4.55660740e-01, -9.97742822e-02,
        -5.27431704e-02, -1.19368156e+00, -4.22916255e-01,
        -8.14265784e-01,  1.09448095e+00,  6.25427080e-01,
         7.24288013e-01,  4.98941306e-01, -1.28514792e+00,
        -5.13015767e-01, -1.17021211e-01, -5.80933681e-01,
         7.58174250e-01, -5.40569692e-01, -2.17026038e-01,
        -1.19600416e-01, -3.52328026e-01, -2.80262421e-01,
         1.00000000e-02, -3.23651301e-02, -5.61568507e-01,
         7.77304002e-02,  1.32979721e-01, -1.97641024e-01,
        -1.30456168e-01, -3.30728805e-01,  1.35200609e-01,
        -4.62372276e-01, -3.30551048e-02,  1.00000000e-02,
        -1.28702531e-01,  2.45296151e-01, -3.45693940e-01,
        -3.85796513e-01, -7.40587435e-02, -6.73955577e-01],
       [-2.67506471e-01, -6.23312613e-01, -9.56671113e-01,
         1.33642393e+00,  2.58272474e-01,  3.41889852e-01,
         1.30119507e-01, -5.96272979e-02, -5.60169022e-01,
        -1.37006836e-01, -8.52642159e-01,  1.72785922e-01,
        -5.55053322e-01,  2.36394387e-01,  7.16721374e-01,
        -9.27663042e-01,  3.56458394e-01,  1.16373521e+00,
        -4.69564829e-01, -3.78759527e-01,  1.65289085e-01,
        -3.01216862e-01, -6.83918695e-02, -3.08308595e-01,
         2.51834445e-01,  1.54551375e-01, -1.81685357e-01,
        -3.00000000e-03, -2.23659815e-01,  2.88631691e-03,
        -8.20416663e-01, -5.80419626e-01,  4.13551622e-01,
         7.24604553e-01,  7.23677024e-01, -2.81624543e-01,
        -5.88432843e-01, -1.07413436e-01, -8.00000000e-03,
        -3.28277944e-01,  3.56412803e-01,  7.45444670e-02,
         8.61027325e-02, -4.66575856e-01, -2.66793797e-01],
       [-3.37192918e-01, -2.41281657e-02, -2.58450881e-01,
        -1.57739584e-01, -2.68040291e-02, -9.87435059e-02,
        -7.76568910e-01,  4.80092274e-01, -3.56785342e-01,
        -3.43100942e-02, -7.54849029e-01, -1.04222134e-01,
        -3.65260956e-01,  3.29425516e-01,  8.75910257e-02,
         8.31190997e-01, -7.15230823e-01, -4.27110687e-01,
        -3.37610449e-01, -1.48554615e-01, -2.60709691e-01,
        -1.25714869e-02,  1.21880425e-01, -5.64661477e-01,
        -7.42533493e-02, -5.77992050e-01, -1.96320561e-01,
        -1.00000000e-03, -1.30029663e-02, -3.37108538e-01,
         3.87353552e-01, -7.22873720e-01, -7.93256333e-02,
        -5.33612388e-02, -1.56476337e-01, -2.53393923e-01,
        -3.06014121e-01, -7.74311979e-02, -2.00000000e-03,
        -3.91491082e-01, -8.40588558e-01,  1.07892726e-01,
         3.83511661e-01, -3.26403250e-02, -8.04315578e-01],
       [ 1.98012965e-01, -4.88227257e-01,  3.68543053e-01,
        -2.14237926e-01, -2.48189822e-01,  4.00637378e-01,
         1.08683303e+00, -1.05540082e+00, -6.80360379e-01,
        -1.25808194e-01,  4.16588963e-01,  6.44187496e-01,
         3.29140839e-01, -1.02110079e+00, -7.73915491e-01,
        -9.45834640e-01, -7.00073136e-02,  3.60378514e-01,
        -2.92787307e-01,  5.77151759e-01, -9.64555888e-02,
        -5.30851587e-01, -9.54774062e-02,  5.02076120e-01,
        -1.74390524e-01, -9.38085221e-01,  3.67227013e-01,
        -4.00000000e-03,  2.06759221e-01,  3.56815784e-01,
        -1.24076398e+00,  7.65800860e-01,  1.12337562e-01,
        -3.99289215e-01, -3.27601961e-01, -1.56977365e-01,
        -3.02767818e-01,  3.85248157e-01,  4.00000000e-03,
         1.38942901e-01, -5.81966220e-01, -1.13707500e-01,
        -3.65875957e-01,  5.22507789e-01, -3.80098987e-01],
       [-8.19024716e-03,  3.13485619e-01, -8.87903869e-01,
        -1.79044262e-01, -3.10845851e-02, -2.73188131e-01,
        -9.48498702e-01,  3.26618289e-01, -4.27848050e-01,
         5.38179251e-01, -8.33012783e-02, -1.93987228e-01,
         1.11045153e+00, -9.25562263e-01, -7.00338102e-01,
         2.33656356e-01, -4.20976329e-01,  1.60019650e-01,
        -3.94498346e-01, -3.66938676e-01, -5.07985791e-01,
        -5.70773259e-01,  2.65971657e-01, -2.21374885e-01,
         2.58424935e-01, -4.38194657e-01, -2.94956033e-01,
        -4.00000000e-03, -4.75866546e-02,  3.88661300e-02,
        -7.89428082e-01,  1.75130116e-01, -1.26738997e-01,
        -1.12566511e-01,  1.00108624e-01, -2.40493911e-01,
        -4.03297024e-01, -2.40055033e-01,  1.00000000e-02,
        -2.29794711e-02, -4.90168166e-01, -1.88167007e-01,
        -8.39930907e-02, -2.04296101e-02, -7.95737345e-01],
       [-2.54380384e-01, -1.96282068e-01,  3.31919072e-01,
        -2.16608394e-01, -2.32323149e-02, -2.96754625e-01,
        -1.14316336e+00, -1.04755066e-01,  1.32591596e+00,
        -9.58270036e-02,  9.84401267e-01, -1.02232590e-01,
         1.75763080e-02, -5.06891524e-01, -7.16437549e-01,
        -8.10462454e-01, -9.19843328e-01, -1.66469981e-02,
         1.56948337e+00, -1.60114675e-01,  2.50132225e-01,
        -4.37100276e-01, -2.60858972e-01,  2.74375200e-01,
        -1.70132266e-01, -2.11697552e-01, -3.78029956e-02,
        -1.00000000e-02, -9.10835418e-02, -2.89777611e-01,
         5.95768063e-01, -2.76730611e-01, -2.01235629e-01,
        -1.61608301e-01, -1.49545277e+00,  3.96113799e-01,
         1.09526147e+00, -3.40506589e-01,  0.00000000e+00,
         3.46414658e-01, -3.24956469e-01, -1.68847055e-01,
        -1.56682374e-01, -3.35128483e-02, -3.28584089e-01]]), 'deltas': array([[-7.40531322e-05],
       [-3.16306892e-03],
       [-1.67277637e-03],
       [-1.44870870e-03],
       [-8.70263662e-03],
       [ 1.14606970e-03]]), 'outputs': array([[0.00864284],
       [0.05794503],
       [0.04178176],
       [0.03882298],
       [0.09823799],
       [0.96554767]]), 'errors': array([[-0.00864284],
       [-0.05794503],
       [-0.04178176],
       [-0.03882298],
       [-0.09823799],
       [ 0.03445233]])}]
Accuracy: 59.09090909090909 %

train_data group 4 length:  171
   0   1   2   3   4   5   6   7   8  ...  36  37  38  39  40  41  42  43  44
0   0   1   0   0   0   0   0   1   0 ...   0   0   0   1   0   0   0   0   0
1   0   1   0   0   0   0   1   0   0 ...   0   0   0   0   1   0   0   0   0
2   0   0   1   0   0   0   0   1   0 ...   0   0   0   1   0   0   0   0   0
3   0   1   0   0   0   0   0   1   0 ...   0   0   0   1   0   0   0   0   0
4   0   0   1   0   0   0   1   0   0 ...   0   0   0   0   1   0   0   0   0

[5 rows x 45 columns]
Initial Neural Network:
[{'weights': array([[-0.001,  0.   , -0.005, -0.004, -0.006, -0.002,  0.005, -0.002,
         0.002,  0.01 , -0.01 ,  0.01 , -0.005,  0.007, -0.001,  0.01 ,
        -0.008, -0.01 , -0.003,  0.01 ,  0.002, -0.004, -0.009,  0.005,
        -0.005,  0.009,  0.   , -0.004, -0.002, -0.001, -0.002,  0.009,
        -0.003, -0.007, -0.007,  0.004, -0.001, -0.002, -0.009, -0.007,
         0.   ,  0.001, -0.009, -0.01 , -0.008],
       [-0.008, -0.002, -0.009, -0.01 , -0.009,  0.003, -0.007,  0.001,
         0.005, -0.01 ,  0.   ,  0.01 , -0.008,  0.01 ,  0.004, -0.008,
         0.   ,  0.007,  0.001, -0.006,  0.008,  0.008, -0.005,  0.   ,
        -0.01 , -0.007,  0.003, -0.009,  0.006,  0.007, -0.006,  0.004,
        -0.008, -0.004,  0.004,  0.005, -0.01 ,  0.008, -0.004,  0.002,
        -0.008,  0.005,  0.002,  0.   ,  0.006],
       [ 0.004,  0.   , -0.005, -0.005, -0.01 , -0.007,  0.005, -0.01 ,
         0.009, -0.009,  0.   , -0.001, -0.001, -0.001, -0.009, -0.001,
         0.005,  0.003,  0.003,  0.009,  0.007, -0.004, -0.008,  0.004,
         0.008,  0.   ,  0.001,  0.007, -0.009, -0.005, -0.004, -0.003,
        -0.007,  0.01 , -0.01 ,  0.002,  0.001,  0.002, -0.005,  0.001,
        -0.007,  0.01 , -0.001,  0.009,  0.007],
       [ 0.006,  0.   , -0.004,  0.01 , -0.002,  0.005,  0.009,  0.007,
        -0.004,  0.01 ,  0.009,  0.001,  0.001, -0.006,  0.005,  0.001,
        -0.01 ,  0.009, -0.007,  0.004,  0.001,  0.   , -0.001,  0.008,
        -0.001,  0.009,  0.01 ,  0.01 , -0.008, -0.007, -0.008,  0.005,
        -0.005, -0.003, -0.002,  0.005,  0.002, -0.01 ,  0.006,  0.004,
        -0.003, -0.003, -0.003,  0.002, -0.003],
       [-0.002,  0.003,  0.   ,  0.008, -0.006,  0.009, -0.007, -0.007,
        -0.004, -0.009, -0.005, -0.008,  0.006,  0.003, -0.001,  0.01 ,
        -0.006,  0.01 ,  0.009,  0.005, -0.001,  0.002, -0.004,  0.01 ,
        -0.006, -0.006,  0.002,  0.005, -0.009, -0.01 , -0.007, -0.002,
        -0.006, -0.003, -0.005,  0.   ,  0.009,  0.005, -0.004,  0.01 ,
         0.01 ,  0.01 , -0.01 ,  0.006,  0.   ],
       [ 0.003, -0.001, -0.004, -0.003,  0.004, -0.01 ,  0.007,  0.007,
         0.003,  0.002,  0.002, -0.008, -0.005,  0.007,  0.002, -0.006,
         0.009,  0.01 , -0.009,  0.001,  0.009,  0.008,  0.007, -0.007,
        -0.007,  0.   ,  0.003,  0.01 ,  0.003, -0.002,  0.007, -0.001,
         0.003,  0.002, -0.009,  0.004, -0.002,  0.01 , -0.001,  0.001,
         0.002,  0.004, -0.006, -0.01 ,  0.005]]), 'deltas': array([[0.],
       [0.],
       [0.],
       [0.],
       [0.],
       [0.],
       [0.]]), 'outputs': array([[0.],
       [0.],
       [0.],
       [0.],
       [0.],
       [0.],
       [0.]]), 'errors': array([[0.],
       [0.],
       [0.],
       [0.],
       [0.],
       [0.],
       [0.]])}]
Training complete!
Training done. epoch: 47 , total error: 0.009207479611097384
[{'weights': array([[-0.15933887, -0.47477295,  0.13126502, -0.06788967, -0.02163623,
        -0.38286937,  0.1851823 , -0.25797441, -0.06883632, -0.03887488,
        -1.24417225, -0.40059894, -0.54103086,  0.77809787,  0.8323315 ,
         0.76225821,  0.28243622, -1.1516331 , -0.31996466, -0.15046935,
        -0.17536329,  0.30986778, -0.17393021, -0.28551124, -0.26243573,
        -0.21242307, -0.22699107, -0.05424722, -0.07971133, -0.46850454,
         0.32188055,  0.01565545, -0.20489159, -0.24451255, -0.30852539,
         0.0508403 , -0.24655833, -0.04960619, -0.03752308,  0.10437705,
         0.01538977, -0.38377557, -0.32736394, -0.01      , -0.58437269],
       [-0.43160112, -0.22554306, -0.65872241,  0.8406907 ,  0.1561613 ,
         0.42842248,  0.10026319, -0.18986047, -0.54364831, -0.08419147,
        -0.50249831,  0.09824594, -0.3097133 ,  0.10155316,  0.34739793,
        -0.69624853,  0.14958751,  0.87055362, -0.35373162, -0.25717557,
        -0.15039681,  0.07480959, -0.16709511,  0.06236787, -0.09970013,
         0.31067473, -0.28574181, -0.14265837, -0.17028914, -0.0407716 ,
        -0.58162357, -0.71055618,  0.26099494,  0.78394182,  0.66244667,
        -0.43187944, -0.5302083 , -0.03522218,  0.05684866, -0.66322023,
         0.19764394,  0.12908719,  0.0564745 ,  0.        , -0.27501459],
       [-0.2999381 ,  0.03004951, -0.28658532, -0.10658277, -0.04526216,
        -0.15153616, -0.3880479 ,  0.04974042, -0.18626714, -0.02820805,
        -0.57054557, -0.09911989, -0.18218771,  0.45794044, -0.31040611,
         0.28954536, -0.3872898 , -0.3172396 , -0.15653358, -0.10180122,
        -0.13362965,  0.08697271, -0.03652751, -0.52995096, -0.07218344,
        -0.43573445, -0.18930663, -0.01658772, -0.05169004, -0.29863132,
         0.12496903, -0.37052197, -0.10642168, -0.05071289, -0.20694914,
        -0.19661505, -0.1876415 , -0.0460959 , -0.06501726, -0.43508803,
        -0.29934334, -0.11876685,  0.16387938,  0.009     , -0.68531884],
       [ 0.16832565, -0.57029121,  0.38325542, -0.22852004, -0.16808885,
         0.14525056,  0.58155718, -0.63933832, -0.39878049, -0.08700797,
         0.25184875,  0.15076962,  0.47002454, -0.80353119, -0.48443075,
        -0.6904963 ,  0.04540952, -0.11949858, -0.18549248,  0.52175881,
         0.15825719, -0.54544809, -0.19927957,  0.35225688, -0.18410544,
        -0.73868813,  0.06070516, -0.02895892,  0.30262286,  0.21703037,
        -1.20792786,  0.47867387,  0.24694954, -0.17804495, -0.09706012,
        -0.16758238, -0.13929488,  0.21042459, -0.23080625,  0.11272901,
        -0.35630491, -0.02071043, -0.16603269,  0.002     , -0.42831903],
       [ 0.15733857,  0.02990817, -0.60092765, -0.18039309, -0.06520026,
        -0.28518596, -0.74352754,  0.09466606, -0.05139058,  0.30516375,
         0.00533562,  0.06347429,  0.3723462 , -0.63404071, -0.47438967,
         0.08441502, -0.36600363,  0.05746083, -0.19913857, -0.21100792,
        -0.31856571, -0.47763099, -0.02926692, -0.21259919,  0.37678855,
        -0.27768013, -0.26624008, -0.03310621, -0.09324784, -0.11111432,
        -0.64419995,  0.36339172, -0.17711297, -0.12123874,  0.03473147,
        -0.21664099, -0.23386075, -0.10398678, -0.13751722, -0.09597961,
        -0.3015792 , -0.16836558, -0.07634987,  0.006     , -0.66227426],
       [ 0.06944827,  0.01716248, -0.01737255, -0.1817674 , -0.17400422,
        -0.05168456, -0.96175718,  0.11859136,  0.69420793, -0.07589097,
         0.88153788,  0.0975828 , -0.24507919, -0.49138324, -0.53019168,
        -0.5985714 , -0.65067977,  0.22676751,  0.95954233, -0.2175921 ,
        -0.30447805, -0.40404042, -0.21465096,  0.50285391,  0.1447821 ,
        -0.76984906,  0.27867786,  0.34823253, -0.12659475, -0.00443265,
         0.64170464, -0.41170074, -0.36901491, -0.13308977, -1.47474079,
         0.68665716,  0.78836499, -0.25047875, -0.03333603,  0.3590981 ,
        -0.25797041, -0.29440783, -0.09125329, -0.01      , -0.28053343]]), 'deltas': array([[-0.00364169],
       [-0.00146451],
       [-0.00198874],
       [-0.00222716],
       [-0.00727737],
       [ 0.00057679]]), 'outputs': array([[0.06231953],
       [0.03903856],
       [0.0456494 ],
       [0.04837751],
       [0.08939693],
       [0.97568612]]), 'errors': array([[-0.06231953],
       [-0.03903856],
       [-0.0456494 ],
       [-0.04837751],
       [-0.08939693],
       [ 0.02431388]])}]
Accuracy: 55.81395348837209 %

Feedforward Neural Network AVG Accuracy (%): 56.53578979160375 %
