Namespace(max_epochs=100, num_layers=3, num_nodes_per_hidden_layer=20, training_rate=0.5)

train_data group 0 length:  38
   0   1   2   3   4   5   6   7   8  ...  50  51  52  53  54  55  56  57  58
0   0   0   0   0   1   0   0   1   0 ...   1   0   1   0   1   0   1   0   0
1   0   0   0   0   0   0   1   1   0 ...   1   0   1   0   1   0   1   0   0
2   0   0   0   0   0   1   0   1   0 ...   0   1   0   1   1   0   1   0   1
3   0   0   0   0   1   0   0   1   0 ...   0   1   0   1   1   0   1   0   1
4   1   0   0   0   0   0   0   0   1 ...   1   0   1   0   0   1   1   0   2

[5 rows x 59 columns]
Initial Neural Network:
[{'weights': array([[-0.008, -0.01 , -0.01 , ...,  0.001, -0.004, -0.002],
       [ 0.008, -0.001,  0.006, ..., -0.006,  0.009, -0.004],
       [-0.009, -0.003,  0.008, ..., -0.002,  0.001,  0.005],
       ...,
       [-0.005,  0.008, -0.004, ..., -0.002,  0.005,  0.001],
       [ 0.008, -0.005,  0.001, ..., -0.004, -0.005,  0.005],
       [-0.005,  0.004, -0.008, ..., -0.007,  0.002,  0.004]]), 'deltas': array([[0.],
       [0.],
       [0.],
       [0.],
       [0.],
       [0.],
       [0.],
       [0.],
       [0.],
       [0.],
       [0.],
       [0.],
       [0.],
       [0.],
       [0.],
       [0.],
       [0.],
       [0.],
       [0.],
       [0.]]), 'outputs': array([[0.],
       [0.],
       [0.],
       [0.],
       [0.],
       [0.],
       [0.],
       [0.],
       [0.],
       [0.],
       [0.],
       [0.],
       [0.],
       [0.],
       [0.],
       [0.],
       [0.],
       [0.],
       [0.],
       [0.]]), 'errors': array([[0.],
       [0.],
       [0.],
       [0.],
       [0.],
       [0.],
       [0.],
       [0.],
       [0.],
       [0.],
       [0.],
       [0.],
       [0.],
       [0.],
       [0.],
       [0.],
       [0.],
       [0.],
       [0.],
       [0.]])}, {'weights': array([[-0.01 ,  0.   ,  0.002, -0.01 ,  0.   , -0.007, -0.004, -0.01 ,
        -0.006, -0.008,  0.005,  0.006,  0.001, -0.01 ,  0.009,  0.003,
         0.01 ,  0.006,  0.003, -0.002],
       [ 0.007, -0.01 ,  0.01 ,  0.005,  0.   ,  0.009,  0.01 ,  0.   ,
         0.   ,  0.001, -0.005, -0.008,  0.008, -0.01 ,  0.009,  0.   ,
         0.008,  0.002,  0.005,  0.006],
       [-0.007, -0.001, -0.009, -0.002, -0.001, -0.005,  0.   , -0.003,
        -0.009, -0.009, -0.002,  0.   , -0.007,  0.003, -0.006, -0.01 ,
        -0.008, -0.007,  0.008,  0.009],
       [ 0.006,  0.002, -0.005,  0.008, -0.005, -0.004, -0.008, -0.009,
         0.005, -0.005, -0.002, -0.003,  0.004, -0.005, -0.008,  0.008,
         0.003,  0.009,  0.003,  0.003],
       [ 0.006,  0.006, -0.001, -0.007, -0.005,  0.001,  0.003, -0.003,
        -0.006, -0.003,  0.003, -0.004,  0.003, -0.01 , -0.001, -0.004,
        -0.01 ,  0.005,  0.006,  0.004],
       [ 0.005,  0.009, -0.004, -0.009,  0.008, -0.004,  0.01 , -0.005,
         0.004,  0.007,  0.001,  0.005,  0.001,  0.006, -0.001, -0.004,
        -0.009, -0.008,  0.004,  0.01 ],
       [ 0.003,  0.008, -0.007, -0.002,  0.003, -0.006, -0.007,  0.009,
         0.   ,  0.003, -0.009,  0.003,  0.   ,  0.006,  0.006, -0.002,
        -0.008,  0.005,  0.008, -0.008],
       [ 0.01 ,  0.003, -0.002,  0.009,  0.006, -0.006, -0.006,  0.001,
         0.009, -0.007, -0.006,  0.004,  0.002,  0.001, -0.009, -0.006,
        -0.004, -0.009, -0.005, -0.004],
       [ 0.   , -0.007, -0.008,  0.001, -0.002,  0.   , -0.01 , -0.003,
         0.009,  0.008,  0.005,  0.   ,  0.009,  0.   , -0.005,  0.007,
        -0.01 , -0.006, -0.009, -0.006],
       [ 0.005, -0.006, -0.006,  0.005,  0.01 ,  0.008,  0.005, -0.003,
         0.004,  0.008,  0.006,  0.007,  0.004, -0.008, -0.006, -0.009,
        -0.006, -0.004,  0.008, -0.005],
       [-0.007,  0.006,  0.01 , -0.005, -0.01 ,  0.002,  0.009,  0.01 ,
         0.005, -0.007, -0.001, -0.004,  0.01 ,  0.01 ,  0.   , -0.008,
        -0.002, -0.004,  0.005, -0.007],
       [ 0.003,  0.001,  0.   ,  0.008, -0.001, -0.007, -0.01 , -0.005,
         0.001,  0.007,  0.   , -0.008, -0.01 ,  0.008,  0.007, -0.008,
         0.01 ,  0.006, -0.01 ,  0.002],
       [-0.002,  0.004, -0.002, -0.008,  0.007, -0.004,  0.005,  0.   ,
         0.002,  0.008, -0.01 , -0.009,  0.009,  0.001,  0.008,  0.01 ,
         0.004,  0.   ,  0.006,  0.003],
       [-0.005, -0.001,  0.002,  0.004, -0.01 ,  0.002,  0.009, -0.01 ,
        -0.005,  0.01 ,  0.002, -0.004, -0.01 ,  0.002, -0.001,  0.   ,
        -0.006, -0.006,  0.009,  0.004],
       [ 0.   ,  0.002,  0.008, -0.01 ,  0.003,  0.005, -0.007, -0.006,
        -0.002,  0.005,  0.003,  0.001,  0.001, -0.007,  0.005,  0.006,
         0.001,  0.002, -0.006, -0.004],
       [ 0.   ,  0.006, -0.008, -0.007, -0.005,  0.01 ,  0.002, -0.001,
         0.003,  0.004,  0.006,  0.01 , -0.005, -0.007,  0.009,  0.008,
        -0.005, -0.002, -0.007,  0.002],
       [-0.01 ,  0.006,  0.008,  0.003, -0.003, -0.001,  0.005, -0.009,
        -0.002, -0.002, -0.004, -0.006, -0.008,  0.006,  0.005, -0.002,
        -0.006,  0.005,  0.005,  0.   ],
       [ 0.003, -0.002, -0.005,  0.007, -0.01 , -0.005, -0.004, -0.001,
        -0.008,  0.009, -0.007,  0.01 ,  0.007, -0.006,  0.006, -0.009,
        -0.001, -0.006, -0.001, -0.004],
       [-0.006,  0.01 ,  0.004, -0.001, -0.004,  0.001, -0.007,  0.006,
        -0.006,  0.005,  0.008,  0.003,  0.01 , -0.003,  0.002,  0.001,
        -0.008, -0.009,  0.002,  0.007],
       [ 0.003, -0.006,  0.01 ,  0.005,  0.01 , -0.002,  0.002,  0.   ,
        -0.001, -0.007, -0.007,  0.   ,  0.009, -0.01 ,  0.006,  0.005,
         0.009, -0.008, -0.006,  0.001]]), 'deltas': array([[0.],
       [0.],
       [0.],
       [0.],
       [0.],
       [0.],
       [0.],
       [0.],
       [0.],
       [0.],
       [0.],
       [0.],
       [0.],
       [0.],
       [0.],
       [0.],
       [0.],
       [0.],
       [0.],
       [0.]]), 'outputs': array([[0.],
       [0.],
       [0.],
       [0.],
       [0.],
       [0.],
       [0.],
       [0.],
       [0.],
       [0.],
       [0.],
       [0.],
       [0.],
       [0.],
       [0.],
       [0.],
       [0.],
       [0.],
       [0.],
       [0.]]), 'errors': array([[0.],
       [0.],
       [0.],
       [0.],
       [0.],
       [0.],
       [0.],
       [0.],
       [0.],
       [0.],
       [0.],
       [0.],
       [0.],
       [0.],
       [0.],
       [0.],
       [0.],
       [0.],
       [0.],
       [0.]])}, {'weights': array([[ 0.008,  0.006,  0.005,  0.004,  0.008, -0.009,  0.001,  0.001,
         0.006,  0.009,  0.008,  0.007,  0.003,  0.007, -0.004,  0.007,
        -0.009,  0.01 ,  0.01 ,  0.   ],
       [ 0.01 , -0.004, -0.001,  0.007,  0.01 ,  0.007,  0.   , -0.004,
         0.008,  0.003, -0.008,  0.01 , -0.007,  0.003,  0.005,  0.001,
         0.005,  0.01 ,  0.01 , -0.004],
       [-0.007,  0.006, -0.003,  0.004, -0.002, -0.006,  0.002, -0.002,
        -0.003, -0.004,  0.   , -0.002, -0.001, -0.009, -0.008, -0.001,
        -0.006, -0.007,  0.004, -0.009],
       [-0.005,  0.007,  0.003, -0.009, -0.006,  0.001, -0.006, -0.006,
         0.001,  0.007,  0.01 ,  0.005, -0.01 , -0.004, -0.002, -0.004,
         0.005,  0.006,  0.007,  0.01 ]]), 'deltas': array([[0.],
       [0.],
       [0.],
       [0.]]), 'outputs': array([[0.],
       [0.],
       [0.],
       [0.]]), 'errors': array([[0.],
       [0.],
       [0.],
       [0.]])}]
Training complete!
Training done. epoch: 21 , total error: 0.00993442602772194
[{'weights': array([[-0.16870057, -0.44776749, -0.14304773, ..., -0.81696796,
         1.42545356, -1.28768046],
       [-0.16082315, -0.43648025, -0.12254954, ..., -0.82395458,
         1.43820751, -1.29163069],
       [-0.17413703, -0.43622701, -0.12589543, ..., -0.81985649,
         1.43341656, -1.28523314],
       ...,
       [-0.16457251, -0.42946146, -0.13815986, ..., -0.81994732,
         1.43581018, -1.28629449],
       [-0.16864981, -0.437646  , -0.12428842, ..., -0.82310669,
         1.42419207, -1.28077867],
       [-0.17004583, -0.42958778, -0.14087332, ..., -0.82373746,
         1.43098662, -1.2817682 ]]), 'deltas': array([[-0.00153248],
       [-0.00154078],
       [-0.00154404],
       [-0.00154365],
       [-0.00153567],
       [-0.00153283],
       [-0.00152549],
       [-0.00155516],
       [-0.00152899],
       [-0.0015337 ],
       [-0.00153625],
       [-0.00151772],
       [-0.00153063],
       [-0.00153744],
       [-0.00153601],
       [-0.00151469],
       [-0.00154538],
       [-0.00155305],
       [-0.0015157 ],
       [-0.00152759]]), 'outputs': array([[0.00150916],
       [0.00151734],
       [0.00152056],
       [0.00152017],
       [0.0015123 ],
       [0.0015095 ],
       [0.00150227],
       [0.00153153],
       [0.00150572],
       [0.00151037],
       [0.00151287],
       [0.0014946 ],
       [0.00150733],
       [0.00151405],
       [0.00151264],
       [0.00149161],
       [0.00152189],
       [0.00152945],
       [0.00149261],
       [0.00150434]]), 'errors': -1.0169886833543194}, {'weights': array([[-0.16901944, -0.16210148, -0.15727467, -0.17121198, -0.15967093,
        -0.16320185, -0.16317108, -0.17065609, -0.16372553, -0.16648706,
        -0.15492739, -0.15023867, -0.15992418, -0.17047403, -0.15016798,
        -0.15551954, -0.1522854 , -0.15259113, -0.15820881, -0.1620188 ],
       [-0.15472869, -0.17481779, -0.15198177, -0.15892997, -0.1623773 ,
        -0.14989212, -0.1518788 , -0.16336967, -0.16042204, -0.16018865,
        -0.16763595, -0.16692851, -0.15563642, -0.17318368, -0.15287081,
        -0.16122193, -0.15700612, -0.15929522, -0.15891725, -0.15672035],
       [-0.16429207, -0.16136891, -0.1665485 , -0.16147878, -0.15894515,
        -0.15948679, -0.15744468, -0.16192573, -0.16500645, -0.16576466,
        -0.16020012, -0.15452393, -0.1661945 , -0.15574609, -0.16344455,
        -0.1667966 , -0.16855017, -0.16386701, -0.15148144, -0.1492958 ],
       [-0.15376586, -0.16085017, -0.16502065, -0.15396096, -0.16541675,
        -0.16094317, -0.16791717, -0.17040387, -0.15346854, -0.16423147,
        -0.1626738 , -0.15997984, -0.15767162, -0.16622087, -0.16791288,
        -0.15126422, -0.16003523, -0.15033617, -0.15895547, -0.15776345],
       [-0.15321405, -0.15629675, -0.16046925, -0.16840721, -0.16486545,
        -0.15539524, -0.15636558, -0.16385105, -0.16391928, -0.16168119,
        -0.15712208, -0.16043199, -0.15811909, -0.1706688 , -0.16036222,
        -0.16271374, -0.17248087, -0.15378543, -0.15540358, -0.15621314],
       [-0.1559024 , -0.15498938, -0.16515613, -0.17210095, -0.15355182,
        -0.16207152, -0.15105285, -0.16754201, -0.15559951, -0.15336463,
        -0.16080988, -0.15310807, -0.16180921, -0.15635721, -0.16204631,
        -0.16439763, -0.17317624, -0.16847056, -0.15909109, -0.15189647],
       [-0.15708161, -0.15516661, -0.16733599, -0.16427778, -0.15773202,
        -0.16325652, -0.16723276, -0.15272013, -0.15878275, -0.15654627,
        -0.16998931, -0.15429321, -0.16198765, -0.15553656, -0.15422778,
        -0.16157907, -0.17135227, -0.15465127, -0.15427092, -0.16907802],
       [-0.14913855, -0.15922116, -0.16139385, -0.1523317 , -0.15379013,
        -0.16232037, -0.16529033, -0.15977561, -0.14884432, -0.16560602,
        -0.16604659, -0.15235714, -0.15904361, -0.15959354, -0.16828721,
        -0.1646386 , -0.1664053 , -0.16771004, -0.16632843, -0.16413786],
       [-0.15882176, -0.16890335, -0.16707728, -0.16001374, -0.16147362,
        -0.15600588, -0.16897368, -0.16345821, -0.14852906, -0.15029017,
        -0.15472984, -0.15604271, -0.15172636, -0.16027658, -0.16397108,
        -0.1513226 , -0.17208695, -0.16439387, -0.17001156, -0.1658219 ],
       [-0.15554883, -0.16963501, -0.16680293, -0.15774638, -0.15119879,
        -0.14972062, -0.15569965, -0.16518802, -0.1552478 , -0.1520122 ,
        -0.15545648, -0.15075719, -0.15845538, -0.1700038 , -0.16669388,
        -0.16904513, -0.16982136, -0.16411767, -0.15473797, -0.16654406],
       [-0.16735769, -0.15744342, -0.15061186, -0.16755474, -0.17100779,
        -0.15553061, -0.15150865, -0.15199663, -0.15405747, -0.16682153,
        -0.16226531, -0.16156725, -0.15226404, -0.15181265, -0.16050315,
        -0.16785441, -0.16562954, -0.16392681, -0.15754685, -0.16835328],
       [-0.15664891, -0.16173293, -0.15990377, -0.15384372, -0.16129993,
        -0.16382701, -0.16980036, -0.16628678, -0.15735217, -0.15211486,
        -0.16055685, -0.1648637 , -0.17155455, -0.15310395, -0.15279629,
        -0.16714759, -0.15291787, -0.15321941, -0.17183861, -0.15864677],
       [-0.16314199, -0.16022959, -0.16339544, -0.17134146, -0.15479114,
        -0.16230934, -0.15629243, -0.16278207, -0.157838  , -0.15260354,
        -0.17204934, -0.16734587, -0.15404909, -0.16159688, -0.15328544,
        -0.15063664, -0.16041699, -0.16070961, -0.15733066, -0.15913519],
       [-0.16433385, -0.1634167 , -0.15758878, -0.15752746, -0.16998495,
        -0.15451398, -0.15048533, -0.17097103, -0.16303845, -0.14880059,
        -0.15824167, -0.16055078, -0.17123893, -0.15878851, -0.16048163,
        -0.15883314, -0.16860114, -0.16490491, -0.15252312, -0.15633225],
       [-0.15988084, -0.16096531, -0.15213554, -0.17207615, -0.15753155,
        -0.15205734, -0.16703198, -0.1675189 , -0.16058292, -0.15434609,
        -0.15778873, -0.15609399, -0.16078665, -0.16833569, -0.15502742,
        -0.15337882, -0.16215051, -0.15745096, -0.16807017, -0.16487807],
       [-0.1603903 , -0.15747599, -0.16864447, -0.16958723, -0.16604037,
        -0.14756314, -0.15854113, -0.16302916, -0.15608996, -0.15585409,
        -0.15529798, -0.14759976, -0.16729659, -0.16884512, -0.15153559,
        -0.15188692, -0.16866204, -0.16195943, -0.16957933, -0.15938594],
       [-0.16949133, -0.15657468, -0.15174616, -0.15868548, -0.1631423 ,
        -0.15767032, -0.15464272, -0.17012879, -0.16019517, -0.16095761,
        -0.16439915, -0.16270711, -0.16939663, -0.15494605, -0.15463874,
        -0.16099021, -0.16875936, -0.1540621 , -0.1566806 , -0.16048934],
       [-0.15582509, -0.16390671, -0.16408052, -0.15401719, -0.16947691,
        -0.16100904, -0.16297706, -0.16146161, -0.16553234, -0.14929345,
        -0.16673309, -0.1460459 , -0.1537297 , -0.16627992, -0.15297443,
        -0.16732589, -0.1630904 , -0.16439712, -0.16201489, -0.16382507],
       [-0.16647206, -0.15355803, -0.1567262 , -0.16366927, -0.165122  ,
        -0.15664422, -0.16762276, -0.15611102, -0.16517119, -0.15493551,
        -0.15337971, -0.15468082, -0.15237847, -0.16492688, -0.15861703,
        -0.1589684 , -0.17174416, -0.16904105, -0.16066098, -0.15446746],
       [-0.15739557, -0.16948147, -0.15064981, -0.15759274, -0.15104575,
        -0.15956837, -0.15854655, -0.16203458, -0.16009525, -0.16685935,
        -0.16830327, -0.15760495, -0.15330202, -0.17185061, -0.15454108,
        -0.15489229, -0.15466765, -0.16796463, -0.16858489, -0.16039122]]), 'deltas': array([[0.01584731],
       [0.01584731],
       [0.0158473 ],
       [0.01584731],
       [0.01584731],
       [0.01584731],
       [0.01584731],
       [0.01584731],
       [0.01584731],
       [0.01584731],
       [0.01584731],
       [0.01584731],
       [0.01584731],
       [0.01584731],
       [0.01584731],
       [0.01584731],
       [0.01584731],
       [0.01584731],
       [0.01584731],
       [0.01584731]]), 'outputs': array([[0.49878616],
       [0.49879183],
       [0.49878255],
       [0.49878771],
       [0.49878659],
       [0.49878997],
       [0.49878842],
       [0.49878645],
       [0.49878573],
       [0.49878929],
       [0.49878901],
       [0.4987877 ],
       [0.49879052],
       [0.49878674],
       [0.49878801],
       [0.49878897],
       [0.49878719],
       [0.49878577],
       [0.49878919],
       [0.49878904]]), 'errors': 0.06338959448580649}, {'weights': array([[-0.48239512, -0.489722  , -0.48207766, -0.48787823, -0.48280658,
        -0.50310528, -0.4915439 , -0.48969049, -0.48403507, -0.48441169,
        -0.48509895, -0.48466131, -0.49155521, -0.48404887, -0.49608572,
        -0.48611578, -0.50037122, -0.48010097, -0.48327997, -0.4931093 ],
       [-0.48030642, -0.49846431, -0.48859439, -0.4843859 , -0.48053906,
        -0.48610175, -0.49189003, -0.49440723, -0.48196343, -0.48961718,
        -0.50029055, -0.48121436, -0.50052747, -0.48774237, -0.48661038,
        -0.49144382, -0.48600513, -0.47997179, -0.48242935, -0.49639985],
       [-0.47078617, -0.46444052, -0.46258038, -0.461612  , -0.46632853,
        -0.47443746, -0.46430437, -0.46603318, -0.46630397, -0.47153793,
        -0.46699352, -0.46728933, -0.46991947, -0.47353317, -0.47396553,
        -0.46817738, -0.4709147 , -0.47024706, -0.46337819, -0.47610924],
       [ 0.18970888,  0.17046915,  0.21720407,  0.17718397,  0.18647398,
         0.17398289,  0.17660772,  0.18739638,  0.19796869,  0.18414103,
         0.18943709,  0.19254305,  0.16028283,  0.18712687,  0.18284857,
         0.1750016 ,  0.19434202,  0.20302947,  0.185008  ,  0.18899075]]), 'deltas': array([[-5.76515328e-05],
       [-5.72654506e-05],
       [-8.49317799e-05],
       [ 1.69091773e-02]]), 'outputs': array([[0.00762196],
       [0.0075963 ],
       [0.00925881],
       [0.85975975]]), 'errors': array([[-0.00762196],
       [-0.0075963 ],
       [-0.00925881],
       [ 0.14024025]])}]
target: 0 prediction: 3
target: 0 prediction: 3
target: 1 prediction: 3
target: 1 prediction: 3
target: 2 prediction: 3
target: 2 prediction: 3
target: 3 prediction: 3
target: 3 prediction: 3
target: 3 prediction: 3
Accuracy: 33.33333333333333 %

train_data group 1 length:  38
   0   1   2   3   4   5   6   7   8  ...  50  51  52  53  54  55  56  57  58
0   0   0   0   0   0   0   1   1   0 ...   1   0   1   0   1   0   1   0   0
1   0   0   0   0   0   0   1   1   0 ...   1   0   1   0   1   0   1   0   0
2   0   0   0   1   0   0   0   1   0 ...   0   1   0   1   1   0   1   0   1
3   0   0   0   0   0   0   1   1   0 ...   0   1   0   1   1   0   1   0   1
4   0   0   0   0   1   0   0   1   0 ...   1   0   1   0   0   1   1   0   2

[5 rows x 59 columns]
Initial Neural Network:
[{'weights': array([[-0.006,  0.01 , -0.007, ...,  0.01 ,  0.001, -0.009],
       [-0.006,  0.009,  0.009, ...,  0.001, -0.008,  0.002],
       [-0.006, -0.01 , -0.01 , ..., -0.007, -0.006, -0.006],
       ...,
       [-0.01 ,  0.002, -0.005, ...,  0.005,  0.01 ,  0.007],
       [-0.005, -0.008, -0.01 , ...,  0.   ,  0.001,  0.001],
       [-0.007,  0.005,  0.006, ...,  0.003,  0.007, -0.007]]), 'deltas': array([[0.],
       [0.],
       [0.],
       [0.],
       [0.],
       [0.],
       [0.],
       [0.],
       [0.],
       [0.],
       [0.],
       [0.],
       [0.],
       [0.],
       [0.],
       [0.],
       [0.],
       [0.],
       [0.],
       [0.]]), 'outputs': array([[0.],
       [0.],
       [0.],
       [0.],
       [0.],
       [0.],
       [0.],
       [0.],
       [0.],
       [0.],
       [0.],
       [0.],
       [0.],
       [0.],
       [0.],
       [0.],
       [0.],
       [0.],
       [0.],
       [0.]]), 'errors': array([[0.],
       [0.],
       [0.],
       [0.],
       [0.],
       [0.],
       [0.],
       [0.],
       [0.],
       [0.],
       [0.],
       [0.],
       [0.],
       [0.],
       [0.],
       [0.],
       [0.],
       [0.],
       [0.],
       [0.]])}, {'weights': array([[ 0.01 ,  0.   ,  0.   ,  0.   , -0.003,  0.006,  0.008,  0.001,
        -0.01 , -0.004,  0.009, -0.001,  0.002,  0.002,  0.003, -0.007,
         0.01 , -0.005, -0.004, -0.007],
       [ 0.005,  0.007, -0.007,  0.009, -0.003, -0.008, -0.01 , -0.007,
        -0.008, -0.004, -0.005,  0.005, -0.01 , -0.01 ,  0.005, -0.008,
         0.008, -0.007, -0.008,  0.001],
       [ 0.   ,  0.003, -0.002, -0.006, -0.007, -0.006, -0.006, -0.007,
         0.009,  0.007, -0.006, -0.01 , -0.002, -0.001,  0.007, -0.001,
        -0.009, -0.003, -0.006,  0.   ],
       [ 0.001, -0.003,  0.009, -0.004,  0.002, -0.006,  0.005, -0.007,
         0.007,  0.006,  0.009,  0.004, -0.006,  0.001, -0.003,  0.006,
        -0.002, -0.008, -0.006, -0.009],
       [ 0.006, -0.002,  0.001, -0.008, -0.009, -0.001,  0.005, -0.005,
         0.01 ,  0.003, -0.006,  0.01 , -0.002,  0.007,  0.001, -0.007,
        -0.004,  0.006,  0.009, -0.005],
       [ 0.006, -0.007, -0.001, -0.002, -0.001,  0.002,  0.01 , -0.005,
        -0.007,  0.01 ,  0.008, -0.003, -0.01 , -0.009,  0.007, -0.001,
        -0.006,  0.004,  0.005,  0.005],
       [-0.001,  0.002,  0.004, -0.01 , -0.003,  0.   , -0.007,  0.006,
         0.007, -0.009,  0.004,  0.006, -0.002, -0.006, -0.006, -0.002,
        -0.007,  0.008,  0.002, -0.007],
       [-0.006,  0.002, -0.003,  0.003, -0.005, -0.009, -0.01 ,  0.004,
         0.007, -0.001,  0.008, -0.001,  0.008,  0.003,  0.001, -0.001,
         0.008, -0.002, -0.009,  0.003],
       [ 0.002, -0.007,  0.01 ,  0.   ,  0.008, -0.004, -0.008,  0.008,
         0.002, -0.008,  0.006, -0.01 ,  0.   ,  0.006,  0.002,  0.005,
        -0.003, -0.004,  0.004,  0.006],
       [ 0.009,  0.009, -0.001,  0.002, -0.002,  0.008, -0.01 , -0.009,
         0.002, -0.003,  0.002, -0.002,  0.004, -0.008,  0.009,  0.009,
        -0.002,  0.   , -0.008,  0.008],
       [ 0.007, -0.006,  0.005, -0.005, -0.01 , -0.005, -0.005, -0.004,
        -0.006, -0.008,  0.001, -0.002, -0.004, -0.004,  0.001,  0.008,
        -0.001,  0.007,  0.   , -0.01 ],
       [-0.006,  0.007, -0.004, -0.001,  0.006, -0.005,  0.006,  0.009,
        -0.001,  0.003, -0.01 , -0.003,  0.006, -0.008,  0.006, -0.004,
         0.   , -0.01 ,  0.008,  0.009],
       [ 0.005,  0.006, -0.001, -0.007,  0.002, -0.002,  0.008,  0.008,
         0.009,  0.008, -0.005, -0.005,  0.004,  0.008,  0.003, -0.002,
         0.009, -0.006,  0.002,  0.005],
       [-0.007, -0.007, -0.005,  0.004, -0.005,  0.007,  0.002,  0.004,
        -0.01 , -0.001,  0.   , -0.007, -0.002, -0.003,  0.   ,  0.001,
         0.001, -0.007, -0.003, -0.002],
       [ 0.002,  0.   , -0.007,  0.006, -0.009, -0.01 ,  0.004,  0.008,
        -0.002,  0.009,  0.009,  0.008, -0.008, -0.006,  0.001,  0.01 ,
         0.001, -0.008,  0.005, -0.005],
       [-0.003, -0.01 , -0.004,  0.008,  0.   , -0.01 , -0.005, -0.005,
         0.007, -0.003, -0.01 ,  0.   ,  0.009, -0.001, -0.008,  0.002,
         0.001,  0.006,  0.009,  0.001],
       [ 0.   , -0.004, -0.009, -0.009,  0.002, -0.004,  0.006,  0.006,
        -0.001,  0.007, -0.006,  0.009,  0.002,  0.005, -0.009, -0.01 ,
         0.   ,  0.   , -0.001, -0.005],
       [-0.001, -0.009, -0.006, -0.006,  0.007, -0.004, -0.01 ,  0.001,
         0.01 ,  0.001,  0.006, -0.004,  0.005, -0.001,  0.005,  0.008,
         0.005,  0.005, -0.003,  0.001],
       [ 0.006,  0.006, -0.009,  0.009, -0.002, -0.009, -0.005,  0.009,
         0.006, -0.001, -0.006, -0.008, -0.003,  0.007,  0.002, -0.01 ,
        -0.008,  0.01 , -0.004,  0.01 ],
       [-0.004, -0.01 , -0.008, -0.002, -0.001, -0.007,  0.   ,  0.002,
         0.004,  0.001,  0.   ,  0.   , -0.005, -0.002,  0.002,  0.005,
        -0.004,  0.008, -0.01 ,  0.004]]), 'deltas': array([[0.],
       [0.],
       [0.],
       [0.],
       [0.],
       [0.],
       [0.],
       [0.],
       [0.],
       [0.],
       [0.],
       [0.],
       [0.],
       [0.],
       [0.],
       [0.],
       [0.],
       [0.],
       [0.],
       [0.]]), 'outputs': array([[0.],
       [0.],
       [0.],
       [0.],
       [0.],
       [0.],
       [0.],
       [0.],
       [0.],
       [0.],
       [0.],
       [0.],
       [0.],
       [0.],
       [0.],
       [0.],
       [0.],
       [0.],
       [0.],
       [0.]]), 'errors': array([[0.],
       [0.],
       [0.],
       [0.],
       [0.],
       [0.],
       [0.],
       [0.],
       [0.],
       [0.],
       [0.],
       [0.],
       [0.],
       [0.],
       [0.],
       [0.],
       [0.],
       [0.],
       [0.],
       [0.]])}, {'weights': array([[ 0.008, -0.008,  0.008, -0.002, -0.006, -0.006,  0.008,  0.005,
         0.001, -0.003,  0.003, -0.001, -0.006, -0.009,  0.006,  0.001,
         0.008,  0.008,  0.01 ,  0.005],
       [ 0.003,  0.001, -0.007, -0.01 ,  0.004,  0.004, -0.009,  0.002,
         0.008, -0.006, -0.004,  0.008, -0.008,  0.008, -0.006,  0.005,
         0.004, -0.002,  0.007, -0.005],
       [ 0.004,  0.007, -0.006, -0.003,  0.001,  0.01 ,  0.001, -0.004,
         0.   , -0.005, -0.001,  0.004,  0.01 ,  0.007, -0.001,  0.01 ,
         0.   , -0.002,  0.01 , -0.01 ],
       [-0.009, -0.005,  0.001,  0.007,  0.006,  0.002,  0.   ,  0.003,
        -0.006, -0.003,  0.006, -0.002, -0.01 , -0.004,  0.009, -0.004,
         0.01 ,  0.005, -0.005, -0.005]]), 'deltas': array([[0.],
       [0.],
       [0.],
       [0.]]), 'outputs': array([[0.],
       [0.],
       [0.],
       [0.]]), 'errors': array([[0.],
       [0.],
       [0.],
       [0.]])}]
Training complete!
Training done. epoch: 20 , total error: 0.009992200455526236
[{'weights': array([[-0.28375255, -0.53191983,  0.01179203, ..., -0.82021808,
         0.95810464, -0.82015549],
       [-0.33739722, -0.53393968,  0.04755855, ..., -0.87989858,
         0.86557701, -0.76166342],
       [-0.2811695 , -0.55354153,  0.00773028, ..., -0.83731433,
         0.96035924, -0.82252058],
       ...,
       [-0.29334513, -0.54436949,  0.01680943, ..., -0.83625623,
         0.96028003, -0.80134377],
       [-0.31483084, -0.54878564,  0.02120994, ..., -0.8563511 ,
         0.92191799, -0.79120154],
       [-0.29666538, -0.53276006,  0.02450647, ..., -0.8387199 ,
         0.94887813, -0.81150816]]), 'deltas': array([[-0.00150553],
       [-0.00112683],
       [-0.00152218],
       [-0.00147867],
       [-0.00152924],
       [-0.0014869 ],
       [-0.00146759],
       [-0.0015144 ],
       [-0.00118412],
       [-0.00135332],
       [-0.00137744],
       [-0.00151531],
       [-0.0015203 ],
       [-0.00154105],
       [-0.00149468],
       [-0.00159087],
       [-0.00141638],
       [-0.00144929],
       [-0.00130224],
       [-0.00144457]]), 'outputs': array([[0.00138977],
       [0.00103982],
       [0.00140516],
       [0.00136494],
       [0.00141169],
       [0.00137255],
       [0.0013547 ],
       [0.00139797],
       [0.00109275],
       [0.00124909],
       [0.00127138],
       [0.00139881],
       [0.00140342],
       [0.00142261],
       [0.00137974],
       [0.00146866],
       [0.00130736],
       [0.00133779],
       [0.00120189],
       [0.00133342]]), 'errors': -1.0848008468050736}, {'weights': array([[-0.1614359 , -0.16756688, -0.16713305, -0.16809818, -0.17166802,
        -0.16137707, -0.16183489, -0.1668506 , -0.17920357, -0.17611185,
        -0.15805452, -0.16639862, -0.16699234, -0.16690601, -0.16645332,
        -0.17545814, -0.15584488, -0.17058015, -0.17372846, -0.17714722],
       [-0.16374857, -0.15789556, -0.17146598, -0.1564248 , -0.16898997,
        -0.17270466, -0.17715244, -0.17217484, -0.17452008, -0.1734185 ,
        -0.16938362, -0.15773453, -0.17631282, -0.17622514, -0.16177041,
        -0.17377988, -0.15518294, -0.16991798, -0.17504656, -0.16646412],
       [-0.169129  , -0.16227368, -0.16684336, -0.17180313, -0.17336898,
        -0.17108284, -0.17353211, -0.17255354, -0.15789998, -0.16279985,
        -0.17076163, -0.17311149, -0.16869206, -0.16760452, -0.16015023,
        -0.1671589 , -0.17255959, -0.16629468, -0.17342619, -0.1678439 ],
       [-0.16986281, -0.16999708, -0.15756425, -0.171528  , -0.16609685,
        -0.17280715, -0.16426285, -0.17427998, -0.16163126, -0.16553747,
        -0.15748487, -0.16083046, -0.17442089, -0.16733427, -0.17188115,
        -0.16188701, -0.16727708, -0.17301232, -0.17515655, -0.17857498],
       [-0.16540375, -0.16953506, -0.16610115, -0.17606621, -0.17763598,
        -0.16834513, -0.16480283, -0.17281863, -0.15917163, -0.16907967,
        -0.17302264, -0.1553668 , -0.17096031, -0.16187391, -0.16842128,
        -0.1754261 , -0.16981306, -0.15954834, -0.16069648, -0.17511513],
       [-0.16523422, -0.17436633, -0.16793277, -0.16989745, -0.16946695,
        -0.16517639, -0.15963352, -0.1726497 , -0.17600214, -0.16190975,
        -0.15885398, -0.16819851, -0.17879118, -0.17770474, -0.16225197,
        -0.16925703, -0.17164496, -0.16138023, -0.16452715, -0.1649458 ],
       [-0.17116034, -0.16429895, -0.16186723, -0.17682924, -0.17039686,
        -0.16610872, -0.17556174, -0.16058065, -0.16092991, -0.17983344,
        -0.16178686, -0.15813424, -0.16972057, -0.17363352, -0.17417988,
        -0.16918705, -0.17158135, -0.15631656, -0.16645565, -0.17587367],
       [-0.1770262 , -0.16515985, -0.1697264 , -0.16469058, -0.17325966,
        -0.17596956, -0.17942591, -0.16344259, -0.16179459, -0.1727013 ,
        -0.15864736, -0.16599233, -0.16058379, -0.16549719, -0.16804432,
        -0.16904966, -0.15743906, -0.16717429, -0.17831964, -0.16673816],
       [-0.16964482, -0.17477447, -0.15734046, -0.16830604, -0.16087623,
        -0.1715849 , -0.17804345, -0.16005868, -0.16741215, -0.18032121,
        -0.16126216, -0.17560582, -0.16920068, -0.1631145 , -0.16766191,
        -0.16366644, -0.16905182, -0.16978713, -0.16593699, -0.16435577],
       [-0.16272936, -0.15885893, -0.16842433, -0.16639016, -0.17096045,
        -0.15966889, -0.18012782, -0.17714278, -0.16749683, -0.17540604,
        -0.16534632, -0.16768951, -0.16528496, -0.17719873, -0.16074639,
        -0.15975048, -0.16813569, -0.165871  , -0.1780214 , -0.16244024],
       [-0.16232733, -0.17147046, -0.16004045, -0.17100052, -0.17656674,
        -0.17028032, -0.17273019, -0.16975122, -0.17309777, -0.17799846,
        -0.16395876, -0.16530843, -0.17088995, -0.17080258, -0.16634815,
        -0.15835698, -0.16475606, -0.1564912 , -0.16762419, -0.17804191],
       [-0.17736159, -0.1604932 , -0.17105922, -0.16902421, -0.16259388,
        -0.17230307, -0.16376067, -0.15877653, -0.1701295 , -0.16903745,
        -0.17698067, -0.16832479, -0.16291818, -0.17683179, -0.16337919,
        -0.17238389, -0.16577124, -0.17550652, -0.16165433, -0.16107299],
       [-0.16805731, -0.16317953, -0.1697426 , -0.17671157, -0.16828414,
        -0.17098989, -0.16345356, -0.16146538, -0.16182337, -0.16573701,
        -0.17366664, -0.17200658, -0.16660931, -0.16252377, -0.16807242,
        -0.17207418, -0.15845169, -0.17318709, -0.16934688, -0.16676625],
       [-0.17636993, -0.17251269, -0.17008266, -0.16204285, -0.17160915,
        -0.15832264, -0.16577269, -0.1617936 , -0.17714024, -0.17104115,
        -0.165001  , -0.17035059, -0.16893237, -0.16984508, -0.16739065,
        -0.16539937, -0.16279818, -0.17053332, -0.17066661, -0.17008441],
       [-0.16936174, -0.1674932 , -0.1740595 , -0.1620244 , -0.17759409,
        -0.17730336, -0.1657609 , -0.15977681, -0.17112959, -0.16303755,
        -0.15798086, -0.15732514, -0.17691842, -0.17483205, -0.16837933,
        -0.15838427, -0.1647714 , -0.1735067 , -0.16465455, -0.17507314],
       [-0.17336476, -0.17650185, -0.17006991, -0.1590325 , -0.16760048,
        -0.1763118 , -0.17376565, -0.17178401, -0.16113378, -0.17403826,
        -0.17598975, -0.16433664, -0.15892424, -0.16883741, -0.17638386,
        -0.16539062, -0.16378365, -0.15851887, -0.15965945, -0.16807767],
       [-0.17015874, -0.17029698, -0.1748654 , -0.17582752, -0.16539517,
        -0.17010693, -0.16256002, -0.16057889, -0.16892805, -0.16383178,
        -0.17178495, -0.1551324 , -0.1657188 , -0.16263187, -0.17717816,
        -0.1771853 , -0.16457953, -0.1643147 , -0.1694538 , -0.17387197],
       [-0.17243937, -0.17657038, -0.17313648, -0.17410161, -0.16167143,
        -0.1713805 , -0.17983835, -0.16685404, -0.15920709, -0.17111535,
        -0.16105797, -0.16940202, -0.16399578, -0.16990945, -0.16445681,
        -0.16046154, -0.16084829, -0.16058359, -0.17273195, -0.16915064],
       [-0.16502762, -0.16116122, -0.17572758, -0.1586919 , -0.170261  ,
        -0.17597076, -0.17442721, -0.15844383, -0.16279597, -0.17270275,
        -0.17264861, -0.17299347, -0.17158508, -0.1614985 , -0.1670457 ,
        -0.17805085, -0.17344035, -0.15517554, -0.17332093, -0.15973955],
       [-0.17390809, -0.17604777, -0.17361663, -0.16857815, -0.16814537,
        -0.17285766, -0.16830981, -0.1643293 , -0.16367771, -0.16958056,
        -0.16553581, -0.16388388, -0.17246888, -0.16938182, -0.16592791,
        -0.16193549, -0.16833121, -0.15606637, -0.17820364, -0.16462169]]), 'deltas': array([[0.01613256],
       [0.01613256],
       [0.01613256],
       [0.01613256],
       [0.01613256],
       [0.01613256],
       [0.01613256],
       [0.01613256],
       [0.01613256],
       [0.01613256],
       [0.01613256],
       [0.01613256],
       [0.01613256],
       [0.01613256],
       [0.01613256],
       [0.01613256],
       [0.01613256],
       [0.01613256],
       [0.01613256],
       [0.01613256]]), 'outputs': array([[0.49888372],
       [0.4988787 ],
       [0.4988785 ],
       [0.4988821 ],
       [0.4988821 ],
       [0.49888284],
       [0.49888049],
       [0.49888188],
       [0.49888426],
       [0.4988832 ],
       [0.49888089],
       [0.49888213],
       [0.49888443],
       [0.498881  ],
       [0.49888252],
       [0.49888157],
       [0.49888126],
       [0.49888326],
       [0.49888157],
       [0.49888146]]), 'errors': 0.06453055389571641}, {'weights': array([[-0.49777498, -0.50850024, -0.49313797, -0.5065941 , -0.51162622,
        -0.5113563 , -0.49528938, -0.49990277, -0.50518566, -0.50929002,
        -0.49875147, -0.50652029, -0.5147593 , -0.51077923, -0.49960698,
        -0.50263332, -0.49521574, -0.49770992, -0.49485715, -0.4977725 ],
       [-0.50015603, -0.49830508, -0.50672902, -0.51231131, -0.49906685,
        -0.49881551, -0.51031632, -0.50051204, -0.49544155, -0.50951484,
        -0.50416203, -0.49496396, -0.51335556, -0.4922687 , -0.50901807,
        -0.49663591, -0.49739819, -0.50515749, -0.49551392, -0.50607521],
       [-0.40555609, -0.39760748, -0.41135627, -0.41147031, -0.40856237,
        -0.39921345, -0.4061711 , -0.41293871, -0.40991689, -0.4152506 ,
        -0.4064632 , -0.40554309, -0.40286264, -0.39852865, -0.41045416,
        -0.39749183, -0.40710294, -0.41163438, -0.39898878, -0.41663562],
       [ 0.17040556,  0.2004861 ,  0.20296284,  0.1921555 ,  0.18599529,
         0.183495  ,  0.19212517,  0.18659294,  0.17137867,  0.17367554,
         0.20589175,  0.17834774,  0.15359153,  0.19548706,  0.1894115 ,
         0.18592495,  0.20197843,  0.1845018 ,  0.17855858,  0.18939051]]), 'deltas': array([[-4.29978033e-05],
       [-4.34911578e-05],
       [-2.84266090e-04],
       [ 1.68624413e-02]]), 'outputs': array([[0.00657895],
       [0.00661671],
       [0.0170054 ],
       [0.85997088]]), 'errors': array([[-0.00657895],
       [-0.00661671],
       [-0.0170054 ],
       [ 0.14002912]])}]
Accuracy: 33.33333333333333 %

train_data group 2 length:  37
   0   1   2   3   4   5   6   7   8  ...  50  51  52  53  54  55  56  57  58
0   0   0   0   0   0   0   1   1   0 ...   1   0   1   0   1   0   1   0   0
1   0   0   0   0   0   0   1   1   0 ...   1   0   1   0   1   0   1   0   0
2   0   0   0   1   0   0   0   1   0 ...   0   1   0   1   1   0   1   0   1
3   0   0   0   0   0   0   1   1   0 ...   0   1   0   1   1   0   1   0   1
4   0   0   0   0   1   0   0   1   0 ...   1   0   1   0   0   1   1   0   2

[5 rows x 59 columns]
Initial Neural Network:
[{'weights': array([[ 0.002, -0.003, -0.01 , ...,  0.   ,  0.   ,  0.001],
       [-0.01 ,  0.006,  0.01 , ..., -0.004,  0.01 , -0.007],
       [-0.008,  0.002, -0.003, ..., -0.009, -0.009,  0.003],
       ...,
       [-0.009,  0.   , -0.006, ...,  0.006, -0.006,  0.006],
       [-0.003,  0.005,  0.005, ..., -0.009,  0.005,  0.004],
       [ 0.006,  0.005,  0.008, ..., -0.009, -0.004,  0.01 ]]), 'deltas': array([[0.],
       [0.],
       [0.],
       [0.],
       [0.],
       [0.],
       [0.],
       [0.],
       [0.],
       [0.],
       [0.],
       [0.],
       [0.],
       [0.],
       [0.],
       [0.],
       [0.],
       [0.],
       [0.],
       [0.]]), 'outputs': array([[0.],
       [0.],
       [0.],
       [0.],
       [0.],
       [0.],
       [0.],
       [0.],
       [0.],
       [0.],
       [0.],
       [0.],
       [0.],
       [0.],
       [0.],
       [0.],
       [0.],
       [0.],
       [0.],
       [0.]]), 'errors': array([[0.],
       [0.],
       [0.],
       [0.],
       [0.],
       [0.],
       [0.],
       [0.],
       [0.],
       [0.],
       [0.],
       [0.],
       [0.],
       [0.],
       [0.],
       [0.],
       [0.],
       [0.],
       [0.],
       [0.]])}, {'weights': array([[ 0.004, -0.003, -0.001, -0.004,  0.009, -0.008,  0.006, -0.007,
        -0.004,  0.   , -0.008, -0.005, -0.004, -0.004,  0.006,  0.005,
        -0.005, -0.003,  0.006, -0.002],
       [-0.002, -0.005, -0.002, -0.009, -0.006, -0.003, -0.003,  0.008,
         0.005,  0.005, -0.009,  0.006,  0.003,  0.006, -0.002,  0.003,
        -0.001,  0.008, -0.002,  0.006],
       [-0.003, -0.008,  0.007,  0.009, -0.002,  0.006, -0.002,  0.008,
        -0.003, -0.007, -0.003,  0.001,  0.01 , -0.007,  0.004, -0.009,
        -0.001, -0.003,  0.001, -0.004],
       [-0.003,  0.006, -0.001,  0.01 ,  0.005, -0.008,  0.009, -0.008,
        -0.007, -0.01 , -0.004, -0.01 ,  0.   , -0.006, -0.003, -0.008,
         0.004, -0.007,  0.01 ,  0.01 ],
       [-0.009,  0.007,  0.002,  0.006, -0.006,  0.008, -0.008,  0.009,
        -0.01 , -0.002, -0.006, -0.007, -0.009,  0.01 ,  0.008, -0.004,
         0.01 , -0.008, -0.006, -0.007],
       [ 0.002, -0.007, -0.001,  0.   , -0.003, -0.007,  0.005,  0.007,
        -0.006, -0.003,  0.01 , -0.003, -0.008, -0.007, -0.004,  0.01 ,
        -0.003,  0.003,  0.004,  0.001],
       [ 0.006, -0.005, -0.008, -0.009,  0.005,  0.003,  0.007,  0.003,
        -0.004, -0.001,  0.004, -0.01 , -0.003, -0.008,  0.   ,  0.007,
         0.01 , -0.006,  0.009,  0.003],
       [-0.002,  0.   ,  0.009,  0.009, -0.007,  0.009, -0.006,  0.01 ,
        -0.008, -0.001, -0.007, -0.004,  0.008, -0.002,  0.001,  0.   ,
        -0.006,  0.002,  0.003, -0.008],
       [ 0.008,  0.005,  0.004, -0.003, -0.007, -0.009, -0.006,  0.007,
         0.002,  0.008,  0.002,  0.004,  0.008,  0.008, -0.009,  0.01 ,
        -0.007, -0.009, -0.003,  0.01 ],
       [-0.006, -0.009, -0.001, -0.001,  0.   ,  0.005, -0.008, -0.002,
        -0.008,  0.009,  0.002, -0.009,  0.002,  0.005,  0.009,  0.003,
        -0.002, -0.004,  0.004, -0.004],
       [ 0.004,  0.004, -0.009, -0.007, -0.008, -0.001, -0.006, -0.005,
        -0.01 ,  0.009,  0.003, -0.002, -0.005,  0.   ,  0.002,  0.006,
        -0.004,  0.   ,  0.   ,  0.003],
       [-0.003,  0.006, -0.001, -0.004,  0.007,  0.01 ,  0.004, -0.003,
         0.009, -0.001,  0.006, -0.001,  0.01 , -0.003,  0.009,  0.001,
         0.009,  0.006,  0.003,  0.006],
       [-0.006,  0.001,  0.003,  0.001, -0.001, -0.002,  0.007,  0.002,
        -0.009,  0.001,  0.01 , -0.006,  0.005,  0.008, -0.001, -0.009,
         0.002,  0.004, -0.01 ,  0.   ],
       [-0.001,  0.003,  0.003,  0.006,  0.008, -0.004,  0.004,  0.005,
         0.   ,  0.007,  0.01 , -0.006, -0.001, -0.007, -0.008, -0.008,
         0.   , -0.003, -0.008, -0.009],
       [ 0.008,  0.007,  0.004,  0.003,  0.008, -0.002, -0.01 ,  0.003,
         0.005,  0.001, -0.002,  0.004,  0.002, -0.01 , -0.003, -0.007,
         0.004,  0.01 , -0.01 , -0.001],
       [ 0.   , -0.002,  0.008, -0.006, -0.005,  0.007, -0.008,  0.004,
         0.   , -0.001,  0.005,  0.003,  0.   , -0.002, -0.002,  0.003,
        -0.003, -0.003, -0.007,  0.003],
       [ 0.005,  0.006,  0.008, -0.005, -0.002,  0.007, -0.007,  0.001,
         0.007,  0.006, -0.007, -0.01 , -0.008,  0.008,  0.009,  0.005,
         0.006,  0.   , -0.002,  0.001],
       [-0.006, -0.004,  0.002,  0.008, -0.001,  0.003, -0.002,  0.   ,
        -0.004,  0.   ,  0.009,  0.006,  0.01 ,  0.004,  0.008, -0.006,
        -0.009,  0.005, -0.003, -0.007],
       [ 0.003, -0.008, -0.001,  0.004, -0.008, -0.002,  0.009,  0.007,
        -0.006,  0.008, -0.009, -0.001,  0.005,  0.002, -0.007,  0.   ,
         0.   , -0.009, -0.001,  0.004],
       [-0.007,  0.009, -0.008,  0.006,  0.005,  0.006, -0.001, -0.008,
        -0.002,  0.007,  0.005, -0.006, -0.007, -0.005,  0.003, -0.005,
        -0.003,  0.001, -0.001,  0.008]]), 'deltas': array([[0.],
       [0.],
       [0.],
       [0.],
       [0.],
       [0.],
       [0.],
       [0.],
       [0.],
       [0.],
       [0.],
       [0.],
       [0.],
       [0.],
       [0.],
       [0.],
       [0.],
       [0.],
       [0.],
       [0.]]), 'outputs': array([[0.],
       [0.],
       [0.],
       [0.],
       [0.],
       [0.],
       [0.],
       [0.],
       [0.],
       [0.],
       [0.],
       [0.],
       [0.],
       [0.],
       [0.],
       [0.],
       [0.],
       [0.],
       [0.],
       [0.]]), 'errors': array([[0.],
       [0.],
       [0.],
       [0.],
       [0.],
       [0.],
       [0.],
       [0.],
       [0.],
       [0.],
       [0.],
       [0.],
       [0.],
       [0.],
       [0.],
       [0.],
       [0.],
       [0.],
       [0.],
       [0.]])}, {'weights': array([[-0.001,  0.008, -0.005, -0.002, -0.003, -0.007, -0.007,  0.006,
         0.007,  0.004, -0.005,  0.001, -0.007,  0.   ,  0.01 ,  0.006,
         0.   ,  0.008, -0.004,  0.009],
       [ 0.009, -0.007, -0.001,  0.001,  0.002, -0.009, -0.01 , -0.01 ,
        -0.009, -0.008, -0.009,  0.004, -0.003,  0.007, -0.006, -0.002,
        -0.01 ,  0.005,  0.003,  0.01 ],
       [ 0.005,  0.002, -0.002, -0.003, -0.008, -0.005,  0.001, -0.009,
        -0.01 , -0.001, -0.01 ,  0.004,  0.003,  0.007,  0.002, -0.006,
        -0.006,  0.009,  0.009,  0.   ],
       [ 0.008, -0.01 , -0.009,  0.002,  0.001,  0.009,  0.003,  0.01 ,
         0.   , -0.001,  0.   ,  0.007, -0.007,  0.007, -0.001,  0.002,
         0.009,  0.001, -0.004,  0.009]]), 'deltas': array([[0.],
       [0.],
       [0.],
       [0.]]), 'outputs': array([[0.],
       [0.],
       [0.],
       [0.]]), 'errors': array([[0.],
       [0.],
       [0.],
       [0.]])}]
Training complete!
Training done. epoch: 34 , total error: 0.009918104342726209
[{'weights': array([[ 0.23052669, -1.49964053, -0.13552911, ..., -1.00795584,
         2.16394432, -1.93849936],
       [ 0.17856744, -1.44959768,  0.07194019, ..., -0.74086252,
         2.47622684, -2.09963966],
       [-0.10136763, -1.03324113, -0.51782241, ..., -1.34107653,
         1.30842092, -1.50199832],
       ...,
       [ 0.16078034, -0.86101094, -0.43815086, ..., -0.82047298,
         1.69560504, -1.45116105],
       [ 0.19599622, -1.38774618,  0.10117535, ..., -0.76429405,
         2.41173903, -2.03658195],
       [ 0.27145512, -1.18443231, -0.21107363, ..., -0.8723853 ,
         2.00778045, -1.75862447]]), 'deltas': array([[-1.64344069e-04],
       [-1.77192671e-03],
       [-2.21739489e-06],
       [-2.69415373e-08],
       [-1.59053564e-03],
       [-6.99726171e-04],
       [-6.84225484e-04],
       [-1.79638947e-03],
       [-4.11092570e-04],
       [-1.62531290e-03],
       [-1.47482450e-03],
       [-4.45100479e-04],
       [-3.56007649e-04],
       [-2.55476152e-08],
       [-1.26086424e-03],
       [-3.90781903e-04],
       [-1.56697281e-03],
       [-8.29708209e-04],
       [-1.99113157e-03],
       [-5.15642094e-04]]), 'outputs': array([[1.40339994e-04],
       [1.51520281e-03],
       [1.89326032e-06],
       [2.30032315e-08],
       [1.35988087e-03],
       [5.97797759e-04],
       [5.84547291e-04],
       [1.53615353e-03],
       [3.51122461e-04],
       [1.38965627e-03],
       [1.26082475e-03],
       [3.80180354e-04],
       [3.04059003e-04],
       [2.18130725e-08],
       [1.07771293e-03],
       [3.33768916e-04],
       [1.33970798e-03],
       [7.08924271e-04],
       [1.70296862e-03],
       [4.40459683e-04]]), 'errors': -1.1712066588966081}, {'weights': array([[-0.13600073, -0.14523307, -0.17404742, -0.402115  , -0.12923891,
        -0.17893065, -0.16708902, -0.14759104, -0.180619  , -0.13614239,
        -0.13975151, -0.14223761, -0.14352174, -0.39972368, -0.17642536,
        -0.17195861, -0.19021905, -0.16542521, -0.15114208, -0.17601996],
       [-0.14358495, -0.14882946, -0.17663217, -0.40834013, -0.14583437,
        -0.17552678, -0.17768763, -0.134182  , -0.17321773, -0.13273565,
        -0.14234417, -0.13281959, -0.13809973, -0.39094207, -0.18602167,
        -0.17555832, -0.18781608, -0.1560534 , -0.16072933, -0.16961683],
       [-0.14555814, -0.15266377, -0.16808012, -0.38745896, -0.14265931,
        -0.16731452, -0.17747331, -0.13502269, -0.18198987, -0.14556487,
        -0.13722858, -0.13874659, -0.1320391 , -0.40106341, -0.18077763,
        -0.18832833, -0.18857028, -0.16784345, -0.15859542, -0.18039588],
       [-0.14604036, -0.13913157, -0.17628771, -0.38310309, -0.1361275 ,
        -0.18180329, -0.16696102, -0.15149253, -0.18647434, -0.1490325 ,
        -0.13867926, -0.15021485, -0.14251047, -0.39672565, -0.18826297,
        -0.18781102, -0.1840565 , -0.17224655, -0.15006469, -0.16688438],
       [-0.15492436, -0.14096394, -0.17560998, -0.38187339, -0.14997388,
        -0.16867332, -0.18683092, -0.13732253, -0.19233927, -0.14387998,
        -0.14352122, -0.15004508, -0.15434838, -0.3755109 , -0.18011984,
        -0.18667416, -0.18091203, -0.17616895, -0.16889374, -0.18675397],
       [-0.13818576, -0.14943897, -0.17441291, -0.39962652, -0.14144903,
        -0.17814184, -0.1683014 , -0.13379454, -0.18283277, -0.13935317,
        -0.12197297, -0.14043365, -0.14771628, -0.40422347, -0.18664342,
        -0.1671736 , -0.18843715, -0.1597335 , -0.15335321, -0.17323149],
       [-0.13228058, -0.14564707, -0.18002709, -0.41326134, -0.13163426,
        -0.16640028, -0.16456205, -0.13600046, -0.1791068 , -0.13553086,
        -0.12609489, -0.14559221, -0.14086647, -0.40986056, -0.18094711,
        -0.16844981, -0.17374976, -0.16676053, -0.1465727 , -0.16949807],
       [-0.14574294, -0.14582974, -0.16714385, -0.38631675, -0.14883436,
        -0.16549364, -0.18265306, -0.13418645, -0.18816919, -0.14074097,
        -0.14241049, -0.14490896, -0.13520434, -0.3949197 , -0.18495254,
        -0.18050775, -0.1947439 , -0.16410838, -0.15775992, -0.18557542],
       [-0.1353177 , -0.14029254, -0.17199299, -0.40258953, -0.14825909,
        -0.18305513, -0.18221827, -0.13665133, -0.17774709, -0.13116488,
        -0.13287517, -0.13646198, -0.13478511, -0.3891692 , -0.19456454,
        -0.17008845, -0.19537015, -0.17461804, -0.16336224, -0.16714463],
       [-0.14896046, -0.15409287, -0.17640842, -0.39508756, -0.14109747,
        -0.16879481, -0.18395329, -0.14545089, -0.18747185, -0.1300028 ,
        -0.13264195, -0.14914632, -0.14044117, -0.38670168, -0.17626916,
        -0.17680967, -0.19006305, -0.16932264, -0.15602661, -0.18087883],
       [-0.1357837 , -0.13794755, -0.18185668, -0.40513245, -0.14594468,
        -0.17166509, -0.178823  , -0.14530892, -0.18635064, -0.12685161,
        -0.1284996 , -0.13900852, -0.14430662, -0.39573037, -0.18016769,
        -0.17069002, -0.18896451, -0.1622119 , -0.15691605, -0.17075221],
       [-0.14497924, -0.13843155, -0.17674001, -0.41116152, -0.13342252,
        -0.16320661, -0.17137452, -0.14576989, -0.16992521, -0.13931176,
        -0.12783982, -0.1402972 , -0.13155579, -0.40775307, -0.17576271,
        -0.17827096, -0.1785669 , -0.15860374, -0.15631256, -0.17031024],
       [-0.15007226, -0.14518279, -0.17354347, -0.3935601 , -0.14319581,
        -0.17689819, -0.17005808, -0.1425374 , -0.18957771, -0.13910314,
        -0.12576333, -0.14723965, -0.13853883, -0.38416163, -0.18737362,
        -0.18991649, -0.18716666, -0.1625797 , -0.17112704, -0.17798283],
       [-0.14219691, -0.14033251, -0.17129851, -0.39242808, -0.13133967,
        -0.17612912, -0.17028948, -0.1366896 , -0.17782424, -0.13024927,
        -0.12291945, -0.14439621, -0.1417075 , -0.4030097 , -0.19165542,
        -0.18616554, -0.18645508, -0.1668863 , -0.16635171, -0.18422111],
       [-0.13223334, -0.13549707, -0.16981165, -0.40024134, -0.1305073 ,
        -0.17323904, -0.18340118, -0.13784782, -0.1719429 , -0.13541149,
        -0.13403981, -0.13348225, -0.13776905, -0.41081839, -0.18576471,
        -0.18428628, -0.1815611 , -0.15294795, -0.16743579, -0.17533423],
       [-0.14005481, -0.14430925, -0.16532452, -0.4065745 , -0.14331861,
        -0.16402217, -0.18118224, -0.13666379, -0.17671805, -0.1372223 ,
        -0.12683815, -0.13429977, -0.13958325, -0.40016836, -0.18452957,
        -0.17405949, -0.18832381, -0.16561787, -0.16422519, -0.17111435],
       [-0.13902912, -0.14034414, -0.16881704, -0.40270841, -0.14436181,
        -0.16808186, -0.18424542, -0.14368768, -0.17378222, -0.13425679,
        -0.1427993 , -0.15124785, -0.15151663, -0.38732929, -0.17757896,
        -0.17612345, -0.18337286, -0.16654442, -0.16318497, -0.17717922],
       [-0.15083989, -0.15085789, -0.17515391, -0.38742075, -0.14385127,
        -0.17254001, -0.17970053, -0.14521501, -0.18521304, -0.14075931,
        -0.12746415, -0.13598758, -0.13429439, -0.38901376, -0.17900349,
        -0.18755164, -0.1987987 , -0.16219173, -0.16484036, -0.18561974],
       [-0.14046336, -0.15345633, -0.1766748 , -0.39024067, -0.14943568,
        -0.17615231, -0.16731131, -0.13681872, -0.18582676, -0.13134167,
        -0.14402375, -0.14160424, -0.1379158 , -0.38985196, -0.19262061,
        -0.18016427, -0.18841873, -0.17460093, -0.1614513 , -0.17323451],
       [-0.14939386, -0.13561608, -0.18327769, -0.3903856 , -0.13562443,
        -0.1673983 , -0.17655906, -0.15096922, -0.18109018, -0.13152756,
        -0.12913497, -0.14561242, -0.14890611, -0.39899397, -0.1819141 ,
        -0.18443005, -0.19071302, -0.1639625 , -0.16056691, -0.16849047]]), 'deltas': array([[0.01596195],
       [0.01596195],
       [0.01596195],
       [0.01596195],
       [0.01596195],
       [0.01596195],
       [0.01596195],
       [0.01596195],
       [0.01596195],
       [0.01596195],
       [0.01596195],
       [0.01596195],
       [0.01596195],
       [0.01596195],
       [0.01596195],
       [0.01596195],
       [0.01596195],
       [0.01596195],
       [0.01596195],
       [0.01596195]]), 'outputs': array([[0.49941804],
       [0.49941341],
       [0.49940791],
       [0.49940822],
       [0.49939832],
       [0.49942022],
       [0.49943544],
       [0.49940482],
       [0.4994079 ],
       [0.49940981],
       [0.4994201 ],
       [0.49942918],
       [0.49940549],
       [0.49941897],
       [0.49942243],
       [0.49941614],
       [0.49941027],
       [0.49940242],
       [0.49940262],
       [0.49941665]]), 'errors': 0.06384788477684193}, {'weights': array([[-0.6349266 , -0.62731898, -0.63748581, -0.63203953, -0.62917497,
        -0.64206987, -0.64661785, -0.62547405, -0.62792395, -0.62692198,
        -0.63879609, -0.64181987, -0.63807373, -0.6337597 , -0.62790743,
        -0.62974212, -0.63462884, -0.62369441, -0.63484201, -0.62412246],
       [-0.64777599, -0.66525494, -0.65606695, -0.65132124, -0.6455531 ,
        -0.66724645, -0.67328826, -0.66395668, -0.66708261, -0.66119809,
        -0.66564775, -0.66276891, -0.65649756, -0.64968411, -0.66726896,
        -0.66085057, -0.66726659, -0.64918536, -0.65030088, -0.64569552],
       [-0.38594713, -0.39218394, -0.39803907, -0.39880386, -0.40865854,
        -0.39681061, -0.38644115, -0.40758163, -0.40827921, -0.39717606,
        -0.40072988, -0.39097554, -0.39604293, -0.38739223, -0.39101527,
        -0.397907  , -0.40430968, -0.39174894, -0.38814772, -0.39509879],
       [ 0.19844505,  0.16743911,  0.18199929,  0.20821717,  0.22394448,
         0.19059363,  0.16508452,  0.20261677,  0.17161709,  0.19986278,
         0.19153494,  0.13722901,  0.18758882,  0.19209046,  0.16142284,
         0.17964416,  0.18417599,  0.1887837 ,  0.19542493,  0.19807454]]), 'deltas': array([[-3.21441655e-06],
       [-1.92110267e-06],
       [-3.45978075e-04],
       [ 1.67599483e-02]]), 'outputs': array([[0.00179449],
       [0.001387  ],
       [0.01877762],
       [0.86043473]]), 'errors': array([[-0.00179449],
       [-0.001387  ],
       [-0.01877762],
       [ 0.13956527]])}]
Accuracy: 40.0 %

train_data group 3 length:  38
   0   1   2   3   4   5   6   7   8  ...  50  51  52  53  54  55  56  57  58
0   0   0   0   0   0   0   1   1   0 ...   1   0   1   0   1   0   1   0   0
1   0   0   0   0   0   0   1   1   0 ...   1   0   1   0   1   0   1   0   0
2   0   0   0   1   0   0   0   1   0 ...   0   1   0   1   1   0   1   0   1
3   0   0   0   0   0   0   1   1   0 ...   0   1   0   1   1   0   1   0   1
4   0   0   0   0   1   0   0   1   0 ...   1   0   1   0   0   1   1   0   2

[5 rows x 59 columns]
Initial Neural Network:
[{'weights': array([[-0.005,  0.009, -0.008, ...,  0.001,  0.006,  0.006],
       [-0.004, -0.003,  0.002, ..., -0.003,  0.002,  0.004],
       [ 0.009, -0.001,  0.   , ...,  0.008, -0.007, -0.005],
       ...,
       [-0.005, -0.001, -0.002, ...,  0.009, -0.009, -0.004],
       [-0.001, -0.004, -0.008, ..., -0.009, -0.007,  0.001],
       [ 0.007, -0.003, -0.01 , ...,  0.001,  0.004,  0.   ]]), 'deltas': array([[0.],
       [0.],
       [0.],
       [0.],
       [0.],
       [0.],
       [0.],
       [0.],
       [0.],
       [0.],
       [0.],
       [0.],
       [0.],
       [0.],
       [0.],
       [0.],
       [0.],
       [0.],
       [0.],
       [0.]]), 'outputs': array([[0.],
       [0.],
       [0.],
       [0.],
       [0.],
       [0.],
       [0.],
       [0.],
       [0.],
       [0.],
       [0.],
       [0.],
       [0.],
       [0.],
       [0.],
       [0.],
       [0.],
       [0.],
       [0.],
       [0.]]), 'errors': array([[0.],
       [0.],
       [0.],
       [0.],
       [0.],
       [0.],
       [0.],
       [0.],
       [0.],
       [0.],
       [0.],
       [0.],
       [0.],
       [0.],
       [0.],
       [0.],
       [0.],
       [0.],
       [0.],
       [0.]])}, {'weights': array([[-0.001, -0.009, -0.008, -0.001, -0.005,  0.006,  0.003, -0.008,
         0.007, -0.004, -0.001, -0.003, -0.002, -0.002, -0.01 ,  0.009,
        -0.007,  0.   , -0.006, -0.002],
       [-0.006,  0.009,  0.004,  0.004, -0.009, -0.01 ,  0.   ,  0.01 ,
         0.002,  0.006,  0.002, -0.009,  0.005,  0.006, -0.009, -0.009,
        -0.01 , -0.008,  0.003, -0.009],
       [ 0.01 ,  0.003,  0.004,  0.008, -0.007, -0.01 ,  0.007, -0.001,
        -0.006,  0.001,  0.007,  0.002, -0.005,  0.004,  0.004,  0.005,
         0.005, -0.005, -0.009, -0.009],
       [ 0.002, -0.008, -0.006,  0.002, -0.004, -0.001, -0.01 ,  0.008,
        -0.01 ,  0.002,  0.002, -0.01 ,  0.004,  0.001, -0.008, -0.009,
         0.005, -0.01 ,  0.002, -0.005],
       [ 0.009,  0.009, -0.007,  0.003, -0.003,  0.008,  0.007,  0.008,
        -0.008, -0.005,  0.004,  0.007,  0.001,  0.005,  0.008,  0.   ,
        -0.005, -0.003, -0.009, -0.004],
       [-0.002,  0.002,  0.006,  0.007, -0.002,  0.009,  0.008,  0.006,
        -0.003,  0.004,  0.004, -0.001, -0.001,  0.01 ,  0.004,  0.009,
         0.004,  0.007,  0.003, -0.007],
       [ 0.002, -0.002,  0.006,  0.005, -0.009, -0.01 ,  0.003, -0.004,
        -0.01 ,  0.006,  0.005, -0.009, -0.01 ,  0.01 ,  0.006,  0.005,
         0.003, -0.001, -0.01 , -0.002],
       [-0.002,  0.   ,  0.001, -0.001,  0.002,  0.006, -0.006,  0.004,
        -0.004,  0.   ,  0.01 ,  0.005, -0.005, -0.006,  0.005, -0.007,
         0.002,  0.   , -0.004,  0.009],
       [ 0.002,  0.002,  0.004,  0.004,  0.003, -0.004,  0.007, -0.008,
        -0.002, -0.003,  0.   , -0.001, -0.007,  0.006,  0.006,  0.007,
         0.001,  0.002,  0.002,  0.009],
       [-0.003,  0.003, -0.01 , -0.009,  0.002, -0.003,  0.005, -0.007,
         0.   , -0.004, -0.005,  0.008,  0.006,  0.003, -0.009, -0.004,
        -0.01 ,  0.005, -0.001, -0.004],
       [ 0.002, -0.006, -0.002, -0.006,  0.01 ,  0.002,  0.01 , -0.004,
        -0.01 ,  0.008,  0.003, -0.001,  0.002, -0.01 , -0.001,  0.009,
         0.003, -0.003, -0.009,  0.002],
       [ 0.001,  0.004,  0.   , -0.01 , -0.008, -0.006,  0.006, -0.006,
         0.004,  0.01 ,  0.009,  0.009, -0.006,  0.008, -0.004,  0.007,
         0.009, -0.008, -0.001, -0.001],
       [-0.008,  0.008, -0.004,  0.002, -0.001,  0.007, -0.009,  0.006,
         0.006,  0.   , -0.005,  0.002,  0.003,  0.002, -0.004, -0.002,
         0.   , -0.009,  0.008,  0.001],
       [ 0.009,  0.003,  0.008,  0.01 ,  0.004, -0.001, -0.004,  0.002,
        -0.007, -0.007, -0.005, -0.003, -0.002,  0.005,  0.009,  0.008,
         0.005,  0.   , -0.006,  0.01 ],
       [-0.001, -0.007,  0.002,  0.006, -0.001,  0.003, -0.01 , -0.01 ,
        -0.008,  0.002, -0.006,  0.01 ,  0.003,  0.007,  0.007, -0.002,
         0.007, -0.008, -0.009, -0.003],
       [ 0.001, -0.002, -0.006, -0.001,  0.001,  0.004,  0.004,  0.   ,
         0.009, -0.004, -0.006, -0.004, -0.009, -0.009,  0.   , -0.001,
        -0.009,  0.009,  0.002,  0.008],
       [-0.007,  0.005, -0.008, -0.006, -0.003,  0.003, -0.004,  0.005,
         0.008, -0.004, -0.005, -0.001,  0.003, -0.002,  0.005, -0.005,
         0.004, -0.004, -0.004,  0.001],
       [ 0.003,  0.002, -0.001,  0.   , -0.009,  0.005,  0.001, -0.005,
        -0.004,  0.005, -0.001,  0.009,  0.01 , -0.01 ,  0.007, -0.01 ,
        -0.008, -0.005,  0.001,  0.005],
       [ 0.006,  0.006,  0.002, -0.007,  0.007, -0.002,  0.005, -0.005,
         0.008, -0.006, -0.002, -0.007, -0.005,  0.01 , -0.009,  0.005,
         0.01 ,  0.006, -0.004,  0.01 ],
       [-0.008, -0.003,  0.007, -0.008,  0.002, -0.007,  0.005, -0.004,
        -0.002,  0.009, -0.004, -0.005, -0.001, -0.001, -0.004,  0.001,
        -0.009,  0.007,  0.004, -0.001]]), 'deltas': array([[0.],
       [0.],
       [0.],
       [0.],
       [0.],
       [0.],
       [0.],
       [0.],
       [0.],
       [0.],
       [0.],
       [0.],
       [0.],
       [0.],
       [0.],
       [0.],
       [0.],
       [0.],
       [0.],
       [0.]]), 'outputs': array([[0.],
       [0.],
       [0.],
       [0.],
       [0.],
       [0.],
       [0.],
       [0.],
       [0.],
       [0.],
       [0.],
       [0.],
       [0.],
       [0.],
       [0.],
       [0.],
       [0.],
       [0.],
       [0.],
       [0.]]), 'errors': array([[0.],
       [0.],
       [0.],
       [0.],
       [0.],
       [0.],
       [0.],
       [0.],
       [0.],
       [0.],
       [0.],
       [0.],
       [0.],
       [0.],
       [0.],
       [0.],
       [0.],
       [0.],
       [0.],
       [0.]])}, {'weights': array([[ 0.008,  0.003,  0.002,  0.008, -0.006, -0.01 ,  0.008,  0.01 ,
         0.008, -0.009, -0.008, -0.003, -0.003, -0.005,  0.   ,  0.01 ,
         0.008, -0.006,  0.009, -0.002],
       [-0.007,  0.007,  0.009, -0.006, -0.01 , -0.009, -0.01 , -0.001,
        -0.001,  0.004,  0.004, -0.004, -0.009,  0.006,  0.006,  0.009,
        -0.01 , -0.003, -0.004,  0.007],
       [-0.007, -0.007,  0.006, -0.005, -0.009,  0.01 ,  0.01 ,  0.003,
         0.006,  0.01 ,  0.005,  0.008,  0.006,  0.007, -0.005,  0.006,
        -0.008, -0.003, -0.008, -0.006],
       [-0.004, -0.009, -0.009, -0.005, -0.01 ,  0.004, -0.01 , -0.009,
        -0.008, -0.01 ,  0.005, -0.001, -0.002, -0.007,  0.01 , -0.001,
         0.006,  0.   ,  0.009,  0.007]]), 'deltas': array([[0.],
       [0.],
       [0.],
       [0.]]), 'outputs': array([[0.],
       [0.],
       [0.],
       [0.]]), 'errors': array([[0.],
       [0.],
       [0.],
       [0.]])}]
Training complete!
Training done. epoch: 18 , total error: 0.009975094412189023
[{'weights': array([[-0.2386942 , -0.36124221, -0.40474931, ..., -0.84910872,
         1.50424527, -1.39869938],
       [-0.23701761, -0.37586442, -0.39228531, ..., -0.85693291,
         1.50785635, -1.40786391],
       [-0.23166542, -0.36708561, -0.39747813, ..., -0.84012306,
         1.49793276, -1.41375203],
       ...,
       [-0.2426982 , -0.37216337, -0.39680359, ..., -0.84395431,
         1.4932093 , -1.41457989],
       [-0.23902729, -0.37256725, -0.40484799, ..., -0.85958351,
         1.49282233, -1.40485929],
       [-0.23034311, -0.37488729, -0.39954873, ..., -0.84927487,
         1.50847374, -1.40961207]]), 'deltas': array([[-0.00192256],
       [-0.00189616],
       [-0.00193895],
       [-0.00186763],
       [-0.00194295],
       [-0.0019062 ],
       [-0.00191915],
       [-0.00194265],
       [-0.00195406],
       [-0.00190633],
       [-0.0019539 ],
       [-0.00196126],
       [-0.00191118],
       [-0.00191297],
       [-0.00195575],
       [-0.00193075],
       [-0.00192089],
       [-0.00195179],
       [-0.00190624],
       [-0.00188592]]), 'outputs': array([[0.00187217],
       [0.00184641],
       [0.00188816],
       [0.00181858],
       [0.00189206],
       [0.00185621],
       [0.00186885],
       [0.00189177],
       [0.0019029 ],
       [0.00185633],
       [0.00190275],
       [0.00190993],
       [0.00186106],
       [0.00186281],
       [0.00190455],
       [0.00188015],
       [0.00187054],
       [0.00190069],
       [0.00185625],
       [0.00183642]]), 'errors': -1.0288421995180688}, {'weights': array([[-0.15952749, -0.16439809, -0.164737  , -0.15922245, -0.16246528,
        -0.15242211, -0.15358958, -0.16635742, -0.14997743, -0.16224006,
        -0.16046507, -0.16048805, -0.15982171, -0.15981268, -0.16892371,
        -0.14953024, -0.1640302 , -0.1563326 , -0.16258758, -0.15881974],
       [-0.16516376, -0.14703125, -0.15337125, -0.15485803, -0.16710056,
        -0.16905758, -0.15722382, -0.14899443, -0.15561298, -0.1528765 ,
        -0.1581027 , -0.16712372, -0.15345646, -0.15244841, -0.16856021,
        -0.16816687, -0.16766527, -0.16496647, -0.15422155, -0.16645385],
       [-0.15059495, -0.15445535, -0.15479762, -0.15228718, -0.16652956,
        -0.17048657, -0.15165041, -0.16142737, -0.16504294, -0.15930796,
        -0.15453715, -0.15755351, -0.16488396, -0.15587816, -0.15699191,
        -0.15559864, -0.15409366, -0.16339185, -0.16764723, -0.16787975],
       [-0.15617155, -0.163044  , -0.1623822 , -0.15586702, -0.16110987,
        -0.15906671, -0.16623474, -0.15000104, -0.16662181, -0.15588403,
        -0.15710828, -0.16713243, -0.15346665, -0.15645711, -0.16656761,
        -0.16717411, -0.15167501, -0.16597809, -0.15423299, -0.16146513],
       [-0.15227031, -0.14912745, -0.16647056, -0.15796132, -0.16320385,
        -0.15316071, -0.15232352, -0.15310352, -0.1677179 , -0.16598335,
        -0.15821402, -0.15322815, -0.1595574 , -0.15555276, -0.15366743,
        -0.1612741 , -0.16476768, -0.16206425, -0.16831986, -0.16355244],
       [-0.1649363 , -0.15778547, -0.15513099, -0.15562447, -0.16386733,
        -0.15382363, -0.15298441, -0.15677156, -0.16438306, -0.15864971,
        -0.15988389, -0.16289265, -0.16321896, -0.15221694, -0.15933383,
        -0.15394052, -0.15743041, -0.15372333, -0.15797956, -0.168212  ],
       [-0.15764125, -0.15850625, -0.15184697, -0.15433463, -0.16757729,
        -0.16953415, -0.15469968, -0.16347251, -0.16809017, -0.15335401,
        -0.15558138, -0.16760067, -0.16893257, -0.14892531, -0.15403785,
        -0.15464444, -0.15514173, -0.15844176, -0.16769699, -0.15992934],
       [-0.16263365, -0.15749383, -0.15783601, -0.16132557, -0.15756817,
        -0.15452502, -0.16468887, -0.15646611, -0.16308178, -0.16034657,
        -0.151576  , -0.15459208, -0.16492238, -0.16591671, -0.15603058,
        -0.1676372 , -0.15713223, -0.15843012, -0.16268557, -0.14991808],
       [-0.15946658, -0.15632266, -0.1556661 , -0.15715703, -0.15739982,
        -0.16535639, -0.15251919, -0.16930003, -0.16191423, -0.16417964,
        -0.16241087, -0.16142421, -0.16775305, -0.15474871, -0.15586372,
        -0.15447032, -0.15896345, -0.15725949, -0.15751528, -0.15074772],
       [-0.16180461, -0.1526738 , -0.16701317, -0.16749912, -0.15574193,
        -0.16169878, -0.15186577, -0.16563483, -0.15725428, -0.16251722,
        -0.16474278, -0.14976488, -0.15209811, -0.15508952, -0.1682009 ,
        -0.16280744, -0.16730672, -0.15160857, -0.15786365, -0.1610958 ],
       [-0.15823497, -0.16309702, -0.16043875, -0.1659275 , -0.14917014,
        -0.15812695, -0.14829156, -0.16406697, -0.16868341, -0.15194786,
        -0.15817648, -0.16019383, -0.15752481, -0.16951843, -0.16163179,
        -0.15123845, -0.15573429, -0.16103313, -0.16728848, -0.15652089],
       [-0.15995219, -0.15381093, -0.15915374, -0.17064402, -0.16788624,
        -0.16684338, -0.15300656, -0.16678501, -0.15539979, -0.15066532,
        -0.15289509, -0.15091045, -0.16624037, -0.15223509, -0.16534928,
        -0.15395605, -0.15045024, -0.16674784, -0.16000327, -0.16023582],
       [-0.16839564, -0.14925703, -0.16259875, -0.15808785, -0.1603305 ,
        -0.15328736, -0.16745158, -0.15422778, -0.15284398, -0.16010849,
        -0.16633742, -0.15735428, -0.15668494, -0.15767894, -0.16479247,
        -0.16239903, -0.15889467, -0.16719302, -0.15044845, -0.15768091],
       [-0.15278487, -0.15563944, -0.15198321, -0.15147473, -0.15671761,
        -0.16267408, -0.1638364 , -0.15961872, -0.16723239, -0.16849792,
        -0.1677299 , -0.16374214, -0.16307039, -0.15606663, -0.15318209,
        -0.15378862, -0.15528113, -0.15957631, -0.16583222, -0.15006472],
       [-0.16056163, -0.16342702, -0.15576747, -0.15325494, -0.15949775,
        -0.15645452, -0.16762022, -0.16939278, -0.16601072, -0.15727429,
        -0.1665016 , -0.14852106, -0.15585302, -0.15184571, -0.15295817,
        -0.16156466, -0.15106223, -0.16536227, -0.16661752, -0.16084984],
       [-0.15875861, -0.15862303, -0.16396387, -0.16045167, -0.15769447,
        -0.15565124, -0.15381663, -0.15959   , -0.14920753, -0.16347135,
        -0.166699  , -0.16271787, -0.16804955, -0.1680425 , -0.16015524,
        -0.16076178, -0.16725883, -0.14855855, -0.15581385, -0.15004618],
       [-0.16652091, -0.15138665, -0.16572705, -0.16521459, -0.16145715,
        -0.1564142 , -0.1615797 , -0.15435201, -0.14996985, -0.16323363,
        -0.16546063, -0.15948043, -0.15581258, -0.16080516, -0.15491751,
        -0.16452407, -0.15402173, -0.16132205, -0.16157719, -0.15680963],
       [-0.15707712, -0.15493997, -0.15928132, -0.1597697 , -0.16801246,
        -0.15496922, -0.15713411, -0.16490888, -0.16252578, -0.15478993,
        -0.16201825, -0.15003609, -0.14936725, -0.16936071, -0.15347383,
        -0.17008042, -0.16657672, -0.16287577, -0.15713114, -0.15336347],
       [-0.15538659, -0.15224317, -0.15758643, -0.16807735, -0.15331996,
        -0.16327675, -0.15443945, -0.16621993, -0.15183416, -0.16709965,
        -0.16433058, -0.1673443 , -0.16567335, -0.15066887, -0.17078375,
        -0.15639035, -0.14988369, -0.15317999, -0.1634357 , -0.14966823],
       [-0.16739964, -0.15926576, -0.15060621, -0.16709322, -0.15633606,
        -0.16629277, -0.15245892, -0.1632306 , -0.15984887, -0.15011239,
        -0.16433928, -0.16335933, -0.15969159, -0.15968389, -0.16379614,
        -0.15840273, -0.16690051, -0.15020112, -0.15345635, -0.15868851]]), 'deltas': array([[0.01613981],
       [0.01613981],
       [0.01613981],
       [0.01613981],
       [0.01613981],
       [0.01613981],
       [0.01613981],
       [0.01613981],
       [0.01613981],
       [0.01613981],
       [0.01613981],
       [0.01613981],
       [0.01613981],
       [0.01613981],
       [0.01613981],
       [0.01613981],
       [0.01613981],
       [0.01613981],
       [0.01613981],
       [0.01613981]]), 'outputs': array([[0.49850268],
       [0.49850401],
       [0.49850773],
       [0.49850156],
       [0.49850936],
       [0.49851342],
       [0.4985053 ],
       [0.49850792],
       [0.49850976],
       [0.49850346],
       [0.49850691],
       [0.49850871],
       [0.49850701],
       [0.49851045],
       [0.49850513],
       [0.49850572],
       [0.49850516],
       [0.49850634],
       [0.49850963],
       [0.49850491]]), 'errors': 0.06455980420974908}, {'weights': array([[-0.45995188, -0.465985  , -0.46937035, -0.45933278, -0.47853867,
        -0.48532223, -0.46181207, -0.46143007, -0.46489315, -0.47748698,
        -0.47874829, -0.47495708, -0.47408513, -0.47843528, -0.46972297,
        -0.46002227, -0.46160256, -0.47654398, -0.46376635, -0.47142428],
       [-0.47505049, -0.46191201, -0.4619444 , -0.47358216, -0.48192145,
        -0.48326367, -0.47962756, -0.47207658, -0.47321839, -0.46442942,
        -0.46643603, -0.47541472, -0.47972768, -0.46672423, -0.46352593,
        -0.46084605, -0.47953736, -0.47320629, -0.47617674, -0.46223808],
       [-0.43062023, -0.43200718, -0.4221248 , -0.42776945, -0.43849597,
        -0.42324234, -0.41600501, -0.42510205, -0.42398597, -0.41422416,
        -0.42235341, -0.42094461, -0.4215513 , -0.42359784, -0.43072898,
        -0.42023318, -0.43366881, -0.42989793, -0.43781592, -0.4315629 ],
       [ 0.20156639,  0.19022877,  0.17576543,  0.20407423,  0.16777991,
         0.16450436,  0.1843786 ,  0.17527448,  0.16776762,  0.19284113,
         0.19331861,  0.1802053 ,  0.18472635,  0.16541874,  0.2050927 ,
         0.1922191 ,  0.2016269 ,  0.18989628,  0.18569881,  0.20381567]]), 'deltas': array([[-8.33381076e-05],
       [-8.03252371e-05],
       [-1.95099530e-04],
       [ 1.68458411e-02]]), 'outputs': array([[0.00917112],
       [0.00900305],
       [0.0140671 ],
       [0.86004593]]), 'errors': array([[-0.00917112],
       [-0.00900305],
       [-0.0140671 ],
       [ 0.13995407]])}]
Accuracy: 33.33333333333333 %

train_data group 4 length:  37
   0   1   2   3   4   5   6   7   8  ...  50  51  52  53  54  55  56  57  58
0   0   0   0   0   0   0   1   1   0 ...   1   0   1   0   1   0   1   0   0
1   0   0   0   0   0   0   1   1   0 ...   1   0   1   0   1   0   1   0   0
2   0   0   0   1   0   0   0   1   0 ...   0   1   0   1   1   0   1   0   1
3   0   0   0   0   0   0   1   1   0 ...   0   1   0   1   1   0   1   0   1
4   0   0   0   0   1   0   0   1   0 ...   1   0   1   0   0   1   1   0   2

[5 rows x 59 columns]
Initial Neural Network:
[{'weights': array([[ 0.001,  0.007, -0.006, ...,  0.01 , -0.004, -0.002],
       [ 0.01 ,  0.006,  0.01 , ..., -0.01 , -0.002,  0.007],
       [-0.008, -0.004, -0.006, ..., -0.004,  0.006, -0.001],
       ...,
       [ 0.009, -0.008,  0.006, ...,  0.   , -0.009,  0.006],
       [-0.008,  0.   ,  0.   , ...,  0.01 , -0.005,  0.005],
       [ 0.   , -0.007, -0.009, ..., -0.005, -0.004,  0.009]]), 'deltas': array([[0.],
       [0.],
       [0.],
       [0.],
       [0.],
       [0.],
       [0.],
       [0.],
       [0.],
       [0.],
       [0.],
       [0.],
       [0.],
       [0.],
       [0.],
       [0.],
       [0.],
       [0.],
       [0.],
       [0.]]), 'outputs': array([[0.],
       [0.],
       [0.],
       [0.],
       [0.],
       [0.],
       [0.],
       [0.],
       [0.],
       [0.],
       [0.],
       [0.],
       [0.],
       [0.],
       [0.],
       [0.],
       [0.],
       [0.],
       [0.],
       [0.]]), 'errors': array([[0.],
       [0.],
       [0.],
       [0.],
       [0.],
       [0.],
       [0.],
       [0.],
       [0.],
       [0.],
       [0.],
       [0.],
       [0.],
       [0.],
       [0.],
       [0.],
       [0.],
       [0.],
       [0.],
       [0.]])}, {'weights': array([[ 0.003, -0.005,  0.009, -0.008, -0.001,  0.009, -0.007, -0.009,
         0.009, -0.006,  0.009,  0.001,  0.007, -0.008,  0.006,  0.006,
         0.009, -0.005,  0.009,  0.   ],
       [ 0.006, -0.003, -0.002, -0.004,  0.002,  0.004, -0.004, -0.007,
        -0.01 , -0.007, -0.01 , -0.008, -0.001,  0.001,  0.01 , -0.01 ,
        -0.01 ,  0.01 , -0.003, -0.008],
       [-0.001,  0.01 ,  0.009,  0.004,  0.   ,  0.009,  0.006, -0.002,
        -0.005, -0.01 ,  0.007,  0.006,  0.005, -0.001, -0.009,  0.   ,
        -0.008,  0.003,  0.002,  0.006],
       [-0.005,  0.008, -0.003, -0.007,  0.003, -0.006, -0.006, -0.001,
        -0.005,  0.01 ,  0.003, -0.006,  0.004, -0.002, -0.006,  0.   ,
        -0.002, -0.008, -0.005, -0.003],
       [ 0.007,  0.006,  0.002, -0.002, -0.003,  0.008, -0.004,  0.   ,
         0.006,  0.005, -0.005,  0.01 , -0.001, -0.005, -0.003,  0.   ,
        -0.003,  0.005,  0.009,  0.001],
       [-0.005,  0.004,  0.01 ,  0.001, -0.003, -0.01 ,  0.006, -0.003,
        -0.006, -0.009,  0.   , -0.002,  0.007, -0.007,  0.001,  0.009,
         0.003, -0.007,  0.003,  0.004],
       [-0.001, -0.009,  0.01 ,  0.004,  0.   , -0.002,  0.001,  0.005,
        -0.01 , -0.005,  0.007,  0.009, -0.004, -0.005,  0.008, -0.001,
        -0.001,  0.006, -0.003, -0.003],
       [-0.004, -0.004,  0.002, -0.003,  0.009,  0.009,  0.004,  0.01 ,
        -0.002, -0.002,  0.007,  0.005, -0.009,  0.007, -0.01 , -0.006,
        -0.009, -0.003,  0.002, -0.006],
       [-0.005, -0.01 ,  0.   ,  0.006, -0.008,  0.005,  0.008,  0.004,
        -0.002,  0.01 ,  0.007, -0.01 ,  0.004, -0.001, -0.005, -0.007,
        -0.005,  0.002,  0.004,  0.007],
       [-0.003, -0.005,  0.001,  0.005,  0.006,  0.003, -0.01 , -0.004,
         0.006,  0.   , -0.01 ,  0.005,  0.007,  0.002,  0.009,  0.   ,
         0.007,  0.003, -0.007,  0.001],
       [ 0.007,  0.008, -0.002,  0.005,  0.008, -0.003,  0.007, -0.009,
        -0.01 , -0.005,  0.001, -0.002,  0.   ,  0.006, -0.002,  0.01 ,
         0.01 , -0.002, -0.01 ,  0.005],
       [-0.003, -0.006, -0.001,  0.   ,  0.008,  0.004,  0.01 ,  0.001,
        -0.003, -0.003,  0.004, -0.006, -0.005, -0.003,  0.009,  0.007,
         0.01 , -0.003, -0.006,  0.   ],
       [-0.007,  0.01 ,  0.01 , -0.001,  0.003,  0.007,  0.002,  0.005,
         0.01 ,  0.009,  0.007, -0.008,  0.005,  0.008,  0.009,  0.002,
         0.009, -0.005, -0.005, -0.009],
       [ 0.001,  0.008,  0.003,  0.006,  0.   ,  0.001, -0.005, -0.006,
         0.006,  0.008,  0.01 ,  0.005, -0.008,  0.006,  0.009,  0.004,
        -0.006, -0.008, -0.005, -0.004],
       [ 0.005, -0.009,  0.004,  0.005, -0.008,  0.001,  0.008,  0.   ,
        -0.006,  0.008, -0.006, -0.009, -0.002, -0.008,  0.01 , -0.004,
        -0.01 , -0.008, -0.004, -0.008],
       [ 0.006,  0.005,  0.009,  0.004, -0.001,  0.005,  0.002,  0.005,
         0.001,  0.01 ,  0.006, -0.008, -0.005, -0.001, -0.001,  0.008,
         0.009, -0.006,  0.003,  0.006],
       [-0.009,  0.007,  0.002,  0.005, -0.007,  0.009, -0.003, -0.005,
        -0.004,  0.004,  0.008, -0.007, -0.009,  0.009, -0.005,  0.   ,
         0.001, -0.009,  0.005, -0.004],
       [ 0.005, -0.01 ,  0.009, -0.006, -0.001, -0.004, -0.01 ,  0.007,
         0.003, -0.008, -0.004,  0.004, -0.003,  0.006,  0.006,  0.005,
         0.004,  0.007,  0.002, -0.007],
       [-0.008,  0.005,  0.001, -0.008,  0.003, -0.002, -0.003, -0.009,
        -0.01 ,  0.003,  0.008, -0.001, -0.001, -0.003, -0.001, -0.005,
         0.01 ,  0.008,  0.006,  0.008],
       [-0.01 , -0.002,  0.001,  0.008, -0.005,  0.006,  0.007, -0.003,
         0.008,  0.006, -0.005, -0.002, -0.003, -0.001, -0.005, -0.007,
        -0.007, -0.003, -0.005,  0.002]]), 'deltas': array([[0.],
       [0.],
       [0.],
       [0.],
       [0.],
       [0.],
       [0.],
       [0.],
       [0.],
       [0.],
       [0.],
       [0.],
       [0.],
       [0.],
       [0.],
       [0.],
       [0.],
       [0.],
       [0.],
       [0.]]), 'outputs': array([[0.],
       [0.],
       [0.],
       [0.],
       [0.],
       [0.],
       [0.],
       [0.],
       [0.],
       [0.],
       [0.],
       [0.],
       [0.],
       [0.],
       [0.],
       [0.],
       [0.],
       [0.],
       [0.],
       [0.]]), 'errors': array([[0.],
       [0.],
       [0.],
       [0.],
       [0.],
       [0.],
       [0.],
       [0.],
       [0.],
       [0.],
       [0.],
       [0.],
       [0.],
       [0.],
       [0.],
       [0.],
       [0.],
       [0.],
       [0.],
       [0.]])}, {'weights': array([[ 0.01 ,  0.005,  0.002,  0.006, -0.005, -0.009,  0.009, -0.003,
        -0.007, -0.001, -0.01 ,  0.   , -0.004,  0.   , -0.009,  0.   ,
         0.005,  0.   ,  0.007, -0.004],
       [ 0.005,  0.001, -0.01 , -0.006, -0.006, -0.008, -0.006, -0.01 ,
         0.01 ,  0.004,  0.005,  0.01 , -0.009, -0.006,  0.003,  0.008,
         0.005, -0.002, -0.01 ,  0.   ],
       [ 0.005, -0.006,  0.004,  0.007, -0.002, -0.005,  0.006,  0.008,
         0.003,  0.   , -0.01 ,  0.005, -0.002,  0.001, -0.005,  0.005,
         0.01 ,  0.002,  0.004, -0.01 ],
       [-0.008,  0.008,  0.001,  0.004,  0.008, -0.001,  0.004,  0.009,
        -0.005, -0.003, -0.006, -0.01 , -0.003, -0.001, -0.009,  0.009,
         0.004,  0.009,  0.008, -0.001]]), 'deltas': array([[0.],
       [0.],
       [0.],
       [0.]]), 'outputs': array([[0.],
       [0.],
       [0.],
       [0.]]), 'errors': array([[0.],
       [0.],
       [0.],
       [0.]])}]
Training complete!
Training done. epoch: 18 , total error: 0.00967344755936548
[{'weights': array([[ 1.40558981e-01, -5.77693410e-01,  9.69174755e-04, ...,
         6.93383874e-01,  3.08135926e+00, -1.55392613e+00],
       [ 1.50655417e-01, -1.10628260e+00, -1.91033419e-01, ...,
        -5.21776327e-01,  2.63930612e+00, -2.24867076e+00],
       [ 1.38525996e-01, -5.60468441e-01,  7.93745983e-03, ...,
         7.81335626e-01,  3.14252755e+00, -1.51047587e+00],
       ...,
       [ 1.23457812e-01, -6.36683302e-01,  1.40249805e-02, ...,
         5.56326424e-01,  3.04120464e+00, -1.63824121e+00],
       [ 1.40081649e-01, -5.42324641e-01,  1.46573225e-02, ...,
         9.50947768e-01,  3.26836032e+00, -1.48293495e+00],
       [ 1.28875258e-01, -1.36676249e+00, -3.18408230e-02, ...,
        -6.79034759e-01,  2.63090193e+00, -2.30164198e+00]]), 'deltas': array([[-5.74746228e-03],
       [-9.94943176e-05],
       [-2.22274261e-03],
       [-4.72097642e-04],
       [-7.16326042e-05],
       [-1.43771515e-02],
       [-2.20458666e-05],
       [-2.78349058e-03],
       [-2.85347679e-05],
       [-7.57523007e-02],
       [-3.37200457e-05],
       [-3.93190619e-04],
       [-2.41312796e-09],
       [-4.65150931e-06],
       [-6.98631094e-04],
       [-1.33885222e-03],
       [-1.30130729e-02],
       [-2.36701716e-02],
       [-5.58527996e-04],
       [-3.83090420e-05]]), 'outputs': array([[9.91168986e-01],
       [1.51546624e-04],
       [9.96603364e-01],
       [9.99280507e-01],
       [1.09103904e-04],
       [2.23971393e-02],
       [3.35756110e-05],
       [9.95742793e-01],
       [4.34585654e-05],
       [8.66925003e-01],
       [5.13561697e-05],
       [9.99400836e-01],
       [3.67504381e-09],
       [7.08400955e-06],
       [9.98934894e-01],
       [9.97956837e-01],
       [9.79772758e-01],
       [9.62549242e-01],
       [9.99148672e-01],
       [5.83456924e-05]]), 'errors': -0.6566256340712784}, {'weights': array([[ 0.06343733, -0.61223071,  0.06544819,  0.04065453, -0.61664559,
         0.04447859, -0.2316119 ,  0.04912567, -0.20309106,  0.04948999,
        -0.36045591,  0.04124285, -0.40223934, -0.45077516,  0.05708466,
         0.05891365,  0.07192373,  0.05478263,  0.0605614 , -0.6151872 ],
       [ 0.06885603, -0.59898244,  0.056878  ,  0.04709824, -0.60221848,
         0.0418534 , -0.22599339,  0.05355296, -0.21956412,  0.05092164,
        -0.37511392,  0.03471338, -0.40502711, -0.43549977,  0.06352805,
         0.04535926,  0.05533026,  0.07220532,  0.05099402, -0.61175258],
       [ 0.05791448, -0.59120959,  0.06392414,  0.05113929, -0.6095534 ,
         0.04278192, -0.21995503,  0.05460181, -0.21857995,  0.04395468,
        -0.36159933,  0.04473543, -0.40251511, -0.44104858,  0.0405645 ,
         0.05138963,  0.05340189,  0.06125896,  0.05204428, -0.60312027],
       [ 0.05624314, -0.58553144,  0.05426461,  0.0425008 , -0.59875867,
         0.03009928, -0.2294006 ,  0.05793966, -0.21609127,  0.06629319,
        -0.36188872,  0.03512435, -0.39935078, -0.43732568,  0.04592233,
         0.05374544,  0.06171891,  0.05258949,  0.04739527, -0.60431604],
       [ 0.06678967, -0.59993657,  0.05779695,  0.04599483, -0.61732839,
         0.04286699, -0.229178  ,  0.05747523, -0.20665002,  0.05984807,
        -0.37494637,  0.04957774, -0.4104894 , -0.44775318,  0.04742756,
         0.05225945,  0.05927906,  0.06413799,  0.05990342, -0.61287432],
       [ 0.05557511, -0.59534976,  0.06658818,  0.0497995 , -0.61064938,
         0.02554474, -0.21825518,  0.0552652 , -0.2178486 ,  0.04663063,
        -0.36726675,  0.0383995 , -0.39925358, -0.4458393 ,  0.05222894,
         0.06205893,  0.06605809,  0.05292321,  0.05470183, -0.60319941],
       [ 0.06024851, -0.61455781,  0.06725781,  0.05344825, -0.61392877,
         0.03440901, -0.22260181,  0.06393574, -0.22106103,  0.05131925,
        -0.36162723,  0.05003064, -0.41238973, -0.44690764,  0.05988619,
         0.05272367,  0.06273462,  0.06659973,  0.04935569, -0.61645454],
       [ 0.05698303, -0.60488841,  0.05899831,  0.04621522, -0.60021118,
         0.04490541, -0.21998276,  0.0686748 , -0.21355738,  0.05403164,
        -0.36036132,  0.04581768, -0.41550663, -0.43231422,  0.04164269,
         0.04747036,  0.05446433,  0.05732818,  0.05411688, -0.61475582],
       [ 0.05639248, -0.61464562,  0.05740968,  0.0556309 , -0.62102187,
         0.04137654, -0.21567626,  0.06308568, -0.2131914 ,  0.06644176,
        -0.36104965,  0.03123339, -0.40366625, -0.4419868 ,  0.04705673,
         0.04688202,  0.05887337,  0.06273582,  0.05653277, -0.60556087],
       [ 0.05711651, -0.60787682,  0.05712686,  0.05333279, -0.60522386,
         0.03814156, -0.23481133,  0.05380448, -0.2063395 ,  0.05517287,
        -0.37868163,  0.04492461, -0.4009168 , -0.43876927,  0.05976329,
         0.05259355,  0.06960269,  0.06246442,  0.04423824, -0.60977476],
       [ 0.06577671, -0.59055392,  0.05278885,  0.05201494, -0.59886265,
         0.03064952, -0.2189385 ,  0.04746597, -0.22360248,  0.04881905,
        -0.36691363,  0.03662063, -0.40651412, -0.43267504,  0.04743614,
         0.06125771,  0.0712626 ,  0.05612187,  0.03991699, -0.60143554],
       [ 0.05749882, -0.60947057,  0.05551264,  0.04872995, -0.6038305 ,
         0.03949094, -0.21450352,  0.05918944, -0.21502959,  0.05254982,
        -0.36460892,  0.03432905, -0.41298595, -0.44406718,  0.06015621,
         0.0599821 ,  0.07298276,  0.056844  ,  0.04563328, -0.61137485],
       [ 0.0519216 , -0.59916144,  0.06493279,  0.04615611, -0.61463465,
         0.04087485, -0.22419333,  0.06160998, -0.20371065,  0.06295744,
        -0.3636269 ,  0.03074935, -0.40529047, -0.43571042,  0.05857714,
         0.0533962 ,  0.07041033,  0.05326143,  0.04506314, -0.62620187],
       [ 0.06085368, -0.59576673,  0.05886301,  0.05406824, -0.61213738,
         0.03583319, -0.23009789,  0.05154084, -0.20664822,  0.06290381,
        -0.35883488,  0.04465782, -0.41612879, -0.43512996,  0.0594984 ,
         0.05632809,  0.05634071,  0.05119997,  0.04597475, -0.61568858],
       [ 0.06862318, -0.61176046,  0.06364266,  0.05684823, -0.61908369,
         0.03975618, -0.21334555,  0.06131824, -0.21478708,  0.06669625,
        -0.37262217,  0.03444895, -0.40840604, -0.44790391,  0.06428388,
         0.05211973,  0.0560996 ,  0.05497297,  0.05074846, -0.61859672],
       [ 0.06478468, -0.60295382,  0.06379305,  0.05100624, -0.61739137,
         0.03883501, -0.22420295,  0.06147092, -0.21269271,  0.06383354,
        -0.36484834,  0.0305945 , -0.41544006, -0.44479884,  0.04843131,
         0.0592548 ,  0.07027551,  0.05212934,  0.05291449, -0.60994804],
       [ 0.05235202, -0.59333857,  0.05936872,  0.05458679, -0.61565619,
         0.04529432, -0.22658024,  0.05404492, -0.21515628,  0.06040377,
        -0.35887972,  0.03419165, -0.41501173, -0.42979882,  0.04701456,
         0.05384258,  0.06483188,  0.05169782,  0.05748741, -0.61220087],
       [ 0.06652963, -0.6166942 ,  0.06654104,  0.04373718, -0.61608476,
         0.03272232, -0.23332221,  0.06621846, -0.20775618,  0.04860149,
        -0.37269744,  0.04532277, -0.4115579 , -0.43615697,  0.05817321,
         0.05900849,  0.06801465,  0.06788007,  0.05464368, -0.62161279],
       [ 0.05174079, -0.59224259,  0.05675529,  0.03998061, -0.60252204,
         0.03264867, -0.22797798,  0.04843195, -0.22262958,  0.05779   ,
        -0.35903946,  0.03858961, -0.40668645, -0.44091102,  0.04940371,
         0.04722761,  0.07222371,  0.06708752,  0.05688076, -0.5970825 ],
       [ 0.05192474, -0.60208411,  0.058943  ,  0.05816212, -0.61338748,
         0.04285119, -0.21612183,  0.05661883, -0.20266917,  0.06297577,
        -0.37188218,  0.03976914, -0.40908544, -0.43992552,  0.04759003,
         0.04741843,  0.05740294,  0.05826989,  0.04806173, -0.60592543]]), 'deltas': array([[0.01131151],
       [0.01135304],
       [0.01142033],
       [0.01143247],
       [0.01129228],
       [0.01134841],
       [0.01123682],
       [0.01139255],
       [0.01134971],
       [0.01132239],
       [0.01141041],
       [0.01134116],
       [0.0113576 ],
       [0.01134744],
       [0.01126546],
       [0.01129968],
       [0.01138285],
       [0.01121391],
       [0.01139543],
       [0.01139211]]), 'outputs': array([[0.63230836],
       [0.6290427 ],
       [0.62356716],
       [0.62255354],
       [0.63379407],
       [0.62941033],
       [0.63798776],
       [0.62585657],
       [0.62930695],
       [0.63146099],
       [0.62438926],
       [0.62998495],
       [0.62867837],
       [0.62948754],
       [0.63583823],
       [0.633224  ],
       [0.62664619],
       [0.63968393],
       [0.62562112],
       [0.62589274]]), 'errors': 0.04865281355256214}, {'weights': array([[-0.45178386, -0.45295652, -0.46052752, -0.45301863, -0.46742119,
        -0.46959649, -0.45189243, -0.46363843, -0.46749651, -0.46249759,
        -0.47229858, -0.46143809, -0.46746445, -0.46209225, -0.46711699,
        -0.46358205, -0.45510263, -0.46066109, -0.45421459, -0.46358259],
       [-0.48273016, -0.48223208, -0.49736119, -0.48969437, -0.49405919,
        -0.49367895, -0.49275663, -0.49594154, -0.47644323, -0.48288019,
        -0.48182323, -0.47691379, -0.49830891, -0.49352342, -0.48145098,
        -0.4812904 , -0.4805723 , -0.48881514, -0.49574516, -0.48507748],
       [-0.38755615, -0.39190446, -0.38776081, -0.37988161, -0.39435613,
        -0.39446744, -0.38457729, -0.38145229, -0.3876638 , -0.39119479,
        -0.40086047, -0.38594962, -0.3969687 , -0.3905167 , -0.39253826,
        -0.38918627, -0.37890231, -0.38878781, -0.38542195, -0.39846306],
       [ 0.13511312,  0.18063658,  0.13753858,  0.16530424,  0.15024001,
         0.15091132,  0.15764456,  0.16024394,  0.14555759,  0.14384309,
         0.13324249,  0.13680736,  0.12433535,  0.14038742,  0.1628902 ,
         0.14056943,  0.1591181 ,  0.16383732,  0.15646952,  0.15748837]]), 'deltas': array([[-8.87935371e-06],
       [-4.60787172e-06],
       [-5.37530744e-05],
       [ 1.66023073e-02]]), 'outputs': array([[0.00298428],
       [0.00214891],
       [0.00735877],
       [0.86115037]]), 'errors': array([[-0.00298428],
       [-0.00214891],
       [-0.00735877],
       [ 0.13884963]])}]
Accuracy: 40.0 %

Feedforward Neural Network AVG Accuracy (%): 36.0 %
