Namespace(max_epochs=100, num_layers=2, num_nodes_per_hidden_layer=10, training_rate=0.5)

train_data group 0 length:  38
   0   1   2   3   4   5   6   7   8  ...  50  51  52  53  54  55  56  57  58
0   0   0   0   0   1   0   0   1   0 ...   1   0   1   0   1   0   1   0   0
1   0   0   0   0   0   0   1   1   0 ...   1   0   1   0   1   0   1   0   0
2   0   0   0   0   0   1   0   1   0 ...   0   1   0   1   1   0   1   0   1
3   0   0   0   0   1   0   0   1   0 ...   0   1   0   1   1   0   1   0   1
4   1   0   0   0   0   0   0   0   1 ...   1   0   1   0   0   1   1   0   2

[5 rows x 59 columns]
Initial Neural Network:
[{'weights': array([[-0.004,  0.008,  0.006,  0.001,  0.009,  0.002,  0.006, -0.006,
        -0.007,  0.008, -0.01 , -0.005, -0.009,  0.01 ,  0.003,  0.006,
        -0.005,  0.002, -0.008,  0.001, -0.003,  0.01 , -0.008, -0.002,
        -0.002, -0.008, -0.01 ,  0.003,  0.01 ,  0.009,  0.008,  0.01 ,
         0.005, -0.008,  0.001, -0.003, -0.005, -0.009,  0.01 ,  0.002,
         0.007, -0.001,  0.001, -0.002, -0.001,  0.004, -0.003,  0.005,
        -0.005,  0.009, -0.005, -0.01 ,  0.01 , -0.005,  0.008,  0.007,
        -0.006,  0.004],
       [ 0.009,  0.002, -0.005,  0.005,  0.009, -0.001,  0.01 ,  0.007,
         0.   , -0.002, -0.004, -0.009,  0.009,  0.001, -0.004,  0.001,
        -0.003,  0.007, -0.004,  0.   , -0.004, -0.005, -0.007,  0.007,
         0.   ,  0.005, -0.005, -0.001,  0.008, -0.001, -0.009, -0.003,
        -0.003,  0.002,  0.007,  0.008, -0.004, -0.004, -0.001, -0.009,
         0.007,  0.002, -0.01 , -0.01 , -0.005, -0.004, -0.009, -0.004,
         0.003, -0.007,  0.002,  0.005,  0.007,  0.005, -0.005,  0.01 ,
        -0.001,  0.   ],
       [-0.008,  0.001, -0.006,  0.005,  0.005,  0.003,  0.   , -0.002,
         0.01 , -0.007, -0.001, -0.007, -0.006, -0.007,  0.009, -0.004,
         0.006,  0.005,  0.006,  0.   , -0.01 ,  0.001,  0.003,  0.003,
         0.01 ,  0.009, -0.005, -0.003,  0.01 ,  0.01 ,  0.005,  0.   ,
        -0.004, -0.005,  0.009, -0.009, -0.01 ,  0.   , -0.01 ,  0.007,
         0.   , -0.01 , -0.003,  0.001, -0.007,  0.01 ,  0.004,  0.004,
         0.001, -0.006,  0.001,  0.01 ,  0.005,  0.   , -0.006,  0.003,
         0.002, -0.007],
       [ 0.009,  0.008,  0.001, -0.008, -0.006,  0.01 ,  0.001,  0.003,
         0.001,  0.003, -0.009,  0.009,  0.008, -0.005, -0.006, -0.008,
         0.003, -0.008,  0.007, -0.007,  0.   , -0.003, -0.004, -0.008,
         0.002, -0.009, -0.009, -0.001,  0.006,  0.007,  0.005,  0.01 ,
         0.007,  0.   ,  0.009, -0.004, -0.009, -0.01 , -0.006, -0.001,
         0.006,  0.007, -0.001, -0.003, -0.003,  0.002,  0.002, -0.004,
         0.006, -0.001, -0.007,  0.008,  0.004, -0.01 ,  0.005, -0.006,
        -0.008, -0.002],
       [ 0.006,  0.001,  0.001, -0.01 , -0.002,  0.005, -0.009,  0.005,
         0.002, -0.01 ,  0.006, -0.01 , -0.004,  0.003,  0.004,  0.006,
         0.005, -0.009,  0.004, -0.009, -0.001,  0.01 ,  0.005, -0.004,
         0.003,  0.01 , -0.007, -0.009, -0.006, -0.009, -0.001,  0.008,
        -0.001, -0.009,  0.005,  0.006, -0.007, -0.01 ,  0.007,  0.   ,
         0.   ,  0.005,  0.007,  0.003,  0.009, -0.005, -0.007,  0.002,
         0.002,  0.005,  0.005, -0.004, -0.005, -0.01 , -0.003,  0.001,
         0.003,  0.004],
       [-0.007,  0.006,  0.009,  0.002,  0.007, -0.006, -0.004, -0.001,
         0.01 ,  0.005, -0.001,  0.002, -0.001, -0.003,  0.   ,  0.007,
         0.003,  0.008, -0.002,  0.003,  0.005,  0.007, -0.003,  0.004,
         0.002,  0.009,  0.004, -0.008, -0.002,  0.   ,  0.   ,  0.   ,
         0.   , -0.004,  0.   ,  0.01 ,  0.002,  0.001, -0.008, -0.001,
         0.005, -0.009, -0.003,  0.005,  0.002,  0.01 ,  0.001,  0.005,
        -0.002,  0.009,  0.008,  0.008, -0.006, -0.007, -0.004, -0.007,
         0.007,  0.007],
       [ 0.   ,  0.008,  0.002,  0.001, -0.007,  0.   , -0.008,  0.002,
        -0.009, -0.002, -0.007, -0.005,  0.008, -0.001, -0.001,  0.004,
        -0.001,  0.003, -0.001,  0.005,  0.007, -0.002, -0.008,  0.007,
        -0.001, -0.01 , -0.005,  0.008, -0.002, -0.005, -0.008,  0.01 ,
         0.004, -0.006, -0.008,  0.007, -0.007,  0.004,  0.009,  0.004,
        -0.003,  0.006,  0.01 , -0.003, -0.006, -0.005, -0.01 , -0.01 ,
        -0.006,  0.007, -0.004,  0.003,  0.002, -0.007,  0.006,  0.008,
         0.009, -0.007],
       [-0.003,  0.   ,  0.003,  0.004, -0.009, -0.003, -0.008,  0.005,
        -0.007, -0.005,  0.005,  0.01 ,  0.   ,  0.002,  0.   ,  0.008,
         0.004, -0.004, -0.005,  0.006, -0.008,  0.001,  0.005, -0.005,
        -0.005,  0.   ,  0.003, -0.006, -0.004,  0.008, -0.006,  0.01 ,
         0.003,  0.009, -0.008, -0.008,  0.007,  0.009, -0.004, -0.007,
        -0.005,  0.01 , -0.006,  0.002, -0.003,  0.006,  0.006, -0.004,
         0.01 , -0.005, -0.009, -0.009, -0.002,  0.005,  0.008, -0.01 ,
        -0.01 , -0.009],
       [ 0.001, -0.008,  0.009, -0.004, -0.006,  0.01 , -0.01 ,  0.004,
        -0.003,  0.009,  0.005, -0.008, -0.001,  0.009, -0.003, -0.01 ,
        -0.005,  0.007, -0.005,  0.004,  0.002,  0.005,  0.005,  0.009,
         0.003,  0.005, -0.004, -0.002, -0.005,  0.006,  0.001, -0.009,
         0.003,  0.003, -0.005,  0.004,  0.002,  0.01 ,  0.008, -0.006,
        -0.005, -0.002, -0.002,  0.009,  0.007,  0.001, -0.01 , -0.004,
        -0.01 , -0.01 , -0.008,  0.01 ,  0.004, -0.004,  0.002,  0.005,
         0.01 , -0.008],
       [-0.009, -0.009, -0.008,  0.002, -0.003,  0.003,  0.003, -0.005,
         0.006, -0.009,  0.009, -0.01 , -0.006, -0.01 , -0.009,  0.007,
        -0.01 , -0.006, -0.004, -0.007,  0.008, -0.007,  0.005,  0.003,
         0.   , -0.002, -0.008, -0.006, -0.01 ,  0.006,  0.007,  0.   ,
        -0.003,  0.008, -0.01 , -0.003, -0.004,  0.009,  0.001,  0.006,
         0.01 ,  0.01 ,  0.001, -0.009,  0.004,  0.009,  0.008, -0.005,
        -0.004,  0.009,  0.008, -0.006,  0.01 ,  0.008, -0.006, -0.008,
        -0.008,  0.004]]), 'deltas': array([[0.],
       [0.],
       [0.],
       [0.],
       [0.],
       [0.],
       [0.],
       [0.],
       [0.],
       [0.]]), 'outputs': array([[0.],
       [0.],
       [0.],
       [0.],
       [0.],
       [0.],
       [0.],
       [0.],
       [0.],
       [0.]]), 'errors': array([[0.],
       [0.],
       [0.],
       [0.],
       [0.],
       [0.],
       [0.],
       [0.],
       [0.],
       [0.]])}, {'weights': array([[-0.004, -0.01 ,  0.005,  0.01 , -0.009, -0.008,  0.01 ,  0.01 ,
         0.   , -0.01 ],
       [ 0.002,  0.007,  0.009, -0.003, -0.002, -0.002,  0.002, -0.008,
        -0.008,  0.002],
       [-0.004,  0.004, -0.007,  0.007,  0.008, -0.001,  0.007, -0.008,
         0.003,  0.006],
       [ 0.008, -0.01 , -0.004,  0.007, -0.009,  0.003,  0.002,  0.01 ,
        -0.01 , -0.001]]), 'deltas': array([[0.],
       [0.],
       [0.],
       [0.]]), 'outputs': array([[0.],
       [0.],
       [0.],
       [0.]]), 'errors': array([[0.],
       [0.],
       [0.],
       [0.]])}]
Training complete!
Training done. epoch: 45 , total error: 0.009948729520340333
[{'weights': array([[-2.06087490e-01,  3.01112412e-01,  1.48122805e-01,
         1.87800201e-01, -1.55638744e-01, -1.92898563e-01,
        -3.17614749e-01, -7.10724941e-01,  4.34520812e-01,
        -3.11826566e-01,  2.65500407e-01, -2.23877970e-01,
        -8.32580785e-02, -1.79384555e-01,  3.43850439e-03,
        -5.76863107e-01,  3.14658978e-01, -4.07791050e-01,
        -4.68422216e-02,  2.58577583e-01, -7.51484406e-02,
        -4.57616374e-01,  3.72725613e-01,  3.02155231e-02,
        -2.10528891e-01, -1.50390993e-01, -1.30813136e-01,
        -3.77583012e-01,  1.27378884e-01,  2.69821320e-01,
        -3.01366140e-01, -2.04659309e-01, -6.09974417e-01,
         3.43770288e-01, -1.56460188e-01, -1.08743941e-01,
        -3.24826566e-01,  1.81454454e-01,  5.82046206e-01,
        -7.03878223e-01, -4.96024998e-01, -8.18827642e-01,
         1.37847508e+00, -3.21826566e-01,  4.41674094e-01,
        -7.01878223e-01,  5.20220971e-01, -7.81425100e-01,
        -1.17769506e-01, -1.41434623e-01,  5.16224372e-02,
        -3.29826566e-01,  6.66224372e-02, -3.24826566e-01,
        -1.01770479e+00,  7.69500660e-01, -5.54406768e-01,
         2.89202639e-01],
       [-2.03596456e-01,  2.95447467e-01,  1.44054814e-01,
         2.17783714e-01, -1.58626227e-01, -2.04883762e-01,
        -3.21516539e-01, -6.90600093e-01,  4.37263104e-01,
        -3.34637962e-01,  2.69268391e-01, -2.09967419e-01,
        -3.94008384e-02, -2.08612938e-01, -6.32321338e-03,
        -6.01535210e-01,  3.39198220e-01, -3.70590184e-01,
        -8.64507157e-02,  2.56577398e-01, -6.08734884e-02,
        -4.73717943e-01,  3.89185195e-01,  3.74518591e-02,
        -2.18256101e-01, -1.23954692e-01, -1.36382298e-01,
        -4.11056656e-01,  1.57719666e-01,  2.48361331e-01,
        -3.13545018e-01, -2.08153303e-01, -5.89785844e-01,
         3.28448855e-01, -1.63503604e-01, -8.18333854e-02,
        -3.36637962e-01,  2.13683642e-01,  5.69818173e-01,
        -7.25200842e-01, -5.05958372e-01, -7.88028315e-01,
         1.36528766e+00, -3.42637962e-01,  4.50863853e-01,
        -7.20200842e-01,  4.98505507e-01, -7.71842497e-01,
        -1.01525672e-01, -1.62811318e-01,  7.43009728e-02,
        -3.27637962e-01,  7.93009728e-02, -3.27637962e-01,
        -1.05383880e+00,  7.98501815e-01, -4.84631836e-01,
         2.23294846e-01],
       [-2.11536885e-01,  2.92819684e-01,  1.45309970e-01,
         2.06641419e-01, -1.59709788e-01, -1.99902836e-01,
        -3.32570858e-01, -7.07654154e-01,  4.56704861e-01,
        -3.34428829e-01,  2.72971535e-01, -2.12492000e-01,
        -5.22235918e-02, -2.23710532e-01,  1.29848298e-02,
        -5.87235274e-01,  3.30285980e-01, -3.56240262e-01,
        -8.39480443e-02,  2.62031237e-01, -7.97922246e-02,
        -4.70226364e-01,  3.99476710e-01,  3.55233457e-02,
        -2.06722985e-01, -9.83618575e-02, -1.56587436e-01,
        -4.27989310e-01,  1.76040017e-01,  2.55287788e-01,
        -3.11916306e-01, -1.87320775e-01, -5.87722478e-01,
         3.19773185e-01, -1.49140159e-01, -1.09809134e-01,
        -3.37428829e-01,  2.17288586e-01,  5.60039738e-01,
        -7.11848788e-01, -5.14676092e-01, -7.97895175e-01,
         1.36805080e+00, -3.26428829e-01,  4.52899495e-01,
        -7.08848788e-01,  5.15226121e-01, -7.66175414e-01,
        -9.56563936e-02, -1.68292900e-01,  6.94795352e-02,
        -3.17428829e-01,  7.34795352e-02, -3.27428829e-01,
        -1.05227762e+00,  7.90328323e-01, -4.69807727e-01,
         2.05858434e-01],
       [-2.02677693e-01,  3.02251289e-01,  1.46431012e-01,
         1.94602044e-01, -1.75570900e-01, -1.89433246e-01,
        -3.24753181e-01, -6.98043173e-01,  4.37892499e-01,
        -3.27515749e-01,  2.68577914e-01, -2.02212840e-01,
        -5.78799927e-02, -1.97026666e-01, -1.22440154e-02,
        -6.07003018e-01,  3.37852343e-01, -4.14217665e-01,
        -5.40959391e-02,  2.51428370e-01, -5.52654409e-02,
        -4.69155912e-01,  3.83379747e-01,  2.11367247e-02,
        -2.12511234e-01, -1.57555482e-01, -1.24595192e-01,
        -3.85691084e-01,  1.26540409e-01,  2.64710923e-01,
        -2.89910216e-01, -2.16951381e-01, -5.98328972e-01,
         3.41178297e-01, -1.63688126e-01, -9.54625489e-02,
        -3.39515749e-01,  1.88461188e-01,  5.68599692e-01,
        -7.07695805e-01, -4.98318399e-01, -8.00706378e-01,
         1.37738985e+00, -3.33515749e-01,  4.39545131e-01,
        -7.04695805e-01,  5.15034241e-01, -7.81184916e-01,
        -1.09157270e-01, -1.49993404e-01,  5.93650748e-02,
        -3.22515749e-01,  7.03650748e-02, -3.40515749e-01,
        -1.03221155e+00,  7.67060880e-01, -5.38605060e-01,
         2.64454386e-01],
       [-2.18373190e-01,  2.92824357e-01,  1.51496757e-01,
         2.23127036e-01, -1.72322415e-01, -2.01694198e-01,
        -3.39619041e-01, -6.77640087e-01,  4.28079393e-01,
        -3.41646415e-01,  2.77508134e-01, -2.06422413e-01,
        -3.73162160e-02, -2.20042092e-01,  3.79761418e-03,
        -6.05850803e-01,  3.60290109e-01, -3.88675499e-01,
        -8.87946286e-02,  2.48423570e-01, -4.25141371e-02,
        -4.60995393e-01,  4.08011460e-01,  2.76220781e-02,
        -2.17198840e-01, -1.23848738e-01, -1.29711956e-01,
        -4.16875880e-01,  1.45315186e-01,  2.41337386e-01,
        -2.74230311e-01, -2.25667769e-01, -5.73382987e-01,
         3.06822293e-01, -1.73123972e-01, -7.24367217e-02,
        -3.38646415e-01,  2.18033863e-01,  5.76528901e-01,
        -7.22477043e-01, -5.17136871e-01, -7.72723159e-01,
         1.37694575e+00, -3.28646415e-01,  4.74916349e-01,
        -7.27477043e-01,  5.01249622e-01, -7.62810317e-01,
        -9.76239517e-02, -1.51936742e-01,  8.00857209e-02,
        -3.35646415e-01,  7.00857209e-02, -3.41646415e-01,
        -1.05712346e+00,  7.98562764e-01, -4.55809806e-01,
         2.06249112e-01],
       [-2.32126434e-01,  2.99987649e-01,  1.55567764e-01,
         2.32671938e-01, -1.63990258e-01, -2.11105750e-01,
        -3.34169218e-01, -6.84485273e-01,  4.33320964e-01,
        -3.30409475e-01,  2.72795020e-01, -1.96549854e-01,
        -4.08737611e-02, -2.19209206e-01, -4.08134193e-03,
        -6.14753273e-01,  3.64588964e-01, -3.92019003e-01,
        -8.12776954e-02,  2.54423479e-01, -2.72910898e-02,
        -4.63587427e-01,  3.98681859e-01,  3.48347055e-02,
        -2.20093446e-01, -1.43871797e-01, -1.03292512e-01,
        -3.98250780e-01,  1.28086471e-01,  2.51667181e-01,
        -2.64247483e-01, -2.47584007e-01, -5.77127562e-01,
         3.12963253e-01, -1.85845904e-01, -6.43184046e-02,
        -3.33409475e-01,  2.24713499e-01,  5.64325690e-01,
        -7.21794023e-01, -5.13155508e-01, -7.88766077e-01,
         1.37016675e+00, -3.30409475e-01,  4.62629714e-01,
        -7.10794023e-01,  5.06476286e-01, -7.60640595e-01,
        -1.06518404e-01, -1.46645905e-01,  8.32451661e-02,
        -3.27409475e-01,  6.92451661e-02, -3.42409475e-01,
        -1.06020350e+00,  7.89039189e-01, -4.75472256e-01,
         2.29307947e-01],
       [-2.78879364e-01,  3.01053935e-01,  1.72088934e-01,
         3.15967899e-01, -1.85741982e-01, -2.17406054e-01,
        -3.48997124e-01, -6.26262073e-01,  3.81348317e-01,
        -3.51274375e-01,  2.63326935e-01, -1.63966316e-01,
         3.92872659e-02, -2.65754509e-01, -5.44651312e-03,
        -6.80937846e-01,  4.46024090e-01, -3.91015925e-01,
        -1.42563669e-01,  2.34696595e-01,  7.49692429e-02,
        -4.81931306e-01,  4.39526247e-01,  4.02249652e-02,
        -2.39733662e-01, -1.95535180e-01, -5.73785754e-02,
        -3.64539468e-01,  1.32625712e-01,  2.32991384e-01,
        -1.57387715e-01, -3.16517424e-01, -4.96559576e-01,
         2.56645821e-01, -2.40214580e-01,  1.30082364e-03,
        -3.56274375e-01,  2.96566409e-01,  5.77687135e-01,
        -7.45892925e-01, -5.46528907e-01, -7.00923594e-01,
         1.37181312e+00, -3.52274375e-01,  5.05979169e-01,
        -7.54892925e-01,  4.75988553e-01, -7.33902309e-01,
        -8.49723069e-02, -1.51941449e-01,  1.07360619e-01,
        -3.46274375e-01,  1.13360619e-01, -3.56274375e-01,
        -1.09316730e+00,  8.69253544e-01, -3.50041700e-01,
         1.14127944e-01],
       [-2.12104023e-01,  2.97707974e-01,  1.49135204e-01,
         1.98047416e-01, -1.74144741e-01, -2.01298529e-01,
        -3.35728849e-01, -6.99915906e-01,  4.35530358e-01,
        -3.29252548e-01,  2.78602605e-01, -2.01735605e-01,
        -6.65376697e-02, -1.94069468e-01,  2.21589525e-04,
        -5.80214812e-01,  3.29829264e-01, -4.00420321e-01,
        -6.55510177e-02,  2.63455161e-01, -7.08693704e-02,
        -4.66888983e-01,  3.87468742e-01,  2.72143001e-02,
        -2.14179607e-01, -1.38849916e-01, -1.20535632e-01,
        -3.95100283e-01,  1.22714735e-01,  2.61315033e-01,
        -3.06509580e-01, -2.05191000e-01, -6.00890525e-01,
         3.50504977e-01, -1.66072260e-01, -1.12313287e-01,
        -3.17252548e-01,  2.04015751e-01,  5.72572134e-01,
        -7.16720885e-01, -5.10962813e-01, -7.97648596e-01,
         1.36947841e+00, -3.22252548e-01,  4.44335337e-01,
        -7.03720885e-01,  5.19867735e-01, -7.80253283e-01,
        -9.78442361e-02, -1.59541312e-01,  5.28670003e-02,
        -3.33252548e-01,  5.98670003e-02, -3.19252548e-01,
        -1.02597343e+00,  7.61587885e-01, -5.39064726e-01,
         2.57679178e-01],
       [-2.54488146e-01,  2.87816059e-01,  1.74920867e-01,
         2.64247111e-01, -1.78194893e-01, -2.01798002e-01,
        -3.49909909e-01, -6.59599580e-01,  4.11192667e-01,
        -3.35289293e-01,  2.75056839e-01, -1.83174459e-01,
        -1.94254509e-03, -2.36811177e-01, -5.65319078e-03,
        -6.48382712e-01,  3.83975799e-01, -3.83730848e-01,
        -1.20330997e-01,  2.46380414e-01,  1.62745189e-02,
        -4.68148534e-01,  4.28751936e-01,  4.20913638e-02,
        -2.30101678e-01, -1.61216811e-01, -8.71901012e-02,
        -3.92255121e-01,  1.35848208e-01,  2.41591821e-01,
        -2.12698044e-01, -2.80300690e-01, -5.35588000e-01,
         2.92181087e-01, -2.03419721e-01, -4.69871920e-02,
        -3.42289293e-01,  2.65265043e-01,  5.80718853e-01,
        -7.39101517e-01, -5.34026402e-01, -7.44663115e-01,
         1.36457190e+00, -3.35289293e-01,  4.90694604e-01,
        -7.32101517e-01,  4.84857429e-01, -7.48264342e-01,
        -9.42490167e-02, -1.75157896e-01,  8.68823799e-02,
        -3.34289293e-01,  9.88823799e-02, -3.48289293e-01,
        -1.07539081e+00,  8.32983897e-01, -4.01732861e-01,
         1.54325948e-01],
       [-2.51548829e-01,  2.89000980e-01,  1.41987285e-01,
         2.42782624e-01, -1.75291920e-01, -2.00118280e-01,
        -3.23374946e-01, -6.72181481e-01,  4.17618395e-01,
        -3.42618815e-01,  2.79313914e-01, -2.02258185e-01,
        -4.64757648e-02, -2.18212366e-01, -1.58749554e-02,
        -6.35438543e-01,  3.76875457e-01, -4.34966088e-01,
        -6.90704410e-02,  2.36980405e-01,  2.49303862e-03,
        -4.73860345e-01,  4.03381891e-01,  3.39084360e-02,
        -2.17993068e-01, -1.87812734e-01, -7.77503520e-02,
        -3.66634448e-01,  9.50713623e-02,  2.59933484e-01,
        -2.23107450e-01, -2.79389120e-01, -5.78406156e-01,
         3.27843070e-01, -2.07904536e-01, -6.06585503e-02,
        -3.37618815e-01,  2.29997948e-01,  5.75600347e-01,
        -7.11542566e-01, -5.06231305e-01, -7.66717417e-01,
         1.37200445e+00, -3.42618815e-01,  4.65979480e-01,
        -7.08542566e-01,  5.10167209e-01, -7.62730295e-01,
        -1.15956835e-01, -1.34606250e-01,  8.60557294e-02,
        -3.39618815e-01,  8.80557294e-02, -3.25618815e-01,
        -1.05716138e+00,  7.87598295e-01, -5.01966030e-01,
         2.42402944e-01]]), 'deltas': array([[0.00110003],
       [0.00115706],
       [0.00115413],
       [0.00110353],
       [0.00115165],
       [0.00109438],
       [0.00101175],
       [0.00109397],
       [0.00105689],
       [0.00104146]]), 'outputs': array([[0.97187904],
       [0.97037549],
       [0.97045277],
       [0.97178711],
       [0.9705184 ],
       [0.97202775],
       [0.97419748],
       [0.97203871],
       [0.97301347],
       [0.97341857]]), 'errors': 0.04024982073156691}, {'weights': array([[-1.39621824, -1.47627898, -1.47525872, -1.41144754, -1.50443686,
        -1.48611698, -1.57777692, -1.4118764 , -1.55488812, -1.45425692],
       [-0.81036288, -0.88106173, -0.87012109, -0.85185837, -0.93878967,
        -0.90307801, -1.11007328, -0.81986383, -0.9789481 , -0.91384561],
       [-0.60263302, -0.29944626, -0.29707701, -0.46416393, -0.15969353,
        -0.26115709,  0.41127856, -0.53860131,  0.06228292, -0.29429568],
       [ 0.60847985,  0.27946335,  0.22884898,  0.50026922,  0.13447557,
         0.21759735, -0.4708968 ,  0.50591842, -0.14699713,  0.34471555]]), 'deltas': array([[-3.53518916e-13],
       [-2.16393641e-08],
       [-7.04240501e-03],
       [ 1.08329560e-02]]), 'outputs': array([[5.94574744e-07],
       [1.47114065e-04],
       [8.78681937e-02],
       [8.89652286e-01]]), 'errors': array([[-5.94574744e-07],
       [-1.47114065e-04],
       [-8.78681937e-02],
       [ 1.10347714e-01]])}]
target: 0 prediction: 3
target: 0 prediction: 3
target: 1 prediction: 3
target: 1 prediction: 3
target: 2 prediction: 3
target: 2 prediction: 3
target: 3 prediction: 3
target: 3 prediction: 3
target: 3 prediction: 3
Accuracy: 33.33333333333333 %

train_data group 1 length:  38
   0   1   2   3   4   5   6   7   8  ...  50  51  52  53  54  55  56  57  58
0   0   0   0   0   0   0   1   1   0 ...   1   0   1   0   1   0   1   0   0
1   0   0   0   0   0   0   1   1   0 ...   1   0   1   0   1   0   1   0   0
2   0   0   0   1   0   0   0   1   0 ...   0   1   0   1   1   0   1   0   1
3   0   0   0   0   0   0   1   1   0 ...   0   1   0   1   1   0   1   0   1
4   0   0   0   0   1   0   0   1   0 ...   1   0   1   0   0   1   1   0   2

[5 rows x 59 columns]
Initial Neural Network:
[{'weights': array([[-0.006, -0.001,  0.003,  0.004, -0.006,  0.008, -0.008,  0.   ,
         0.001, -0.001,  0.007,  0.006,  0.006, -0.001, -0.009, -0.004,
         0.005, -0.005, -0.005,  0.005,  0.005, -0.01 ,  0.006, -0.006,
        -0.01 ,  0.005,  0.002,  0.004,  0.001,  0.008, -0.006,  0.004,
        -0.007, -0.002,  0.001,  0.003, -0.001, -0.006, -0.002, -0.005,
         0.004,  0.001, -0.006,  0.002,  0.004,  0.008,  0.009, -0.001,
         0.005, -0.008, -0.004,  0.001, -0.004,  0.005,  0.005,  0.005,
         0.003, -0.006],
       [ 0.002,  0.007,  0.001,  0.008,  0.005, -0.01 ,  0.002, -0.005,
         0.001,  0.006, -0.009, -0.001,  0.006, -0.005, -0.001,  0.009,
         0.001, -0.005, -0.001,  0.005,  0.001,  0.002, -0.007, -0.009,
         0.   ,  0.007,  0.008, -0.008,  0.003,  0.004, -0.007, -0.004,
         0.002, -0.009, -0.008,  0.001, -0.01 , -0.003, -0.004,  0.001,
        -0.005, -0.004,  0.   ,  0.006, -0.007, -0.01 , -0.006, -0.007,
        -0.009,  0.009,  0.003,  0.008,  0.008,  0.005, -0.006, -0.01 ,
         0.004, -0.008],
       [ 0.002, -0.008, -0.01 ,  0.01 ,  0.004,  0.   ,  0.007, -0.004,
         0.008, -0.003,  0.009,  0.007, -0.001, -0.008,  0.   ,  0.   ,
        -0.005, -0.001, -0.007,  0.002, -0.004, -0.002, -0.008, -0.001,
        -0.003, -0.01 , -0.003,  0.001,  0.01 , -0.009,  0.003,  0.   ,
         0.001,  0.005,  0.004,  0.009,  0.01 , -0.006,  0.009, -0.002,
         0.004,  0.009,  0.008,  0.005,  0.002,  0.01 ,  0.004, -0.002,
         0.001, -0.006, -0.001,  0.   ,  0.004,  0.005,  0.002,  0.01 ,
         0.   , -0.01 ],
       [ 0.001,  0.003, -0.007,  0.004, -0.01 ,  0.009,  0.007,  0.   ,
         0.   ,  0.005,  0.007, -0.003, -0.007, -0.008,  0.003, -0.001,
         0.001,  0.   ,  0.005, -0.005,  0.   , -0.002, -0.009,  0.001,
         0.006,  0.001, -0.002,  0.01 , -0.009, -0.003, -0.009, -0.008,
        -0.006, -0.001,  0.01 ,  0.009,  0.003, -0.002, -0.005,  0.005,
         0.009,  0.001,  0.006, -0.007,  0.004, -0.009,  0.004, -0.009,
         0.007, -0.004, -0.004, -0.004, -0.005, -0.006,  0.004, -0.005,
         0.002, -0.004],
       [-0.003,  0.01 ,  0.008, -0.008,  0.003,  0.004,  0.003,  0.005,
        -0.004, -0.007, -0.005,  0.   , -0.002,  0.007,  0.003,  0.003,
         0.006, -0.01 ,  0.002,  0.007,  0.001, -0.003,  0.01 , -0.006,
        -0.001,  0.   ,  0.003, -0.007, -0.006, -0.003, -0.006, -0.003,
         0.003,  0.003, -0.01 , -0.006, -0.009,  0.001,  0.006, -0.004,
        -0.008, -0.006,  0.003,  0.01 ,  0.   , -0.01 , -0.004,  0.008,
         0.006, -0.007,  0.008, -0.01 , -0.007,  0.006,  0.005,  0.004,
         0.   , -0.009],
       [-0.008,  0.01 ,  0.003,  0.001,  0.009, -0.004, -0.003,  0.007,
        -0.003, -0.005,  0.008,  0.007, -0.009,  0.004, -0.003, -0.005,
        -0.006,  0.003,  0.001,  0.008,  0.001,  0.   ,  0.005, -0.007,
         0.007, -0.006, -0.005,  0.009,  0.01 , -0.004, -0.002, -0.003,
         0.01 ,  0.   , -0.01 ,  0.01 , -0.009,  0.004,  0.001,  0.001,
        -0.009,  0.007,  0.006, -0.004, -0.002, -0.005,  0.003,  0.003,
        -0.005, -0.007, -0.01 , -0.001, -0.002, -0.005, -0.005,  0.009,
        -0.01 , -0.006],
       [ 0.005,  0.01 ,  0.001,  0.   ,  0.004, -0.002,  0.006,  0.006,
         0.003, -0.002, -0.001, -0.003,  0.004, -0.01 ,  0.006, -0.003,
        -0.009, -0.008, -0.009, -0.002, -0.008,  0.001,  0.009,  0.002,
        -0.003,  0.005,  0.002,  0.008,  0.003,  0.005,  0.003, -0.009,
        -0.008, -0.009,  0.006,  0.008,  0.004, -0.008,  0.01 , -0.005,
        -0.003,  0.006, -0.008,  0.003, -0.006, -0.008,  0.01 , -0.009,
        -0.009, -0.01 ,  0.004,  0.004,  0.005,  0.001,  0.009,  0.003,
         0.   , -0.005],
       [ 0.004, -0.007,  0.006, -0.002, -0.007, -0.003, -0.008, -0.01 ,
        -0.001, -0.003, -0.009, -0.004,  0.002,  0.006, -0.006,  0.009,
         0.004,  0.007,  0.006, -0.005, -0.005, -0.007,  0.009,  0.007,
        -0.008,  0.008,  0.004, -0.009,  0.006,  0.008, -0.002,  0.005,
        -0.007,  0.006, -0.003,  0.   , -0.006,  0.008, -0.001,  0.003,
         0.006, -0.007, -0.002,  0.001,  0.003, -0.006, -0.002, -0.009,
        -0.009, -0.002,  0.009, -0.01 ,  0.002, -0.01 , -0.007,  0.001,
         0.007, -0.01 ],
       [ 0.002,  0.005,  0.007,  0.006,  0.01 ,  0.01 ,  0.005, -0.008,
        -0.01 , -0.001,  0.001,  0.   , -0.001,  0.007,  0.   , -0.007,
         0.003, -0.005, -0.005,  0.007,  0.003,  0.005, -0.003, -0.003,
         0.009,  0.007, -0.003, -0.003,  0.002,  0.003,  0.002,  0.005,
        -0.006, -0.01 ,  0.004,  0.003, -0.003, -0.004,  0.002, -0.002,
        -0.006,  0.01 , -0.009, -0.007,  0.009,  0.005,  0.007, -0.001,
         0.004,  0.   , -0.006,  0.002,  0.002, -0.001, -0.003,  0.002,
        -0.001,  0.006],
       [ 0.009, -0.002, -0.003,  0.01 , -0.004, -0.009,  0.002,  0.008,
        -0.006,  0.006, -0.003, -0.004, -0.01 ,  0.002, -0.006,  0.003,
         0.001, -0.008, -0.005, -0.004, -0.007, -0.003, -0.007,  0.003,
        -0.007,  0.001,  0.003,  0.001,  0.   , -0.009, -0.006, -0.008,
         0.009, -0.01 ,  0.009,  0.008, -0.003, -0.003,  0.008,  0.009,
        -0.007,  0.006,  0.   ,  0.007,  0.01 ,  0.007, -0.008, -0.002,
        -0.008,  0.   ,  0.001, -0.002, -0.003,  0.001,  0.01 ,  0.009,
        -0.01 , -0.002]]), 'deltas': array([[0.],
       [0.],
       [0.],
       [0.],
       [0.],
       [0.],
       [0.],
       [0.],
       [0.],
       [0.]]), 'outputs': array([[0.],
       [0.],
       [0.],
       [0.],
       [0.],
       [0.],
       [0.],
       [0.],
       [0.],
       [0.]]), 'errors': array([[0.],
       [0.],
       [0.],
       [0.],
       [0.],
       [0.],
       [0.],
       [0.],
       [0.],
       [0.]])}, {'weights': array([[-0.01 , -0.006, -0.009,  0.004,  0.002,  0.001, -0.01 , -0.001,
         0.006, -0.007],
       [ 0.   ,  0.   , -0.007,  0.   , -0.009, -0.005,  0.008, -0.005,
         0.007,  0.007],
       [-0.007,  0.003, -0.008,  0.   , -0.006,  0.005, -0.004, -0.004,
        -0.004, -0.004],
       [-0.008,  0.003,  0.005, -0.003, -0.004,  0.002,  0.   , -0.008,
         0.01 ,  0.   ]]), 'deltas': array([[0.],
       [0.],
       [0.],
       [0.]]), 'outputs': array([[0.],
       [0.],
       [0.],
       [0.]]), 'errors': array([[0.],
       [0.],
       [0.],
       [0.]])}]
Training complete!
Training done. epoch: 45 , total error: 0.009931343626146597
[{'weights': array([[ 1.59289175e-01,  3.57873213e-01, -9.73963878e-02,
         1.24847421e-01, -2.92656464e-01, -1.84774770e-01,
        -3.14600180e-01, -7.26188959e-01,  4.85770967e-01,
        -2.70463986e-01,  2.72263316e-01, -2.31217323e-01,
        -1.88878085e-01, -1.19091065e-01,  6.25511575e-02,
        -5.89916237e-01,  3.49498245e-01, -4.31982183e-01,
         1.67919974e-01, -3.36949570e-02,  5.63391731e-02,
        -4.03783702e-01,  4.27829695e-01,  1.43114081e-01,
        -4.28578067e-01, -4.65996853e-01,  2.31578860e-01,
        -3.95021003e-01,  1.58603011e-01,  2.35186978e-01,
        -3.69960715e-01, -1.00644256e-01, -5.10155250e-01,
         2.59737257e-01, -2.13654613e-01, -2.37633802e-02,
        -2.70463986e-01,  2.61767842e-01,  4.50209117e-01,
        -6.96930967e-01, -4.69961720e-01, -8.15517724e-01,
         1.31252544e+00, -2.67463986e-01,  4.54512974e-01,
        -6.83930967e-01,  5.23177468e-01, -7.56595461e-01,
         4.03839223e-04, -2.44821832e-01,  2.40459928e-02,
        -2.68463986e-01,  2.40459928e-02, -2.64463986e-01,
        -9.56394952e-01,  7.24976960e-01, -6.21915727e-01,
         3.77497735e-01],
       [ 1.92679477e-01,  3.60204328e-01, -1.29793844e-01,
         1.85449285e-01, -3.04847517e-01, -2.17169344e-01,
        -3.06489997e-01, -7.13483279e-01,  4.74515668e-01,
        -2.90329223e-01,  2.57303988e-01, -2.05942376e-01,
        -1.34536907e-01, -1.54374564e-01,  5.39438607e-02,
        -6.27436538e-01,  4.02468927e-01, -4.34845050e-01,
         1.56011608e-01, -4.64900272e-02,  9.03558585e-02,
        -4.05800685e-01,  4.62162297e-01,  1.16201301e-01,
        -4.21530524e-01, -4.74863663e-01,  2.54896052e-01,
        -4.78409310e-01,  2.38441699e-01,  2.19821608e-01,
        -3.48998905e-01, -1.12790313e-01, -4.28405008e-01,
         1.86437397e-01, -2.63079190e-01,  2.11115789e-02,
        -3.06329223e-01,  3.22318801e-01,  4.44112326e-01,
        -7.11069515e-01, -4.95501226e-01, -7.69252410e-01,
         1.31711525e+00, -2.90329223e-01,  4.70101904e-01,
        -7.22069515e-01,  4.83544986e-01, -7.31512597e-01,
        -4.08675519e-03, -2.30880856e-01,  6.43616120e-02,
        -2.88329223e-01,  6.93616120e-02, -2.91329223e-01,
        -1.01439874e+00,  7.63431127e-01, -5.34732948e-01,
         2.95765337e-01],
       [ 1.80555289e-01,  3.46532088e-01, -1.22690525e-01,
         1.56508416e-01, -2.96289038e-01, -1.98991469e-01,
        -2.99988519e-01, -7.23188990e-01,  4.87825232e-01,
        -2.83616263e-01,  2.72800247e-01, -2.15547742e-01,
        -1.68607891e-01, -1.46716481e-01,  6.69606126e-02,
        -6.10694018e-01,  3.66330259e-01, -4.30244205e-01,
         1.59534597e-01, -4.55595793e-02,  6.69054286e-02,
        -4.06188210e-01,  4.37440715e-01,  1.39682188e-01,
        -4.24298452e-01, -4.83405119e-01,  2.31041360e-01,
        -4.35766175e-01,  2.07402416e-01,  2.15578829e-01,
        -3.58877289e-01, -1.02065299e-01, -4.64215903e-01,
         2.30852144e-01, -2.30308434e-01,  3.94467569e-03,
        -2.70616263e-01,  2.93709315e-01,  4.55222146e-01,
        -7.06678957e-01, -4.80347474e-01, -7.81550416e-01,
         1.32415039e+00, -2.75616263e-01,  4.67315198e-01,
        -6.94678957e-01,  5.05762180e-01, -7.43125939e-01,
         4.98479853e-04, -2.44862238e-01,  4.02525047e-02,
        -2.80616263e-01,  4.52525047e-02, -2.75616263e-01,
        -9.83295220e-01,  7.55931461e-01, -5.72828267e-01,
         3.23464508e-01],
       [ 1.55616559e-01,  3.64095081e-01, -9.28480385e-02,
         1.06345469e-01, -2.88454336e-01, -1.72548300e-01,
        -2.99583301e-01, -7.26247839e-01,  4.91870972e-01,
        -2.48359671e-01,  2.72516721e-01, -2.49533917e-01,
        -2.18208147e-01, -1.16484704e-01,  8.83159844e-02,
        -5.59024786e-01,  3.24647919e-01, -4.23845731e-01,
         1.85972506e-01, -3.82394868e-02,  4.17358459e-02,
        -3.93558854e-01,  4.01541658e-01,  1.65927979e-01,
        -4.12287649e-01, -4.58080509e-01,  2.22703643e-01,
        -3.60544134e-01,  1.27167268e-01,  2.28881367e-01,
        -3.83745756e-01, -9.95124771e-02, -5.34081126e-01,
         2.92704259e-01, -1.84613680e-01, -3.07631863e-02,
        -2.50359671e-01,  2.43995629e-01,  4.52531227e-01,
        -6.79544053e-01, -4.58580163e-01, -8.32929645e-01,
         1.32649261e+00, -2.60359671e-01,  4.54167186e-01,
        -6.93544053e-01,  5.32764430e-01, -7.72141297e-01,
         5.40914837e-03, -2.36786015e-01,  1.49828041e-02,
        -2.57359671e-01,  1.39828041e-02, -2.59359671e-01,
        -9.33903723e-01,  6.98526857e-01, -6.43293711e-01,
         4.06916844e-01],
       [ 1.72245854e-01,  3.66703320e-01, -9.48179726e-02,
         1.05545306e-01, -2.84176268e-01, -1.91053910e-01,
        -3.00740582e-01, -7.29109593e-01,  4.86815340e-01,
        -2.82625273e-01,  2.61633260e-01, -2.34302240e-01,
        -1.87222179e-01, -1.15817598e-01,  6.77455244e-02,
        -5.79835532e-01,  3.45541279e-01, -4.34732303e-01,
         1.70878698e-01, -3.03040705e-02,  5.08634223e-02,
        -3.98267381e-01,  4.37598402e-01,  1.32118660e-01,
        -4.14743933e-01, -4.67436998e-01,  2.27142745e-01,
        -4.30631164e-01,  1.74336912e-01,  2.23923823e-01,
        -3.81088836e-01, -9.81292393e-02, -4.92762580e-01,
         2.55468328e-01, -2.23506372e-01, -3.57878810e-02,
        -2.84625273e-01,  2.76147519e-01,  4.56177481e-01,
        -6.96993979e-01, -4.81759201e-01, -8.16225605e-01,
         1.31931583e+00, -2.65625273e-01,  4.49699727e-01,
        -7.02993979e-01,  5.06101703e-01, -7.45395955e-01,
         5.72253015e-03, -2.50016783e-01,  4.03310208e-02,
        -2.85625273e-01,  2.53310208e-02, -2.69625273e-01,
        -9.63619252e-01,  7.29325000e-01, -6.13887954e-01,
         3.61593702e-01],
       [ 1.57798815e-01,  3.64675803e-01, -1.05281458e-01,
         1.46411840e-01, -2.87860388e-01, -2.00851183e-01,
        -3.06500491e-01, -7.06164051e-01,  4.70556989e-01,
        -2.85134136e-01,  2.74223501e-01, -2.18696426e-01,
        -1.84379628e-01, -1.21011778e-01,  5.77843447e-02,
        -6.15068405e-01,  3.64461343e-01, -4.38763453e-01,
         1.65289233e-01, -3.34536117e-02,  8.03207697e-02,
        -3.96557054e-01,  4.42084129e-01,  1.26741354e-01,
        -4.06875490e-01, -4.87945879e-01,  2.37338818e-01,
        -4.08564860e-01,  1.87957798e-01,  2.24025697e-01,
        -3.52617872e-01, -1.20014887e-01, -4.69575309e-01,
         2.39968248e-01, -2.41292765e-01,  1.68570393e-03,
        -2.89134136e-01,  2.88526236e-01,  4.52448264e-01,
        -6.94447426e-01, -4.84330217e-01, -7.95217109e-01,
         1.32407440e+00, -2.84134136e-01,  4.53840364e-01,
        -7.00447426e-01,  5.10694640e-01, -7.44301702e-01,
        -1.53633237e-02, -2.36243738e-01,  3.05270749e-02,
        -2.81134136e-01,  3.85270749e-02, -2.85134136e-01,
        -9.80581562e-01,  7.44974500e-01, -6.12986204e-01,
         3.57379143e-01],
       [ 1.71926123e-01,  3.65341743e-01, -1.03423405e-01,
         1.40857697e-01, -2.90297776e-01, -1.94906774e-01,
        -3.02478208e-01, -7.09662483e-01,  4.81681883e-01,
        -2.75322601e-01,  2.64529430e-01, -2.32187429e-01,
        -1.80953893e-01, -1.34410784e-01,  7.83840777e-02,
        -6.04362320e-01,  3.55381720e-01, -4.45248684e-01,
         1.64343337e-01, -4.27593249e-02,  5.96840718e-02,
        -3.96299043e-01,  4.42641044e-01,  1.49624910e-01,
        -4.23947511e-01, -4.70627610e-01,  2.40647010e-01,
        -4.04026108e-01,  1.78045508e-01,  2.29095950e-01,
        -3.53578976e-01, -1.13497574e-01, -4.95399986e-01,
         2.41419386e-01, -2.18546919e-01, -4.43368094e-03,
        -2.69322601e-01,  2.74621135e-01,  4.59973305e-01,
        -7.01252439e-01, -4.79008391e-01, -8.01951884e-01,
         1.31230228e+00, -2.70322601e-01,  4.53271839e-01,
        -7.04252439e-01,  5.19135511e-01, -7.55116111e-01,
        -1.22014515e-02, -2.43779148e-01,  4.03420015e-02,
        -2.69322601e-01,  4.13420015e-02, -2.72322601e-01,
        -9.60575040e-01,  7.35594440e-01, -5.98066559e-01,
         3.56085959e-01],
       [ 2.09564716e-01,  3.47210801e-01, -1.25268923e-01,
         1.56136202e-01, -3.14277217e-01, -2.13721258e-01,
        -3.14283011e-01, -7.36577366e-01,  4.87938676e-01,
        -2.94323561e-01,  2.55080803e-01, -2.14395932e-01,
        -1.35339155e-01, -1.53023971e-01,  5.27244364e-02,
        -6.09363111e-01,  3.84724420e-01, -3.98891508e-01,
         1.60435966e-01, -5.63760784e-02,  6.01929308e-02,
        -4.14492060e-01,  4.70176931e-01,  1.35010871e-01,
        -4.27334432e-01, -4.57700568e-01,  2.32061878e-01,
        -5.09063566e-01,  2.68424876e-01,  2.20605184e-01,
        -3.73901513e-01, -7.33423609e-02, -4.33932942e-01,
         1.95294252e-01, -2.41118329e-01,  4.79639071e-04,
        -2.97323561e-01,  3.31887990e-01,  4.44131540e-01,
        -7.12334659e-01, -4.88214903e-01, -7.66795524e-01,
         1.30569530e+00, -2.90323561e-01,  4.80695969e-01,
        -7.21334659e-01,  4.84260601e-01, -7.32899291e-01,
         8.51795974e-03, -2.57156650e-01,  6.26848711e-02,
        -3.01323561e-01,  5.56848711e-02, -3.01323561e-01,
        -1.01365822e+00,  7.70019530e-01, -5.14556486e-01,
         2.73917796e-01],
       [ 1.69914437e-01,  3.63645379e-01, -9.31549632e-02,
         1.21886314e-01, -2.78540138e-01, -1.85454224e-01,
        -2.98879730e-01, -7.41198885e-01,  4.77615960e-01,
        -2.81838892e-01,  2.67610406e-01, -2.31354439e-01,
        -1.90245185e-01, -1.09059436e-01,  5.97216957e-02,
        -5.99272419e-01,  3.49689493e-01, -4.39684318e-01,
         1.65322305e-01, -2.99353292e-02,  5.87144169e-02,
        -3.91091931e-01,  4.28347898e-01,  1.30987583e-01,
        -4.05826475e-01, -4.70739526e-01,  2.29156601e-01,
        -4.20501506e-01,  1.73918580e-01,  2.31397208e-01,
        -3.69097823e-01, -9.78823102e-02, -5.06945079e-01,
         2.45362154e-01, -2.19284158e-01, -1.92987672e-02,
        -2.83838892e-01,  2.70068353e-01,  4.53506271e-01,
        -6.92318657e-01, -4.76833677e-01, -8.06021562e-01,
         1.31311121e+00, -2.87838892e-01,  4.53735732e-01,
        -6.85318657e-01,  5.13502086e-01, -7.53085011e-01,
        -5.92837151e-03, -2.35654554e-01,  2.92559670e-02,
        -2.78838892e-01,  3.72559670e-02, -2.81838892e-01,
        -9.74157550e-01,  7.27574625e-01, -6.25047846e-01,
         3.84464921e-01],
       [ 1.72018894e-01,  3.56227107e-01, -1.13815301e-01,
         1.64551449e-01, -3.01700022e-01, -2.02675729e-01,
        -3.06874578e-01, -6.98734545e-01,  4.65466365e-01,
        -2.70342649e-01,  2.63420682e-01, -2.29346213e-01,
        -1.81457964e-01, -1.31122539e-01,  6.33123230e-02,
        -6.07663573e-01,  3.76395393e-01, -4.49016171e-01,
         1.63429488e-01, -4.71951348e-02,  7.35136380e-02,
        -4.04759875e-01,  4.35834344e-01,  1.47378972e-01,
        -4.27721621e-01, -4.78918313e-01,  2.47650133e-01,
        -4.12545576e-01,  1.78277397e-01,  2.17094049e-01,
        -3.51227784e-01, -1.24134444e-01, -4.68473807e-01,
         2.32205627e-01, -2.28431859e-01,  1.01636794e-02,
        -2.79342649e-01,  2.85784614e-01,  4.60569666e-01,
        -6.91279811e-01, -4.87247947e-01, -7.94689537e-01,
         1.32201195e+00, -2.69342649e-01,  4.75011632e-01,
        -6.93279811e-01,  5.05811083e-01, -7.51079263e-01,
        -1.71121001e-02, -2.26156079e-01,  4.20744693e-02,
        -2.78342649e-01,  3.80744693e-02, -2.75342649e-01,
        -9.66622460e-01,  7.50354281e-01, -6.00868600e-01,
         3.53600421e-01]]), 'deltas': array([[0.00086707],
       [0.00095311],
       [0.00091855],
       [0.00081731],
       [0.00089234],
       [0.00091488],
       [0.0008823 ],
       [0.00094512],
       [0.0009085 ],
       [0.0009106 ]]), 'outputs': array([[0.97781253],
       [0.97555433],
       [0.97646269],
       [0.97911378],
       [0.97715048],
       [0.97655911],
       [0.97741351],
       [0.97576455],
       [0.97672649],
       [0.97667137]]), 'errors': 0.039966065114398326}, {'weights': array([[-1.43117416, -1.53012025, -1.49099151, -1.39542814, -1.41456411,
        -1.42866374, -1.47554635, -1.53208934, -1.40295586, -1.46532606],
       [-0.85327734, -1.12933366, -1.0009993 , -0.72751448, -0.91944185,
        -0.97637623, -0.89588702, -1.15931231, -0.89010659, -0.94049646],
       [-0.51010237,  0.29401936, -0.10912189, -0.77491971, -0.40590586,
        -0.25121978, -0.31280564,  0.3165326 , -0.43298432, -0.22903849],
       [ 0.44808296, -0.27491604,  0.06152277,  0.67575199,  0.40343731,
         0.30207704,  0.25597048, -0.30587896,  0.44695181,  0.18246354]]), 'deltas': array([[-4.36183124e-13],
       [-8.82732080e-09],
       [-7.18492657e-03],
       [ 1.06667187e-02]]), 'outputs': array([[6.60441831e-07],
       [9.39582369e-05],
       [8.87981398e-02],
       [8.90557920e-01]]), 'errors': array([[-6.60441831e-07],
       [-9.39582369e-05],
       [-8.87981398e-02],
       [ 1.09442080e-01]])}]
Accuracy: 33.33333333333333 %

train_data group 2 length:  37
   0   1   2   3   4   5   6   7   8  ...  50  51  52  53  54  55  56  57  58
0   0   0   0   0   0   0   1   1   0 ...   1   0   1   0   1   0   1   0   0
1   0   0   0   0   0   0   1   1   0 ...   1   0   1   0   1   0   1   0   0
2   0   0   0   1   0   0   0   1   0 ...   0   1   0   1   1   0   1   0   1
3   0   0   0   0   0   0   1   1   0 ...   0   1   0   1   1   0   1   0   1
4   0   0   0   0   1   0   0   1   0 ...   1   0   1   0   0   1   1   0   2

[5 rows x 59 columns]
Initial Neural Network:
[{'weights': array([[-0.006, -0.006,  0.003, -0.001, -0.002,  0.002,  0.008,  0.003,
        -0.009, -0.01 ,  0.003,  0.003,  0.003,  0.001,  0.005, -0.005,
        -0.007, -0.004, -0.002,  0.008,  0.   , -0.008,  0.004,  0.004,
        -0.009,  0.006, -0.01 ,  0.004,  0.   ,  0.005,  0.007, -0.005,
         0.009,  0.   ,  0.   ,  0.002, -0.007, -0.005,  0.005, -0.01 ,
         0.   ,  0.002,  0.   , -0.009,  0.004,  0.006,  0.002, -0.01 ,
         0.01 ,  0.002,  0.001, -0.009,  0.009, -0.002,  0.004,  0.01 ,
        -0.002, -0.009],
       [ 0.001,  0.008, -0.004, -0.01 , -0.003,  0.009, -0.001,  0.01 ,
        -0.004,  0.006,  0.01 , -0.002,  0.008,  0.006,  0.007, -0.004,
        -0.008,  0.001, -0.006, -0.005, -0.01 ,  0.001,  0.006,  0.001,
         0.004,  0.009, -0.002, -0.001,  0.007,  0.002,  0.001,  0.008,
         0.005, -0.008, -0.006, -0.008,  0.008, -0.001,  0.003, -0.003,
        -0.006,  0.005, -0.004, -0.008, -0.005,  0.006, -0.002,  0.008,
        -0.003, -0.002, -0.002,  0.006, -0.005,  0.003,  0.005,  0.004,
        -0.002,  0.006],
       [ 0.   , -0.005, -0.009, -0.002,  0.002,  0.004, -0.009, -0.003,
         0.003, -0.006,  0.005, -0.008, -0.004, -0.01 ,  0.001,  0.003,
        -0.002,  0.007,  0.002, -0.01 ,  0.008,  0.01 , -0.007,  0.001,
         0.004, -0.007, -0.004, -0.001,  0.009,  0.004,  0.009,  0.009,
        -0.005,  0.001,  0.002, -0.003, -0.005,  0.003, -0.005,  0.01 ,
        -0.01 , -0.004,  0.009,  0.003, -0.008,  0.007,  0.004,  0.002,
        -0.005, -0.009,  0.003,  0.01 ,  0.001,  0.004,  0.009,  0.002,
         0.01 , -0.003],
       [ 0.001,  0.005,  0.005, -0.006, -0.006,  0.001,  0.002, -0.001,
        -0.006,  0.001,  0.01 ,  0.006, -0.005,  0.003,  0.   ,  0.003,
         0.01 ,  0.   , -0.003, -0.003, -0.004, -0.006, -0.004, -0.006,
         0.009, -0.002,  0.005, -0.005, -0.001, -0.01 ,  0.004,  0.008,
         0.01 ,  0.008, -0.007, -0.005, -0.01 ,  0.004,  0.006, -0.002,
         0.002,  0.007, -0.006, -0.009, -0.008, -0.009,  0.007, -0.003,
         0.009,  0.008,  0.   ,  0.009,  0.007,  0.01 , -0.007,  0.005,
        -0.005,  0.003],
       [ 0.008,  0.001, -0.005,  0.009,  0.01 , -0.007,  0.001, -0.002,
         0.009,  0.005, -0.003,  0.005, -0.001, -0.007, -0.004, -0.006,
         0.007, -0.006,  0.009,  0.001, -0.005,  0.002, -0.003, -0.005,
        -0.009, -0.009, -0.005, -0.001, -0.007,  0.   , -0.004,  0.006,
        -0.005, -0.006,  0.003,  0.001,  0.005,  0.005, -0.004,  0.01 ,
         0.002, -0.001,  0.   ,  0.008,  0.007, -0.003,  0.   ,  0.006,
         0.   ,  0.006,  0.005,  0.005, -0.004, -0.003,  0.001, -0.008,
        -0.001, -0.009],
       [ 0.   , -0.005,  0.006, -0.007, -0.002, -0.007,  0.003, -0.01 ,
         0.006, -0.007, -0.008, -0.003, -0.006,  0.   ,  0.01 ,  0.001,
         0.004, -0.007, -0.009, -0.003,  0.005,  0.006, -0.008, -0.006,
        -0.009, -0.01 ,  0.002,  0.002, -0.005, -0.008,  0.006, -0.007,
         0.007,  0.008,  0.008,  0.01 ,  0.005,  0.009, -0.005,  0.003,
        -0.009,  0.005,  0.01 , -0.003, -0.006, -0.009,  0.01 ,  0.005,
        -0.007, -0.001, -0.009, -0.003, -0.003, -0.01 ,  0.   ,  0.01 ,
         0.01 , -0.004],
       [-0.01 ,  0.009,  0.   ,  0.006,  0.   , -0.001, -0.006,  0.01 ,
        -0.01 , -0.007, -0.009, -0.009, -0.007,  0.004,  0.003, -0.008,
         0.01 ,  0.007,  0.006, -0.006,  0.005,  0.001,  0.004, -0.007,
        -0.008,  0.009,  0.005, -0.004, -0.01 , -0.002, -0.008, -0.009,
         0.006, -0.001,  0.003, -0.002,  0.006,  0.002, -0.008,  0.002,
        -0.001,  0.008,  0.01 , -0.006,  0.   ,  0.003, -0.006, -0.005,
         0.006, -0.002, -0.01 , -0.005, -0.004,  0.001, -0.002, -0.003,
        -0.006, -0.005],
       [ 0.01 ,  0.003, -0.006, -0.004,  0.008, -0.01 , -0.007,  0.   ,
         0.01 , -0.003, -0.01 , -0.005,  0.005,  0.008, -0.001, -0.001,
         0.01 ,  0.   , -0.008,  0.003,  0.001,  0.007,  0.01 , -0.01 ,
        -0.01 ,  0.01 , -0.002,  0.006,  0.   , -0.006,  0.005,  0.001,
         0.009,  0.003,  0.008,  0.   , -0.005,  0.   , -0.008,  0.008,
         0.007, -0.002,  0.001,  0.007, -0.006,  0.   , -0.003,  0.003,
        -0.008, -0.004, -0.003,  0.005,  0.01 , -0.001, -0.01 ,  0.01 ,
         0.008,  0.006],
       [ 0.   ,  0.003,  0.003, -0.009, -0.01 ,  0.003, -0.008,  0.002,
         0.007, -0.003, -0.01 ,  0.008,  0.008, -0.007,  0.01 , -0.008,
         0.   , -0.001,  0.007,  0.009,  0.005, -0.009, -0.003, -0.007,
         0.001, -0.004,  0.004,  0.004,  0.01 ,  0.003,  0.001, -0.005,
         0.004,  0.008,  0.008, -0.003, -0.008,  0.008, -0.006, -0.004,
        -0.007, -0.01 ,  0.001,  0.   ,  0.003, -0.007,  0.008,  0.008,
        -0.002, -0.008, -0.005, -0.005,  0.01 , -0.003, -0.003,  0.008,
        -0.001,  0.003],
       [-0.008,  0.004,  0.005, -0.008, -0.001, -0.01 , -0.006,  0.   ,
         0.005, -0.01 , -0.006, -0.004,  0.005, -0.001, -0.009, -0.001,
         0.007, -0.007, -0.001,  0.005, -0.002, -0.005, -0.007,  0.004,
         0.007,  0.009,  0.008,  0.   ,  0.003,  0.003,  0.007,  0.007,
         0.001,  0.01 , -0.002,  0.007, -0.003, -0.002, -0.008,  0.002,
         0.001,  0.009, -0.008,  0.005, -0.005,  0.01 , -0.009, -0.007,
         0.008,  0.007,  0.008, -0.001,  0.004,  0.006,  0.   ,  0.004,
        -0.004, -0.009]]), 'deltas': array([[0.],
       [0.],
       [0.],
       [0.],
       [0.],
       [0.],
       [0.],
       [0.],
       [0.],
       [0.]]), 'outputs': array([[0.],
       [0.],
       [0.],
       [0.],
       [0.],
       [0.],
       [0.],
       [0.],
       [0.],
       [0.]]), 'errors': array([[0.],
       [0.],
       [0.],
       [0.],
       [0.],
       [0.],
       [0.],
       [0.],
       [0.],
       [0.]])}, {'weights': array([[ 0.005, -0.007, -0.004,  0.005,  0.   ,  0.001, -0.009, -0.01 ,
         0.003,  0.005],
       [-0.003,  0.002, -0.008,  0.006, -0.003,  0.005, -0.008, -0.009,
        -0.001, -0.007],
       [ 0.008,  0.008, -0.005,  0.005,  0.001,  0.007, -0.008,  0.005,
         0.008, -0.004],
       [ 0.004, -0.008,  0.01 ,  0.008, -0.01 ,  0.008, -0.009,  0.006,
         0.   , -0.008]]), 'deltas': array([[0.],
       [0.],
       [0.],
       [0.]]), 'outputs': array([[0.],
       [0.],
       [0.],
       [0.]]), 'errors': array([[0.],
       [0.],
       [0.],
       [0.]])}]
Training complete!
Training done. epoch: 66 , total error: 0.009957222665372639
[{'weights': array([[-1.26322169e-01,  4.90476584e-01,  1.85999148e-01,
        -5.15795110e-03,  7.11915398e-02, -2.53801896e-01,
        -5.98839611e-01, -9.66176307e-01,  7.25721951e-01,
        -2.44808445e-01,  1.84933400e-01, -1.78579311e-01,
        -2.26323521e-01, -1.08120428e-01,  1.08989593e-01,
        -4.21185197e-01,  1.74730841e-01, -5.94951600e-02,
        -1.75182149e-01,  1.25282926e-01, -1.23059974e-01,
        -3.93392205e-01,  2.83378834e-01,  1.41151557e-01,
        -2.74592543e-01, -1.94417982e-01, -4.40363739e-02,
        -4.82388309e-01,  2.51933953e-01,  3.33236313e-01,
        -3.64708470e-01, -1.95982199e-01, -7.02557044e-01,
         4.77102688e-01, -6.10000546e-02, -1.71454301e-01,
        -2.41808445e-01,  1.08060969e-01,  6.65315078e-01,
        -7.83021958e-01, -5.35045913e-01, -9.08878992e-01,
         1.44627899e+00, -2.43808445e-01,  5.42567602e-01,
        -7.67021958e-01,  5.33798693e-01, -7.76253049e-01,
        -3.03096920e-01,  8.06425641e-02,  1.35408925e-03,
        -2.43808445e-01,  9.35408925e-03, -2.36808445e-01,
        -1.00383040e+00,  7.83376047e-01, -5.82608404e-01,
         3.37154048e-01],
       [-1.25863231e-01,  5.03859829e-01,  1.81988295e-01,
        -8.50323682e-03,  7.06399855e-02, -2.47996955e-01,
        -6.07855834e-01, -9.57517868e-01,  7.29786721e-01,
        -2.29071170e-01,  1.91899434e-01, -1.82559411e-01,
        -2.24142340e-01, -9.90450562e-02,  1.10456249e-01,
        -4.14410231e-01,  1.68679083e-01, -6.02952278e-02,
        -1.70710723e-01,  1.15861780e-01, -1.38586976e-01,
        -3.84998555e-01,  2.87102377e-01,  1.37708161e-01,
        -2.61543131e-01, -1.92104450e-01, -3.46266973e-02,
        -4.78130271e-01,  2.50399124e-01,  3.35619882e-01,
        -3.70647877e-01, -1.87703152e-01, -7.13841867e-01,
         4.77110720e-01, -6.73343245e-02, -1.80396823e-01,
        -2.27071170e-01,  1.08887712e-01,  6.65395356e-01,
        -7.73943045e-01, -5.39746844e-01, -9.12541720e-01,
         1.44862859e+00, -2.43071170e-01,  5.32211897e-01,
        -7.64943045e-01,  5.36120895e-01, -7.63852042e-01,
        -3.17344427e-01,  7.86132800e-02, -6.59976778e-04,
        -2.29071170e-01, -3.65997678e-03, -2.32071170e-01,
        -1.00101422e+00,  7.76283068e-01, -5.89814651e-01,
         3.60083504e-01],
       [-1.34093746e-01,  4.91224860e-01,  1.81463120e-01,
         7.65501153e-03,  7.82981064e-02, -2.53008785e-01,
        -6.18512336e-01, -9.60700488e-01,  7.32726719e-01,
        -2.27703519e-01,  1.86933342e-01, -1.96203592e-01,
        -2.38600331e-01, -1.14380250e-01,  1.12006812e-01,
        -3.93964758e-01,  1.66990990e-01, -5.86613635e-02,
        -1.40382942e-01,  1.11187719e-01, -1.33117182e-01,
        -3.82420902e-01,  2.71246537e-01,  1.49304068e-01,
        -2.58103472e-01, -2.02403206e-01, -3.65705620e-02,
        -4.55254367e-01,  2.35280598e-01,  3.40344053e-01,
        -3.52190699e-01, -1.94127123e-01, -7.22598241e-01,
         4.90624473e-01, -5.32538871e-02, -1.75719881e-01,
        -2.26703519e-01,  1.05902654e-01,  6.59586608e-01,
        -7.63759511e-01, -5.45376791e-01, -9.22218419e-01,
         1.45632496e+00, -2.18703519e-01,  5.37785743e-01,
        -7.66759511e-01,  5.50203373e-01, -7.72177142e-01,
        -3.18470231e-01,  7.64964626e-02, -3.27024947e-03,
        -2.11703519e-01, -5.27024947e-03, -2.17703519e-01,
        -9.86463030e-01,  7.69489262e-01, -5.80761951e-01,
         3.59788182e-01],
       [-1.42939683e-01,  4.98356626e-01,  2.00192526e-01,
        -7.52623753e-03,  5.46713889e-02, -2.47115789e-01,
        -5.92009090e-01, -9.62463859e-01,  7.17093601e-01,
        -2.38077945e-01,  1.92824665e-01, -1.76116977e-01,
        -2.44111924e-01, -9.24871730e-02,  9.62288394e-02,
        -4.26599122e-01,  2.01228864e-01, -9.48903983e-02,
        -1.41476724e-01,  1.03643606e-01, -1.15646742e-01,
        -3.89916149e-01,  2.73725693e-01,  1.28510741e-01,
        -2.57690544e-01, -2.31699788e-01, -3.67046961e-03,
        -4.40661051e-01,  1.96290794e-01,  3.32469562e-01,
        -3.70522716e-01, -1.98317104e-01, -7.15212777e-01,
         4.94842519e-01, -7.78347765e-02, -1.72535481e-01,
        -2.49077945e-01,  1.01287825e-01,  6.70107908e-01,
        -7.62688046e-01, -5.23433602e-01, -9.15165088e-01,
         1.44230638e+00, -2.48077945e-01,  5.14317788e-01,
        -7.69688046e-01,  5.41510365e-01, -7.75880623e-01,
        -3.24188995e-01,  1.02818737e-01,  7.07687540e-04,
        -2.30077945e-01,  7.70768754e-03, -2.29077945e-01,
        -1.00676599e+00,  7.66395733e-01, -6.28933352e-01,
         3.88563094e-01],
       [-1.21955691e-01,  4.99238184e-01,  1.77400499e-01,
         1.99083300e-02,  9.60548085e-02, -2.64567806e-01,
        -6.14658749e-01, -9.55110454e-01,  7.36530030e-01,
        -2.13328659e-01,  1.79580663e-01, -1.84832428e-01,
        -2.34896085e-01, -1.12361841e-01,  1.09677502e-01,
        -3.90013171e-01,  1.65432747e-01, -5.58229829e-02,
        -1.45806070e-01,  1.24140933e-01, -1.49092304e-01,
        -3.89254643e-01,  2.73716662e-01,  1.46334477e-01,
        -2.71376920e-01, -1.90982649e-01, -4.85977745e-02,
        -4.73087376e-01,  2.39506952e-01,  3.32037117e-01,
        -3.58013732e-01, -1.97603809e-01, -7.25041196e-01,
         4.88460772e-01, -4.91631453e-02, -1.72417279e-01,
        -2.13328659e-01,  1.07085395e-01,  6.61369036e-01,
        -7.64706196e-01, -5.35141331e-01, -9.18681660e-01,
         1.44757123e+00, -2.10328659e-01,  5.56125772e-01,
        -7.77706196e-01,  5.53060522e-01, -7.72640946e-01,
        -3.06186081e-01,  8.66056569e-02, -2.25176474e-03,
        -2.13328659e-01, -1.12517647e-02, -2.21328659e-01,
        -9.92034855e-01,  7.59454431e-01, -5.77721385e-01,
         3.42140961e-01],
       [-1.29368906e-01,  4.89010806e-01,  1.93315590e-01,
        -3.15285987e-03,  7.38788084e-02, -2.59731423e-01,
        -6.05109379e-01, -9.68798701e-01,  7.35641337e-01,
        -2.35310511e-01,  1.74879745e-01, -1.86726598e-01,
        -2.35226571e-01, -1.07851026e-01,  1.17920233e-01,
        -4.00060552e-01,  1.75903188e-01, -6.84344178e-02,
        -1.67497837e-01,  1.15403922e-01, -1.22629031e-01,
        -3.83466362e-01,  2.73285153e-01,  1.36135560e-01,
        -2.72111715e-01, -2.06567546e-01, -3.05898175e-02,
        -4.68623330e-01,  2.36465966e-01,  3.24308161e-01,
        -3.59257543e-01, -2.03207981e-01, -7.07520877e-01,
         4.93363514e-01, -4.98303503e-02, -1.61327014e-01,
        -2.23310511e-01,  1.12813548e-01,  6.59718189e-01,
        -7.66378590e-01, -5.40002205e-01, -9.09006863e-01,
         1.45416221e+00, -2.31310511e-01,  5.34221226e-01,
        -7.78378590e-01,  5.50892454e-01, -7.65049818e-01,
        -3.21796742e-01,  8.46393776e-02, -9.84685318e-03,
        -2.31310511e-01, -3.84685318e-03, -2.38310511e-01,
        -9.97689101e-01,  7.78531737e-01, -5.72632844e-01,
         3.49475481e-01],
       [-1.66919914e-01,  5.05261925e-01,  1.97957646e-01,
         3.05119106e-02,  6.75930279e-02, -2.51034772e-01,
        -6.10580284e-01, -9.31403858e-01,  7.06193396e-01,
        -2.21166496e-01,  1.74527878e-01, -2.03571843e-01,
        -2.52923404e-01, -8.34549934e-02,  1.11167936e-01,
        -4.04062527e-01,  1.80852065e-01, -1.01730906e-01,
        -8.10835815e-02,  1.02838789e-01, -1.33234763e-01,
        -3.86790311e-01,  2.71479345e-01,  1.52860162e-01,
        -2.72759658e-01, -2.19384126e-01,  8.17366449e-03,
        -4.06870845e-01,  1.67660384e-01,  3.48003287e-01,
        -3.64314923e-01, -2.27898825e-01, -7.25249562e-01,
         5.05039100e-01, -4.94569320e-02, -1.74753530e-01,
        -2.08166496e-01,  8.36059598e-02,  6.63697576e-01,
        -7.62347501e-01, -5.27786731e-01, -9.23700193e-01,
         1.45744296e+00, -2.20166496e-01,  5.39137040e-01,
        -7.61347501e-01,  5.53696146e-01, -7.89906607e-01,
        -3.14979649e-01,  9.37691878e-02, -2.10439655e-02,
        -2.19166496e-01, -1.50439655e-02, -2.13166496e-01,
        -9.80513997e-01,  7.50303536e-01, -6.34155688e-01,
         3.97945226e-01],
       [-9.84882480e-02,  4.96985264e-01,  1.73746486e-01,
        -1.89602367e-02,  8.29149019e-02, -2.66576546e-01,
        -6.13610129e-01, -9.81604131e-01,  7.53615623e-01,
        -2.49281112e-01,  1.71981091e-01, -1.78688487e-01,
        -2.07497614e-01, -1.17788125e-01,  9.92972311e-02,
        -4.19282802e-01,  1.90294294e-01, -2.28009315e-02,
        -2.28563712e-01,  1.25458175e-01, -1.16082040e-01,
        -3.81616299e-01,  3.01121210e-01,  1.16885609e-01,
        -2.77379028e-01, -1.73717951e-01, -5.62705568e-02,
        -5.21392055e-01,  2.89403547e-01,  3.13257821e-01,
        -3.82440263e-01, -1.68806066e-01, -6.92634724e-01,
         4.66646216e-01, -5.87292767e-02, -1.71259231e-01,
        -2.51281112e-01,  1.24133643e-01,  6.52229238e-01,
        -7.68070276e-01, -5.32807173e-01, -8.99150570e-01,
         1.44625035e+00, -2.39281112e-01,  5.32081768e-01,
        -7.76070276e-01,  5.21163624e-01, -7.59152132e-01,
        -3.20013734e-01,  7.00252258e-02,  5.29260426e-03,
        -2.41281112e-01,  1.82926043e-02, -2.47281112e-01,
        -1.03235139e+00,  7.94362881e-01, -5.45342143e-01,
         3.21353635e-01],
       [-1.32040428e-01,  4.96797747e-01,  1.88412673e-01,
        -1.24357572e-02,  5.96851573e-02, -2.48624378e-01,
        -6.07111405e-01, -9.58903227e-01,  7.30586835e-01,
        -2.38153481e-01,  1.73860908e-01, -1.78023818e-01,
        -2.29969470e-01, -1.08625419e-01,  1.12278498e-01,
        -4.24396560e-01,  1.79080169e-01, -7.48419550e-02,
        -1.52095891e-01,  1.26576053e-01, -1.16954598e-01,
        -3.93478124e-01,  2.73393164e-01,  1.28550758e-01,
        -2.63782189e-01, -2.09675615e-01, -2.76407762e-02,
        -4.60630380e-01,  2.37313989e-01,  3.35208485e-01,
        -3.65627070e-01, -2.07897806e-01, -7.14826128e-01,
         4.89509737e-01, -6.07273959e-02, -1.71588995e-01,
        -2.43153481e-01,  1.07684020e-01,  6.55758715e-01,
        -7.67605646e-01, -5.36832343e-01, -9.24743530e-01,
         1.44341296e+00, -2.35153481e-01,  5.29289255e-01,
        -7.70605646e-01,  5.41501112e-01, -7.62817503e-01,
        -3.24485702e-01,  7.71693114e-02, -7.16291015e-03,
        -2.40153481e-01,  7.83708985e-03, -2.38153481e-01,
        -1.00175913e+00,  7.69442736e-01, -5.99263644e-01,
         3.63947253e-01],
       [-1.31352309e-01,  4.97573666e-01,  1.91781832e-01,
        -1.78459162e-02,  6.51711601e-02, -2.61580844e-01,
        -6.06962514e-01, -9.74473963e-01,  7.40259037e-01,
        -2.54132905e-01,  1.77520300e-01, -1.82602322e-01,
        -2.22335411e-01, -1.09048712e-01,  8.71691975e-02,
        -4.27689524e-01,  1.94474598e-01, -6.93338025e-02,
        -1.79683599e-01,  1.16905027e-01, -1.12102552e-01,
        -3.91669240e-01,  2.78979141e-01,  1.33637946e-01,
        -2.61162773e-01, -2.01249450e-01, -2.09654760e-02,
        -4.76510178e-01,  2.40295252e-01,  3.34839598e-01,
        -3.70894515e-01, -1.86160009e-01, -7.12551707e-01,
         4.84336781e-01, -7.02094250e-02, -1.64005501e-01,
        -2.47132905e-01,  1.10142098e-01,  6.54901653e-01,
        -7.68125772e-01, -5.31194407e-01, -9.02698358e-01,
         1.44081074e+00, -2.39132905e-01,  5.25910847e-01,
        -7.60125772e-01,  5.20678711e-01, -7.75893637e-01,
        -3.17130890e-01,  9.29159637e-02,  1.29179787e-02,
        -2.45132905e-01,  8.91797868e-03, -2.38132905e-01,
        -1.01425868e+00,  7.79043751e-01, -6.02142283e-01,
         3.49927357e-01]]), 'deltas': array([[0.00079629],
       [0.00079272],
       [0.00073762],
       [0.0007435 ],
       [0.00075729],
       [0.00075841],
       [0.0006595 ],
       [0.00087251],
       [0.00076644],
       [0.00079182]]), 'outputs': array([[0.97951231],
       [0.97960624],
       [0.98105174],
       [0.98089759],
       [0.98053626],
       [0.98050676],
       [0.98309366],
       [0.97750519],
       [0.98029623],
       [0.97962986]]), 'errors': 0.039679872556529244}, {'weights': array([[-1.8320476 , -1.84739379, -1.83693975, -1.77743209, -1.89066789,
        -1.85509575, -1.79670482, -1.87363468, -1.83257243, -1.80160607],
       [-0.98603872, -0.93588737, -0.86077156, -0.88551722, -0.88869087,
        -0.93370196, -0.72594195, -1.14145045, -0.93784909, -1.00929086],
       [-0.11491997, -0.18500626, -0.37171641, -0.45691569, -0.1982402 ,
        -0.17562956, -0.76880014,  0.23930841, -0.26891245, -0.15291634],
       [ 0.11023187,  0.13999933,  0.23902369,  0.5351995 ,  0.02328649,
         0.15358842,  0.63792947, -0.17814842,  0.3262313 ,  0.170444  ]]), 'deltas': array([[-2.40534768e-16],
       [-1.19730407e-08],
       [-6.60471946e-03],
       [ 1.12658645e-02]]), 'outputs': array([[1.55091835e-08],
       [1.09427378e-04],
       [8.49584910e-02],
       [8.87321306e-01]]), 'errors': array([[-1.55091835e-08],
       [-1.09427378e-04],
       [-8.49584910e-02],
       [ 1.12678694e-01]])}]
Accuracy: 40.0 %

train_data group 3 length:  38
   0   1   2   3   4   5   6   7   8  ...  50  51  52  53  54  55  56  57  58
0   0   0   0   0   0   0   1   1   0 ...   1   0   1   0   1   0   1   0   0
1   0   0   0   0   0   0   1   1   0 ...   1   0   1   0   1   0   1   0   0
2   0   0   0   1   0   0   0   1   0 ...   0   1   0   1   1   0   1   0   1
3   0   0   0   0   0   0   1   1   0 ...   0   1   0   1   1   0   1   0   1
4   0   0   0   0   1   0   0   1   0 ...   1   0   1   0   0   1   1   0   2

[5 rows x 59 columns]
Initial Neural Network:
[{'weights': array([[ 0.002,  0.002,  0.009, -0.01 , -0.009,  0.007, -0.001, -0.003,
         0.006, -0.01 ,  0.003, -0.002,  0.006,  0.   , -0.002,  0.   ,
         0.008, -0.006, -0.006,  0.001, -0.01 , -0.007,  0.007,  0.002,
        -0.006, -0.003,  0.003, -0.004,  0.004, -0.005,  0.01 , -0.009,
        -0.003,  0.001, -0.005, -0.009, -0.003, -0.007, -0.008, -0.001,
         0.002,  0.01 ,  0.004,  0.005,  0.008,  0.009, -0.007,  0.005,
        -0.006,  0.002, -0.001,  0.008, -0.01 , -0.007,  0.002, -0.003,
         0.006, -0.01 ],
       [-0.01 , -0.008,  0.006,  0.004,  0.01 ,  0.007, -0.009,  0.002,
        -0.01 , -0.008, -0.007, -0.009, -0.005,  0.004,  0.008, -0.002,
         0.005, -0.005, -0.005,  0.004, -0.008,  0.004, -0.009, -0.001,
         0.006, -0.004,  0.009,  0.004, -0.003,  0.006,  0.004,  0.003,
        -0.001, -0.01 , -0.01 , -0.009, -0.008, -0.008, -0.003, -0.009,
        -0.007,  0.   , -0.006,  0.004,  0.003,  0.008, -0.003, -0.006,
         0.005,  0.003,  0.004,  0.003, -0.001, -0.006,  0.003, -0.005,
         0.007, -0.004],
       [ 0.01 , -0.005,  0.006, -0.009,  0.004,  0.001, -0.001, -0.004,
        -0.005, -0.009,  0.006,  0.009, -0.009, -0.004, -0.01 , -0.006,
         0.   ,  0.006,  0.002, -0.01 , -0.008, -0.002,  0.003,  0.008,
         0.006, -0.006,  0.01 , -0.007, -0.004, -0.004,  0.001,  0.01 ,
        -0.009,  0.003, -0.009, -0.007,  0.002,  0.01 , -0.003, -0.003,
         0.006, -0.01 ,  0.01 , -0.002,  0.01 ,  0.005, -0.007,  0.002,
         0.007,  0.   ,  0.   ,  0.008,  0.009,  0.006, -0.002, -0.008,
         0.009, -0.007],
       [ 0.008,  0.   , -0.004,  0.006,  0.003, -0.008,  0.004,  0.01 ,
        -0.004, -0.004,  0.009,  0.007,  0.002,  0.01 , -0.003,  0.007,
         0.008, -0.008,  0.006, -0.003,  0.01 ,  0.   ,  0.004, -0.008,
        -0.006, -0.007,  0.002, -0.008, -0.006,  0.006, -0.002, -0.009,
        -0.001,  0.007,  0.009,  0.004,  0.001, -0.001,  0.008,  0.008,
         0.009, -0.005,  0.008,  0.009, -0.001, -0.005,  0.003,  0.007,
         0.008,  0.008, -0.01 ,  0.009,  0.001,  0.   ,  0.004, -0.008,
         0.004,  0.008],
       [ 0.002, -0.006,  0.01 ,  0.001,  0.009,  0.002, -0.008, -0.001,
         0.008,  0.003, -0.004, -0.007,  0.009, -0.004,  0.001,  0.   ,
        -0.002, -0.006, -0.006,  0.004,  0.008,  0.009,  0.003,  0.003,
         0.004,  0.007, -0.01 ,  0.004, -0.01 ,  0.002, -0.001, -0.005,
        -0.004,  0.004, -0.002,  0.005, -0.006,  0.005, -0.01 , -0.003,
         0.007, -0.001,  0.003, -0.002,  0.01 , -0.007,  0.001, -0.002,
         0.01 , -0.001,  0.007, -0.007,  0.007,  0.01 , -0.003,  0.004,
         0.01 ,  0.006],
       [ 0.002,  0.009,  0.002, -0.004, -0.001,  0.009,  0.004,  0.001,
        -0.009,  0.009,  0.001, -0.006, -0.006,  0.009,  0.   , -0.006,
         0.01 , -0.003, -0.008, -0.003,  0.003,  0.005,  0.002,  0.008,
         0.008,  0.007, -0.003,  0.009,  0.   , -0.003, -0.006, -0.006,
         0.009, -0.01 ,  0.003,  0.009, -0.003,  0.001,  0.008,  0.002,
        -0.002, -0.003, -0.003,  0.003, -0.009, -0.008,  0.007, -0.007,
         0.001,  0.007, -0.003, -0.009,  0.006,  0.   , -0.007,  0.008,
         0.006, -0.01 ],
       [-0.005, -0.004,  0.006,  0.009,  0.002,  0.   ,  0.006, -0.009,
        -0.004,  0.001, -0.007, -0.006, -0.008, -0.009,  0.01 ,  0.006,
        -0.009, -0.009,  0.01 , -0.002,  0.   , -0.003, -0.009,  0.009,
         0.001, -0.003, -0.002,  0.   ,  0.004, -0.01 ,  0.007,  0.007,
        -0.001,  0.003, -0.005,  0.009,  0.009,  0.005,  0.008,  0.005,
         0.005, -0.004, -0.009,  0.002, -0.007, -0.006, -0.006,  0.004,
         0.002, -0.01 , -0.01 , -0.003,  0.008,  0.   ,  0.003, -0.007,
        -0.006,  0.002],
       [-0.007, -0.004, -0.003,  0.009, -0.005,  0.005,  0.005, -0.009,
         0.   , -0.004, -0.003, -0.01 ,  0.005, -0.005, -0.002,  0.01 ,
         0.003,  0.006, -0.007,  0.01 ,  0.006,  0.008,  0.01 ,  0.01 ,
         0.006, -0.002, -0.008,  0.005, -0.008,  0.002, -0.008, -0.006,
        -0.002,  0.   ,  0.001,  0.004, -0.003,  0.009, -0.002, -0.003,
        -0.004,  0.008, -0.007,  0.006,  0.002,  0.004, -0.01 , -0.003,
         0.004, -0.002,  0.007,  0.003, -0.004, -0.007,  0.   , -0.01 ,
        -0.006, -0.008],
       [-0.01 ,  0.004, -0.007, -0.004,  0.006, -0.002,  0.002,  0.004,
         0.009,  0.01 ,  0.003,  0.003, -0.008,  0.002,  0.   ,  0.007,
         0.   , -0.006,  0.005, -0.005, -0.002, -0.009,  0.009,  0.008,
         0.007, -0.008,  0.007,  0.009,  0.   , -0.001,  0.008, -0.01 ,
         0.008, -0.007,  0.005,  0.003,  0.   , -0.004, -0.002, -0.001,
        -0.007,  0.004,  0.005, -0.005, -0.01 ,  0.007, -0.006,  0.009,
         0.001,  0.006, -0.002,  0.009,  0.002, -0.004,  0.009, -0.005,
        -0.009,  0.001],
       [ 0.006, -0.009, -0.009, -0.008, -0.008,  0.   , -0.01 , -0.004,
         0.01 , -0.001,  0.   , -0.008,  0.   ,  0.   , -0.008, -0.006,
         0.005,  0.005, -0.005, -0.009,  0.001,  0.009, -0.01 ,  0.008,
        -0.007,  0.001,  0.01 ,  0.003, -0.002,  0.002, -0.003,  0.006,
         0.005, -0.003, -0.004,  0.008,  0.004,  0.008, -0.01 ,  0.007,
         0.006,  0.009,  0.007, -0.006, -0.01 , -0.009, -0.002,  0.01 ,
         0.01 ,  0.007, -0.002,  0.003,  0.003,  0.006,  0.006, -0.008,
         0.006,  0.007]]), 'deltas': array([[0.],
       [0.],
       [0.],
       [0.],
       [0.],
       [0.],
       [0.],
       [0.],
       [0.],
       [0.]]), 'outputs': array([[0.],
       [0.],
       [0.],
       [0.],
       [0.],
       [0.],
       [0.],
       [0.],
       [0.],
       [0.]]), 'errors': array([[0.],
       [0.],
       [0.],
       [0.],
       [0.],
       [0.],
       [0.],
       [0.],
       [0.],
       [0.]])}, {'weights': array([[-0.004, -0.003, -0.003,  0.01 ,  0.004,  0.002,  0.007, -0.007,
         0.01 ,  0.004],
       [-0.006, -0.001, -0.007,  0.005,  0.009, -0.001,  0.005, -0.01 ,
         0.001, -0.009],
       [-0.01 , -0.009,  0.01 ,  0.002, -0.006, -0.001, -0.004, -0.002,
         0.007, -0.001],
       [ 0.01 ,  0.004,  0.01 ,  0.009, -0.008,  0.01 ,  0.002, -0.01 ,
         0.007,  0.004]]), 'deltas': array([[0.],
       [0.],
       [0.],
       [0.]]), 'outputs': array([[0.],
       [0.],
       [0.],
       [0.]]), 'errors': array([[0.],
       [0.],
       [0.],
       [0.]])}]
Training complete!
Training done. epoch: 45 , total error: 0.009934454620915249
[{'weights': array([[-6.67754256e-02,  3.14380966e-01,  1.58063226e-01,
         7.47069778e-02, -1.26523962e-01, -2.42609718e-01,
        -3.05824183e-01, -7.70589844e-01,  5.79007725e-01,
        -2.78001421e-01,  1.99972473e-01, -1.25553171e-01,
        -1.23782631e-01, -5.30281499e-02, -1.37713383e-02,
        -5.45222202e-01,  3.58640083e-01, -5.34629826e-01,
        -4.70352400e-02,  4.17923479e-01, -5.18405329e-02,
        -2.57416717e-01,  2.53419189e-01,  3.85917734e-02,
        -2.33176365e-01, -4.00604853e-01,  2.06022734e-01,
        -3.95592250e-01,  2.01010131e-01,  7.52706465e-02,
         4.02512802e-02, -3.14104046e-01, -6.34284462e-01,
         4.37702342e-01, -6.01656042e-02, -1.48416515e-01,
        -2.71001421e-01,  1.49779338e-01,  5.24283699e-01,
        -6.16643735e-01, -2.85755035e-01, -9.01044940e-01,
         1.27621928e+00, -2.63001421e-01,  4.29061616e-01,
        -6.06643735e-01,  4.05421428e-01, -6.02003547e-01,
        -3.66554670e-01,  1.67972550e-01,  7.24193016e-02,
        -2.60001421e-01,  6.34193016e-02, -2.75001421e-01,
        -8.81645156e-01,  6.86063037e-01, -7.76862091e-01,
         5.78279972e-01],
       [-1.05133859e-01,  3.10148850e-01,  1.66010627e-01,
         9.34356327e-02, -1.11823133e-01, -2.37695183e-01,
        -3.07243081e-01, -7.54451978e-01,  5.54151832e-01,
        -2.70049114e-01,  1.89344003e-01, -1.35595035e-01,
        -1.49764736e-01, -3.42690338e-02, -1.26637644e-03,
        -5.50479065e-01,  3.61178919e-01, -4.98151951e-01,
        -2.56960829e-02,  3.58362445e-01, -4.08145564e-02,
        -2.47150590e-01,  2.32319569e-01,  4.09963496e-02,
        -2.18465475e-01, -4.24557709e-01,  2.37257563e-01,
        -3.38757050e-01,  1.47456904e-01,  9.60283526e-02,
        -7.45090093e-03, -2.67877598e-01, -6.48694731e-01,
         4.45394585e-01, -7.39899676e-02, -1.37310178e-01,
        -2.70049114e-01,  1.32509418e-01,  5.35994302e-01,
        -6.18754752e-01, -2.88521982e-01, -9.27132097e-01,
         1.27240305e+00, -2.58049114e-01,  4.20454606e-01,
        -6.01754752e-01,  4.17046527e-01, -6.18346673e-01,
        -3.59277599e-01,  1.74977453e-01,  7.37489681e-02,
        -2.59049114e-01,  6.87489681e-02, -2.68049114e-01,
        -8.68803866e-01,  6.74503720e-01, -8.10815314e-01,
         6.21515168e-01],
       [-9.23552441e-02,  3.12771216e-01,  1.67266829e-01,
         8.08209280e-02, -1.16070123e-01, -2.43607612e-01,
        -2.98323165e-01, -7.59131304e-01,  5.54634133e-01,
        -2.68895590e-01,  2.02789181e-01, -1.23390762e-01,
        -1.56146698e-01, -4.49908703e-02, -1.73596022e-02,
        -5.52559655e-01,  3.51062484e-01, -4.85673158e-01,
        -2.12326257e-02,  3.48124747e-01, -4.67161337e-02,
        -2.49593341e-01,  2.34648667e-01,  5.15066734e-02,
        -2.17059170e-01, -4.25017152e-01,  2.33519982e-01,
        -3.48935589e-01,  1.42438419e-01,  8.67307710e-02,
        -1.03738273e-02, -2.64854114e-01, -6.59245017e-01,
         4.57747846e-01, -7.37181007e-02, -1.37779070e-01,
        -2.57895590e-01,  1.41183327e-01,  5.37018281e-01,
        -6.09803188e-01, -2.76298446e-01, -9.36738117e-01,
         1.28343498e+00, -2.61895590e-01,  4.21306017e-01,
        -6.01803188e-01,  4.13410920e-01, -6.13908091e-01,
        -3.60043103e-01,  1.71545932e-01,  6.43984196e-02,
        -2.51895590e-01,  7.33984196e-02, -2.53895590e-01,
        -8.68698778e-01,  6.63201608e-01, -8.09158850e-01,
         6.15661680e-01],
       [-8.88936245e-02,  3.16458448e-01,  1.58116793e-01,
         9.22216518e-02, -1.17845745e-01, -2.52347596e-01,
        -2.99656220e-01, -7.52321700e-01,  5.57375407e-01,
        -2.70595956e-01,  2.05308230e-01, -1.23658566e-01,
        -1.41473536e-01, -3.64072229e-02, -1.40655340e-02,
        -5.46864456e-01,  3.60918163e-01, -5.07375436e-01,
        -1.93969911e-02,  3.59680903e-01, -2.88547679e-02,
        -2.49003557e-01,  2.38378139e-01,  3.09413852e-02,
        -2.31262260e-01, -4.31929232e-01,  2.25982940e-01,
        -3.59526658e-01,  1.44580366e-01,  8.71214413e-02,
        -8.09302181e-03, -2.84974712e-01, -6.44161089e-01,
         4.49214796e-01, -5.96114295e-02, -1.28334863e-01,
        -2.65595956e-01,  1.39693891e-01,  5.43272092e-01,
        -6.02316319e-01, -2.74714037e-01, -9.26973235e-01,
         1.27933694e+00, -2.57595956e-01,  4.08370027e-01,
        -6.15316319e-01,  4.14361959e-01, -6.05308252e-01,
        -3.67014991e-01,  1.82068699e-01,  5.56496638e-02,
        -2.57595956e-01,  6.66496638e-02, -2.66595956e-01,
        -8.72912276e-01,  6.67965983e-01, -8.12021693e-01,
         6.23075401e-01],
       [-8.73032629e-02,  3.10108551e-01,  1.63752684e-01,
         8.78772766e-02, -1.10184490e-01, -2.44988526e-01,
        -3.07984471e-01, -7.61147320e-01,  5.69425082e-01,
        -2.61597342e-01,  1.91560075e-01, -1.36684971e-01,
        -1.34384196e-01, -4.98040573e-02, -8.53398459e-03,
        -5.52130435e-01,  3.51408197e-01, -5.13990519e-01,
        -3.27540438e-02,  3.83354399e-01, -3.53320742e-02,
        -2.39906975e-01,  2.38416689e-01,  4.35702838e-02,
        -2.21802236e-01, -4.13250539e-01,  2.11528301e-01,
        -3.66156204e-01,  1.61433967e-01,  8.62899056e-02,
         1.70129557e-03, -2.90713439e-01, -6.45641474e-01,
         4.46919237e-01, -6.73552755e-02, -1.28366962e-01,
        -2.70597342e-01,  1.43992369e-01,  5.27447957e-01,
        -6.13565222e-01, -2.77868672e-01, -9.20066689e-01,
         1.27281046e+00, -2.66597342e-01,  4.21842985e-01,
        -6.17565222e-01,  4.11270868e-01, -6.10993106e-01,
        -3.56896243e-01,  1.67174006e-01,  7.28751041e-02,
        -2.71597342e-01,  7.28751041e-02, -2.54597342e-01,
        -8.78162564e-01,  6.80440326e-01, -7.91164840e-01,
         6.08442603e-01],
       [-8.56970894e-02,  3.22023134e-01,  1.57727923e-01,
         8.74889410e-02, -1.17321370e-01, -2.39054772e-01,
        -2.99258110e-01, -7.57729472e-01,  5.54638129e-01,
        -2.59220784e-01,  1.97936093e-01, -1.29806652e-01,
        -1.39487343e-01, -4.09170209e-02, -1.16869798e-02,
        -5.57513602e-01,  3.66422259e-01, -5.11687919e-01,
        -3.66120252e-02,  3.79620808e-01, -3.74122073e-02,
        -2.44360902e-01,  2.46110273e-01,  4.66841980e-02,
        -2.20524912e-01, -4.13311056e-01,  2.22219713e-01,
        -3.56468559e-01,  1.70377216e-01,  8.07280664e-02,
         4.21521463e-03, -2.95034624e-01, -6.30964387e-01,
         4.34873044e-01, -6.30462812e-02, -1.20045062e-01,
        -2.71220784e-01,  1.49323189e-01,  5.44209923e-01,
        -6.09403671e-01, -2.86595584e-01, -9.18697470e-01,
         1.27042250e+00, -2.65220784e-01,  4.07312328e-01,
        -6.19403671e-01,  4.19037106e-01, -6.14128449e-01,
        -3.68873743e-01,  1.81782400e-01,  7.01294411e-02,
        -2.77220784e-01,  7.91294411e-02, -2.68220784e-01,
        -8.86624455e-01,  6.92533112e-01, -7.93140783e-01,
         5.94049440e-01],
       [-1.05146459e-01,  3.13848075e-01,  1.71852465e-01,
         9.67601782e-02, -1.21893616e-01, -2.42862663e-01,
        -2.90475619e-01, -7.65530508e-01,  5.60612870e-01,
        -2.54462693e-01,  1.90216440e-01, -1.39671385e-01,
        -1.63082343e-01, -4.19299940e-02,  6.09469884e-03,
        -5.37193000e-01,  3.42275362e-01, -5.01260544e-01,
        -1.20714467e-03,  3.45303579e-01, -3.57535279e-02,
        -2.50216938e-01,  2.21658822e-01,  5.62940454e-02,
        -2.21653568e-01, -4.22366929e-01,  2.25449291e-01,
        -3.33511130e-01,  1.45593492e-01,  8.72339380e-02,
        -1.40383164e-02, -2.61113260e-01, -6.52401184e-01,
         4.62483546e-01, -6.14438630e-02, -1.26473775e-01,
        -2.46462693e-01,  1.36618279e-01,  5.47295122e-01,
        -6.02368346e-01, -2.77804697e-01, -9.36609242e-01,
         1.26995900e+00, -2.53462693e-01,  4.08450708e-01,
        -6.13368346e-01,  4.18559718e-01, -6.12477356e-01,
        -3.57623338e-01,  1.57705700e-01,  5.35450555e-02,
        -2.58462693e-01,  7.15450555e-02, -2.55462693e-01,
        -8.59831039e-01,  6.63913401e-01, -8.28630759e-01,
         6.32713121e-01],
       [-1.06355783e-01,  3.14873161e-01,  1.58513569e-01,
         9.75327710e-02, -1.25153016e-01, -2.39213958e-01,
        -2.94805011e-01, -7.65671955e-01,  5.62063690e-01,
        -2.65020337e-01,  1.92729161e-01, -1.39317090e-01,
        -1.46555846e-01, -4.05565855e-02, -9.49583455e-03,
        -5.42702325e-01,  3.61094059e-01, -4.91955289e-01,
        -2.35639097e-02,  3.66297856e-01, -3.03869227e-02,
        -2.40355775e-01,  2.44166806e-01,  5.31369254e-02,
        -2.17556222e-01, -4.27856811e-01,  2.23248546e-01,
        -3.42363549e-01,  1.44755283e-01,  9.10914821e-02,
        -2.31196569e-02, -2.74580091e-01, -6.53059938e-01,
         4.56451672e-01, -6.22232221e-02, -1.27385044e-01,
        -2.64020337e-01,  1.43182871e-01,  5.38528042e-01,
        -6.11298842e-01, -2.86268472e-01, -9.22079997e-01,
         1.27176054e+00, -2.55020337e-01,  4.15690576e-01,
        -6.04298842e-01,  4.08450675e-01, -6.16058941e-01,
        -3.60098121e-01,  1.67489855e-01,  7.34120708e-02,
        -2.58020337e-01,  6.24120708e-02, -2.68020337e-01,
        -8.69319179e-01,  6.64710913e-01, -8.22288353e-01,
         6.13680088e-01],
       [-1.07000613e-01,  3.19230067e-01,  1.54559434e-01,
         8.51312725e-02, -1.16364156e-01, -2.44359447e-01,
        -2.98960278e-01, -7.53974346e-01,  5.70210625e-01,
        -2.50695778e-01,  2.01031093e-01, -1.31099035e-01,
        -1.56730181e-01, -3.88107664e-02, -7.22277252e-03,
        -5.42487777e-01,  3.52724057e-01, -5.08309060e-01,
        -1.43110544e-02,  3.54538117e-01, -3.66817229e-02,
        -2.57926118e-01,  2.42390013e-01,  5.05427768e-02,
        -2.16770392e-01, -4.27984727e-01,  2.30221007e-01,
        -3.41762078e-01,  1.53998358e-01,  8.72958919e-02,
        -5.69452570e-03, -2.81365086e-01, -6.41476654e-01,
         4.45712933e-01, -5.86073918e-02, -1.30156328e-01,
        -2.60695778e-01,  1.31381341e-01,  5.35856944e-01,
        -6.10306227e-01, -2.89146197e-01, -9.26466840e-01,
         1.28154509e+00, -2.65695778e-01,  4.02542507e-01,
        -6.02306227e-01,  4.15242816e-01, -6.09006536e-01,
        -3.68465840e-01,  1.78702119e-01,  6.19320577e-02,
        -2.51695778e-01,  6.59320577e-02, -2.64695778e-01,
        -8.61002005e-01,  6.68238285e-01, -8.24144161e-01,
         6.19380440e-01],
       [-1.02550850e-01,  3.10389524e-01,  1.55871360e-01,
         8.53137137e-02, -1.30455448e-01, -2.44882990e-01,
        -3.07930899e-01, -7.59735455e-01,  5.69489867e-01,
        -2.60974669e-01,  1.96098554e-01, -1.40369473e-01,
        -1.51212631e-01, -3.75826220e-02, -1.54503348e-02,
        -5.54638683e-01,  3.57393095e-01, -4.88949229e-01,
        -2.19209814e-02,  3.42699979e-01, -3.60753568e-02,
        -2.40839747e-01,  2.22410409e-01,  5.20855260e-02,
        -2.29901776e-01, -4.24589567e-01,  2.39343979e-01,
        -3.37352878e-01,  1.42107290e-01,  9.28780299e-02,
        -2.01691457e-02, -2.63954472e-01, -6.49819074e-01,
         4.55573486e-01, -6.92848153e-02, -1.22960773e-01,
        -2.55974669e-01,  1.35657439e-01,  5.33094122e-01,
        -6.00022480e-01, -2.74243829e-01, -9.26053081e-01,
         1.28602599e+00, -2.65974669e-01,  4.00776892e-01,
        -6.16022480e-01,  4.21682718e-01, -6.09928306e-01,
        -3.59003690e-01,  1.79758102e-01,  6.17290810e-02,
        -2.56974669e-01,  6.67290810e-02, -2.53974669e-01,
        -8.60997149e-01,  6.62751561e-01, -8.16169035e-01,
         6.32923447e-01]]), 'deltas': array([[0.00094765],
       [0.00088398],
       [0.00088741],
       [0.00090533],
       [0.00090466],
       [0.00092944],
       [0.00087354],
       [0.00088955],
       [0.0008972 ],
       [0.00089122]]), 'outputs': array([[0.97578555],
       [0.97745087],
       [0.97736138],
       [0.97689297],
       [0.9769106 ],
       [0.97626229],
       [0.97772342],
       [0.97730538],
       [0.97710556],
       [0.97726167]]), 'errors': 0.04010673729784756}, {'weights': array([[-1.49902842, -1.42868074, -1.42895832, -1.41254889, -1.46616606,
        -1.47225947, -1.40441279, -1.4331398 , -1.41654978, -1.41119954],
       [-1.12294491, -0.98759964, -0.9932205 , -1.00720772, -1.02610333,
        -1.05584571, -0.92985023, -1.004183  , -1.00830269, -0.99074513],
       [ 0.080373  , -0.29602985, -0.31776848, -0.27150073, -0.15974632,
        -0.07431238, -0.42965253, -0.29672763, -0.27199038, -0.35337279],
       [-0.08017725,  0.25929877,  0.33556018,  0.25805422,  0.12566229,
         0.06317242,  0.38105066,  0.26892518,  0.26725904,  0.33641734]]), 'deltas': array([[-6.35335729e-13],
       [-2.55305487e-09],
       [-7.53991383e-03],
       [ 1.03283763e-02]]), 'outputs': array([[7.97079818e-07],
       [5.05290400e-05],
       [9.10794126e-02],
       [8.92420042e-01]]), 'errors': array([[-7.97079818e-07],
       [-5.05290400e-05],
       [-9.10794126e-02],
       [ 1.07579958e-01]])}]
Accuracy: 33.33333333333333 %

train_data group 4 length:  37
   0   1   2   3   4   5   6   7   8  ...  50  51  52  53  54  55  56  57  58
0   0   0   0   0   0   0   1   1   0 ...   1   0   1   0   1   0   1   0   0
1   0   0   0   0   0   0   1   1   0 ...   1   0   1   0   1   0   1   0   0
2   0   0   0   1   0   0   0   1   0 ...   0   1   0   1   1   0   1   0   1
3   0   0   0   0   0   0   1   1   0 ...   0   1   0   1   1   0   1   0   1
4   0   0   0   0   1   0   0   1   0 ...   1   0   1   0   0   1   1   0   2

[5 rows x 59 columns]
Initial Neural Network:
[{'weights': array([[-0.006,  0.007, -0.008,  0.006,  0.01 , -0.001, -0.004,  0.008,
        -0.001,  0.006,  0.009,  0.002,  0.007, -0.01 ,  0.002,  0.01 ,
        -0.004, -0.007,  0.001,  0.   , -0.01 , -0.004, -0.008, -0.002,
         0.001,  0.001, -0.007,  0.   ,  0.01 , -0.004,  0.001,  0.001,
         0.001,  0.007,  0.001, -0.004,  0.004, -0.004,  0.006, -0.01 ,
         0.01 , -0.01 ,  0.002,  0.006,  0.01 ,  0.005, -0.003,  0.003,
         0.001,  0.003,  0.006, -0.005,  0.002,  0.002,  0.009,  0.001,
         0.003,  0.001],
       [ 0.   ,  0.003, -0.002,  0.008, -0.009,  0.008, -0.004, -0.003,
         0.006, -0.007, -0.001, -0.003, -0.004,  0.001,  0.006,  0.003,
         0.004,  0.009,  0.009,  0.002, -0.006,  0.007, -0.008, -0.01 ,
        -0.004,  0.009, -0.005,  0.008,  0.004,  0.005,  0.007, -0.009,
         0.002, -0.009, -0.009, -0.004,  0.01 , -0.009,  0.008, -0.008,
         0.009, -0.008, -0.009,  0.01 ,  0.01 , -0.007,  0.   ,  0.005,
        -0.009,  0.01 , -0.007, -0.008,  0.01 , -0.003,  0.01 , -0.002,
         0.01 ,  0.005],
       [ 0.   ,  0.006,  0.008,  0.008, -0.002,  0.008,  0.001,  0.   ,
         0.002,  0.007,  0.008,  0.006, -0.004,  0.006, -0.002, -0.001,
        -0.007,  0.004, -0.007, -0.005, -0.001, -0.005,  0.01 , -0.006,
        -0.008,  0.008, -0.004, -0.006, -0.008,  0.005,  0.004, -0.007,
        -0.001, -0.003, -0.001, -0.006, -0.001, -0.01 ,  0.003, -0.007,
         0.   , -0.002,  0.01 ,  0.01 , -0.006, -0.008, -0.002, -0.005,
        -0.004,  0.   , -0.006,  0.006,  0.01 , -0.01 , -0.008,  0.01 ,
         0.007, -0.005],
       [ 0.01 ,  0.003,  0.01 , -0.003, -0.007, -0.006,  0.003,  0.01 ,
         0.006,  0.003, -0.002, -0.008,  0.001, -0.01 , -0.008,  0.004,
        -0.002, -0.005, -0.002, -0.007, -0.001, -0.007,  0.003,  0.002,
         0.002,  0.009,  0.008, -0.002,  0.007, -0.002,  0.004,  0.004,
         0.   ,  0.001, -0.01 , -0.01 ,  0.   , -0.007, -0.009,  0.008,
        -0.01 , -0.006,  0.007,  0.01 , -0.002, -0.001, -0.004, -0.008,
        -0.001,  0.009, -0.007,  0.004, -0.008,  0.005,  0.001,  0.005,
        -0.007, -0.006],
       [-0.001,  0.008, -0.004,  0.   , -0.003,  0.004,  0.008,  0.003,
         0.003,  0.002,  0.   ,  0.   ,  0.002,  0.   ,  0.005,  0.   ,
        -0.005, -0.006, -0.001, -0.009,  0.002,  0.006,  0.006,  0.01 ,
         0.003,  0.006,  0.003,  0.001, -0.003, -0.004,  0.001, -0.003,
        -0.007, -0.003,  0.003, -0.009, -0.003,  0.001, -0.006, -0.001,
         0.005,  0.   , -0.003,  0.01 ,  0.004, -0.006,  0.001,  0.009,
         0.006,  0.003, -0.009,  0.005,  0.006,  0.007, -0.003,  0.007,
         0.006, -0.009],
       [-0.008,  0.009, -0.008, -0.001, -0.007, -0.01 , -0.003, -0.006,
         0.009,  0.009,  0.005, -0.004,  0.001,  0.007, -0.006,  0.003,
         0.006,  0.005,  0.002,  0.005, -0.01 , -0.01 ,  0.009,  0.   ,
        -0.009, -0.002, -0.001, -0.006, -0.01 , -0.004, -0.006,  0.009,
         0.009, -0.007,  0.008,  0.001, -0.006,  0.005, -0.007, -0.01 ,
         0.007, -0.001, -0.003,  0.007, -0.002, -0.009,  0.009, -0.003,
        -0.005,  0.001,  0.006,  0.01 ,  0.009,  0.008,  0.009, -0.002,
        -0.001,  0.   ],
       [-0.006, -0.01 ,  0.   ,  0.001, -0.003, -0.009,  0.009,  0.009,
         0.001, -0.003, -0.005, -0.007,  0.007, -0.007,  0.007, -0.002,
        -0.005,  0.003, -0.001, -0.007, -0.003,  0.002,  0.   , -0.004,
         0.007,  0.008, -0.01 , -0.005,  0.005,  0.   ,  0.003,  0.   ,
        -0.003,  0.005, -0.01 ,  0.004,  0.007, -0.008,  0.007,  0.003,
         0.008,  0.007, -0.005,  0.01 ,  0.006, -0.005, -0.009,  0.005,
         0.008,  0.003, -0.01 , -0.004,  0.001, -0.01 , -0.009,  0.008,
         0.   ,  0.   ],
       [ 0.003, -0.001,  0.004, -0.009,  0.   ,  0.001, -0.006, -0.001,
         0.   , -0.009, -0.005,  0.007, -0.009,  0.004,  0.004,  0.   ,
        -0.004, -0.003, -0.01 ,  0.006, -0.006,  0.007, -0.006,  0.004,
         0.003,  0.003, -0.001, -0.007,  0.009,  0.006, -0.009,  0.003,
         0.009, -0.01 , -0.01 ,  0.001, -0.002, -0.005,  0.008,  0.001,
        -0.004,  0.01 , -0.005,  0.01 , -0.007,  0.001, -0.004,  0.004,
         0.001, -0.009,  0.   , -0.001,  0.008, -0.003,  0.008, -0.002,
         0.   ,  0.001],
       [ 0.007,  0.008, -0.007,  0.001,  0.006, -0.005,  0.004, -0.006,
        -0.001,  0.003, -0.004,  0.008, -0.007,  0.   , -0.006, -0.009,
         0.   , -0.001,  0.007,  0.001, -0.004, -0.002, -0.005, -0.004,
         0.009,  0.005,  0.001, -0.007,  0.003,  0.002,  0.001, -0.008,
         0.005, -0.003, -0.006,  0.   , -0.002, -0.008,  0.007,  0.   ,
         0.008,  0.009,  0.   , -0.001, -0.005, -0.001, -0.01 ,  0.01 ,
        -0.006,  0.01 ,  0.005,  0.005,  0.006,  0.002,  0.005, -0.001,
         0.01 ,  0.008],
       [ 0.005, -0.003, -0.001, -0.003,  0.001,  0.001,  0.007, -0.006,
        -0.001, -0.003, -0.009,  0.007, -0.002,  0.003, -0.008,  0.005,
         0.009, -0.01 ,  0.008, -0.01 , -0.006, -0.003, -0.005,  0.007,
         0.001, -0.007, -0.01 ,  0.005,  0.006,  0.01 , -0.006,  0.007,
         0.004,  0.001, -0.002, -0.004,  0.004,  0.008, -0.003,  0.009,
         0.008, -0.009, -0.004, -0.005, -0.009,  0.   ,  0.006,  0.008,
         0.007, -0.001,  0.008, -0.005,  0.009,  0.006,  0.009, -0.007,
        -0.007, -0.002]]), 'deltas': array([[0.],
       [0.],
       [0.],
       [0.],
       [0.],
       [0.],
       [0.],
       [0.],
       [0.],
       [0.]]), 'outputs': array([[0.],
       [0.],
       [0.],
       [0.],
       [0.],
       [0.],
       [0.],
       [0.],
       [0.],
       [0.]]), 'errors': array([[0.],
       [0.],
       [0.],
       [0.],
       [0.],
       [0.],
       [0.],
       [0.],
       [0.],
       [0.]])}, {'weights': array([[ 0.008,  0.01 ,  0.001,  0.008,  0.   ,  0.007, -0.009, -0.007,
        -0.003, -0.003],
       [ 0.   , -0.002,  0.   ,  0.009, -0.01 ,  0.   ,  0.003,  0.004,
         0.008,  0.009],
       [-0.009,  0.001,  0.003, -0.002,  0.002, -0.002,  0.004, -0.004,
         0.008, -0.008],
       [ 0.001, -0.003,  0.003, -0.006, -0.003, -0.002,  0.   , -0.009,
         0.005,  0.003]]), 'deltas': array([[0.],
       [0.],
       [0.],
       [0.]]), 'outputs': array([[0.],
       [0.],
       [0.],
       [0.]]), 'errors': array([[0.],
       [0.],
       [0.],
       [0.]])}]
Training complete!
Training done. epoch: 68 , total error: 0.009999529644191835
[{'weights': array([[ 8.92504314e-02,  3.35063405e-01, -2.48781631e-01,
         1.18743151e-01, -1.86775586e-01, -4.95449709e-02,
        -2.34426858e-01, -5.72636834e-01,  3.99164776e-01,
        -1.53434121e-01,  2.27190571e-01, -2.37228509e-01,
        -5.58366625e-02,  7.23675881e-02, -1.98002984e-01,
        -2.80312853e-01,  1.05840794e-01, -1.02730642e-01,
        -1.65506352e-01,  7.14292075e-02,  3.35727787e-04,
        -6.19066285e-01,  4.86669194e-01, -6.71267543e-02,
         6.05178713e-03, -1.14891382e-01, -7.15806767e-02,
        -5.21070153e-02, -1.18365043e-01,  6.95142074e-02,
        -1.60503741e-01, -9.14825252e-02, -3.56518714e-01,
         1.84046656e-01, -1.06328407e-01, -7.71436516e-02,
        -1.55434121e-01,  1.90275259e-01,  5.59652557e-01,
        -7.78965753e-01, -3.13337280e-01, -8.69151228e-01,
         1.16345057e+00, -1.53434121e-01,  5.98493695e-01,
        -7.63965753e-01,  5.13286186e-01, -6.93758244e-01,
        -1.25145648e-01, -5.13264103e-02, -1.50379379e-02,
        -1.64434121e-01, -1.90379379e-02, -1.57434121e-01,
        -9.19399874e-01,  7.48927815e-01, -1.33892263e+00,
         1.16245057e+00],
       [ 9.54806112e-02,  3.29019244e-01, -2.60375769e-01,
         1.96109752e-01, -2.38091664e-01, -7.04598491e-02,
        -2.37019549e-01, -5.76830609e-01,  3.90493386e-01,
        -2.18560421e-01,  2.21745461e-01, -2.03522264e-01,
        -3.11120420e-02,  5.20184549e-02, -2.07243637e-01,
        -4.02728965e-01,  2.20391741e-01, -7.07817614e-02,
        -1.40106966e-01,  4.15270728e-02, -5.97556900e-03,
        -5.97411269e-01,  5.19013411e-01, -1.05872550e-01,
        -2.00668164e-02, -1.53125570e-01, -3.22116540e-02,
        -4.07859757e-02, -1.36551248e-01,  7.26534674e-02,
        -1.18332225e-01, -1.40658466e-01, -3.26219394e-01,
         1.29882170e-01, -1.96785513e-01, -5.55171101e-03,
        -2.01560421e-01,  2.13644637e-01,  5.66571732e-01,
        -7.66993172e-01, -3.09543547e-01, -8.33295210e-01,
         1.15706195e+00, -2.01560421e-01,  5.79655948e-01,
        -7.65993172e-01,  4.73376361e-01, -6.57713585e-01,
        -1.74555273e-01, -1.37819509e-02,  1.52231969e-02,
        -2.19560421e-01,  3.22231969e-02, -2.14560421e-01,
        -9.60553593e-01,  7.79216369e-01, -1.34539918e+00,
         1.17106195e+00],
       [ 9.32477974e-02,  3.33617801e-01, -2.35466226e-01,
         1.40843003e-01, -2.04548517e-01, -4.99455311e-02,
        -2.31260807e-01, -5.80622892e-01,  4.00110413e-01,
        -1.65028824e-01,  2.28306062e-01, -2.24789717e-01,
        -5.95406457e-02,  8.23414606e-02, -2.05313294e-01,
        -3.23416003e-01,  1.32903523e-01, -8.74630381e-02,
        -1.65414965e-01,  6.16381491e-02, -2.72625524e-04,
        -6.11495300e-01,  5.05513417e-01, -8.03648989e-02,
        -5.16569724e-03, -1.22055824e-01, -5.64566552e-02,
        -6.44197816e-02, -1.32092698e-01,  7.52978484e-02,
        -1.48355402e-01, -1.07454926e-01, -3.56090656e-01,
         1.69578177e-01, -1.25854510e-01, -6.36579696e-02,
        -1.73028824e-01,  1.84984248e-01,  5.58990107e-01,
        -7.68458011e-01, -3.17654253e-01, -8.56296566e-01,
         1.17146716e+00, -1.62028824e-01,  5.72945531e-01,
        -7.69458011e-01,  5.03363313e-01, -6.92875793e-01,
        -1.37181273e-01, -4.93312065e-02, -1.64836556e-02,
        -1.66028824e-01, -4.83655630e-04, -1.82028824e-01,
        -9.41486835e-01,  7.60974355e-01, -1.33697964e+00,
         1.15646716e+00],
       [ 1.06720446e-01,  3.33616167e-01, -2.27581181e-01,
         8.81846262e-02, -1.88563554e-01, -4.60799550e-02,
        -2.27753954e-01, -5.71806929e-01,  4.16349524e-01,
        -1.39014945e-01,  2.16244144e-01, -2.55686605e-01,
        -7.27314967e-02,  8.71731713e-02, -2.02899080e-01,
        -2.43828178e-01,  7.43707733e-02, -1.03269497e-01,
        -1.71362188e-01,  8.13662854e-02,  6.80799450e-03,
        -6.18467244e-01,  4.84040758e-01, -5.33481384e-02,
         1.63172198e-02, -9.34104038e-02, -6.10470012e-02,
        -6.15315556e-02, -1.04925849e-01,  7.29312801e-02,
        -1.64630285e-01, -7.37584004e-02, -3.72284070e-01,
         2.01826664e-01, -8.20179864e-02, -1.09439419e-01,
        -1.42014945e-01,  1.72069525e-01,  5.48138431e-01,
        -7.57650416e-01, -3.30446029e-01, -8.77959127e-01,
         1.16996270e+00, -1.32014945e-01,  5.92193011e-01,
        -7.66650416e-01,  5.30168054e-01, -7.13625459e-01,
        -1.03091658e-01, -6.03657466e-02, -3.64424604e-02,
        -1.38014945e-01, -3.74424604e-02, -1.37014945e-01,
        -9.06665361e-01,  7.41207956e-01, -1.34142010e+00,
         1.15696270e+00],
       [ 9.50957501e-02,  3.37321807e-01, -2.47274298e-01,
         1.02260316e-01, -1.92933552e-01, -3.62437146e-02,
        -2.23613641e-01, -5.78465990e-01,  4.07078656e-01,
        -1.47882637e-01,  2.20026592e-01, -2.47531288e-01,
        -6.62808021e-02,  8.73166728e-02, -1.91423204e-01,
        -2.66487415e-01,  8.41000818e-02, -1.05425761e-01,
        -1.66945435e-01,  6.84294909e-02,  1.25543722e-02,
        -6.07596921e-01,  4.91328622e-01, -4.77528904e-02,
         1.16338554e-02, -1.06261311e-01, -6.21260221e-02,
        -5.99568216e-02, -1.19430512e-01,  7.12711563e-02,
        -1.67753679e-01, -8.69048106e-02, -3.76103972e-01,
         1.88716639e-01, -8.75781948e-02, -9.58091386e-02,
        -1.52882637e-01,  1.81902493e-01,  5.53295245e-01,
        -7.68702434e-01, -3.16569959e-01, -8.70237166e-01,
         1.16130243e+00, -1.39882637e-01,  5.94315100e-01,
        -7.73702434e-01,  5.30060349e-01, -6.97447683e-01,
        -1.06317849e-01, -6.20694839e-02, -3.65046962e-02,
        -1.44882637e-01, -2.15046962e-02, -1.42882637e-01,
        -9.20585071e-01,  7.47197737e-01, -1.33568976e+00,
         1.15530243e+00],
       [ 8.71003421e-02,  3.37900662e-01, -2.49879249e-01,
         1.17444359e-01, -2.04032374e-01, -6.47433525e-02,
        -2.33715106e-01, -5.90569485e-01,  4.11644768e-01,
        -1.55944686e-01,  2.23031392e-01, -2.39011424e-01,
        -6.05305771e-02,  9.03140060e-02, -2.09708146e-01,
        -2.95850915e-01,  1.22926197e-01, -8.61867457e-02,
        -1.59632204e-01,  8.13339267e-02, -1.54396944e-02,
        -6.18601636e-01,  4.99736252e-01, -7.18999404e-02,
        -1.15939304e-03, -1.18793226e-01, -6.61314910e-02,
        -7.16632568e-02, -1.26261461e-01,  7.00836519e-02,
        -1.67424731e-01, -8.55836382e-02, -3.50855778e-01,
         1.70931061e-01, -1.01409024e-01, -7.15156935e-02,
        -1.70944686e-01,  1.92777917e-01,  5.50857652e-01,
        -7.72615600e-01, -3.13009164e-01, -8.59031939e-01,
         1.15806107e+00, -1.57944686e-01,  5.78690883e-01,
        -7.71615600e-01,  5.20667918e-01, -6.96592636e-01,
        -1.30574953e-01, -5.53497641e-02, -1.09800316e-02,
        -1.54944686e-01, -7.98003162e-03, -1.56944686e-01,
        -9.18560286e-01,  7.43635569e-01, -1.34398579e+00,
         1.16106107e+00],
       [ 9.37877447e-02,  3.18055431e-01, -2.52748236e-01,
         1.74281293e-01, -2.28495684e-01, -8.53866424e-02,
        -2.26279053e-01, -5.75497652e-01,  3.96712505e-01,
        -2.07319352e-01,  2.17059950e-01, -2.13525745e-01,
        -3.05260255e-02,  5.06738742e-02, -2.01932996e-01,
        -3.90869167e-01,  1.95084019e-01, -7.25702593e-02,
        -1.50735980e-01,  3.51447175e-02, -8.62362589e-03,
        -6.00407077e-01,  5.17829582e-01, -9.52116435e-02,
        -5.99600861e-03, -1.51601573e-01, -3.91835748e-02,
        -5.99344908e-02, -1.28850656e-01,  6.79016573e-02,
        -1.30006189e-01, -1.23680616e-01, -3.39534419e-01,
         1.52749272e-01, -1.79447931e-01, -1.53372162e-02,
        -1.97319352e-01,  2.08563376e-01,  5.64101817e-01,
        -7.55130988e-01, -3.07370943e-01, -8.28911570e-01,
         1.16181672e+00, -1.94319352e-01,  5.75345841e-01,
        -7.63130988e-01,  4.71559346e-01, -6.64344493e-01,
        -1.46713850e-01, -3.10712973e-02,  5.53420441e-03,
        -2.08319352e-01,  1.65342044e-02, -2.14319352e-01,
        -9.71450340e-01,  7.81665193e-01, -1.35560186e+00,
         1.16681672e+00],
       [ 1.01700494e-01,  3.28685365e-01, -2.21707405e-01,
         6.46915925e-02, -1.76054167e-01, -3.88456074e-02,
        -2.35146109e-01, -5.94260853e-01,  4.24585016e-01,
        -1.37273109e-01,  2.16259204e-01, -2.54661932e-01,
        -8.71605214e-02,  1.00974719e-01, -1.83490035e-01,
        -2.26277087e-01,  5.36012501e-02, -9.51088870e-02,
        -1.77066720e-01,  9.23851555e-02, -1.88538607e-03,
        -6.10582145e-01,  4.71982600e-01, -4.38365009e-02,
         2.17602080e-02, -8.94814703e-02, -7.71943671e-02,
        -6.61206986e-02, -1.00555139e-01,  7.85742977e-02,
        -1.88799357e-01, -5.84507777e-02, -3.71709725e-01,
         2.02033888e-01, -6.00211586e-02, -1.17654679e-01,
        -1.30273109e-01,  1.71229113e-01,  5.62829235e-01,
        -7.70461076e-01, -3.24684769e-01, -8.75089682e-01,
         1.16037172e+00, -1.18273109e-01,  5.95785239e-01,
        -7.70461076e-01,  5.47318695e-01, -7.15994532e-01,
        -8.93490062e-02, -8.73268312e-02, -4.04027281e-02,
        -1.29273109e-01, -3.24027281e-02, -1.31273109e-01,
        -8.91734186e-01,  7.29058348e-01, -1.33404756e+00,
         1.16637172e+00],
       [ 1.06125906e-01,  3.32111647e-01, -2.66318985e-01,
         1.98305289e-01, -2.27790184e-01, -8.78959474e-02,
        -2.29797688e-01, -5.81521811e-01,  3.85261848e-01,
        -2.09460032e-01,  2.21403384e-01, -1.94203315e-01,
        -3.05744479e-02,  4.43822299e-02, -2.16067745e-01,
        -4.25210808e-01,  2.26950845e-01, -7.26639811e-02,
        -1.41341460e-01,  3.55791558e-02, -7.83367794e-03,
        -6.06430198e-01,  5.24095304e-01, -1.00258323e-01,
        -8.66674580e-03, -1.65451692e-01, -1.78082710e-02,
        -5.71084433e-02, -1.36151520e-01,  7.01341788e-02,
        -1.19265601e-01, -1.45128541e-01, -3.21389613e-01,
         1.34129650e-01, -1.97542752e-01,  2.28278940e-03,
        -2.14460032e-01,  2.18248845e-01,  5.64148611e-01,
        -7.60197387e-01, -3.09188342e-01, -8.17291624e-01,
         1.16668004e+00, -2.13460032e-01,  5.65937424e-01,
        -7.61197387e-01,  4.66663621e-01, -6.55923583e-01,
        -1.70760452e-01, -1.44995109e-02,  2.82000688e-02,
        -2.07460032e-01,  2.92000688e-02, -2.10460032e-01,
        -9.67657419e-01,  7.82397456e-01, -1.34594000e+00,
         1.17468004e+00],
       [ 1.05019696e-01,  3.28747931e-01, -2.30726881e-01,
         8.21602370e-02, -1.89136101e-01, -4.44406928e-02,
        -2.23750104e-01, -6.09260629e-01,  4.23134714e-01,
        -1.49098424e-01,  2.11195607e-01, -2.46223098e-01,
        -7.30964946e-02,  8.52626521e-02, -1.98292073e-01,
        -2.57967549e-01,  9.28416344e-02, -9.61618515e-02,
        -1.60791775e-01,  6.72117439e-02, -7.38403206e-03,
        -6.17322527e-01,  4.75247313e-01, -4.87634336e-02,
         1.17127330e-02, -1.17900833e-01, -7.82250820e-02,
        -6.52369361e-02, -1.02888979e-01,  8.16251008e-02,
        -1.79278032e-01, -7.04729840e-02, -3.69687422e-01,
         1.95561507e-01, -7.85519917e-02, -1.06573923e-01,
        -1.42098424e-01,  1.84515794e-01,  5.56186251e-01,
        -7.59729535e-01, -3.13897535e-01, -8.83097323e-01,
         1.15896737e+00, -1.51098424e-01,  5.80603620e-01,
        -7.68729535e-01,  5.37979929e-01, -7.03105844e-01,
        -9.60202736e-02, -7.71056414e-02, -2.50274906e-02,
        -1.51098424e-01, -2.40274906e-02, -1.40098424e-01,
        -9.05827960e-01,  7.28702045e-01, -1.34909328e+00,
         1.16096737e+00]]), 'deltas': array([[0.00025446],
       [0.00032004],
       [0.00027471],
       [0.0002323 ],
       [0.00024154],
       [0.00025848],
       [0.00031672],
       [0.00021751],
       [0.00033114],
       [0.00023589]]), 'outputs': array([[0.99346514],
       [0.99176671],
       [0.99294125],
       [0.99403749],
       [0.99379899],
       [0.99336104],
       [0.99185297],
       [0.99441927],
       [0.99147886],
       [0.9939449 ]]), 'errors': 0.03919440545928077}, {'weights': array([[-1.93242726, -1.86354375, -1.90354185, -1.94486557, -1.95011861,
        -1.93819299, -1.86715873, -1.91461549, -1.83062498, -1.8724794 ],
       [-0.83761335, -1.07033898, -0.89575689, -0.72440458, -0.78499005,
        -0.86949661, -1.04954433, -0.74768291, -1.13236599, -0.78870276],
       [-0.28460941,  0.05566023, -0.2523682 , -0.44859821, -0.38068856,
        -0.23161993, -0.01123709, -0.4952011 ,  0.10301014, -0.49886092],
       [ 0.12828296,  0.1055999 ,  0.28184738,  0.25330888,  0.1819572 ,
         0.18138792,  0.19030747,  0.26888874,  0.14835889,  0.37896211]]), 'deltas': array([[-3.93694805e-17],
       [-2.10409622e-08],
       [-6.36017750e-03],
       [ 1.15682870e-02]]), 'outputs': array([[6.27451040e-09],
       [1.45065554e-04],
       [8.32951779e-02],
       [8.85715480e-01]]), 'errors': array([[-6.27451040e-09],
       [-1.45065554e-04],
       [-8.32951779e-02],
       [ 1.14284520e-01]])}]
Accuracy: 40.0 %

Feedforward Neural Network AVG Accuracy (%): 36.0 %
